200
127 130 79
2 110 26
106 101 69
139 56 38
9 34 77
127 157 80
101 133 38
37 94 90
176 62 7
14 67 20
76 105 82
2 107 1
56 138 97
144 80 16
5 37 31
99 141 50
41 151 17
135 30 16
134 4 66
179 155 82
189 160 55
154 50 80
59 14 25
68 24 18
60 32 15
87 117 46
141 101 17
145 74 15
31 196 73
66 200 44
116 170 56
149 59 29
14 187 36
33 134 94
154 99 15
185 128 54
142 33 48
160 122 64
193 123 73
176 178 14
135 69 85
103 59 76
158 2 45
161 197 28
39 43 45
175 67 77
182 30 99
28 3 99
93 120 17
98 122 2
79 84 2
3 45 66
176 132 45
200 64 76
10 156 18
117 31 89
19 78 70
3 26 6
69 128 6
194 42 14
137 190 13
185 72 79
6 127 7
176 62 7
67 136 6
152 82 78
187 83 34
167 179 63
15 117 30
92 77 23
38 39 88
42 142 51
149 124 94
1 10 65
173 104 31
42 34 35
100 26 36
87 117 59
89 99 62
44 86 58
181 141 51
148 124 13
192 60 7
87 156 81
57 41 31
26 181 89
47 135 92
125 117 67
33 90 21
21 37 4
183 92 89
146 176 44
70 178 98
108 54 73
185 119 59
114 38 51
143 102 37
122 190 89
195 69 85
136 85 72
8 99 99
200 109 91
165 101 81
79 120 90
184 66 69
47 162 8
177 64 37
34 29 12
69 72 20
109 81 36
132 59 40
176 190 58
89 69 1
126 187 12
48 185 73
151 85 10
123 37 57
182 177 88
137 168 92
82 150 75
158 94 21
194 76 45
27 134 88
84 103 10
29 78 3
34 64 17
71 85 26
185 124 26
50 6 43
11 46 72
84 50 58
192 114 28
40 69 4
132 37 17
148 46 78
193 137 7
163 138 56
51 17 99
24 116 79
108 186 88
181 32 77
21 51 52
171 134 31
108 59 60
54 79 66
7 149 5
151 88 94
185 119 26
179 9 32
156 130 7
193 185 34
146 46 25
109 81 36
183 5 21
153 51 1
70 21 75
162 115 62
148 169 99
92 26 33
11 46 9
69 56 64
130 100 18
101 167 5
74 109 9
42 172 86
65 135 35
160 100 3
148 130 78
70 4 64
191 129 21
51 174 28
187 21 49
56 138 97
47 90 87
111 71 84
144 40 85
55 15 27
199 46 39
71 137 73
144 149 41
175 64 43
21 27 33
155 20 79
142 3 31
199 181 88
2 188 47
61 190 100
80 127 43
99 53 95
120 174 60
117 189 38
52 190 84
36 166 21
141 5 77
172 105 14
28 14 24
145 127 68
84 50 58
127 84 89
111 167 29
106 60 92
21 92 4
109 19 14
19 63 64
21 158 58
60 6 57
50 18 9
183 92 89
76 161 54
170 121 64
78 69 86
29 155 92
68 10 13
138 115 77
160 100 3
200 61 85
125 155 53
176 190 35
151 44 42
140 62 1
151 175 29
23 179 98
138 83 73
37 13 61
55 199 94
131 156 21
138 171 12
192 194 23
137 41 88
72 178 2
172 200 53
21 27 74
37 94 90
134 71 19
17 119 56
171 134 31
51 73 41
70 33 55
111 71 23
142 33 48
78 147 66
154 125 28
50 6 43
12 85 64
140 82 9
144 31 90
112 14 33
127 117 61
195 4 6
174 80 60
56 3 23
90 21 72
166 131 73
1 107 96
77 157 18
71 74 55
101 93 4
159 151 57
148 91 62
184 91 51
51 174 91
6 104 88
114 46 33
98 135 24
178 146 68
47 160 100
71 141 60
191 129 21
43 172 18
44 86 27
196 9 98
194 119 88
155 137 30
60 6 20
87 171 61
33 34 95
144 118 6
70 11 39
55 15 27
58 26 53
173 52 54
119 137 62
80 189 35
120 154 68
28 14 61
143 172 61
139 56 38
82 171 56
30 198 39
47 104 69
56 3 23
33 55 74
178 147 53
4 78 5
42 172 38
25 180 36
117 15 92
134 187 52
50 124 42
92 77 61
140 168 97
147 48 63
119 84 48
57 41 92
181 113 46
11 119 47
18 105 18
161 42 33
177 132 22
118 47 90
24 55 73
169 72 66
13 103 44
81 89 19
42 34 97
93 174 75
142 148 34
161 42 24
2 79 56
186 162 15
101 167 5
124 180 7
173 175 48
94 135 100
171 53 92
176 140 42
38 137 8
42 168 8
2 110 26
145 10 29
117 31 74
191 113 44
157 120 70
91 9 50
140 62 1
111 18 53
195 10 41
78 193 5
96 175 6
48 185 3
150 19 84
136 154 61
144 118 6
118 47 90
36 10 79
164 68 72
17 193 52
92 10 61
85 54 51
38 172 8
45 78 52
189 106 41
144 151 67
151 140 11
170 151 82
148 104 96
126 183 96
95 101 9
21 139 18
171 53 92
148 70 55
17 151 44
182 30 99
80 120 52
6 76 16
176 131 16
161 68 10
140 98 27
108 77 93
33 134 94
118 64 55
97 173 8
134 1 92
2 127 29
190 17 79
127 11 66
36 156 33
78 193 5
4 16 41
60 71 22
44 132 45
131 127 48
111 177 59
48 123 14
151 175 29
88 101 81
195 10 98
130 12 13
39 27 98
175 91 28
87 124 10
102 123 85
126 64 43
86 161 98
53 149 13
164 175 79
83 128 29
87 107 94
24 170 62
73 129 95
8 28 60
162 31 35
83 128 29
196 3 31
8 187 60
136 113 38
23 199 7
7 37 19
96 100 76
77 157 72
58 147 15
145 33 30
22 20 26
171 149 69
146 67 96
99 90 26
23 20 84
45 18 22
39 43 45
83 119 44
176 1 70
141 5 93
68 46 53
182 80 39
65 78 74
24 171 47
198 165 26
34 13 100
85 127 79
25 180 36
2 189 68
63 104 66
94 164 43
62 189 18
39 27 15
109 13 13
123 73 11
183 36 55
192 60 26
75 121 60
141 56 65
131 156 4
84 66 78
171 7 2
168 45 18
179 155 82
185 66 82
4 170 37
10 54 12
177 171 12
145 10 77
41 124 5
194 189 9
95 185 31
186 162 15
41 124 19
137 50 4
115 145 54
121 155 3
136 67 19
90 199 69
149 124 94
77 10 64
26 24 62
71 105 18
36 1 92
72 111 91
13 129 46
42 142 53
9 34 77
119 101 96
2 189 68
142 44 39
87 106 16
17 193 52
51 124 6
34 29 12
186 89 78
143 102 54
2 107 32
158 171 6
149 117 28
150 19 84
12 173 95
108 39 1
66 73 43
28 7 89
24 171 47
135 153 70
48 151 63
120 174 60
60 9 52
87 124 10
129 169 71
143 173 18
33 138 29
166 151 36
195 142 32
108 186 65
38 191 17
109 19 45
71 57 94
11 157 17
194 42 80
11 1 26
115 170 86
155 76 82
172 195 91
102 145 67
48 161 99
116 152 59
45 170 85
198 33 51
187 121 45
75 79 94
188 48 91
61 95 76
158 165 96
177 6 97
58 26 96
156 173 6
58 147 86
90 199 69
117 62 49
78 147 66
23 68 97
123 149 37
76 3 58
119 33 24
151 16 93
177 167 81
164 68 72
82 68 3
136 137 100
86 161 98
48 66 78
136 137 41
125 64 78
142 115 85
27 190 99
189 39 21
56 162 93
54 112 68
80 156 99
170 34 14
175 67 77
66 93 7
198 9 55
64 15 39
37 1 40
145 183 35
155 27 41
174 118 69
154 25 44
80 127 12
124 114 16
188 14 98
10 54 17
60 43 10
182 198 37
121 52 15
80 75 78
182 198 78
37 134 100
183 192 3
89 195 89
10 135 19
65 7 60
10 33 52
163 13 48
18 105 18
70 197 16
65 7 40
61 12 81
138 144 35
192 82 27
23 170 59
99 141 50
120 87 60
26 91 11
170 178 59
53 27 62
174 144 43
132 95 73
161 197 2
130 22 24
195 69 85
75 121 60
23 76 3
80 120 39
173 89 65
173 171 52
64 66 42
158 3 72
69 129 84
91 76 98
33 55 74
127 183 16
44 17 78
100 128 29
148 169 99
9 84 39
121 51 76
138 108 30
106 101 69
148 171 47
125 61 24
59 164 89
73 157 71
153 51 52
129 94 8
8 187 9
142 115 35
176 1 43
120 154 64
117 5 29
153 44 63
120 43 31
104 93 13
152 177 51
165 55 81
89 136 13
151 88 2
194 116 84
51 74 65
162 114 91
101 1 8
188 48 91
58 99 87
157 153 20
166 151 74
151 140 11
51 73 41
23 99 26
123 102 61
146 188 100
33 150 13
80 183 99
84 198 74
13 103 55
34 73 48
42 131 18
96 109 24
20 98 92
34 192 11
158 165 11
51 82 59
137 41 88
89 195 89
81 102 83
23 22 30
132 38 45
160 5 79
172 200 53
84 103 73
132 134 40
161 1 82
173 52 29
92 177 48
42 141 91
18 69 27
47 83 83
148 46 78
123 148 36
148 170 83
116 124 78
39 169 85
93 174 75
6 120 29
148 72 20
98 191 32
103 164 99
146 169 26
74 165 51
124 87 23
182 55 47
70 140 43
157 198 28
5 193 26
156 49 56
22 39 67
119 172 33
22 38 67
5 37 31
125 159 84
170 107 55
174 71 83
11 66 66
7 46 83
179 20 28
160 123 21
122 88 28
184 91 60
135 85 18
161 14 77
54 79 66
31 176 83
25 193 64
17 158 93
67 14 96
136 91 44
64 84 82
183 5 21
182 55 12
89 114 62
30 2 90
121 111 37
184 77 64
17 151 44
155 193 44
73 157 39
127 157 80
42 141 92
44 17 78
193 123 73
175 71 60
148 104 96
136 156 68
189 33 100
132 134 35
122 190 89
74 140 36
173 171 52
150 189 96
124 145 49
178 50 84
198 33 51
155 20 28
181 141 51
123 16 7
44 109 68
177 116 99
95 122 63
71 137 73
42 179 60
38 137 59
131 127 48
79 33 12
160 1 20
71 109 32
85 193 68
71 85 26
48 151 27
120 24 50
13 129 46
6 183 57
139 104 87
9 60 50
156 80 25
200 64 39
53 149 13
53 128 77
193 24 32
130 115 91
88 163 91
78 103 90
123 128 21
111 189 68
175 179 60
24 147 48
40 130 32
178 50 84
172 105 56
190 65 26
78 118 68
199 109 9
137 74 91
135 118 89
196 9 98
22 96 32
107 55 8
158 126 25
101 133 60
133 60 79
124 194 61
183 18 61
178 118 72
188 14 19
68 24 18
98 122 2
33 139 61
124 114 45
74 109 9
94 46 2
3 26 52
52 183 53
152 183 33
160 123 83
22 39 69
87 147 100
71 30 87
80 189 35
198 9 13
114 21 6
11 157 17
62 122 43
65 133 60
17 158 93
103 59 9
155 75 16
58 56 68
29 71 49
44 154 56
158 126 31
53 156 76
23 68 49
44 24 94
168 1 75
152 194 61
28 91 58
80 142 58
145 127 50
121 111 5
46 129 9
125 159 100
119 101 16
29 71 90
51 17 99
174 155 73
65 133 25
29 192 83
147 128 44
177 167 89
99 135 9
135 63 37
179 187 14
36 166 74
173 158 3
61 73 3
33 90 21
194 152 38
50 180 58
91 43 76
173 123 34
156 80 19
97 22 72
124 147 77
145 33 30
71 105 18
87 196 10
34 192 41
183 192 3
52 9 13
52 27 91
85 127 79
105 119 13
82 125 65
149 59 41
124 145 49
61 154 67
121 120 64
54 112 68
136 91 83
184 85 14
91 127 90
120 87 60
65 135 35
14 183 54
142 44 39
196 131 25
8 122 65
52 190 93
144 149 59
5 174 65
87 123 1
100 26 36
79 152 18
10 115 10
134 1 47
152 82 69
121 52 15
13 105 20
154 99 56
43 44 28
70 126 72
175 179 60
199 181 43
189 169 18
116 182 65
24 104 59
82 149 52
25 193 21
150 40 86
96 175 2
151 44 42
7 161 57
30 144 12
82 61 6
56 135 65
99 135 72
49 184 69
170 121 51
19 52 44
76 179 29
38 79 21
117 23 53
108 90 24
2 188 62
117 189 38
87 198 81
167 20 38
19 78 99
146 181 37
6 127 64
200 109 53
183 36 55
85 64 45
80 51 81
73 59 91
152 194 9
135 108 99
163 36 11
42 154 32
88 163 91
190 17 12
109 13 52
159 57 96
33 34 33
7 46 42
37 181 76
111 61 93
155 188 96
144 31 90
3 71 15
84 73 2
200 61 85
100 145 85
135 69 85
78 103 77
34 73 48
184 77 64
117 23 53
3 140 23
1 132 58
88 66 9
12 173 95
17 178 82
168 43 48
14 183 30
9 12 17
23 191 45
34 13 48
139 49 61
149 117 28
123 102 10
134 35 56
23 22 58
2 13 18
33 138 29
71 57 94
162 130 36
23 76 4
37 13 35
58 56 33
164 191 96
155 27 39
151 99 62
150 12 9
177 140 96
69 56 64
27 74 73
139 47 22
24 152 27
168 43 48
21 92 4
10 115 10
95 176 58
