200
148 161 94
81 51 25
159 136 45
110 50 4
56 195 52
79 173 10
28 148 27
193 166 8
51 38 78
30 72 26
31 126 97
137 171 43
160 51 30
51 107 36
68 180 61
84 151 74
54 43 38
54 184 44
36 185 15
131 38 36
78 72 82
123 72 74
180 173 19
192 2 99
166 88 72
88 173 82
109 30 21
51 107 3
165 68 36
173 196 27
96 70 19
10 32 2
193 93 6
147 168 67
137 65 9
154 177 9
22 103 95
184 18 71
144 71 53
57 13 74
11 95 89
49 43 11
131 55 94
83 143 67
120 96 39
112 129 98
191 73 75
71 64 84
104 133 51
181 114 55
116 93 58
171 102 56
174 198 35
33 62 3
65 2 29
130 188 72
14 139 84
84 151 61
105 80 59
103 71 82
37 8 47
113 126 85
113 12 12
127 101 80
97 34 38
109 22 94
149 156 45
87 103 8
54 43 67
72 168 27
135 132 79
153 76 86
169 136 42
110 158 11
44 195 23
61 29 80
121 9 3
142 108 37
49 141 68
60 40 40
192 179 61
72 185 79
11 98 17
173 196 27
155 4 96
51 200 20
109 162 81
104 173 80
169 197 97
52 64 29
187 195 89
88 33 80
106 94 13
191 41 91
5 179 90
172 54 18
180 186 49
119 52 19
83 94 14
176 156 77
167 110 59
111 101 55
114 155 44
126 113 94
89 13 85
146 181 49
165 50 85
13 139 72
171 178 18
154 127 14
159 77 36
36 24 31
117 86 53
134 191 94
187 40 66
48 100 39
135 103 12
90 50 64
120 22 69
78 150 58
148 42 79
101 133 12
97 16 79
91 85 69
102 113 60
199 157 92
58 191 27
178 43 20
126 41 64
63 2 47
111 164 63
191 121 52
138 74 81
174 22 49
173 24 33
20 21 32
130 188 72
185 196 54
174 39 92
56 172 6
156 91 13
194 36 13
110 158 11
145 149 17
4 95 81
177 21 77
11 61 48
58 191 27
106 168 2
197 30 20
79 162 50
54 118 34
149 142 55
149 142 75
168 76 26
192 186 96
119 81 91
157 183 28
84 28 7
151 67 15
114 174 99
119 134 66
54 184 44
51 96 62
16 126 2
51 38 52
25 177 50
9 123 95
84 89 17
186 41 90
69 196 36
185 196 54
25 28 86
109 72 70
196 45 66
131 55 90
120 123 34
191 40 22
106 192 92
192 110 75
72 28 64
110 139 23
3 161 80
104 60 20
106 127 63
199 110 11
125 75 38
35 195 81
181 44 65
3 161 79
18 167 51
170 17 100
151 155 22
125 62 6
13 144 32
63 97 16
63 12 50
83 65 58
129 39 15
21 25 96
121 148 94
194 94 64
162 28 57
113 152 70
169 152 45
109 165 96
22 8 23
174 196 38
28 89 97
40 176 56
15 85 31
47 92 93
61 20 17
36 134 46
122 193 79
76 149 70
22 1 35
82 46 34
89 83 88
116 76 2
151 155 28
140 81 12
78 11 82
193 144 21
132 183 36
142 53 51
26 5 6
126 141 65
125 152 9
192 2 71
171 102 56
112 129 98
130 133 45
162 63 46
191 40 22
157 187 46
21 52 79
117 137 67
176 180 43
20 7 26
168 76 26
19 196 86
173 68 81
106 76 50
27 146 21
171 52 64
21 108 33
124 84 98
21 108 33
138 137 87
54 11 55
28 7 16
73 69 58
7 151 13
25 76 29
131 38 70
38 174 12
93 51 47
26 7 26
58 152 97
1 83 36
185 107 41
120 156 60
29 68 11
68 200 41
69 111 89
199 150 20
149 79 41
136 88 30
69 97 93
58 190 66
166 9 5
31 26 17
173 93 72
58 192 67
59 41 93
151 67 15
13 144 32
129 192 78
124 156 8
60 62 21
157 23 56
43 54 6
77 148 30
53 46 33
73 8 92
98 60 55
160 51 24
129 84 68
194 36 13
4 54 67
69 105 54
145 60 100
42 75 76
20 105 51
126 27 64
147 85 67
46 101 81
172 100 35
174 6 22
61 193 39
22 130 62
106 118 34
142 22 81
9 48 55
56 195 52
97 34 38
55 2 83
80 2 1
100 178 20
99 147 56
59 28 58
186 63 85
77 145 56
15 65 70
113 89 50
190 64 17
146 181 49
9 123 95
50 138 24
97 172 29
79 52 47
54 194 31
132 56 13
62 110 14
4 14 76
82 198 99
151 73 13
49 43 11
147 40 15
81 69 59
159 127 84
33 185 82
132 66 92
111 138 20
106 33 69
56 172 6
11 41 17
29 68 88
34 154 32
197 77 56
166 54 72
76 21 14
75 171 68
172 125 85
170 34 72
127 147 58
159 25 41
78 168 16
113 72 44
87 49 95
113 74 50
63 123 96
71 157 4
196 71 78
135 46 11
69 105 54
39 71 39
90 1 55
21 25 96
99 46 21
102 76 76
64 159 20
58 152 97
111 164 63
40 141 42
197 126 64
124 69 44
106 33 69
188 41 43
44 29 74
124 161 3
189 36 64
112 194 60
84 19 25
121 9 3
159 74 72
2 24 83
107 52 67
35 104 3
173 125 46
86 144 19
148 66 81
195 136 2
159 127 20
53 2 88
17 182 76
30 165 41
153 74 82
187 195 24
129 84 28
192 53 48
22 64 16
81 24 27
59 47 75
63 188 54
166 174 31
166 88 16
16 47 82
45 190 83
172 163 2
121 14 42
113 12 93
81 164 31
121 150 78
122 9 67
192 25 44
135 132 79
16 96 57
10 186 81
84 122 26
12 175 33
113 167 55
112 86 48
19 173 82
191 95 26
120 123 34
164 147 59
26 68 58
175 15 29
134 62 43
196 20 59
84 118 20
36 138 10
118 35 87
38 37 63
198 15 21
114 166 100
192 53 83
96 179 6
189 79 73
105 128 63
93 29 24
194 116 24
79 192 65
114 143 87
78 71 48
117 85 9
47 92 47
4 37 39
97 51 93
135 108 63
161 200 78
188 99 37
135 163 85
110 161 69
170 17 100
152 129 51
133 31 76
112 36 59
180 188 73
130 11 2
84 25 10
173 149 43
71 185 37
49 139 99
76 21 79
199 110 68
198 146 14
77 97 64
136 166 13
117 86 98
172 56 1
71 188 22
114 143 87
107 87 38
55 128 26
114 39 56
99 143 49
141 45 23
126 113 94
51 146 61
9 77 19
195 74 21
173 102 15
69 163 54
186 57 20
57 113 99
144 168 100
90 123 43
35 110 73
37 98 19
189 160 65
113 72 66
36 129 100
178 153 73
154 67 94
176 56 37
148 60 22
190 105 30
70 88 96
138 137 43
157 90 19
99 39 8
109 72 6
115 56 51
112 86 48
177 54 25
193 196 10
147 131 50
7 36 69
102 113 40
19 171 7
118 144 20
180 188 89
102 31 77
176 150 91
138 2 14
140 10 42
143 182 74
13 183 67
126 93 37
134 62 83
43 149 65
135 120 45
185 144 90
165 163 24
97 106 10
6 139 47
182 200 35
126 93 15
141 162 22
170 136 7
177 136 17
79 88 27
112 119 67
50 138 24
40 181 17
141 64 18
9 38 84
66 182 61
54 157 71
76 47 97
173 151 14
173 93 60
68 3 39
126 53 67
2 24 83
81 187 35
4 14 76
152 27 37
3 142 18
126 41 20
52 51 90
108 111 71
195 154 81
195 44 76
118 41 80
2 131 48
77 93 58
15 84 74
172 6 68
99 144 41
189 36 29
176 85 83
12 147 88
73 190 79
114 106 73
164 189 93
191 121 52
150 197 11
75 30 59
186 22 53
26 7 57
113 167 46
44 82 78
18 34 24
38 9 34
127 100 3
90 108 68
175 130 4
75 171 68
124 23 7
97 16 79
51 75 25
118 41 50
88 146 52
169 197 67
119 88 94
170 154 13
9 77 19
199 145 34
145 152 19
189 148 64
43 149 96
186 72 94
193 166 8
78 5 60
58 61 35
118 193 35
10 188 49
161 183 74
52 64 34
147 40 15
50 86 95
195 191 96
157 183 28
189 111 18
145 157 37
140 81 12
162 23 50
34 45 47
71 44 43
52 51 56
78 102 28
166 200 39
163 39 50
193 123 46
66 77 6
45 118 34
59 28 79
172 125 85
31 87 77
3 122 1
198 151 98
156 91 54
192 58 46
40 65 44
50 86 47
146 32 32
8 77 63
186 23 70
75 33 80
71 105 23
20 160 50
127 100 60
195 109 35
198 146 14
13 32 54
58 61 35
87 8 46
123 133 29
160 100 95
87 117 19
197 30 58
159 77 64
39 72 12
63 98 23
133 175 4
195 95 53
165 135 79
37 126 14
200 93 46
82 125 51
48 100 91
117 119 70
34 174 95
124 89 99
121 31 7
8 77 63
123 29 50
71 105 23
115 153 95
192 179 61
120 96 40
38 194 32
23 116 71
141 74 59
15 65 89
177 175 89
94 43 9
95 154 89
65 2 29
132 56 43
114 174 76
163 71 27
60 167 25
185 191 67
98 60 55
16 126 2
81 164 84
112 36 15
180 173 33
22 138 80
165 50 85
153 76 13
180 22 67
124 157 67
175 130 4
34 154 32
195 61 95
33 185 82
80 101 84
106 192 92
119 190 68
162 45 83
165 145 37
138 57 41
115 84 35
107 13 56
111 60 82
168 153 33
88 114 9
106 110 93
80 23 92
80 9 22
15 154 57
186 138 9
75 30 59
34 45 47
78 111 11
161 143 94
76 45 99
197 72 49
9 48 20
166 125 58
43 150 38
94 110 7
181 81 50
84 89 17
106 94 72
84 28 7
141 162 12
171 178 18
42 65 28
157 90 25
90 135 92
111 76 84
58 76 56
111 60 32
117 85 9
97 196 90
160 161 63
139 125 1
180 86 60
100 108 31
76 89 5
156 46 78
173 149 43
34 79 23
94 145 15
22 48 1
152 129 51
30 170 92
195 191 3
31 161 57
199 145 34
107 52 67
177 54 25
189 148 16
136 88 30
190 120 6
192 186 53
68 89 37
187 162 8
42 89 66
76 189 65
110 50 74
9 138 98
169 175 60
35 179 23
92 56 51
180 39 98
122 74 87
46 101 19
163 10 68
25 56 50
78 111 7
36 46 14
160 27 74
187 51 81
146 119 41
156 9 56
89 83 47
45 67 89
32 122 80
178 43 8
126 27 14
190 120 73
197 71 22
88 65 29
43 42 94
135 157 36
82 125 51
59 112 18
11 41 17
4 37 36
98 158 61
151 170 10
79 173 10
36 134 46
178 199 30
77 148 30
42 120 79
14 133 39
38 194 32
69 111 95
129 179 73
134 191 94
185 1 57
3 39 89
76 47 6
98 154 23
44 123 16
22 138 62
37 98 19
77 145 56
147 131 87
89 13 85
119 96 36
32 150 6
107 87 38
165 135 29
39 37 18
36 121 12
132 23 27
137 65 34
106 110 93
40 65 44
43 191 39
102 76 49
127 19 38
170 136 53
58 35 32
22 48 63
95 126 84
79 61 45
174 198 35
171 47 59
191 190 84
57 135 32
49 164 84
149 157 59
68 97 38
200 144 24
121 31 7
109 165 38
99 143 49
110 161 69
152 180 87
188 99 12
64 159 36
136 188 37
199 150 20
166 110 21
99 46 79
190 105 4
155 147 45
54 38 9
79 78 19
124 34 81
3 122 1
131 196 100
162 31 16
16 96 85
88 147 31
200 66 31
57 13 74
170 165 64
29 39 54
138 2 14
125 174 56
91 85 6
104 152 77
42 159 47
183 125 82
145 60 74
200 66 31
73 8 41
83 161 74
118 68 76
55 99 47
6 93 27
197 126 97
5 179 72
139 156 43
158 75 74
88 177 100
92 90 20
54 38 56
97 172 29
132 17 66
103 30 51
94 43 9
63 2 94
34 18 98
182 19 54
184 151 81
9 55 85
107 3 45
179 161 69
197 77 4
190 44 73
87 37 5
168 122 73
96 118 62
159 84 98
45 190 80
16 174 48
174 196 7
58 35 31
138 148 8
178 185 66
195 75 74
30 90 31
20 200 35
169 136 61
35 195 81
115 56 70
62 110 12
164 48 1
139 184 20
94 39 45
16 54 72
130 100 30
115 84 35
84 19 25
144 63 65
96 74 59
176 85 92
174 39 92
124 23 7
78 5 60
200 93 24
114 141 94
139 29 91
34 18 98
145 56 74
51 200 54
122 3 95
144 103 83
130 184 41
191 41 65
39 193 91
107 75 25
18 50 94
39 88 64
17 182 57
129 107 82
131 196 100
160 179 53
27 176 37
77 97 41
191 73 75
21 192 1
141 45 51
117 147 20
199 157 89
20 200 11
29 113 68
151 100 55
137 63 16
78 150 58
119 96 12
79 162 47
142 53 51
84 47 9
120 22 69
106 76 9
6 139 96
49 179 50
117 48 36
82 66 24
53 14 21
10 186 49
196 18 69
147 191 36
114 155 44
146 32 32
46 168 52
185 191 67
106 127 65
18 16 49
57 74 69
111 6 96
192 59 9
139 29 3
57 135 32
128 144 25
173 102 46
178 28 73
129 192 44
88 5 68
93 51 47
88 177 100
104 59 10
184 169 18
59 41 90
113 89 50
126 23 91
111 169 81
4 144 6
86 89 72
25 76 29
20 21 32
118 35 71
136 188 37
50 60 67
25 189 34
14 133 62
27 21 51
15 23 4
161 143 94
1 86 8
41 172 40
16 54 72
4 81 72
11 95 70
180 198 39
198 83 77
103 30 51
27 21 51
115 99 23
92 72 76
