200
20 25 93
122 30 62
159 6 77
150 186 100
34 54 89
136 119 37
107 192 4
117 23 12
104 161 4
18 137 71
62 124 19
8 26 3
194 33 24
38 75 44
200 184 32
40 117 55
198 183 17
95 54 93
146 50 45
161 154 71
9 161 35
52 22 48
142 118 37
5 173 9
139 88 43
183 167 15
182 107 97
98 103 46
124 132 37
40 117 55
4 48 47
118 21 30
146 13 20
41 45 45
102 46 80
12 186 76
165 31 78
43 181 16
117 102 9
195 45 50
40 119 74
107 96 14
179 130 18
125 64 19
122 136 8
81 157 73
163 150 60
145 7 1
84 130 72
46 35 46
27 142 13
166 135 43
131 171 13
128 159 67
64 157 16
181 1 27
119 157 20
150 170 35
117 94 40
37 174 15
12 141 73
174 65 89
186 129 64
143 13 80
17 11 79
4 113 42
62 80 1
77 15 35
20 25 93
94 109 64
92 10 63
53 14 91
191 38 89
106 23 29
57 121 97
199 132 90
90 169 24
149 87 22
196 144 90
156 170 44
100 61 18
120 175 95
37 171 69
120 88 77
21 115 3
115 41 46
139 25 83
38 75 45
177 3 15
125 184 77
40 150 41
46 184 44
193 131 98
37 123 30
157 166 86
157 152 45
91 40 96
123 143 21
112 152 8
190 31 29
84 47 32
140 97 14
2 20 62
57 199 80
186 123 78
86 129 93
47 104 85
160 100 93
183 197 70
143 71 56
60 185 94
36 153 96
134 167 96
200 30 82
182 171 73
42 198 96
65 25 64
29 128 47
111 116 54
154 145 18
60 158 47
6 176 43
104 60 41
174 26 49
157 116 29
42 198 96
4 44 13
115 41 67
36 55 55
103 58 37
149 87 97
21 115 3
123 143 5
102 75 32
79 127 95
2 132 80
80 182 37
86 63 28
3 5 17
122 149 4
50 12 81
191 38 89
3 73 11
196 131 86
20 180 53
50 41 1
155 62 26
49 199 98
182 86 14
39 197 81
59 102 42
110 6 93
101 172 22
44 113 53
172 99 93
120 2 88
148 61 23
113 126 26
193 74 78
76 46 31
157 166 86
53 197 24
68 1 98
190 71 61
189 95 97
129 184 60
188 128 35
81 112 78
57 119 86
154 94 11
158 32 77
158 109 17
165 181 12
62 184 96
180 155 90
9 84 28
65 146 44
10 126 66
141 162 63
172 59 96
47 46 81
20 134 77
117 97 89
65 146 61
122 96 20
68 172 88
103 150 30
126 22 50
183 135 44
48 94 76
147 191 81
40 119 42
85 200 61
155 20 95
193 3 33
143 71 56
64 49 18
55 39 69
36 113 55
46 146 11
134 167 66
192 152 24
27 142 13
100 61 57
36 95 76
86 22 95
102 176 80
77 46 73
117 142 35
163 122 78
185 134 55
91 124 75
53 139 79
191 6 97
130 155 65
183 89 68
71 176 74
140 166 93
164 70 48
55 144 13
198 173 45
37 174 15
62 44 32
40 149 29
36 55 55
29 185 74
50 41 1
23 181 73
154 9 47
169 176 74
48 194 38
33 163 43
162 82 37
10 123 6
135 120 67
192 38 69
183 151 91
172 80 10
177 3 38
171 127 2
113 80 51
66 141 33
147 197 69
139 25 41
137 43 91
137 129 33
8 46 58
92 120 8
132 29 98
134 31 12
45 163 6
96 161 93
47 33 50
33 103 67
4 22 62
124 43 64
26 20 28
27 92 64
179 66 30
113 177 34
90 5 56
9 163 42
140 121 62
114 110 29
85 10 71
187 115 28
116 178 83
165 116 31
77 46 73
102 75 32
190 71 45
156 76 17
117 68 40
185 82 71
36 145 16
70 81 77
54 118 47
127 77 61
8 177 67
167 157 55
125 81 47
76 142 48
166 200 41
27 60 62
191 76 9
131 11 91
30 81 6
37 57 80
120 112 79
45 33 55
52 53 5
105 89 43
185 27 48
111 116 29
117 145 34
45 129 45
135 120 66
91 40 44
174 65 89
88 177 10
183 165 89
43 191 47
198 22 90
169 14 11
19 40 57
67 96 49
18 7 57
140 97 49
126 27 92
151 187 35
143 46 63
46 184 44
166 197 2
61 124 74
60 158 47
168 155 82
127 97 48
48 78 59
128 38 54
69 31 59
169 123 70
1 115 78
123 111 35
70 166 66
156 134 68
50 157 26
43 56 11
123 8 82
122 149 4
12 151 5
68 1 98
25 136 87
126 147 28
128 100 75
65 86 30
127 77 67
108 120 32
26 184 84
158 155 81
70 139 89
125 64 67
48 78 59
49 174 100
134 127 80
107 192 4
95 37 48
196 192 41
83 41 98
141 135 35
16 71 98
74 94 97
97 147 56
108 81 61
183 157 99
106 34 83
113 126 26
24 110 40
59 28 26
40 66 94
184 119 63
24 199 77
52 53 83
5 165 56
92 129 65
89 173 1
26 55 53
11 29 31
141 124 67
19 84 59
78 38 67
20 188 86
50 8 71
50 43 83
165 31 78
118 4 86
3 73 11
30 70 32
59 192 37
22 181 13
25 43 14
166 1 8
191 186 66
58 88 68
184 113 91
140 41 96
132 57 61
161 103 18
140 199 21
12 11 49
133 174 14
77 34 75
42 41 15
61 49 81
18 163 50
198 24 54
147 64 63
84 191 7
54 151 55
2 118 92
17 181 34
14 54 82
96 154 10
138 50 47
189 61 60
108 66 91
72 10 55
183 144 31
61 17 69
183 197 70
62 149 56
29 98 18
150 191 100
88 43 93
9 172 8
134 73 58
45 67 100
166 197 2
60 96 74
171 60 99
73 116 46
94 118 86
103 150 30
131 54 94
114 141 100
122 173 10
132 29 60
37 113 74
141 124 67
58 95 37
23 30 97
185 178 86
155 158 1
169 17 46
161 145 78
118 193 92
77 152 82
49 9 52
62 184 7
48 13 1
78 69 55
183 125 95
173 66 20
143 46 63
148 83 17
37 57 11
34 197 61
185 27 48
160 126 91
141 68 73
9 161 17
134 132 52
192 148 12
135 26 42
99 118 89
48 101 73
16 83 56
53 14 91
79 169 42
29 112 12
78 39 41
76 135 91
51 195 49
186 199 59
193 131 98
67 76 77
9 13 75
122 37 50
87 64 2
50 12 81
184 189 30
192 128 46
109 196 74
160 193 23
160 28 25
92 7 48
37 42 41
109 196 74
70 81 77
7 79 64
167 163 70
14 24 3
162 114 52
47 46 49
91 178 26
72 79 28
177 10 70
96 154 16
61 139 61
139 79 49
37 42 49
118 160 7
72 70 12
12 167 21
107 112 86
165 123 57
196 144 54
101 3 50
36 26 56
156 170 44
89 180 15
126 22 50
67 76 77
101 5 72
143 30 56
197 61 35
66 102 20
97 147 94
60 78 80
120 2 34
178 149 75
98 103 46
79 111 41
49 135 22
14 54 1
146 145 39
2 20 62
40 150 64
83 41 98
23 181 73
79 65 98
38 82 71
116 126 53
104 46 97
7 153 29
117 31 23
11 28 85
31 169 91
16 96 10
179 66 49
11 169 53
182 86 22
120 175 99
42 16 99
113 157 77
165 181 62
27 55 48
128 38 26
13 107 42
134 73 41
77 94 18
61 117 72
36 145 67
52 41 15
12 141 73
160 168 16
131 54 94
8 10 58
174 90 64
70 139 89
138 189 33
167 92 2
154 13 69
120 178 46
77 15 35
147 88 89
172 99 36
192 152 80
87 73 14
167 189 39
147 111 99
11 107 74
169 163 77
183 122 80
8 46 49
125 34 25
29 177 74
84 47 32
56 124 31
122 188 35
151 68 26
146 145 57
14 114 46
74 117 6
102 168 54
161 103 18
65 25 9
94 3 56
43 56 11
6 72 91
171 154 59
42 168 28
165 84 25
168 62 34
14 155 11
193 140 81
165 183 60
80 191 59
154 56 47
87 67 31
132 111 30
79 169 42
102 52 13
179 70 1
160 15 80
156 81 35
45 28 99
35 197 74
27 163 29
132 39 22
55 8 26
85 63 14
162 136 30
85 157 6
156 162 49
80 191 59
197 14 70
186 51 88
175 24 80
190 31 90
10 72 9
160 26 87
170 198 71
76 112 75
64 200 53
28 36 89
75 140 72
116 56 49
164 104 62
128 19 28
92 7 84
80 139 44
116 162 44
48 138 61
175 97 76
146 176 9
37 9 53
184 74 56
85 10 71
95 119 93
27 31 19
90 22 88
122 188 35
116 64 45
48 187 14
58 141 18
123 188 59
92 52 21
117 30 55
69 31 38
56 194 57
52 41 15
200 184 32
162 2 98
187 141 98
112 77 58
53 69 6
181 43 84
161 44 84
166 45 44
127 176 63
135 3 87
176 125 96
5 159 19
141 166 46
197 14 70
116 72 15
76 112 75
131 113 82
143 48 82
81 157 73
124 72 6
182 107 19
68 133 8
56 119 71
95 44 24
141 166 10
36 95 13
45 39 12
167 64 85
67 181 97
86 128 2
144 57 93
9 163 84
105 30 37
165 84 49
72 100 19
140 121 55
158 32 77
42 41 15
131 3 48
86 58 47
65 166 56
194 75 70
65 137 90
101 172 52
151 138 21
67 183 23
11 119 94
50 19 86
23 150 13
133 168 30
2 70 23
36 180 43
3 130 89
198 183 17
79 48 17
168 187 4
126 153 58
38 145 14
122 186 94
58 111 58
114 110 29
5 13 17
60 96 74
109 175 52
162 136 30
25 125 32
163 122 78
183 81 24
40 187 99
136 21 34
75 142 97
19 84 59
44 75 74
11 107 78
18 80 75
170 136 50
138 178 84
25 136 87
169 72 34
18 80 75
9 135 69
11 29 51
159 163 44
152 176 80
18 163 58
159 30 74
122 65 65
135 18 38
154 145 18
53 158 95
83 16 81
70 156 74
116 126 53
14 24 3
118 121 50
175 24 80
46 163 94
118 134 46
3 130 76
65 76 97
168 155 82
120 178 46
187 166 17
187 45 48
171 72 15
177 10 70
84 178 41
166 200 78
154 23 90
96 61 83
9 84 60
152 129 71
68 129 35
142 24 87
37 81 37
26 184 10
128 159 67
50 43 83
82 55 52
36 180 43
152 15 85
138 108 74
194 128 68
60 7 30
1 54 71
55 144 82
80 15 19
183 151 43
26 98 99
14 78 5
102 121 52
26 192 11
80 139 44
35 197 74
29 91 75
59 156 23
159 126 2
45 39 12
169 17 46
192 120 98
73 56 56
172 54 90
130 21 97
153 106 32
16 76 57
186 51 36
10 56 12
22 111 93
195 44 48
41 191 44
183 59 55
7 168 56
141 135 53
143 190 93
113 177 89
146 174 84
67 69 77
19 193 55
162 150 19
165 50 77
160 15 28
65 166 56
38 145 30
23 162 23
48 194 38
102 52 13
86 129 93
59 43 67
30 81 6
51 59 52
59 147 26
150 52 54
151 92 83
146 95 42
164 193 4
110 173 59
170 198 45
61 194 68
19 53 100
151 187 27
61 30 2
34 54 89
53 158 69
12 52 55
63 110 1
115 14 65
72 100 19
27 163 100
31 200 93
191 57 78
160 28 25
152 63 36
94 59 92
12 52 55
122 186 94
156 95 57
73 57 80
6 72 91
78 3 99
150 186 26
197 2 86
17 179 45
115 87 75
73 57 80
34 29 29
147 157 100
3 51 3
176 125 45
12 186 8
73 116 51
29 78 13
140 166 25
35 67 42
49 9 52
90 169 24
114 192 82
62 113 85
150 191 91
187 70 45
108 81 61
20 35 11
63 163 34
117 30 9
54 158 43
186 99 4
171 99 36
53 122 51
102 168 54
159 126 2
183 125 70
65 137 68
115 14 65
163 192 59
163 114 39
21 24 45
156 134 68
117 2 45
130 43 5
127 58 82
53 69 6
152 129 71
92 52 21
119 130 44
84 130 43
150 45 19
46 146 11
4 113 54
10 123 6
196 192 41
25 43 14
139 190 31
186 55 58
87 67 95
127 85 35
80 182 83
65 151 41
146 176 9
66 102 92
114 19 5
130 198 4
41 191 29
104 46 97
92 129 92
158 90 99
104 84 32
42 168 28
100 32 85
95 131 84
175 6 26
82 155 92
159 116 83
137 129 33
29 128 49
11 195 17
105 187 20
155 20 95
198 152 89
193 74 78
27 60 62
92 10 53
182 41 24
166 111 49
181 180 1
126 139 28
39 197 81
5 13 17
27 92 64
44 75 37
71 5 56
140 199 80
70 156 74
195 65 56
183 135 44
132 181 18
102 46 6
173 64 15
6 30 29
147 157 39
131 11 55
154 13 69
37 81 37
116 56 90
158 121 43
102 110 52
30 70 67
171 142 43
181 1 27
83 2 65
128 17 70
163 150 60
187 93 66
127 97 48
79 48 17
95 131 84
143 13 80
64 49 27
142 141 86
122 173 20
80 69 70
157 116 88
111 134 25
54 115 45
117 133 43
120 91 1
78 38 89
123 33 66
18 137 14
195 129 90
191 6 97
23 162 72
144 145 47
94 109 68
154 9 90
116 178 83
114 19 31
65 76 97
58 88 68
60 7 10
145 127 5
36 161 95
85 135 2
9 172 28
75 117 65
139 79 85
149 157 27
83 68 50
53 122 40
45 108 73
108 122 52
200 114 67
6 30 4
111 23 3
20 45 10
25 125 21
