200
27 4 56
182 126 64
63 138 23
132 96 61
70 54 76
115 118 85
6 139 32
137 41 81
13 49 62
78 10 89
3 86 95
105 143 28
185 93 71
29 148 1
2 165 99
2 165 22
63 107 42
120 136 34
113 151 25
98 190 41
157 24 38
188 92 7
8 102 53
108 61 37
196 184 47
120 186 92
155 184 27
85 69 55
114 64 56
110 73 65
189 142 89
171 35 76
102 42 78
139 91 62
162 9 35
190 25 69
80 137 91
24 66 51
28 105 86
105 35 71
146 144 99
97 7 57
106 147 19
118 115 53
16 84 49
6 95 86
133 116 75
94 85 86
157 11 96
155 3 99
127 196 20
2 100 83
159 46 64
22 11 42
166 197 34
182 154 85
103 45 45
36 111 41
185 77 60
100 145 4
120 99 49
23 199 14
20 166 54
85 69 29
101 2 1
92 129 98
153 108 83
118 142 41
81 5 37
97 158 93
197 200 39
149 71 89
61 81 24
119 38 50
148 47 33
168 112 6
135 46 49
75 29 11
16 161 52
130 119 54
48 122 35
114 199 20
81 27 62
108 124 93
78 159 13
107 16 85
22 21 40
70 54 76
83 145 76
128 75 73
154 28 100
157 156 82
145 61 59
10 15 95
73 117 25
89 113 55
107 92 75
173 180 70
142 55 5
5 178 73
14 124 10
132 27 25
131 33 100
70 74 37
190 115 28
200 110 58
83 189 35
127 167 45
80 90 13
53 110 97
31 196 84
104 36 66
115 118 85
168 46 42
72 120 80
84 163 7
80 137 91
142 171 6
190 193 46
8 71 11
139 125 2
106 147 52
12 194 28
71 155 83
104 77 70
192 64 75
68 62 34
153 17 20
89 161 42
108 58 51
84 163 7
5 111 76
199 172 79
74 1 40
57 51 5
101 120 45
183 111 51
149 136 47
13 152 10
102 108 29
137 161 89
104 139 9
30 102 100
69 149 1
53 145 3
171 192 55
65 189 13
150 65 53
198 166 36
167 87 71
106 17 74
87 165 82
91 8 4
117 137 32
186 89 15
67 166 93
135 46 49
138 126 15
196 58 74
103 100 11
25 76 38
85 185 39
22 55 62
100 60 52
59 21 22
54 144 83
125 55 21
187 56 82
44 42 99
114 80 15
172 142 90
98 190 91
108 61 37
181 124 28
41 105 23
139 52 43
109 43 35
34 95 18
193 78 55
38 98 72
153 174 95
123 157 8
47 151 64
76 171 10
150 65 57
121 94 1
198 173 30
99 27 64
62 135 87
11 148 10
129 23 79
139 187 38
149 190 97
43 24 26
35 186 50
143 181 97
188 92 7
166 10 40
64 97 71
76 163 90
104 130 58
139 80 94
17 74 47
148 136 14
72 138 67
53 98 18
72 130 24
123 67 83
66 56 47
78 31 97
96 191 57
44 155 92
69 104 89
189 27 77
27 138 27
116 9 40
47 145 98
157 127 11
55 47 25
38 54 91
186 138 42
45 23 77
69 200 89
30 97 41
114 80 15
14 50 58
82 74 25
12 11 13
75 112 55
190 32 9
62 160 34
91 49 84
28 168 76
43 19 92
187 67 72
46 159 25
17 91 18
20 79 74
120 40 6
124 47 22
69 149 89
146 1 78
62 110 34
50 106 31
77 14 96
120 178 43
138 9 5
3 109 40
79 109 52
192 189 81
27 107 95
75 102 23
92 176 87
1 14 26
96 69 1
174 21 43
152 15 11
122 91 17
119 147 13
161 63 51
46 155 82
38 35 90
132 70 34
193 16 1
170 122 60
115 197 20
101 2 39
20 166 52
75 193 75
129 146 71
159 61 87
175 76 44
57 108 34
80 157 24
26 62 28
57 116 96
14 189 13
124 105 49
139 80 5
28 30 77
7 188 74
74 163 34
183 165 79
87 190 90
76 140 18
97 151 51
193 135 44
126 190 2
115 94 21
128 13 97
146 68 61
114 186 86
169 194 67
82 57 85
189 27 77
149 76 34
101 107 42
64 167 50
101 173 14
91 8 37
55 157 32
87 186 13
71 155 97
179 42 9
156 121 66
122 7 48
94 123 48
19 200 22
133 125 78
157 127 5
142 28 62
137 179 60
80 121 96
192 64 45
157 63 98
22 129 53
15 119 16
134 136 20
154 187 37
154 89 32
104 178 57
11 66 54
10 126 87
19 47 97
66 29 11
149 76 40
8 23 52
113 82 100
137 121 96
20 79 76
78 159 79
154 187 37
53 145 3
125 82 37
164 48 12
64 97 100
89 41 22
23 27 83
98 12 36
123 129 36
71 118 6
136 148 42
157 106 37
178 79 91
85 153 85
193 175 11
28 30 77
48 185 3
92 73 62
163 5 3
76 27 51
132 76 86
186 68 52
118 126 97
190 81 65
112 121 32
189 71 55
15 90 55
185 72 27
70 128 39
146 68 33
64 7 27
80 150 99
54 189 35
161 15 92
127 167 45
57 40 34
119 87 96
11 150 27
17 91 18
164 71 95
194 32 27
15 166 18
152 164 96
192 100 80
169 113 80
140 17 2
139 52 80
151 105 12
16 81 18
26 175 90
147 107 17
151 100 25
87 154 32
27 103 68
132 96 61
75 55 22
36 130 58
9 5 76
158 53 84
93 52 53
48 28 56
20 132 37
131 53 56
86 107 27
55 84 45
6 11 92
132 70 34
98 3 21
7 47 62
16 155 10
100 61 9
59 1 42
81 121 41
92 85 49
196 184 47
112 100 1
104 77 24
186 138 42
81 5 37
184 167 98
161 14 97
93 109 44
185 1 77
134 96 83
92 198 75
14 72 66
122 129 93
124 106 22
90 100 93
96 89 87
198 118 31
189 157 21
189 67 85
159 106 40
2 64 88
166 10 40
75 178 100
54 192 6
185 30 47
158 169 55
111 52 87
121 34 1
8 30 46
199 18 63
140 17 97
76 171 68
30 7 56
68 119 51
57 116 48
8 11 14
39 198 76
192 65 50
109 60 18
55 157 32
9 47 74
130 35 82
119 38 50
189 181 92
101 173 14
168 129 90
112 53 75
70 109 83
10 191 45
178 4 16
36 130 58
58 166 32
112 161 55
24 86 27
13 132 48
88 107 57
18 190 19
126 193 82
55 128 56
181 60 54
113 70 57
33 179 46
192 189 81
134 191 73
195 183 27
184 148 25
97 158 2
188 62 19
190 193 46
8 32 61
26 48 28
9 16 19
178 130 40
22 160 26
118 198 61
16 129 71
101 120 45
30 32 46
44 39 38
106 17 79
13 132 41
65 185 56
65 132 97
153 42 55
173 118 68
182 126 31
163 115 96
104 73 12
99 98 79
152 188 59
86 148 65
24 57 77
54 53 25
42 22 78
41 154 49
60 95 45
49 129 30
156 16 64
9 3 3
183 111 8
179 13 7
162 9 60
35 11 53
24 113 73
144 27 41
111 52 87
118 36 83
145 70 17
70 109 43
189 144 14
183 102 84
72 136 69
94 169 18
179 199 95
80 150 99
59 200 96
139 108 64
2 12 26
111 112 84
17 191 82
75 181 46
113 70 57
96 112 46
169 96 48
133 116 75
149 128 29
51 106 87
25 37 38
123 158 96
137 121 96
34 139 78
96 183 80
94 20 84
77 166 38
44 155 92
25 125 21
196 97 61
41 105 97
6 139 32
166 115 28
14 45 62
185 146 23
149 128 29
100 145 4
1 14 26
18 83 54
33 26 11
191 195 93
33 27 18
49 129 30
114 63 89
149 75 50
138 176 82
166 197 34
195 126 81
25 125 21
185 30 61
27 103 68
160 101 63
123 157 8
169 194 45
197 176 47
102 156 58
4 27 76
27 35 76
116 17 100
165 194 100
108 162 64
134 136 20
37 122 70
126 190 62
94 180 92
44 39 38
39 198 44
27 146 77
161 59 88
184 175 59
179 57 82
178 109 79
98 3 21
134 191 7
164 108 18
167 106 8
84 173 14
12 183 48
74 51 5
123 190 78
23 74 91
26 48 90
134 70 92
94 180 92
73 146 79
72 18 16
128 3 37
3 52 69
110 17 48
134 46 45
175 76 33
83 47 72
162 112 51
172 142 84
87 137 35
57 51 15
200 182 84
14 153 94
92 24 9
24 57 77
15 90 11
44 42 58
114 17 29
55 174 72
160 7 12
167 90 37
152 159 59
90 22 40
24 88 95
177 196 47
170 157 48
141 54 11
48 65 63
104 73 46
195 58 2
14 46 70
112 36 85
152 28 15
33 49 13
103 100 11
166 17 45
30 102 100
196 58 74
192 100 60
69 24 85
186 196 78
71 199 10
111 60 13
172 2 45
75 193 75
55 143 52
113 42 32
148 171 46
93 52 53
145 186 25
128 13 65
186 68 52
12 150 80
28 85 87
191 166 12
70 141 67
176 62 32
121 34 81
191 195 27
190 74 79
156 101 86
80 13 91
53 149 29
59 200 96
33 133 6
159 38 50
64 7 27
73 117 49
66 114 26
172 179 38
10 119 5
118 146 80
119 147 13
104 36 66
80 149 51
138 88 84
112 72 81
139 197 35
178 4 16
114 62 54
108 6 82
122 67 58
15 166 18
183 165 76
82 131 100
17 200 58
156 21 94
195 183 27
153 42 55
90 58 18
122 67 87
187 56 82
43 19 92
171 146 64
152 55 70
185 132 21
119 87 96
61 180 6
27 138 27
125 48 43
27 117 70
75 181 31
8 23 52
51 84 3
70 83 68
23 199 93
105 178 56
102 47 52
26 113 76
195 187 53
96 74 59
68 46 65
30 7 15
63 138 18
150 20 46
190 134 69
108 6 82
142 28 65
172 138 23
6 119 46
129 107 54
82 74 25
193 46 87
34 143 37
190 32 9
74 86 62
22 55 49
46 38 20
36 111 41
104 139 71
158 42 16
22 100 87
192 105 98
123 158 96
51 64 4
117 121 56
67 1 77
53 143 100
92 79 74
76 163 90
120 179 65
82 85 71
129 142 48
53 110 97
169 178 56
14 45 62
112 36 45
155 3 41
184 24 5
40 99 58
80 149 51
58 6 19
140 43 14
113 172 12
158 53 84
47 163 19
102 198 98
23 27 83
30 80 47
115 15 5
136 38 23
16 183 13
41 189 33
124 105 26
2 22 85
16 44 14
111 170 59
6 198 48
66 197 55
167 128 24
200 182 84
40 178 4
91 49 84
172 138 22
14 124 10
139 108 56
21 143 85
173 36 39
66 180 98
72 18 5
174 189 21
79 44 1
17 200 63
2 13 25
183 41 25
131 189 49
199 115 22
16 88 98
33 27 64
130 126 40
109 43 31
38 22 17
14 60 56
115 197 20
186 196 5
56 66 12
99 90 19
44 83 15
189 23 60
81 137 73
179 13 42
141 54 64
51 106 67
5 51 58
15 148 75
79 44 1
49 34 60
26 20 43
147 107 17
120 186 51
48 122 91
34 106 70
198 21 93
168 4 100
196 97 64
26 157 86
156 21 84
108 58 78
86 107 27
182 91 13
11 150 27
40 99 48
192 116 53
6 173 70
96 69 1
161 100 67
58 22 75
74 163 34
89 161 25
189 181 59
132 27 92
138 126 15
22 135 97
193 16 1
5 155 15
29 54 18
118 36 83
100 60 16
178 80 38
169 178 56
70 141 43
170 157 5
87 181 4
192 14 15
102 42 53
59 1 42
118 116 48
68 62 83
152 188 16
57 40 16
185 93 71
148 47 33
12 75 81
187 72 7
27 44 59
129 146 71
196 148 62
113 42 91
46 155 82
189 67 85
151 19 42
135 128 75
91 103 15
153 108 83
107 92 85
179 42 52
161 14 94
67 32 37
108 148 76
198 134 52
190 134 69
30 97 41
69 200 27
1 67 58
173 118 68
189 144 14
93 75 58
175 73 97
26 62 87
100 110 4
2 64 88
72 130 18
115 192 16
16 149 38
108 162 64
187 135 26
12 154 84
54 189 35
25 101 32
164 38 66
14 23 3
52 12 81
69 141 11
151 58 89
32 150 47
82 146 75
187 123 73
104 130 58
186 108 31
119 70 83
125 45 72
24 86 27
125 55 21
92 58 16
92 129 98
93 21 91
55 119 71
162 112 69
18 46 71
45 140 83
107 136 43
22 85 17
7 14 92
83 47 48
7 142 83
132 105 8
178 80 38
26 161 11
82 27 6
160 117 6
19 118 89
53 6 71
136 92 67
105 118 58
152 104 17
51 111 71
27 107 95
151 105 12
172 45 79
133 125 27
137 94 58
74 86 62
148 171 46
146 129 32
110 17 28
149 71 89
140 87 45
5 111 76
96 3 92
2 100 21
99 27 64
72 136 32
9 139 69
193 111 15
91 103 15
10 68 91
70 169 48
67 161 84
28 179 86
29 148 70
118 81 45
13 178 27
137 63 10
108 177 65
17 126 93
175 97 55
66 56 47
183 102 99
50 141 97
97 7 93
103 47 86
41 76 40
48 28 56
34 85 2
134 70 56
118 81 45
174 41 80
60 65 8
6 119 17
92 120 72
110 73 65
139 45 97
88 188 96
37 14 26
188 62 19
24 188 72
76 113 63
119 78 100
96 198 51
40 178 4
82 131 18
48 185 39
2 13 17
126 146 47
69 24 85
8 102 95
68 119 36
