200
52 196 17
61 197 61
154 86 12
105 124 79
108 156 91
46 162 46
27 63 30
182 136 23
199 114 22
132 83 33
75 188 36
28 168 11
85 134 16
10 116 45
130 146 21
75 42 40
128 175 53
178 51 27
77 154 3
167 188 91
86 104 49
91 55 51
37 128 84
155 149 24
81 156 11
34 192 14
41 131 72
181 185 63
168 23 86
117 180 59
183 33 9
102 37 72
98 88 47
34 84 37
38 141 25
119 98 87
154 66 57
20 85 55
78 187 27
111 107 95
48 135 87
22 170 48
165 120 37
189 106 76
179 64 32
13 169 3
48 21 48
7 135 83
103 120 50
40 71 42
169 17 39
155 37 75
107 81 94
67 65 99
11 198 44
67 84 21
102 70 67
20 87 69
196 42 46
179 197 21
155 19 23
131 179 42
3 163 52
34 192 14
130 146 21
125 57 72
137 48 69
182 122 40
67 25 58
168 27 72
70 171 18
49 7 91
160 57 46
24 32 93
102 20 76
70 44 64
139 45 12
174 4 76
156 93 82
77 176 77
112 182 37
50 30 66
141 189 49
24 128 28
88 66 58
66 166 69
178 1 98
190 63 58
190 63 55
124 4 24
189 122 46
114 159 54
116 38 85
199 56 97
147 172 47
9 162 81
6 41 28
21 61 38
66 154 70
142 188 17
125 130 75
19 53 96
112 168 20
41 112 42
33 56 29
144 97 20
63 46 49
182 17 86
142 167 12
62 116 66
21 157 44
29 76 74
49 120 4
103 133 89
116 38 78
54 20 1
75 60 70
113 185 33
161 108 66
146 48 4
188 4 90
28 87 18
16 176 22
155 198 73
24 68 37
157 49 78
143 178 73
157 169 33
199 56 10
1 69 21
121 191 7
175 45 91
60 107 26
148 80 11
138 132 25
121 91 45
110 103 6
28 171 39
186 132 13
106 72 98
7 135 49
134 171 14
50 194 97
53 137 52
183 20 6
77 75 79
64 191 72
5 52 47
18 37 33
26 167 85
21 72 42
10 167 40
7 149 76
112 47 16
194 142 68
98 104 55
24 193 6
159 156 32
41 131 23
108 193 4
46 70 12
114 159 54
16 31 40
41 112 42
194 133 100
22 99 47
158 56 38
164 51 55
3 150 56
185 101 54
69 180 25
85 153 75
191 110 21
13 163 24
68 125 48
33 18 62
159 193 91
161 96 66
16 34 29
138 16 45
2 60 1
155 86 56
115 86 76
157 16 20
153 161 63
82 34 22
197 179 34
55 64 56
106 85 46
107 200 28
16 150 6
59 185 3
95 141 56
147 187 9
60 166 96
32 19 3
40 22 60
156 38 31
78 34 7
112 111 90
79 183 8
77 163 69
50 81 20
161 131 23
149 98 64
171 102 64
154 77 40
157 131 83
180 181 20
5 52 51
21 157 44
103 10 81
88 74 32
8 78 75
75 114 86
128 66 62
86 17 85
134 156 72
102 184 53
149 188 53
155 197 63
92 63 90
1 139 47
81 171 30
68 31 16
16 114 100
10 115 29
115 31 85
46 90 13
148 105 83
43 111 60
67 159 74
120 200 99
112 157 68
138 50 12
86 182 97
87 70 97
47 112 44
27 28 81
83 77 10
61 50 65
100 51 39
13 2 74
148 83 1
43 39 31
158 94 39
77 174 41
132 73 52
130 190 33
44 86 27
48 72 40
88 146 9
97 175 45
105 39 56
98 79 17
3 106 17
143 24 77
59 17 71
86 45 70
61 50 86
159 80 75
29 6 21
68 129 13
87 175 44
92 25 11
29 56 73
116 164 44
50 119 18
172 105 55
117 180 63
125 192 89
169 17 39
72 92 5
11 198 42
73 71 47
91 53 17
132 109 17
34 122 66
189 84 77
143 24 77
102 168 91
110 111 35
126 20 18
180 22 84
65 172 56
46 14 84
43 147 55
71 193 95
48 188 15
86 17 85
103 185 11
8 125 3
194 142 33
181 122 72
153 86 84
199 114 22
47 112 44
16 18 64
106 75 52
52 63 34
94 73 38
79 149 6
42 95 83
66 9 26
96 21 3
72 174 36
144 105 13
55 172 67
158 94 39
97 90 52
134 59 1
94 9 48
75 188 36
16 176 25
15 186 24
16 40 12
54 55 36
162 83 6
199 103 87
30 199 13
13 25 84
165 45 60
181 135 49
80 163 96
177 188 29
176 107 60
36 123 54
23 90 45
43 46 32
139 45 9
58 183 77
50 109 62
80 6 71
15 169 18
59 157 99
180 181 20
2 37 40
62 122 65
106 110 87
74 33 52
59 153 11
79 160 61
139 142 2
143 76 78
39 131 52
194 126 56
182 38 100
14 5 56
94 164 26
152 40 86
199 198 24
58 195 64
155 58 5
132 121 55
108 119 54
129 136 6
38 165 45
56 156 58
133 123 54
92 176 89
8 22 88
135 162 100
123 77 100
154 176 21
144 181 10
59 186 35
180 36 69
186 132 13
130 190 98
72 177 5
100 131 79
4 16 2
189 22 93
112 11 12
32 116 75
92 23 48
7 107 70
159 24 63
149 100 27
94 139 7
121 91 82
153 188 34
66 39 98
12 197 26
93 92 63
12 108 66
58 3 62
148 76 59
96 157 58
112 168 20
165 176 86
115 172 97
141 189 16
72 54 41
110 80 40
3 4 29
192 83 26
77 23 96
95 130 64
200 110 21
141 155 63
141 168 12
164 178 95
25 13 35
96 21 3
193 5 15
167 71 46
16 114 34
187 62 18
105 124 45
48 72 40
196 152 90
8 125 14
200 165 4
105 53 76
70 171 18
62 17 51
140 173 97
77 163 69
137 179 24
87 137 62
113 121 1
111 166 32
130 192 2
95 79 71
61 194 4
60 164 70
43 39 31
80 27 79
42 4 82
139 43 70
147 69 64
133 113 78
81 65 76
169 91 32
176 107 60
152 108 61
166 37 18
120 92 82
95 94 96
70 44 64
137 38 15
81 186 79
179 116 41
81 144 78
119 183 17
181 111 25
196 42 59
169 127 34
54 53 53
169 192 6
107 89 20
183 194 77
86 200 52
2 148 54
51 161 77
38 141 25
117 144 26
115 172 78
149 101 98
45 177 2
64 70 21
156 2 87
61 194 57
13 169 3
83 158 68
158 8 64
60 19 31
174 128 55
123 166 43
106 160 68
45 197 62
199 125 44
45 73 19
117 125 87
63 112 76
85 14 100
62 190 4
129 75 60
66 5 27
37 121 35
156 131 76
104 130 2
2 60 1
131 179 92
154 35 56
175 89 3
145 182 6
164 5 38
68 121 47
84 11 51
183 176 52
164 5 41
190 23 49
167 188 91
102 71 46
119 185 58
182 92 16
54 117 64
15 196 64
9 162 24
194 113 71
51 70 14
81 42 61
119 98 87
150 55 4
139 142 2
131 40 15
135 98 37
25 13 69
105 167 66
149 199 63
11 143 69
70 159 66
199 84 72
110 156 52
185 101 35
198 98 16
79 50 10
60 66 42
85 134 16
173 154 13
95 94 96
162 83 90
40 22 60
92 105 69
95 100 15
188 152 42
109 159 33
166 138 37
103 95 16
128 41 63
180 149 71
9 158 27
27 199 42
178 55 54
129 76 86
136 75 75
44 107 66
24 32 57
154 179 6
90 169 42
79 162 99
43 172 50
22 69 98
78 187 27
49 114 99
92 125 54
68 168 84
24 39 100
59 157 6
158 56 45
3 13 57
148 138 51
29 56 70
44 74 8
183 33 9
19 60 16
197 100 34
63 166 30
108 177 17
15 169 18
7 149 76
119 183 94
108 80 41
21 39 52
94 73 38
123 13 14
73 177 56
25 193 17
163 151 60
92 149 77
161 177 1
40 196 53
132 73 52
39 136 11
73 177 56
136 75 55
152 19 84
27 139 6
27 192 89
165 198 79
139 84 81
77 154 84
185 3 28
20 87 39
8 161 8
126 1 42
144 181 10
40 196 53
184 56 49
77 131 85
190 155 56
169 91 32
64 147 5
175 89 3
56 194 63
198 81 59
146 25 34
4 20 60
167 147 84
155 90 58
150 54 87
96 64 64
38 196 1
21 84 79
151 143 74
83 77 10
148 104 25
187 133 79
78 82 71
104 57 19
179 106 33
63 37 99
4 90 41
107 87 94
120 200 99
30 176 53
130 45 84
137 179 54
13 139 58
185 53 36
19 60 35
182 124 66
140 152 61
139 43 83
170 178 95
175 45 91
174 128 31
40 34 15
101 72 5
32 94 67
27 185 25
10 116 45
110 5 54
72 73 41
137 38 42
75 127 7
181 35 89
92 23 2
21 61 57
138 51 22
184 1 81
125 74 40
49 131 40
176 82 16
20 84 95
149 155 55
61 164 79
79 129 100
65 173 99
36 12 1
152 19 84
162 39 44
66 20 87
148 71 81
28 46 51
157 169 33
178 115 80
104 196 74
31 58 15
192 176 91
41 4 52
19 4 84
125 130 64
18 165 67
169 80 86
99 80 75
99 150 57
70 27 56
161 30 88
137 12 75
188 37 20
183 194 17
58 124 10
155 85 28
71 24 78
154 156 13
164 51 55
140 87 10
115 47 100
128 175 53
160 178 45
108 177 85
4 49 23
148 76 59
43 159 80
94 17 28
198 81 59
175 181 46
85 143 6
13 139 58
186 107 24
48 21 7
123 132 41
140 173 97
36 33 22
22 170 48
120 188 87
95 138 66
115 121 32
60 107 26
19 8 49
87 175 81
103 185 100
181 135 76
153 161 83
197 148 29
90 126 83
164 112 27
48 169 24
124 127 83
79 183 8
74 117 38
20 84 95
193 23 92
166 123 20
116 42 19
194 17 44
84 28 97
114 198 50
165 176 86
15 186 44
31 57 62
136 141 34
153 107 4
163 183 23
91 171 78
122 38 24
189 56 4
108 119 54
131 11 72
60 164 17
160 178 45
130 6 38
161 73 27
137 134 86
54 39 29
125 64 34
23 164 81
142 188 82
180 55 34
23 118 9
141 165 14
185 192 91
51 56 66
114 65 75
66 168 12
5 128 94
111 200 22
56 43 53
48 135 27
130 173 80
175 181 46
136 42 79
175 122 97
24 68 37
127 124 56
154 86 12
23 118 9
46 180 11
51 56 66
27 199 42
120 153 6
128 66 59
14 5 40
13 116 43
105 175 30
115 31 22
155 149 89
68 136 19
83 107 68
110 55 62
127 1 64
135 162 100
42 140 14
77 75 79
60 66 9
189 63 90
146 150 14
191 73 52
132 185 47
1 139 47
57 12 3
144 172 86
95 150 37
3 130 36
63 37 99
194 33 91
120 188 87
41 4 52
83 158 68
72 177 5
177 4 100
66 109 65
50 134 67
11 71 58
32 131 58
65 68 2
188 184 8
143 189 31
84 65 24
2 19 4
22 144 65
158 88 64
123 55 22
192 176 26
76 166 9
133 30 62
114 59 61
107 89 20
44 106 59
171 167 4
155 197 63
5 166 95
182 61 35
169 192 7
94 24 91
81 144 78
156 176 65
85 14 100
68 168 28
104 57 28
198 51 3
175 95 12
49 114 27
107 101 39
93 41 45
105 167 36
189 84 77
106 160 26
38 195 14
75 60 70
156 97 85
182 122 40
198 51 81
134 171 90
102 20 76
52 63 34
14 16 98
39 131 52
78 63 11
94 117 39
132 83 33
37 110 3
192 83 26
101 177 1
191 5 68
168 27 77
101 144 88
179 106 39
20 22 35
30 64 95
135 123 31
69 89 7
93 92 90
112 85 40
159 190 82
192 180 10
104 174 1
50 109 21
83 70 42
149 100 95
50 134 65
114 181 24
5 128 94
192 67 73
188 184 75
189 155 63
94 43 63
36 33 36
110 111 35
155 85 31
34 122 66
50 119 43
56 156 17
123 55 22
19 56 97
3 4 100
15 7 6
176 184 99
36 113 63
194 173 98
27 192 63
6 186 25
91 185 75
137 48 69
191 73 20
147 13 12
73 6 61
12 183 17
83 70 37
49 166 24
103 95 16
149 88 58
99 80 22
23 102 52
94 9 100
102 83 3
181 35 89
46 162 27
193 124 76
144 98 9
121 107 53
70 76 95
74 103 100
31 35 11
96 13 78
166 197 88
114 91 97
24 36 61
149 101 98
188 134 61
130 192 71
143 189 31
143 168 80
153 86 46
169 130 98
45 197 92
75 199 32
179 197 21
76 161 17
72 174 36
183 94 26
90 169 42
148 138 33
46 180 11
196 109 18
108 189 96
139 107 9
92 105 69
75 42 40
103 47 93
4 152 85
44 107 8
57 87 47
59 186 63
151 46 52
158 79 21
20 105 37
33 18 5
158 66 97
120 129 65
31 180 84
149 98 94
108 193 29
59 22 71
192 94 2
70 125 87
146 195 48
78 82 71
56 173 33
67 25 40
95 98 19
167 147 47
10 194 32
159 66 36
121 42 73
179 64 49
41 123 5
106 75 52
153 114 9
97 190 14
92 176 81
14 75 89
143 200 30
48 105 89
73 41 54
166 197 88
161 73 27
100 83 98
37 8 51
48 188 53
106 183 85
137 12 30
182 38 100
167 3 8
25 193 17
192 102 23
49 7 26
33 56 29
153 107 76
189 71 26
88 198 94
101 49 60
11 100 9
93 3 68
124 26 71
59 112 41
132 185 47
57 187 31
107 200 28
1 124 27
132 121 24
17 163 64
36 12 1
184 1 81
25 97 14
65 62 83
150 155 48
23 41 1
28 152 74
43 12 13
