200
20 39 26
31 102 25
27 16 7
4 183 77
6 90 19
152 179 82
54 4 81
167 126 70
189 39 80
139 13 21
123 74 71
60 200 83
158 129 30
52 88 72
144 121 57
43 6 92
175 80 83
115 119 22
184 191 15
9 77 1
137 64 92
198 53 96
143 34 58
71 85 4
89 70 57
44 131 72
10 162 19
53 61 27
166 167 10
26 157 76
63 85 47
8 151 25
137 122 21
67 186 16
52 59 76
17 179 92
125 75 6
55 2 64
163 130 98
195 162 93
192 106 17
136 46 11
167 44 60
48 104 31
132 33 62
49 153 54
42 188 52
69 90 80
73 186 75
49 45 35
114 103 72
114 178 76
66 92 69
158 188 48
26 47 34
185 155 4
186 180 35
21 136 33
129 40 62
186 33 47
200 41 71
123 32 45
185 133 47
29 62 51
78 93 76
1 27 63
85 156 69
28 58 23
144 191 55
128 72 96
143 34 58
102 185 36
123 175 8
146 181 71
60 7 36
199 160 35
60 115 19
195 176 57
114 36 84
64 126 97
171 93 11
21 14 26
110 135 35
54 107 45
92 86 12
130 103 36
105 119 14
21 99 8
69 91 36
57 102 67
30 183 68
109 5 21
33 90 18
104 120 12
141 3 67
26 117 69
187 88 45
39 185 89
114 178 64
110 17 57
138 197 35
15 118 19
116 22 89
95 40 48
192 134 15
184 191 62
105 111 80
28 58 16
109 154 26
45 199 88
155 194 25
183 191 93
49 31 45
188 158 20
136 94 12
121 84 43
171 84 66
145 199 37
189 89 37
57 107 3
171 159 21
99 8 3
125 148 71
81 39 84
130 186 49
68 32 90
190 129 90
23 9 86
17 3 57
76 180 89
16 92 53
16 11 11
97 142 57
149 156 100
176 34 12
166 190 55
31 176 75
88 159 21
18 166 4
24 133 71
72 63 61
166 73 13
162 114 23
193 194 99
21 143 9
75 10 56
165 45 23
54 19 22
61 60 40
155 127 50
20 183 75
167 139 31
142 50 58
54 138 63
41 52 16
126 91 26
119 41 4
13 137 3
53 118 6
76 89 41
56 23 94
147 108 37
86 7 44
156 88 12
116 45 71
126 39 17
87 112 1
146 104 73
17 37 24
195 26 58
182 27 69
50 180 95
131 33 22
135 126 63
164 141 30
102 21 61
192 142 7
103 198 68
179 33 20
25 69 55
86 193 7
163 129 75
4 40 71
99 111 67
125 21 74
30 67 73
143 191 92
97 136 90
156 98 83
64 169 42
149 65 50
87 49 67
170 102 85
50 180 95
101 112 32
134 15 97
25 69 63
20 22 56
51 112 31
162 63 67
108 88 3
114 150 74
40 184 5
111 61 76
170 47 39
52 59 77
167 187 84
22 13 27
134 116 14
61 127 70
123 173 17
43 6 59
44 77 53
119 31 90
61 178 50
172 43 92
68 82 13
21 30 24
157 90 78
192 181 96
167 67 3
180 155 43
189 143 77
83 35 31
198 53 96
193 189 62
155 186 18
165 141 13
3 179 16
39 79 64
82 152 4
165 149 2
181 50 65
109 37 54
172 49 11
11 189 97
130 59 98
16 11 11
110 102 29
24 164 90
5 157 98
125 121 38
187 12 64
7 77 11
20 66 9
149 90 1
96 13 37
170 190 82
103 162 8
102 46 6
148 57 16
48 190 35
16 31 88
149 198 2
134 1 72
77 57 41
195 112 84
76 9 73
85 79 83
72 61 12
5 22 53
147 161 39
94 75 16
47 158 59
176 137 100
68 32 90
45 199 41
132 33 98
16 47 19
148 13 40
73 105 75
75 197 61
39 57 42
38 49 78
166 27 55
165 149 71
139 98 51
108 105 43
173 101 94
87 105 68
98 160 73
114 20 40
54 71 71
29 82 74
185 165 19
56 11 93
109 147 42
151 7 29
129 170 67
175 197 35
99 186 82
13 174 5
19 155 75
113 174 15
17 195 84
193 59 10
22 191 69
75 4 90
183 191 93
14 146 8
48 91 79
99 60 32
39 69 7
97 7 67
192 126 18
72 9 45
176 107 2
94 75 16
149 158 43
123 122 88
199 64 36
48 104 31
20 147 38
175 110 52
170 57 99
61 60 40
123 77 53
4 173 75
94 123 56
125 171 82
69 38 46
67 100 56
42 30 92
80 187 58
195 26 58
105 17 59
140 55 9
86 130 29
160 99 9
79 38 70
71 85 4
158 98 53
22 117 94
180 58 1
29 62 99
135 188 60
103 2 84
12 92 99
175 197 35
199 23 25
79 29 14
179 83 98
156 88 42
128 182 83
111 183 36
42 103 3
174 184 100
168 9 96
101 112 32
19 33 26
182 155 35
161 177 99
141 103 13
31 69 55
100 195 95
55 111 1
109 5 42
188 127 70
69 129 36
172 103 15
149 156 65
181 69 29
68 85 97
43 25 74
182 138 19
123 142 47
33 87 83
99 149 62
29 45 46
82 13 47
108 165 54
88 164 79
197 106 91
108 102 24
33 199 88
135 107 26
111 107 25
117 148 51
149 92 62
128 133 61
104 65 44
2 165 46
37 167 53
80 180 43
121 147 40
69 129 36
135 115 74
47 191 49
1 17 82
88 178 18
176 39 73
119 18 24
193 189 31
123 49 49
41 68 85
7 192 28
80 161 32
74 172 19
193 65 38
112 188 82
200 48 14
69 100 59
28 131 95
186 64 38
93 138 13
107 155 97
158 63 80
7 77 11
50 198 35
181 58 24
85 9 67
112 46 70
53 60 74
57 107 11
128 166 7
128 166 7
117 129 11
176 90 18
4 176 81
162 45 94
71 18 71
102 74 65
17 179 49
50 53 97
81 28 23
176 39 73
157 166 8
89 135 68
31 44 42
54 190 73
116 198 49
15 200 62
168 24 92
110 23 53
1 63 59
63 43 83
192 193 5
195 110 8
200 170 38
131 173 10
110 147 80
19 156 98
73 27 64
189 54 15
9 37 63
53 120 47
59 66 90
86 7 44
32 181 82
169 14 65
74 195 35
3 179 98
79 64 27
196 20 79
21 69 39
138 30 28
104 175 9
68 89 17
26 157 76
188 178 55
93 162 19
24 161 18
145 71 16
130 119 11
49 31 45
53 60 38
32 95 80
161 20 99
191 134 87
27 58 32
183 39 46
186 64 55
189 89 25
99 60 94
56 145 83
15 159 65
133 99 86
145 71 16
50 163 44
119 46 37
113 25 13
147 100 61
75 4 90
28 73 37
77 164 31
99 126 90
82 13 63
30 67 73
179 197 71
127 81 60
83 26 3
190 191 66
161 3 33
71 39 13
18 195 77
182 188 14
171 45 53
185 105 42
133 138 28
80 187 58
147 105 50
170 164 4
86 193 7
170 190 82
164 60 21
169 14 88
179 113 78
104 164 38
102 135 60
162 45 44
28 192 7
51 128 42
71 67 43
68 46 92
123 42 58
123 157 42
190 88 1
78 161 38
89 5 91
23 9 13
165 8 94
11 165 41
138 52 78
136 156 80
100 146 72
121 118 90
12 89 44
68 61 1
63 43 58
57 15 89
28 192 7
172 82 33
81 144 57
20 183 67
85 9 67
183 176 8
35 180 42
157 71 73
139 3 5
10 107 71
175 108 95
196 91 32
21 15 7
186 175 22
125 148 53
8 170 70
2 139 96
45 177 91
182 46 28
158 63 80
51 190 22
107 155 73
147 28 67
142 134 87
81 137 11
49 65 54
134 1 76
5 157 4
53 75 97
119 140 49
123 42 37
28 131 95
64 73 74
39 168 24
29 100 73
92 148 55
36 4 88
120 144 32
117 22 17
170 10 75
164 141 30
87 112 1
122 45 8
121 118 90
85 109 22
75 104 15
48 170 65
155 160 50
60 115 19
135 102 67
166 100 4
49 199 78
147 120 93
121 84 43
153 121 93
182 138 23
191 43 56
84 112 73
87 182 85
151 14 33
73 169 93
126 50 46
117 192 11
190 64 50
88 128 78
130 170 98
165 36 16
17 186 12
170 10 88
192 44 41
200 55 2
94 19 18
48 91 32
20 22 56
14 25 66
20 66 9
15 118 26
30 46 95
72 89 49
175 108 95
132 95 8
169 102 38
127 37 19
21 157 2
113 64 4
186 33 18
12 55 39
52 175 73
59 66 73
187 12 64
23 119 92
15 200 92
1 32 10
27 137 30
192 181 30
66 92 69
198 148 29
195 126 65
183 55 8
54 107 99
3 37 80
180 2 100
146 81 30
27 150 2
50 198 57
25 78 62
189 59 45
153 121 93
89 57 51
105 119 14
68 63 10
153 17 5
56 93 24
150 113 53
80 59 41
110 78 1
18 65 81
171 45 53
195 37 8
97 46 1
77 88 70
105 184 29
11 165 43
15 76 45
126 106 86
125 121 38
13 119 84
63 80 90
103 21 51
149 158 43
197 106 91
113 25 13
187 185 47
103 84 52
167 34 54
102 122 27
190 162 52
134 176 50
99 165 86
31 69 25
69 184 18
68 63 79
89 135 68
139 57 65
76 59 60
24 133 71
111 107 100
37 144 5
146 10 23
187 185 47
138 52 78
80 59 41
199 116 74
46 85 32
138 186 81
105 111 80
7 192 28
69 52 66
15 159 65
26 20 75
119 31 75
186 66 49
29 52 10
39 185 33
155 82 68
89 115 90
192 149 76
24 161 100
120 144 4
139 98 92
66 109 19
182 27 38
164 27 48
11 189 97
172 49 11
32 182 2
101 93 41
166 100 4
173 126 14
158 191 35
132 95 11
15 70 64
18 65 34
21 14 98
27 16 84
137 64 100
194 172 60
12 89 44
84 109 51
103 162 8
24 187 34
160 25 73
69 90 80
96 165 82
155 55 44
142 134 77
69 34 33
190 41 9
6 109 8
29 152 17
176 190 89
17 186 12
198 148 42
104 164 41
94 72 86
148 46 22
50 53 34
185 105 21
176 190 89
152 179 60
167 175 48
85 79 15
149 198 67
109 6 1
75 104 87
55 20 53
124 37 10
17 3 71
153 109 36
25 93 31
141 39 34
33 87 25
10 46 94
17 81 76
120 96 81
117 185 7
79 73 26
95 40 97
138 6 27
103 1 37
96 115 25
161 3 41
55 184 11
104 120 44
108 102 80
132 199 69
5 53 39
173 5 40
67 186 16
164 56 63
159 79 53
110 4 1
110 78 1
155 82 68
117 28 88
81 32 40
72 189 40
115 91 49
132 126 29
165 182 91
88 34 95
1 32 10
174 165 29
170 102 85
99 126 90
178 44 56
113 45 1
198 58 39
125 88 17
174 182 18
165 124 51
27 178 74
171 159 21
147 32 40
134 116 14
119 20 3
93 25 91
119 45 22
111 87 59
43 116 59
8 170 70
129 109 86
16 99 32
125 109 59
38 95 98
73 105 75
55 149 65
7 178 37
135 123 74
177 101 95
180 58 87
174 146 53
12 92 99
79 38 90
199 62 12
77 164 31
79 96 39
96 115 25
66 16 93
99 8 3
135 161 97
199 100 55
56 93 24
75 54 48
123 32 89
192 142 97
185 172 92
120 183 68
110 147 24
190 88 84
124 63 19
164 60 37
195 161 22
53 61 27
19 156 98
21 50 54
18 183 30
188 120 49
70 184 81
103 21 51
180 159 54
19 33 66
122 47 53
99 138 13
166 190 55
105 184 74
121 147 11
192 149 76
178 179 97
34 175 57
42 25 44
6 118 8
150 161 60
79 87 21
186 167 78
5 194 31
150 113 53
52 96 27
189 59 45
84 25 56
182 46 21
98 20 4
93 138 13
155 127 50
187 188 70
77 37 49
59 67 70
118 124 80
32 86 44
144 121 38
170 172 28
43 92 56
128 45 32
3 58 61
53 152 55
83 161 79
20 45 82
98 164 74
125 171 82
170 116 10
35 150 23
177 200 82
51 18 2
152 21 60
141 135 54
17 125 97
24 187 34
198 62 51
30 183 50
135 188 60
156 98 44
21 69 39
15 137 65
74 116 74
126 106 86
38 123 2
88 159 3
188 127 70
138 193 86
73 94 12
45 103 68
141 3 67
147 120 27
115 147 12
8 127 79
189 155 61
14 198 99
130 11 56
146 57 36
47 158 82
185 155 47
26 134 40
57 102 44
103 2 87
135 117 55
35 180 42
165 136 30
103 1 43
140 26 17
119 20 10
14 146 73
115 124 15
60 82 58
83 52 52
94 78 32
196 91 32
168 173 45
141 103 72
149 65 50
92 148 44
128 182 12
114 105 53
151 33 28
196 6 48
61 105 29
50 163 18
101 196 8
14 110 26
115 121 24
117 22 17
170 136 45
37 159 29
142 73 87
186 66 49
24 193 29
25 31 28
119 46 37
169 140 32
175 50 75
42 45 40
168 24 92
117 187 48
14 110 23
18 110 90
89 115 90
59 141 7
109 121 64
53 191 6
199 132 65
134 16 84
165 13 48
5 124 63
97 142 57
92 86 85
105 25 38
125 88 16
191 134 87
145 199 37
55 184 90
120 124 20
172 5 38
81 192 99
69 34 60
52 18 37
124 37 36
152 196 52
174 190 64
188 158 61
173 134 5
167 174 95
99 149 62
117 181 16
99 138 48
185 172 20
52 124 71
97 7 98
80 71 6
182 155 90
75 54 48
153 109 36
33 121 46
197 48 95
117 148 51
154 188 35
162 85 8
20 196 2
90 24 31
115 119 22
20 147 38
180 3 76
195 18 2
178 179 33
83 161 47
162 70 16
158 91 17
18 166 60
196 20 89
162 63 82
136 98 98
151 100 29
193 59 32
26 32 34
159 71 2
25 93 31
173 101 82
104 65 46
139 11 26
132 127 16
178 44 56
88 164 35
8 151 79
168 9 96
78 93 3
59 67 70
190 191 90
137 122 9
109 147 89
33 140 62
187 88 45
16 31 88
72 9 28
17 159 9
129 27 37
