200
128 156 23
200 186 6
125 20 91
38 39 34
184 50 10
134 37 80
86 125 14
85 105 78
20 92 19
63 158 60
41 75 50
109 12 68
167 59 74
4 18 17
28 186 16
40 14 46
16 101 69
120 128 55
58 62 58
161 30 19
23 44 17
48 61 72
15 187 72
57 165 83
156 143 98
2 143 90
81 68 10
199 64 67
60 28 100
135 106 79
70 166 20
19 135 42
129 70 91
128 54 60
80 112 87
166 75 43
4 125 60
86 105 58
97 118 51
140 85 21
193 86 19
140 133 43
4 18 17
61 74 36
173 71 97
53 154 18
71 92 97
169 192 45
17 131 70
30 182 35
8 74 2
162 155 53
4 125 63
44 131 38
68 145 11
91 30 34
152 109 31
20 141 80
129 190 17
27 79 91
64 22 24
139 141 92
35 126 52
12 1 75
54 14 66
188 13 42
117 131 13
108 14 60
107 51 82
87 53 100
92 187 99
190 167 16
81 68 10
10 116 39
104 125 87
115 148 11
144 149 93
28 61 44
13 184 71
25 196 74
64 43 38
26 116 94
130 49 32
119 127 84
87 191 29
129 22 57
64 2 58
105 149 10
100 44 20
132 124 90
120 128 55
190 167 20
35 107 52
107 45 54
3 87 79
24 100 36
95 147 94
25 15 35
74 174 34
42 124 85
83 35 42
161 184 47
77 106 40
80 112 77
134 3 78
101 137 44
64 22 27
113 81 90
48 139 25
182 36 44
166 23 98
158 58 84
86 118 87
46 14 32
32 96 91
10 117 94
174 140 80
16 181 40
194 196 88
174 193 93
56 112 20
8 49 100
126 75 31
33 132 4
95 59 75
179 45 78
187 195 69
109 72 98
48 100 49
92 42 51
182 151 43
14 60 70
86 41 41
193 105 74
180 78 85
87 53 100
6 86 39
141 2 25
73 47 19
154 116 53
110 186 21
150 153 1
18 25 54
152 79 18
41 167 5
111 115 29
180 78 9
46 176 84
84 199 6
163 178 11
84 28 82
189 63 84
171 155 94
124 123 67
190 135 7
23 54 82
155 190 12
129 160 20
129 22 57
72 173 17
126 172 24
126 173 25
199 187 41
46 176 85
110 191 50
30 40 50
191 47 94
70 134 98
182 40 75
81 130 35
184 108 34
76 89 60
78 99 91
129 41 38
33 167 97
82 172 26
23 44 47
200 113 13
115 148 11
168 101 87
48 59 41
113 162 77
194 196 88
140 91 78
25 14 79
112 99 87
176 124 31
115 165 97
82 39 46
167 120 38
35 174 65
144 77 4
166 175 46
50 7 2
61 70 56
143 146 86
163 178 5
32 5 13
146 89 89
114 31 96
102 59 59
134 37 63
130 171 56
135 106 79
116 23 52
3 87 79
10 116 39
189 140 54
61 74 36
53 153 34
94 170 11
194 184 42
59 188 19
48 186 52
134 102 89
41 22 30
119 65 3
142 199 69
174 140 90
43 136 23
2 26 70
197 66 70
77 125 90
61 70 56
197 109 83
31 164 62
131 10 54
107 71 48
47 5 2
71 146 96
137 119 90
170 144 68
68 141 75
157 77 96
114 54 98
145 48 7
151 198 48
27 62 30
170 166 15
77 116 89
43 156 63
117 36 35
19 47 90
185 40 95
191 110 47
5 73 61
10 105 49
65 21 69
68 74 62
113 162 22
65 41 97
87 26 8
12 52 51
154 81 57
37 148 98
91 97 42
140 79 30
127 90 82
48 70 44
64 99 10
120 57 25
16 101 69
97 178 2
164 74 20
15 74 55
106 102 21
127 171 63
43 18 78
183 60 84
34 48 1
73 183 46
103 29 49
63 73 26
191 95 45
79 19 37
101 137 43
129 167 69
145 110 94
128 54 60
68 74 62
48 139 26
112 81 33
77 125 97
53 118 64
170 200 7
70 134 98
23 91 34
182 36 82
172 200 49
111 68 53
91 58 10
136 46 68
13 61 60
53 20 7
149 190 91
159 71 93
136 98 53
44 158 2
87 104 35
166 152 25
27 83 60
141 70 37
26 3 93
98 73 78
200 4 46
128 55 81
120 28 43
196 185 55
40 60 72
32 85 23
184 190 95
41 153 59
33 196 85
146 130 48
13 150 77
32 5 13
181 71 1
178 18 82
153 154 31
26 138 39
124 20 72
21 122 64
113 172 91
19 102 73
126 17 9
45 91 73
138 68 36
119 173 12
70 166 20
125 10 71
106 20 62
189 163 30
86 151 17
123 114 8
56 112 17
181 115 13
161 184 47
163 73 61
194 183 75
91 94 60
84 199 48
161 136 51
86 151 17
86 103 62
178 18 77
142 48 32
10 126 68
196 190 36
170 53 29
79 19 37
63 50 33
5 123 50
63 148 13
18 25 5
7 53 10
139 53 29
45 15 71
23 182 48
121 58 8
143 133 39
195 132 2
120 36 93
169 187 82
73 110 47
112 59 78
33 16 90
139 125 83
99 62 90
57 189 77
25 106 64
165 63 89
127 118 72
147 62 67
39 62 55
5 73 14
193 46 100
195 146 88
197 66 70
197 164 3
111 50 35
197 11 21
126 17 9
137 193 55
184 110 68
181 170 67
73 118 2
135 72 89
143 21 7
200 115 57
79 186 34
35 174 65
49 14 18
8 180 27
139 125 77
110 61 92
29 56 16
167 114 24
68 141 75
178 196 60
126 93 90
74 164 47
178 188 100
21 18 65
105 4 24
93 195 78
183 117 90
57 131 15
77 100 23
125 45 36
69 136 79
5 123 70
164 74 20
178 119 71
195 6 52
184 169 74
65 63 33
115 186 31
25 124 40
199 43 8
3 140 23
33 70 54
107 127 61
110 186 58
43 103 49
197 164 3
14 88 50
176 110 15
48 61 72
105 163 100
15 169 98
159 109 73
71 132 4
146 89 24
97 167 16
102 3 44
71 174 51
113 14 29
95 87 13
194 184 42
170 53 26
5 22 17
200 176 13
49 70 62
165 114 58
199 122 23
48 70 31
71 35 73
141 70 71
114 93 82
200 186 6
164 72 69
44 50 71
87 26 8
199 64 68
157 77 96
71 178 84
197 48 21
26 28 45
35 45 46
99 191 86
39 63 24
31 196 23
26 79 14
70 33 30
171 179 34
109 183 58
18 36 10
196 167 8
125 93 35
140 4 32
33 103 59
29 182 40
133 156 94
154 160 11
63 150 65
176 179 2
77 70 81
176 124 52
70 48 89
23 91 34
34 71 8
172 140 75
36 133 33
85 141 11
166 175 46
170 83 43
1 29 76
174 52 4
9 199 99
65 82 10
146 141 32
105 190 34
20 116 57
199 122 23
146 81 96
77 185 42
188 170 12
1 85 46
149 3 62
153 188 42
132 118 31
60 36 58
85 172 87
66 16 11
127 81 9
181 84 15
107 71 97
48 186 52
58 66 11
115 109 52
28 31 39
116 153 34
161 142 18
134 68 40
196 167 8
116 23 52
77 100 45
149 190 25
90 6 93
53 194 58
141 170 92
156 120 99
196 173 43
130 89 61
176 24 44
134 68 40
168 154 99
74 41 64
185 107 31
12 52 30
31 167 54
16 181 40
7 181 90
105 177 43
163 45 67
39 143 5
200 172 48
115 113 82
140 133 93
59 139 17
147 172 25
54 84 51
117 131 70
1 85 89
86 125 14
13 184 71
175 123 59
69 168 82
13 28 4
103 47 58
27 152 19
89 46 49
7 82 70
113 14 47
29 182 40
185 34 63
32 85 23
155 19 49
27 176 95
164 95 7
186 154 24
72 127 90
43 156 97
115 71 60
116 45 64
126 114 2
178 190 5
106 163 32
124 63 34
141 13 4
138 68 36
99 128 26
78 192 26
146 130 48
26 138 39
10 100 57
37 100 88
154 59 32
31 112 38
155 95 53
172 200 50
7 133 56
72 90 47
82 172 42
93 102 55
150 99 92
169 157 95
54 192 77
81 130 35
72 159 43
109 45 69
131 4 84
114 124 35
66 171 25
73 118 52
74 85 30
176 160 33
197 48 21
163 64 20
200 172 56
157 29 20
38 148 63
61 157 90
25 15 35
141 184 44
9 194 65
116 97 14
74 41 2
158 196 16
43 136 6
16 102 49
53 154 18
137 92 63
137 26 45
11 3 21
186 42 47
184 169 92
114 61 39
28 31 39
132 118 40
125 5 92
109 191 5
134 7 96
145 80 25
176 179 50
150 109 26
65 63 93
184 110 68
48 181 91
1 33 79
84 190 38
1 176 26
140 4 32
183 60 84
109 169 97
11 36 75
26 28 45
51 32 31
172 155 39
127 81 9
78 25 75
8 74 85
67 98 40
116 100 84
176 24 46
33 196 85
25 53 83
199 28 93
184 151 48
181 175 14
135 178 52
136 46 100
22 130 82
50 105 16
163 57 3
195 63 23
30 151 39
19 185 69
183 126 15
16 102 49
119 105 29
119 173 86
91 29 52
100 158 21
29 28 62
195 6 52
119 189 42
43 125 82
43 125 16
92 12 68
130 89 61
102 118 63
49 190 64
5 75 34
28 137 90
56 62 85
196 84 59
42 177 71
35 93 75
120 28 50
130 76 51
180 65 73
47 14 24
187 97 55
76 89 59
137 105 89
200 46 44
94 170 81
52 95 47
83 123 95
137 11 12
108 19 3
121 57 81
41 153 56
62 41 48
89 46 49
54 148 16
130 112 14
22 169 93
103 167 30
122 190 56
158 58 84
184 38 37
19 185 97
134 136 30
99 196 95
155 119 38
32 129 22
18 40 55
146 81 44
103 128 14
41 133 62
32 119 33
63 73 26
168 109 41
80 91 63
196 84 59
10 105 19
188 30 31
99 128 26
30 65 39
144 77 47
73 145 86
64 23 55
129 41 38
12 153 33
121 140 22
153 23 90
168 23 28
23 80 10
172 188 46
143 80 23
82 197 53
160 186 32
112 99 87
103 47 71
186 42 47
146 141 72
55 158 24
191 47 94
96 157 65
25 3 93
13 61 68
76 152 65
41 59 73
164 72 69
151 181 9
170 167 94
170 83 43
5 42 64
19 102 73
4 174 58
185 40 95
80 119 43
150 184 88
60 28 45
189 10 7
164 147 20
15 11 87
178 171 18
160 94 33
188 190 23
127 178 20
69 22 94
64 118 49
151 181 30
81 189 33
115 71 60
53 20 7
165 26 44
76 44 42
196 4 63
19 15 6
2 32 94
11 107 20
44 158 10
5 22 17
95 175 87
147 171 55
80 91 42
147 61 99
32 75 26
129 190 17
113 171 82
168 154 21
174 33 17
93 83 94
156 143 13
23 197 28
165 108 78
175 66 13
86 41 41
127 87 74
167 120 24
156 19 49
23 197 28
22 105 71
45 91 48
124 84 40
197 109 13
101 148 39
170 144 68
1 125 20
21 62 94
143 169 22
19 15 91
101 171 71
118 123 68
14 95 33
94 60 68
164 62 42
41 82 56
194 68 69
57 84 34
140 200 31
2 53 61
50 173 32
2 143 74
26 107 25
176 113 89
129 119 14
46 150 15
65 41 43
8 41 58
137 92 37
112 59 15
136 95 1
164 62 35
1 176 60
95 87 13
190 27 76
92 38 19
39 62 55
119 105 95
58 197 13
119 199 79
132 93 7
182 94 87
138 28 42
24 14 10
192 82 80
71 132 53
106 20 71
147 172 95
13 28 4
192 122 39
25 106 64
116 70 42
180 65 19
104 125 87
73 145 86
183 132 35
72 173 17
181 170 17
29 56 76
129 47 78
87 159 43
188 190 23
41 119 73
78 192 26
143 80 98
189 163 42
27 152 36
118 185 95
41 167 66
123 63 38
80 17 17
41 147 25
190 27 76
13 150 41
127 118 72
4 58 90
138 192 13
98 157 41
93 102 55
186 171 30
168 61 82
139 153 71
67 98 11
127 171 63
115 109 21
102 3 44
48 100 49
165 146 4
57 131 15
41 133 3
8 165 33
145 80 25
98 157 41
129 3 100
11 107 20
27 85 32
14 119 13
163 73 61
187 105 88
150 99 88
73 47 32
58 70 94
124 92 71
78 99 49
108 19 34
35 93 75
30 182 35
137 144 34
138 192 64
189 74 57
105 177 43
141 170 92
169 157 95
132 116 60
14 88 47
20 70 67
176 138 91
14 155 30
137 119 91
125 93 97
2 82 70
61 125 42
72 90 47
141 184 81
39 128 80
156 19 49
93 195 78
134 107 75
157 57 29
155 57 60
109 5 5
200 114 47
152 193 45
64 23 80
14 64 86
161 132 98
155 95 3
56 84 19
15 169 24
95 190 30
129 160 20
139 153 5
62 41 48
41 75 16
53 153 40
11 41 85
103 13 18
187 97 94
17 73 5
128 55 36
3 93 26
17 19 20
184 38 37
191 110 47
80 119 43
5 32 53
77 51 49
20 111 55
65 82 10
137 26 45
42 165 21
188 13 42
34 147 76
184 187 17
42 25 2
77 116 49
26 116 94
153 65 71
57 130 34
149 196 88
87 104 98
115 12 9
32 115 55
6 67 91
199 28 90
5 118 42
2 82 78
187 199 69
72 159 97
152 200 3
130 171 56
5 32 53
93 189 25
129 3 100
57 130 25
27 20 53
149 196 88
134 107 43
121 47 98
161 132 98
5 31 40
81 120 93
49 184 89
141 13 4
178 162 92
69 4 42
79 56 5
96 175 23
