200
73 110 26
47 32 95
186 8 94
123 3 16
60 158 30
36 109 57
70 4 45
129 199 51
87 43 5
6 26 43
190 72 20
46 142 26
198 151 94
107 191 58
153 168 47
9 45 17
124 75 35
55 109 15
14 100 91
173 84 46
150 102 25
160 68 76
156 44 43
184 161 54
2 42 40
198 56 42
47 150 75
170 105 70
171 90 2
90 189 78
96 71 6
139 142 44
31 93 80
197 135 19
70 63 49
34 76 79
22 101 73
22 138 100
158 16 14
188 76 99
185 79 10
196 59 1
110 174 82
88 187 90
79 24 6
56 186 50
171 14 66
153 60 62
79 86 25
159 83 58
115 62 86
14 77 52
113 192 8
88 28 66
90 184 65
57 3 100
154 24 67
33 1 26
67 66 70
34 185 30
51 83 4
165 104 66
113 119 99
28 53 32
154 144 59
48 172 100
170 200 11
122 126 43
173 108 27
94 14 57
150 26 54
6 187 13
193 76 32
104 197 10
189 136 50
103 160 72
95 122 51
126 72 41
171 181 22
84 179 50
176 186 28
159 95 27
127 58 30
155 117 24
46 47 7
64 69 95
43 139 84
187 35 78
120 47 70
30 55 25
117 98 91
81 97 97
100 123 16
199 52 97
65 92 54
175 166 98
93 198 7
78 70 29
175 161 12
181 166 90
12 131 32
154 118 16
139 134 92
20 59 71
40 121 44
31 186 99
165 5 25
100 55 61
113 1 90
55 109 15
70 61 17
131 159 18
69 34 63
112 60 57
134 46 22
179 23 98
40 149 83
191 194 52
158 11 66
148 154 64
62 54 74
59 37 34
160 19 36
37 140 7
66 173 94
178 92 39
53 5 57
72 200 83
75 198 57
62 74 21
151 43 2
75 70 42
75 153 4
8 52 88
180 103 4
29 120 53
142 52 83
136 61 30
149 36 83
51 84 86
100 197 62
59 156 4
17 104 56
125 98 80
2 195 9
180 157 41
136 199 85
100 116 19
159 156 42
75 70 87
48 22 40
181 42 12
180 159 75
31 93 2
145 137 26
18 130 18
79 34 67
142 178 8
79 13 23
84 198 92
111 110 15
20 173 48
155 47 47
190 148 93
1 51 26
2 50 9
146 135 67
43 139 35
118 42 19
179 182 68
168 116 10
41 166 82
41 130 11
38 39 96
132 32 87
99 146 26
53 75 68
166 79 28
42 112 34
162 197 32
89 106 35
156 102 64
107 27 74
65 143 17
12 81 95
157 125 81
159 60 22
45 96 1
102 97 60
196 150 27
1 10 91
49 126 20
191 106 60
70 63 54
139 106 53
108 89 74
187 170 73
28 64 19
153 29 53
127 117 82
193 122 8
20 166 41
58 107 94
77 119 50
181 40 19
131 43 86
15 30 84
150 43 78
150 154 15
31 184 52
169 113 39
23 168 55
156 39 57
142 187 30
156 118 52
39 88 89
36 40 21
29 78 80
50 161 86
64 63 3
173 32 78
148 176 45
61 175 65
19 179 94
27 38 2
31 166 75
190 104 50
122 193 59
77 65 80
10 25 42
25 86 71
105 104 8
109 131 16
25 172 34
22 75 23
168 74 84
14 55 2
19 12 13
196 59 1
39 200 77
153 106 2
161 157 7
85 40 79
83 159 83
123 189 48
31 175 20
122 68 98
71 197 11
196 20 20
18 107 99
102 153 26
118 178 98
67 49 66
162 116 48
8 162 70
45 173 58
142 90 73
193 158 46
25 192 71
78 176 100
31 186 99
21 177 64
139 142 44
6 97 71
98 172 35
10 154 42
40 32 91
130 167 95
135 116 60
50 126 84
77 52 57
159 95 3
66 78 52
197 193 23
171 148 10
65 36 59
136 61 56
25 106 15
70 15 47
133 182 23
193 32 44
186 123 88
90 102 53
185 134 70
43 190 85
189 62 68
73 110 26
160 86 49
138 131 65
82 75 87
136 199 85
104 78 76
73 174 49
25 86 37
126 72 41
21 168 84
49 102 83
36 145 64
79 34 67
75 198 57
190 95 79
33 91 27
113 130 7
100 116 56
47 4 90
45 112 10
200 54 87
106 11 94
187 29 51
18 139 2
80 37 48
97 177 43
26 164 10
119 186 53
127 158 52
37 169 95
158 16 10
173 36 65
44 86 66
12 167 60
81 86 72
25 5 91
27 114 98
64 166 2
38 134 58
86 147 66
17 81 69
156 41 30
42 186 17
101 168 87
69 102 90
144 112 86
71 111 52
151 3 2
186 169 51
148 1 39
114 117 98
160 40 66
105 183 33
123 199 69
107 5 45
113 164 53
14 43 42
18 100 87
49 76 63
51 99 83
136 75 90
45 189 80
39 19 16
117 191 20
162 133 49
5 96 52
192 23 49
179 170 62
127 107 87
184 195 12
162 44 30
168 184 95
20 13 44
68 72 24
50 126 84
61 11 22
64 69 95
90 184 65
17 52 27
9 89 29
56 47 6
45 76 25
92 49 12
74 123 56
88 28 1
183 61 20
156 141 72
128 56 43
79 24 20
151 141 33
37 197 44
182 93 8
153 43 37
170 10 25
139 27 31
81 115 67
121 104 72
33 74 51
153 90 16
69 43 24
181 1 22
183 161 94
147 159 21
125 139 59
200 103 89
152 7 30
66 116 11
159 157 2
162 4 49
155 68 9
156 162 78
56 124 27
120 168 32
91 122 80
34 56 13
83 50 64
19 14 47
89 129 78
162 179 8
192 47 100
36 60 81
175 6 84
159 60 91
60 158 30
127 7 74
105 138 77
105 66 88
160 185 92
20 149 66
64 26 58
72 37 74
162 180 42
63 54 49
145 71 69
61 183 13
130 66 3
52 101 58
75 197 29
191 149 69
156 200 36
174 152 31
53 21 72
36 145 43
146 33 83
122 14 7
183 100 96
187 117 34
151 43 45
75 197 61
65 88 59
159 58 44
200 46 1
177 129 91
200 71 20
181 182 54
105 104 69
17 4 99
75 22 47
132 144 76
113 192 8
95 122 51
85 197 97
185 143 24
85 40 79
158 67 58
79 13 23
34 104 31
46 47 7
160 154 67
49 90 51
53 89 35
1 2 72
119 186 53
198 35 64
63 156 40
168 57 51
193 76 56
19 12 75
62 54 68
144 78 55
200 103 66
69 43 24
10 138 12
156 200 57
116 134 32
22 108 46
184 181 38
97 24 84
6 91 65
16 158 22
103 127 59
55 5 75
160 187 59
155 95 27
165 15 77
192 200 21
33 3 43
132 144 76
35 74 96
96 116 38
49 8 4
154 199 13
89 33 10
9 114 99
162 179 8
177 73 85
37 59 11
26 52 86
110 82 70
70 4 45
38 175 48
93 100 100
105 131 23
3 113 83
36 167 76
180 103 70
112 97 84
187 13 76
129 199 51
29 24 89
15 30 84
163 46 83
36 109 23
134 177 30
14 37 36
171 114 65
12 56 41
75 55 30
101 177 32
21 94 22
127 158 41
171 181 22
58 19 71
53 99 27
133 26 87
30 129 99
121 33 90
23 163 69
180 15 73
135 133 16
54 64 95
123 46 79
46 177 94
106 119 62
155 57 100
17 4 19
93 99 92
15 169 3
176 67 26
151 48 60
90 136 70
190 78 27
171 72 6
106 180 58
190 72 20
9 31 77
110 16 37
165 111 94
40 110 44
156 78 2
134 177 40
147 83 60
6 90 3
139 181 48
13 119 7
76 86 93
6 156 91
194 141 9
156 41 88
154 51 100
72 200 83
158 74 74
39 19 94
34 127 53
55 5 75
53 99 90
178 132 87
107 191 56
78 60 20
153 40 66
178 149 48
184 81 26
2 42 31
163 129 78
158 42 32
23 163 3
69 148 99
90 189 15
93 170 17
26 102 4
98 52 92
110 54 67
48 41 50
13 6 48
175 34 46
73 174 49
166 26 28
1 2 75
51 105 78
141 35 54
145 91 93
14 55 2
111 161 18
95 53 4
16 101 1
93 178 53
120 177 12
20 186 91
94 47 63
70 175 77
51 80 61
99 106 44
121 30 49
173 108 27
72 102 76
180 15 73
16 101 1
19 179 94
185 79 10
120 168 32
149 125 98
163 46 83
123 139 82
190 116 13
14 37 5
1 22 49
199 71 39
159 45 32
45 173 41
181 166 90
146 127 89
154 139 82
111 110 15
152 40 37
140 138 47
1 148 92
97 92 8
139 103 2
53 48 86
16 155 38
75 22 76
142 187 30
198 2 25
182 58 44
156 39 57
88 92 71
104 78 76
77 52 76
122 193 34
46 95 11
171 145 58
182 113 53
3 166 37
34 56 13
190 107 34
143 188 86
70 72 30
63 156 40
3 106 11
57 73 26
18 11 2
72 71 20
36 60 81
162 133 26
34 104 94
49 19 13
79 148 86
90 148 10
184 81 26
173 32 78
114 190 78
158 139 64
139 27 31
151 81 40
91 181 52
100 197 41
33 114 19
127 107 72
113 130 7
169 137 45
166 26 28
105 138 77
47 151 95
158 87 31
150 123 60
199 71 100
38 99 85
135 116 60
123 139 82
10 117 10
128 56 95
101 177 32
95 194 41
30 124 3
6 97 71
79 31 12
132 66 14
19 117 4
4 87 2
166 33 69
178 68 58
30 180 27
131 43 49
125 195 13
192 174 36
30 149 34
110 133 64
120 9 22
181 182 84
97 199 45
167 157 95
56 124 71
68 161 98
123 159 34
74 50 97
2 94 21
73 149 37
184 98 64
169 113 39
18 138 65
6 26 50
45 98 87
38 39 96
44 192 13
171 14 66
182 58 42
126 23 96
55 171 94
35 115 54
136 75 90
3 90 17
52 116 18
32 176 83
140 191 83
179 170 62
58 179 86
32 196 28
33 56 48
42 18 64
160 5 19
198 197 64
78 159 2
113 164 53
178 8 91
77 119 50
152 38 75
173 84 49
6 28 15
195 186 18
186 169 51
65 100 76
147 21 22
96 151 95
179 158 79
22 108 7
33 114 19
39 88 89
60 50 48
24 143 63
21 168 84
18 101 58
93 198 1
101 142 94
127 51 47
120 2 14
149 58 18
153 9 47
166 65 43
101 84 75
49 166 82
164 182 4
86 33 5
183 120 91
180 72 12
37 11 40
145 91 93
189 136 50
15 169 3
172 65 60
39 200 77
2 198 92
3 166 37
127 117 82
115 62 86
128 5 8
150 102 25
160 154 31
176 67 26
180 159 75
84 179 92
27 49 62
62 140 82
179 151 32
12 167 44
8 99 63
132 39 6
92 103 100
93 177 14
59 156 4
45 189 20
150 134 52
169 161 54
25 172 34
181 1 22
108 12 12
141 85 44
91 133 99
110 82 70
190 147 52
14 43 85
127 144 49
41 78 68
113 109 58
4 87 12
91 97 38
39 194 44
42 188 35
173 46 53
189 98 98
84 25 42
121 92 10
88 140 4
47 32 75
4 31 14
200 46 1
29 31 26
97 115 82
105 90 12
71 28 49
154 139 52
89 92 15
61 175 88
191 195 13
33 74 51
155 117 68
140 191 83
89 106 70
97 199 45
168 20 61
142 50 38
175 34 76
113 160 37
183 36 39
180 102 76
196 15 51
122 68 91
43 189 70
191 125 81
4 179 31
168 44 74
58 143 85
52 134 77
198 56 10
65 19 3
152 99 31
17 56 92
20 149 66
8 52 50
31 175 20
16 48 58
4 179 12
26 105 79
179 158 23
52 60 1
96 99 81
140 121 43
137 68 97
49 90 29
112 173 24
100 55 61
184 98 12
187 6 44
189 34 17
43 140 46
200 71 96
101 168 31
41 12 85
150 134 52
70 175 77
178 115 30
19 14 66
184 195 41
49 76 2
176 75 100
42 73 54
96 83 67
53 89 10
174 16 30
103 95 41
3 7 33
28 53 55
34 167 15
105 142 52
150 26 54
35 182 39
84 198 87
34 167 50
102 156 41
30 55 80
105 99 54
18 100 87
108 113 30
10 69 92
60 152 54
195 7 76
107 172 39
21 22 37
190 104 25
45 90 41
191 66 4
37 57 9
48 172 100
93 158 42
95 194 41
123 31 74
106 158 7
96 151 95
40 84 31
187 193 72
27 49 62
152 38 75
193 171 97
70 113 94
74 106 91
41 78 67
90 54 82
133 171 94
58 131 78
88 35 15
16 142 33
3 113 86
111 31 87
73 69 70
68 167 19
159 157 2
24 183 38
159 45 76
171 95 66
181 194 30
190 116 13
133 67 39
149 125 20
9 154 75
93 177 30
186 123 88
72 106 41
112 97 84
56 47 6
2 195 9
136 3 62
68 57 22
118 122 1
155 95 27
13 140 32
55 171 67
115 186 12
30 195 53
93 109 56
103 154 36
166 27 58
184 87 74
4 138 67
52 134 49
93 170 17
152 129 78
156 71 36
105 131 23
36 40 54
85 189 44
155 47 47
140 57 3
30 27 15
156 12 81
142 178 8
183 36 53
31 166 56
192 70 4
30 8 26
58 179 86
187 13 76
121 177 53
125 195 13
177 73 85
120 132 8
63 171 25
184 141 82
64 63 54
141 133 74
32 176 83
109 173 22
24 1 75
53 148 47
17 52 82
105 158 37
5 143 12
7 32 27
194 40 83
6 91 45
105 13 22
88 140 41
174 16 22
163 129 78
106 11 38
125 98 80
73 149 57
80 86 99
169 137 45
113 160 37
188 84 36
108 185 73
154 159 41
139 7 97
164 26 26
188 76 85
46 101 21
80 21 17
139 22 40
63 186 22
98 145 92
37 87 33
131 50 27
63 186 22
70 113 94
111 7 36
178 92 63
90 148 9
81 8 6
170 189 25
127 109 67
30 129 16
109 126 51
98 145 92
102 188 83
26 105 79
118 28 32
53 148 47
147 83 60
53 75 42
154 199 13
155 68 9
100 123 16
192 70 4
57 3 100
192 23 66
37 140 72
25 155 59
25 192 85
93 91 37
169 149 55
44 192 33
69 148 95
80 160 48
111 1 54
24 95 43
40 121 44
14 77 17
97 17 91
126 23 96
134 46 22
36 18 79
103 63 34
18 48 91
183 29 34
50 193 9
110 173 43
88 92 10
