200
117 106 6
177 1 95
169 7 45
14 121 81
58 94 9
194 182 5
135 42 100
85 125 87
123 64 76
53 199 51
132 122 6
55 165 66
33 157 38
141 192 79
182 172 61
12 171 62
99 140 46
60 194 64
12 162 79
185 34 5
133 7 49
184 118 71
184 60 88
195 47 76
95 181 87
27 55 65
173 162 3
198 94 84
53 58 67
177 17 82
118 131 64
15 35 24
37 9 33
38 106 85
53 124 18
79 57 32
45 92 25
145 104 16
12 153 43
49 147 75
169 199 30
111 16 86
138 197 55
149 68 96
26 157 39
88 47 23
71 183 66
194 23 46
148 120 94
140 65 60
158 71 83
122 175 72
172 44 55
50 65 6
170 148 38
61 167 99
151 39 67
86 99 87
162 197 64
73 3 96
187 71 47
105 151 51
190 181 55
156 23 80
36 76 9
170 103 53
49 174 7
195 92 3
157 155 100
50 159 28
37 9 41
178 109 59
167 185 23
109 153 46
156 144 69
59 137 97
137 73 22
95 156 47
192 142 37
136 86 23
79 57 86
8 191 70
160 137 69
43 10 81
45 111 100
8 69 65
8 103 72
4 18 14
117 137 86
141 177 32
136 11 77
136 98 68
48 81 4
190 192 64
23 158 98
17 8 65
27 60 73
1 2 4
122 148 46
36 72 46
3 168 93
180 10 23
92 43 36
193 85 60
160 67 16
192 86 4
8 116 15
36 11 77
170 138 73
5 23 10
93 34 85
119 95 17
142 34 8
195 47 44
139 36 39
193 178 35
16 143 22
171 142 98
178 11 23
119 175 96
117 36 10
197 6 28
74 72 47
84 113 9
23 91 19
54 88 2
156 41 44
143 41 52
166 19 33
32 66 51
1 30 74
67 30 66
96 189 39
178 164 57
118 161 10
37 134 7
22 34 64
115 120 19
64 104 11
143 81 90
20 115 10
79 69 43
25 132 64
173 123 27
10 90 76
40 79 6
159 198 94
63 8 97
194 7 9
194 143 74
52 16 11
178 166 63
94 17 47
153 178 85
64 104 96
193 54 8
45 95 50
72 189 5
87 182 84
26 111 9
76 176 25
79 104 74
78 105 11
156 41 44
29 8 28
124 197 54
24 19 60
158 29 15
143 113 16
46 142 20
42 74 31
152 195 54
133 145 97
104 12 95
71 14 88
188 44 71
18 140 85
166 12 94
100 116 55
99 98 76
106 23 27
20 158 16
195 36 11
130 68 59
172 76 83
196 119 88
195 138 64
25 96 66
181 158 33
79 188 77
134 60 36
111 94 42
111 15 27
195 36 11
81 143 79
71 118 51
8 170 3
37 131 54
30 177 25
129 199 38
104 5 78
192 134 41
119 175 96
77 151 66
68 194 4
99 156 87
35 110 62
13 197 34
102 195 5
143 129 8
20 64 42
59 187 59
138 50 1
161 5 83
176 110 66
98 29 72
50 65 6
122 148 46
170 138 79
74 111 9
109 147 32
57 25 76
45 95 50
150 128 63
128 140 23
182 121 28
123 178 68
170 76 44
84 186 39
179 116 76
80 68 44
87 76 62
106 134 29
163 176 29
107 141 18
142 63 11
13 197 74
85 26 81
121 136 54
47 1 30
100 114 92
151 46 7
77 196 6
42 148 76
117 36 88
50 169 97
183 121 22
168 131 92
39 57 53
17 97 99
130 12 75
157 73 74
154 96 78
5 140 96
107 171 18
182 185 9
12 162 56
54 78 67
52 27 94
159 12 81
71 91 70
160 71 24
169 156 31
74 55 87
7 1 26
23 91 77
108 134 48
117 188 92
3 163 59
183 121 22
77 95 65
143 56 84
149 120 67
142 200 98
163 67 62
131 45 56
102 161 94
126 122 87
95 175 16
64 116 61
105 86 85
190 181 26
15 2 39
192 48 25
84 66 35
74 23 74
64 26 98
180 24 60
139 70 5
191 22 50
158 29 15
107 78 82
200 116 42
8 101 81
189 26 62
141 17 10
62 49 42
189 141 13
80 87 75
175 168 98
64 31 76
96 146 19
47 20 43
40 9 64
195 138 89
35 6 61
185 45 5
27 111 67
57 84 43
125 23 95
43 183 59
57 85 37
2 34 32
116 55 50
182 7 25
139 153 99
185 45 80
54 61 53
112 60 61
200 149 46
156 144 69
186 123 88
189 98 81
106 64 51
189 38 46
24 127 1
82 15 65
103 15 8
118 131 64
183 155 40
160 33 98
36 53 7
132 89 9
109 175 85
20 158 48
31 35 65
72 120 44
7 1 26
139 85 74
194 155 93
92 188 73
6 172 86
94 155 83
8 65 98
43 39 28
32 199 87
24 127 1
113 167 78
60 165 45
93 116 91
40 79 6
95 175 16
17 178 27
75 186 37
23 93 57
183 156 57
96 74 16
146 3 70
28 104 85
71 106 17
85 78 75
197 199 3
113 39 28
109 154 16
99 101 75
78 50 48
150 172 72
25 96 76
91 174 73
151 197 40
39 123 53
31 42 49
23 74 81
20 115 64
63 138 14
38 166 88
118 100 72
177 87 3
29 140 97
143 41 33
6 63 19
12 6 22
48 81 93
24 72 58
58 139 36
139 108 36
162 9 35
63 52 57
51 108 70
84 111 74
69 25 28
68 194 24
9 48 43
90 164 96
132 89 9
82 73 60
149 120 17
163 67 62
71 118 41
107 35 93
8 116 15
71 40 97
116 187 2
2 145 80
198 161 15
125 86 55
163 6 36
62 164 81
129 42 98
172 199 29
123 171 97
4 29 69
45 111 7
119 95 91
30 179 43
52 80 58
106 134 6
85 172 23
71 40 97
180 10 9
83 52 36
149 35 18
49 65 18
199 47 77
118 14 16
8 170 3
133 94 14
113 146 42
118 14 16
153 69 27
125 52 40
162 6 28
134 60 36
3 26 52
72 120 44
164 106 91
191 182 32
102 161 94
54 162 52
47 97 89
86 193 1
8 126 95
180 92 97
106 104 23
29 163 57
174 128 45
75 141 72
142 63 68
110 9 34
170 120 65
124 197 61
194 182 85
74 72 69
195 176 74
82 15 45
52 16 11
59 189 51
77 95 1
17 9 51
130 179 41
80 178 54
103 153 76
56 151 68
51 16 93
94 3 84
13 154 56
199 156 81
70 156 91
126 128 62
69 25 30
34 197 40
10 147 41
135 75 59
88 131 71
34 136 4
196 119 8
71 75 71
49 125 93
156 140 52
101 130 61
60 175 22
136 86 23
48 78 1
11 70 72
124 159 56
158 13 44
12 77 50
99 156 87
4 111 17
106 44 17
84 186 64
43 39 82
87 165 74
4 111 17
19 65 72
145 104 65
109 153 71
107 23 85
30 182 50
71 22 48
188 138 42
32 89 84
198 110 58
86 121 5
125 70 68
91 186 100
31 101 17
177 86 57
30 80 26
37 142 17
200 111 31
171 46 17
196 101 22
191 136 99
83 3 48
195 185 52
54 61 53
21 147 52
177 106 79
58 113 67
130 93 63
115 120 19
181 80 53
145 113 96
4 26 44
79 187 70
93 34 57
7 46 63
164 21 42
62 49 42
114 188 70
30 177 5
80 178 54
13 58 88
143 113 16
47 178 27
17 9 51
12 171 17
113 39 3
189 4 9
8 3 75
116 187 2
170 137 56
83 63 4
147 11 4
59 122 66
130 86 34
9 137 37
75 74 37
27 129 39
150 13 76
122 175 72
17 97 71
197 52 73
125 25 56
191 22 90
137 122 38
100 43 73
174 143 69
88 1 22
121 54 8
79 69 67
42 123 23
188 81 49
103 185 11
12 112 99
11 169 18
13 46 23
141 122 14
19 61 43
123 64 69
31 20 27
50 140 75
101 168 86
12 105 12
1 160 61
170 103 66
194 113 60
113 107 17
187 150 74
110 164 50
67 142 9
39 81 18
189 29 44
176 110 18
197 199 14
134 47 87
28 156 7
126 122 87
69 174 75
12 158 39
151 56 15
164 152 46
62 135 44
163 54 40
181 83 24
30 134 54
10 147 71
55 194 79
35 85 24
71 106 17
5 51 52
130 42 1
100 120 67
12 10 53
199 30 27
60 132 92
194 155 93
27 55 65
68 108 33
192 134 13
150 13 76
6 147 85
123 71 74
177 87 20
183 34 69
198 158 5
73 192 87
134 90 33
42 74 79
199 125 66
70 84 37
2 175 32
112 60 72
3 74 16
102 126 24
175 62 36
88 173 73
114 155 42
196 173 49
191 182 43
43 60 6
151 34 18
170 181 18
91 117 56
184 60 88
58 3 50
47 31 49
143 129 59
30 77 96
8 126 95
190 18 23
109 92 66
177 37 19
157 11 75
93 121 94
17 129 72
82 35 89
156 172 62
1 116 38
106 139 14
132 28 55
7 145 37
157 75 57
126 55 32
99 106 70
162 69 19
149 163 97
59 157 81
27 111 32
156 66 16
168 199 71
131 102 13
198 58 54
149 163 43
122 35 37
169 156 31
174 38 90
147 191 71
166 36 42
186 59 54
42 24 42
96 118 95
46 52 39
14 13 76
163 197 69
132 122 9
197 98 17
109 70 69
47 6 76
108 134 25
107 141 18
120 73 99
124 52 79
31 27 9
14 83 70
197 6 28
182 161 66
174 121 47
126 166 63
55 179 7
113 99 98
121 182 35
71 183 66
7 145 37
98 29 72
187 150 74
177 106 65
81 143 79
165 195 54
182 24 89
56 30 81
131 19 69
189 4 9
170 181 85
25 15 14
131 144 53
154 30 18
56 85 55
131 45 56
91 117 56
17 166 33
52 178 34
113 170 71
123 101 88
185 34 51
76 120 27
47 6 76
77 152 84
120 73 67
130 186 100
190 9 37
123 47 27
156 60 35
80 37 21
102 195 32
170 163 50
67 64 94
52 59 53
65 55 12
28 156 93
129 4 34
160 67 16
187 27 60
135 72 83
88 173 74
108 120 28
65 61 52
200 68 98
93 164 86
83 3 48
117 178 9
36 157 33
108 45 66
88 131 48
106 177 89
123 13 3
159 176 2
149 61 98
151 56 30
3 117 40
188 119 55
9 13 41
142 92 98
159 79 44
57 85 37
156 3 77
175 46 62
4 69 66
168 152 42
138 197 55
47 31 14
41 154 84
99 140 46
122 198 46
49 131 69
156 62 38
121 54 55
152 91 96
3 127 32
90 68 98
174 32 19
181 158 33
176 87 98
80 87 3
120 178 60
198 94 8
96 49 64
175 138 16
76 67 73
103 169 20
150 194 53
192 142 6
60 194 20
174 143 69
61 143 98
42 24 91
101 159 46
93 40 68
164 153 60
64 67 75
138 81 15
28 104 100
87 85 6
10 151 62
199 164 44
2 31 65
2 128 23
15 35 49
186 61 68
70 15 33
82 35 89
37 192 45
96 146 19
183 155 63
33 27 70
102 100 61
151 46 40
64 67 40
62 164 81
75 51 20
173 121 65
175 133 77
122 75 95
113 167 78
58 139 74
35 6 61
93 161 16
36 128 97
170 179 21
13 24 49
107 119 43
51 16 93
99 98 76
114 120 79
85 98 30
9 76 22
169 7 45
156 140 52
143 81 90
166 43 38
163 182 48
102 81 54
134 24 49
17 93 52
63 3 67
139 5 31
86 121 70
7 34 37
30 99 52
156 105 26
141 4 64
11 156 82
164 35 36
30 134 54
186 41 72
128 133 87
59 187 2
75 29 11
80 7 40
185 167 13
97 90 76
47 74 95
107 78 70
116 69 88
49 65 18
161 165 37
141 157 13
23 40 11
60 83 31
114 155 86
150 172 87
70 124 29
20 162 20
147 24 97
71 54 40
121 191 89
22 34 64
140 65 71
162 6 94
199 47 48
65 101 71
33 134 72
122 188 4
152 95 67
58 183 23
125 86 55
5 13 1
54 162 87
32 66 51
63 86 69
186 61 68
183 156 57
67 30 74
70 84 100
60 83 31
198 116 100
38 50 28
93 21 64
61 143 67
187 56 12
169 189 79
17 177 59
182 193 16
52 57 64
65 171 41
71 93 6
192 86 4
79 32 19
113 21 44
87 182 83
8 22 70
128 164 83
192 48 85
160 33 98
70 73 23
93 86 68
50 31 82
65 101 71
169 189 79
123 88 95
153 11 87
184 118 71
183 117 64
34 197 40
133 145 97
141 84 49
169 141 52
159 198 94
158 121 12
57 84 43
195 148 18
196 200 40
10 90 76
4 18 99
43 64 43
122 188 6
123 88 12
177 1 77
3 18 1
50 106 3
149 186 30
39 81 48
173 123 27
99 101 75
79 32 19
70 166 13
194 113 55
64 83 70
59 193 79
197 142 28
5 163 93
85 172 31
85 78 75
7 156 3
92 178 67
142 144 19
23 159 35
52 148 82
147 67 16
85 132 27
163 36 100
67 64 18
137 84 99
146 3 20
107 12 98
50 106 3
53 199 51
167 151 16
164 21 42
184 174 91
4 69 66
54 124 84
60 33 11
142 200 98
4 13 2
126 46 59
14 95 65
161 165 56
146 200 61
90 156 28
196 173 49
74 4 61
3 117 40
137 73 90
100 120 67
80 7 6
180 94 63
154 30 18
63 86 93
149 186 91
114 51 74
155 78 39
119 125 99
90 83 47
156 172 2
110 164 46
156 60 64
160 137 69
168 131 92
161 5 52
85 125 87
199 126 39
181 83 24
19 23 8
58 113 84
40 9 53
110 9 34
6 172 61
5 23 10
7 5 83
124 63 43
187 71 47
11 180 89
63 23 72
37 3 25
5 79 82
189 98 81
28 184 85
49 184 78
189 38 46
10 40 81
16 8 67
37 102 89
151 39 67
121 182 59
2 47 74
101 120 24
119 165 59
160 7 55
195 5 92
63 178 89
119 165 94
8 69 65
151 31 29
200 116 42
161 15 97
47 20 43
141 165 56
94 3 91
41 154 49
65 61 13
120 178 81
27 169 55
45 101 99
153 178 5
14 1 90
151 167 81
128 156 80
93 21 28
92 35 65
135 64 2
106 138 40
93 86 18
136 105 59
7 73 48
122 75 87
187 98 9
85 43 41
133 7 49
168 68 96
175 193 49
23 122 21
