200
180 115 40
71 187 79
197 150 28
49 186 85
118 89 96
39 125 9
104 100 71
1 34 84
188 175 62
7 152 91
25 16 87
142 20 30
1 34 84
173 15 39
109 174 63
162 119 38
41 7 9
25 74 13
162 170 33
19 57 86
200 161 44
36 122 56
71 84 8
87 182 99
32 6 52
143 180 48
47 65 2
53 162 88
46 37 92
76 84 81
171 11 18
2 182 48
199 190 62
126 171 86
64 159 54
80 128 49
129 18 37
63 122 75
37 196 68
106 164 7
90 160 73
48 143 7
137 33 49
147 22 39
132 51 62
96 111 17
188 124 11
168 49 96
137 184 98
157 183 32
142 20 30
11 185 97
22 144 61
179 66 60
173 143 38
142 157 5
174 197 72
68 109 94
150 72 93
172 157 42
196 116 37
36 198 49
192 95 71
190 7 47
116 134 83
149 12 74
32 67 87
129 137 77
130 175 55
30 136 17
64 137 54
162 61 21
7 152 91
118 169 70
138 157 66
136 159 70
14 73 49
119 93 93
186 142 62
160 39 64
73 28 76
78 59 50
186 181 8
118 142 86
198 77 68
8 68 20
137 192 99
37 3 81
16 35 43
53 157 97
192 18 9
79 178 60
183 193 79
53 197 88
26 174 2
126 112 63
84 56 54
139 19 32
184 66 38
108 160 27
30 136 17
193 138 97
38 11 97
47 161 15
42 69 39
163 75 51
115 19 73
39 19 75
146 80 42
23 197 63
135 9 78
27 78 43
188 81 98
185 183 5
60 12 80
18 149 44
60 145 100
21 6 10
37 45 30
29 175 34
71 75 35
200 31 18
98 56 84
193 35 42
112 175 76
39 57 72
77 2 43
189 128 43
35 185 32
25 49 12
18 47 72
151 51 21
9 197 35
102 86 96
54 91 1
139 33 20
77 196 4
52 188 20
53 197 8
10 145 59
198 21 99
82 89 1
129 10 75
200 31 18
128 124 19
176 38 5
54 91 1
15 68 22
73 125 33
20 169 75
32 161 59
98 112 11
44 19 64
46 110 16
120 130 88
51 163 58
188 78 7
167 18 64
31 184 51
147 93 63
125 51 15
122 50 34
29 95 80
119 93 32
134 179 8
64 88 26
63 156 6
87 60 33
55 107 53
167 72 48
30 83 4
156 48 89
126 127 72
116 35 23
138 122 47
54 94 46
138 96 13
76 13 11
118 89 96
77 148 27
66 145 9
140 6 41
28 62 37
43 115 28
28 40 33
127 2 51
186 30 12
153 141 9
177 29 78
191 186 25
136 148 51
84 146 3
142 151 13
149 59 87
97 94 67
170 196 95
31 55 38
18 2 18
1 108 38
166 165 4
178 32 97
186 181 73
5 132 22
119 43 48
179 81 39
92 126 34
189 61 52
152 160 71
108 160 41
128 165 60
107 132 47
175 58 22
169 200 93
170 18 77
20 189 73
62 150 64
98 53 2
11 66 15
139 56 7
100 12 82
174 70 89
163 132 48
132 124 77
112 138 29
139 33 13
151 51 21
72 77 57
140 128 43
81 75 52
149 60 96
6 31 78
47 65 2
85 194 23
103 101 63
86 129 28
12 110 64
157 27 44
51 200 93
169 198 17
23 128 33
114 4 1
170 151 12
196 90 76
35 106 84
129 11 20
131 142 70
24 147 71
67 28 88
190 47 57
24 133 7
120 36 83
53 161 35
4 36 65
133 146 87
105 13 90
1 183 23
148 46 77
25 117 88
150 78 46
49 127 57
133 39 82
166 179 84
190 47 57
66 89 62
33 58 42
100 19 24
21 112 98
89 191 62
88 164 63
61 116 94
141 132 76
49 194 70
172 25 59
183 137 65
173 123 26
198 175 75
76 165 32
114 10 27
126 7 53
126 7 29
155 30 24
130 116 98
124 112 49
26 82 7
146 80 42
16 35 57
69 181 29
82 114 21
190 131 70
112 80 37
112 80 37
103 17 27
88 69 75
98 53 2
83 78 47
121 76 88
66 173 19
176 141 8
124 42 21
134 30 82
116 47 99
94 97 84
192 18 9
89 122 27
47 161 15
79 171 73
36 164 37
114 4 1
44 16 20
49 194 73
170 61 81
138 14 28
72 182 59
161 144 59
154 145 13
24 186 1
134 30 82
89 182 79
10 52 11
179 66 60
160 121 73
144 164 27
166 111 41
193 137 93
96 6 41
14 62 33
160 63 37
196 104 23
136 131 46
198 130 63
177 37 15
188 28 80
87 34 27
136 159 55
7 143 52
66 174 8
38 163 59
31 128 63
28 62 26
173 19 83
197 110 88
129 184 23
138 62 21
54 31 71
169 35 71
66 54 57
18 137 4
71 84 8
8 6 98
43 147 20
11 43 14
61 108 3
193 191 2
104 12 45
147 124 32
45 54 83
32 18 95
137 171 99
77 124 66
50 168 34
11 75 49
101 4 96
150 49 19
158 77 47
195 1 66
127 27 60
19 126 92
27 89 85
177 68 86
186 142 62
77 53 9
186 191 56
2 16 92
138 157 63
130 55 37
130 55 35
50 94 98
185 183 38
45 154 62
181 6 49
32 121 73
145 108 89
174 70 89
102 196 4
120 22 79
85 117 77
198 151 38
134 73 87
81 88 15
82 42 15
131 85 91
90 72 77
93 85 68
175 131 41
133 20 92
178 94 84
74 62 82
84 127 3
72 131 90
170 151 77
35 198 14
6 161 99
103 101 63
181 131 33
76 13 31
34 18 79
49 14 96
81 75 52
119 106 59
87 32 7
107 155 8
182 3 26
192 95 71
79 7 1
155 176 74
47 99 87
194 117 60
29 192 62
66 39 22
32 6 52
58 153 64
125 167 76
147 178 88
181 80 59
154 145 13
99 4 45
135 80 96
152 102 89
77 12 2
195 113 37
158 77 95
17 54 66
160 121 57
76 141 67
171 119 13
132 9 29
147 178 14
198 21 99
29 168 97
156 183 86
37 3 81
157 181 40
146 104 3
118 152 15
1 103 70
183 137 65
175 120 42
21 106 76
5 150 26
26 174 2
18 152 49
113 138 18
36 122 56
62 134 54
35 198 43
73 24 25
66 72 54
25 117 20
80 111 86
106 71 15
46 110 62
109 107 3
92 169 66
141 107 65
18 117 16
15 139 12
73 188 37
196 104 36
146 104 3
109 7 83
21 106 76
131 3 78
103 121 27
62 181 71
189 1 14
5 132 22
103 62 69
156 54 49
32 61 36
43 65 39
97 94 34
142 89 55
157 64 59
44 19 64
13 74 77
152 160 3
200 62 2
32 73 88
142 157 82
95 157 54
11 22 74
142 108 90
115 146 24
193 159 20
195 88 58
1 182 94
136 130 27
139 41 55
24 140 82
120 18 66
166 153 46
4 55 79
172 153 4
102 185 40
122 135 25
130 175 23
73 58 49
91 176 94
75 101 46
146 131 47
127 163 67
153 11 24
25 74 13
99 4 67
121 13 84
148 46 76
162 35 50
149 60 96
42 37 43
188 124 69
51 110 23
146 14 74
63 172 1
79 175 61
174 1 96
11 22 74
189 145 62
82 14 18
130 33 76
159 57 15
197 110 88
66 145 9
172 85 55
21 166 6
95 46 49
160 99 65
189 131 92
65 199 2
90 132 16
166 128 9
112 21 53
41 7 9
137 171 85
143 161 80
162 2 64
161 123 66
25 64 70
128 124 89
194 116 63
176 38 5
100 17 90
40 63 35
80 84 100
142 151 52
40 13 4
189 19 33
125 167 3
190 131 70
160 170 92
75 2 8
14 178 84
132 130 41
161 146 32
116 167 82
170 147 97
21 144 61
26 142 83
142 36 10
109 107 88
155 124 99
135 187 68
161 123 53
60 155 13
146 150 3
160 63 50
113 145 10
52 43 88
95 4 41
195 1 66
50 93 32
178 191 41
34 101 7
21 131 6
130 58 13
126 152 82
198 175 75
33 37 30
119 61 26
184 48 64
7 170 82
136 151 69
198 118 58
87 182 12
12 55 88
1 45 35
108 158 44
35 185 71
189 113 48
48 4 48
51 132 35
39 19 75
130 58 70
25 49 5
187 171 95
116 134 5
183 198 17
79 7 1
98 185 27
80 63 98
6 31 28
180 144 61
60 130 72
69 181 52
18 71 49
29 14 100
137 62 88
185 62 73
140 128 21
115 19 73
124 162 96
25 64 70
105 178 21
62 181 18
188 78 7
188 127 11
105 1 45
61 97 80
170 106 98
105 13 31
9 27 35
53 161 23
7 143 52
82 181 91
172 152 90
169 119 96
9 58 89
65 199 2
12 159 65
9 95 78
198 118 12
45 154 62
166 14 97
44 29 80
41 173 18
150 101 96
45 39 76
151 24 34
169 198 61
17 53 100
46 26 50
98 56 84
111 3 38
92 126 32
132 9 37
24 111 34
181 183 28
173 143 34
170 196 12
42 194 19
67 28 94
51 48 58
65 168 85
187 172 92
161 17 65
90 72 77
160 170 31
107 109 79
170 147 24
54 140 69
31 83 29
85 129 2
58 153 58
187 99 24
82 42 15
172 53 32
25 15 46
137 192 98
91 109 60
35 89 13
111 47 74
23 197 63
62 134 54
102 185 5
116 144 41
129 19 29
170 186 77
100 143 52
121 39 73
137 147 21
8 56 93
63 98 73
98 185 27
100 163 41
13 167 26
34 195 9
64 187 79
31 83 35
14 178 84
136 58 32
32 191 33
1 143 75
74 90 30
102 191 40
154 99 70
40 20 73
194 138 44
188 62 81
185 72 76
44 123 92
153 89 86
109 102 92
116 144 99
77 3 70
77 139 90
146 149 46
9 27 90
200 80 31
51 48 58
35 106 84
126 171 83
198 122 50
165 171 86
77 128 53
39 125 93
198 151 21
104 124 59
196 75 47
153 20 47
92 144 92
13 190 36
155 180 16
180 96 35
44 124 62
74 63 20
65 41 43
19 50 46
103 123 68
129 134 13
32 73 90
112 85 71
46 37 92
153 57 45
150 101 96
187 112 45
156 43 91
135 80 25
13 88 31
151 34 36
109 36 4
112 38 60
199 5 20
120 45 46
66 89 62
1 45 35
91 82 42
21 144 61
155 124 99
193 21 94
43 115 28
47 187 66
147 114 77
118 115 45
139 77 96
73 125 33
51 184 23
126 112 54
29 192 62
49 115 31
133 169 76
187 2 86
153 20 91
195 118 98
88 164 63
77 128 53
9 170 50
90 160 44
157 124 38
22 106 35
137 33 49
128 112 89
82 14 18
46 50 28
26 28 95
47 146 92
40 63 18
174 55 82
88 105 21
86 61 36
96 184 39
10 188 58
94 42 16
100 163 90
99 59 43
52 142 86
78 193 95
8 190 88
13 140 3
30 100 1
135 9 78
133 47 99
185 162 74
78 34 31
124 112 49
71 187 79
138 62 76
157 124 38
183 193 34
119 155 46
98 13 59
24 133 7
56 47 76
108 81 75
160 99 6
74 62 82
54 64 29
82 181 91
85 117 77
34 164 56
130 2 56
198 77 68
131 187 58
87 169 53
105 16 58
5 23 26
62 186 56
141 132 56
151 57 19
186 148 56
180 79 32
124 13 61
85 64 23
163 26 97
186 191 19
166 12 36
15 68 22
153 83 61
84 53 64
33 42 92
88 105 11
155 180 16
145 108 23
25 8 78
67 130 46
176 45 35
117 17 89
78 59 62
189 77 77
95 46 67
193 171 56
1 103 14
10 39 97
117 96 42
89 144 80
3 158 36
45 39 54
107 155 8
189 61 89
39 7 100
184 48 64
81 149 42
87 34 27
21 33 3
180 79 32
113 151 73
64 88 26
61 97 80
18 117 100
91 82 42
77 143 28
79 175 7
91 132 7
194 119 47
76 84 81
70 35 81
161 17 92
51 90 37
172 85 21
51 184 28
22 17 50
197 66 26
150 38 24
9 58 73
21 200 18
186 65 34
135 71 66
113 31 61
117 69 98
34 164 56
117 17 6
7 170 99
172 153 98
83 11 31
143 174 15
200 161 44
151 30 35
181 91 10
156 97 90
157 70 45
68 169 33
8 33 19
46 156 40
105 74 8
117 96 42
56 13 22
193 159 83
84 183 54
8 127 49
111 3 38
54 31 71
40 13 67
76 162 16
103 132 71
147 115 58
37 29 53
44 7 28
61 120 69
166 128 9
39 186 96
68 109 94
176 45 35
147 166 9
27 136 69
4 67 17
79 118 6
112 95 47
149 12 74
125 137 24
43 147 20
174 197 53
55 82 86
80 128 49
8 56 93
46 74 89
186 30 76
100 102 65
18 2 18
108 64 3
80 111 86
169 72 47
158 85 59
163 26 100
38 57 3
116 194 9
71 75 79
102 131 83
193 21 81
32 121 57
177 100 87
75 181 62
94 195 18
155 15 72
94 145 73
37 147 2
190 84 52
86 129 15
56 61 65
170 61 41
105 1 11
113 134 97
153 83 61
118 115 45
122 54 90
199 175 33
50 168 34
32 191 18
3 82 91
195 149 59
61 30 71
81 154 100
190 183 33
19 41 7
21 33 3
134 61 73
180 115 40
76 165 32
62 186 56
103 132 71
118 26 82
122 164 72
126 84 45
149 10 33
148 65 60
125 137 24
1 48 45
49 186 85
46 74 66
185 173 1
126 127 72
138 102 65
56 198 56
193 171 56
189 164 60
31 184 71
106 40 60
90 39 93
178 94 7
70 5 9
187 2 86
83 55 96
41 183 10
138 14 28
50 173 38
200 80 95
50 94 99
109 7 83
37 45 56
197 108 6
41 173 95
98 136 66
95 157 54
43 65 39
159 157 10
26 76 61
108 11 15
39 7 100
149 193 67
131 12 74
134 61 73
79 164 57
130 76 27
54 186 73
47 99 87
10 39 29
109 173 68
59 162 1
133 39 82
72 97 50
129 12 65
51 163 27
84 53 44
131 142 13
161 135 61
109 173 68
163 75 51
138 72 14
50 173 38
167 18 64
124 13 94
185 174 23
195 118 98
151 24 34
83 55 96
102 166 54
135 147 31
8 127 49
108 137 15
135 200 33
67 11 26
81 149 42
84 127 3
126 22 35
193 137 6
102 117 46
42 172 57
147 114 77
115 143 7
42 69 28
99 59 18
100 12 91
44 16 14
