200
159 5 32
136 151 53
96 56 46
102 6 91
161 22 55
149 16 91
92 144 35
79 39 64
122 163 84
158 30 31
165 163 35
184 5 46
47 122 94
15 97 35
108 49 67
177 39 93
125 158 2
4 27 69
32 180 3
159 102 55
191 52 86
140 200 13
108 182 56
109 146 88
186 148 78
91 21 79
104 187 8
4 40 82
165 6 53
108 110 77
128 104 39
14 81 83
196 140 79
3 26 63
171 163 47
49 75 63
196 198 86
18 68 75
182 147 19
80 156 95
16 63 93
5 86 81
92 82 55
42 62 71
102 67 35
83 131 51
132 185 17
157 144 54
30 72 7
167 82 1
109 146 63
100 152 58
152 184 28
199 4 37
140 43 81
72 141 31
106 38 68
123 79 7
90 109 96
137 12 30
105 14 33
90 65 66
21 65 35
139 112 43
31 47 57
126 135 84
103 116 14
143 115 54
100 72 39
76 90 42
182 144 30
68 29 72
50 44 97
194 62 76
56 169 42
94 126 88
43 199 3
62 156 12
19 191 100
160 43 9
161 3 48
91 182 92
150 138 14
196 194 99
68 81 8
168 21 44
3 176 56
155 139 3
59 30 45
191 133 20
32 115 11
72 49 85
80 185 75
96 1 61
116 83 91
50 53 47
177 45 60
128 115 41
149 42 18
13 127 31
96 125 79
55 113 59
109 157 67
17 106 93
132 70 98
134 151 92
93 55 8
103 79 64
86 5 54
157 73 23
199 48 40
97 50 93
21 65 64
162 177 93
79 3 99
107 63 37
188 47 69
41 4 64
147 34 48
54 56 94
121 41 40
37 110 95
42 30 72
57 104 22
5 86 85
192 187 92
145 147 84
23 29 24
130 106 9
175 46 93
196 19 58
107 173 34
48 8 22
161 178 37
67 11 42
121 71 69
85 112 52
56 158 75
56 131 50
198 159 25
170 179 30
181 138 12
95 9 90
135 5 88
114 59 91
70 19 88
5 72 93
75 137 2
185 198 86
164 143 45
199 93 18
104 157 20
183 109 14
158 148 58
196 194 15
93 114 58
125 124 37
86 141 30
196 112 91
63 68 42
80 117 76
10 56 21
72 37 36
127 84 19
25 156 92
119 143 88
10 153 35
24 86 32
1 59 7
120 96 34
41 108 26
76 149 71
44 24 44
91 164 69
74 96 69
100 75 58
129 147 81
171 194 38
11 150 61
3 126 39
1 114 7
170 179 30
128 67 41
90 157 4
135 25 85
30 48 59
89 165 81
23 149 16
1 5 3
82 144 6
30 183 91
188 100 47
11 155 41
60 157 63
177 156 19
150 35 12
177 95 59
50 53 47
101 171 70
64 116 78
141 154 99
80 198 54
100 125 66
174 149 30
135 36 84
109 157 67
85 76 8
188 122 50
40 156 99
29 155 66
104 133 2
114 190 62
3 126 39
20 3 81
19 26 67
72 155 85
194 137 37
121 33 54
62 59 3
99 32 83
12 99 3
150 177 15
112 101 69
188 150 50
96 153 21
59 132 100
118 65 61
181 4 55
80 38 83
114 100 45
196 186 8
67 88 60
139 106 88
42 181 29
65 122 100
33 153 53
45 81 90
45 124 42
140 43 86
177 124 80
108 49 12
179 60 72
153 169 11
199 184 97
25 22 93
84 104 20
171 149 20
194 120 73
84 111 6
132 98 44
23 121 63
176 163 72
189 29 35
26 62 27
159 86 52
2 121 89
141 154 21
10 76 52
25 156 92
189 38 12
159 37 16
46 129 16
86 13 50
72 155 85
114 59 91
171 155 45
149 38 38
130 90 74
34 142 62
51 117 50
85 112 97
181 46 48
200 196 8
29 178 98
150 40 83
166 12 6
98 21 42
123 42 21
66 146 28
114 84 54
174 59 93
77 98 84
49 78 52
191 44 51
175 85 1
150 106 5
159 86 63
165 95 21
154 172 21
83 11 34
172 133 51
55 72 49
15 198 33
98 111 62
139 97 24
83 111 31
124 157 41
114 84 54
85 184 84
94 62 80
182 65 98
103 116 14
70 164 45
145 92 53
190 93 75
56 175 4
46 183 63
48 8 47
65 198 34
190 29 42
177 124 80
162 24 11
44 23 96
185 57 91
3 176 21
17 89 36
133 146 80
107 108 47
200 185 35
20 122 79
42 2 86
175 86 33
59 132 46
39 121 3
16 183 95
189 102 41
89 9 10
16 63 93
100 125 66
37 95 81
74 140 34
30 48 98
24 58 15
125 103 89
108 110 19
91 108 53
45 124 96
69 170 27
154 22 48
163 46 85
142 123 21
188 187 91
54 179 12
42 62 71
33 21 80
65 187 93
68 29 13
70 25 34
59 104 50
76 169 9
182 65 80
94 155 99
76 47 72
133 19 16
135 124 75
89 13 45
162 24 11
74 196 80
72 53 67
104 193 66
176 163 52
28 88 36
37 95 81
198 93 56
124 135 15
165 54 59
194 63 82
111 175 73
107 157 65
109 9 92
187 199 93
142 138 42
64 178 7
92 102 98
177 156 75
85 139 86
121 163 70
93 55 56
2 115 92
160 166 22
124 85 14
184 180 67
29 155 91
1 114 40
20 122 4
46 183 63
37 81 54
163 11 80
45 159 27
118 192 2
54 134 84
190 29 42
40 156 84
22 199 22
80 199 80
176 110 42
123 172 18
173 43 91
141 55 9
124 156 78
97 145 90
30 34 68
182 63 34
144 71 66
13 98 60
162 177 83
33 112 6
112 155 52
37 161 48
136 116 65
141 119 39
173 43 91
190 199 79
52 25 23
101 173 64
63 54 54
117 103 13
47 14 7
15 20 73
79 132 4
120 76 29
55 147 22
124 41 27
70 179 26
96 134 65
23 121 24
97 198 95
49 134 25
44 100 48
93 142 20
68 15 17
56 158 75
163 168 21
158 61 66
68 66 90
46 48 39
167 82 37
167 161 33
169 102 47
74 98 33
53 139 89
96 1 29
169 144 18
163 25 3
184 125 16
132 144 49
91 182 92
179 137 56
191 114 21
110 58 83
17 106 93
10 84 93
104 146 33
111 94 67
158 142 62
50 148 67
45 92 16
25 122 3
34 152 23
134 128 54
50 1 93
93 23 25
168 21 44
117 190 19
114 190 62
128 169 41
87 154 32
125 176 66
36 146 17
120 76 60
32 96 17
98 111 15
130 34 88
162 131 25
93 23 25
1 32 57
112 136 88
39 63 61
149 94 49
55 124 51
182 116 24
19 47 75
59 104 37
91 21 79
187 90 64
56 136 10
32 115 11
99 129 59
124 137 87
84 104 20
56 175 4
25 22 91
2 115 92
185 84 52
45 101 69
9 156 6
29 178 48
104 144 95
137 162 81
100 91 40
82 34 15
126 65 14
22 166 51
26 165 58
172 92 88
98 35 40
129 90 61
40 182 79
86 180 76
141 117 80
49 73 25
2 148 86
174 149 30
169 157 34
36 120 67
189 125 12
172 66 80
56 169 42
18 41 56
130 30 76
1 125 73
130 30 70
175 85 1
13 94 59
96 125 89
121 190 61
123 172 65
90 157 4
146 193 44
37 161 48
135 5 14
187 85 17
94 59 90
142 123 21
136 89 68
22 73 28
196 198 36
191 148 7
80 77 75
163 46 81
123 39 56
183 118 48
141 47 71
187 199 20
66 105 89
12 155 62
83 140 9
154 76 82
42 105 12
192 91 25
137 162 81
94 5 78
5 72 63
135 98 59
94 126 88
97 198 17
20 22 26
118 190 28
188 101 37
148 117 82
31 101 28
52 10 65
45 151 70
98 35 61
119 166 24
149 38 5
17 89 4
148 124 47
66 74 76
72 49 92
107 69 5
62 176 24
102 6 91
129 78 60
60 84 92
43 64 53
54 141 48
9 156 87
122 116 52
190 12 45
138 157 46
65 63 16
46 48 39
187 178 20
165 54 53
107 69 49
184 5 12
54 134 84
2 47 37
98 146 88
56 47 95
54 130 2
172 167 16
55 73 93
182 145 10
90 152 33
125 107 51
196 9 53
118 151 49
18 44 84
141 119 75
118 192 97
171 149 20
36 120 80
86 78 4
100 152 58
146 26 8
147 124 77
21 88 50
172 87 97
29 55 100
8 123 54
125 129 60
95 98 3
193 114 54
157 72 79
85 150 63
180 108 92
26 95 91
200 91 84
138 94 70
141 47 38
154 189 79
190 78 96
82 34 15
120 164 10
19 26 67
38 112 53
184 125 16
121 56 41
146 193 44
138 109 24
195 197 29
85 69 94
1 116 27
185 198 33
24 170 18
158 117 48
125 109 21
43 64 8
11 169 91
163 106 62
75 180 86
136 155 53
21 63 49
166 163 24
114 180 73
26 156 45
62 156 12
112 136 78
29 105 29
25 165 90
199 4 37
173 156 72
45 159 74
49 87 99
16 138 70
112 101 18
129 79 6
173 156 72
76 93 21
135 22 74
65 171 49
65 199 70
163 50 93
189 198 6
1 5 3
139 117 79
128 139 20
13 198 11
192 187 65
59 30 45
189 149 58
115 163 65
17 150 41
145 32 16
57 157 14
184 77 98
13 194 94
188 100 82
101 38 81
170 158 39
6 192 49
132 144 49
11 148 14
193 159 81
17 54 91
134 151 92
136 155 53
37 196 28
200 185 35
196 140 87
44 96 35
110 159 60
39 200 36
88 159 15
8 180 86
114 150 51
76 193 62
76 11 99
191 180 36
55 72 49
144 80 77
196 9 17
155 11 30
17 170 53
181 4 55
102 131 82
151 48 37
7 21 32
163 11 80
17 126 9
143 25 96
73 186 50
150 40 83
52 29 51
117 193 63
11 169 85
162 112 74
10 184 51
107 21 78
125 140 2
28 17 44
33 70 61
81 196 8
123 131 68
176 110 15
104 133 2
182 144 30
117 190 19
118 37 96
72 25 90
27 29 72
149 94 49
114 100 60
70 16 62
15 188 98
128 21 11
191 14 52
59 4 48
149 55 40
37 158 5
5 108 84
13 94 88
145 32 16
102 200 17
33 112 53
194 62 76
35 72 20
52 115 36
114 144 99
3 166 90
20 3 98
151 48 37
68 143 31
108 182 96
150 69 83
85 32 57
108 114 96
62 59 49
102 131 82
85 69 33
161 65 74
133 168 42
21 63 49
30 52 29
128 67 77
79 8 29
107 124 12
170 65 85
25 150 28
136 73 29
61 199 84
56 47 95
180 190 19
47 122 94
28 51 71
167 161 99
115 90 74
54 130 2
63 68 42
110 9 44
147 75 74
145 55 97
83 1 39
17 69 63
121 163 63
76 93 54
80 183 74
36 12 80
143 90 71
137 82 63
60 84 67
83 99 12
17 126 1
4 72 81
96 153 21
41 11 29
177 45 65
162 8 73
94 43 30
124 156 94
80 77 75
191 180 36
112 162 25
44 100 28
181 1 3
91 164 69
49 73 25
83 140 15
138 94 70
96 50 22
195 7 25
163 25 13
166 12 2
180 19 52
139 68 20
34 98 58
117 118 64
49 169 59
125 109 21
155 187 44
125 124 37
191 52 8
169 127 64
111 198 10
136 151 49
185 165 92
151 163 57
3 149 28
56 118 12
137 147 23
153 108 69
50 148 57
11 35 30
13 132 96
37 60 60
107 142 4
132 98 93
76 126 86
121 129 90
46 93 97
87 154 32
51 117 50
195 197 29
79 39 64
126 135 89
185 84 59
27 86 3
96 56 46
45 101 30
166 163 17
151 19 22
24 43 39
25 136 60
175 77 7
155 109 56
19 47 21
94 1 20
99 129 59
157 105 19
161 39 41
72 25 90
139 91 29
14 176 33
33 53 32
75 19 82
64 140 71
199 159 6
185 22 67
149 16 18
163 173 69
25 38 81
185 57 62
138 157 43
14 94 20
46 129 16
162 182 58
118 47 37
41 4 64
15 141 92
141 196 13
115 163 15
56 119 8
173 131 18
18 41 56
115 185 50
192 94 99
194 120 73
34 98 83
12 35 97
7 108 33
94 54 86
115 97 24
117 53 54
198 102 42
74 189 60
102 31 21
185 22 67
11 148 14
98 146 88
25 165 90
128 115 41
149 18 63
93 142 58
181 46 70
15 121 54
124 158 82
21 110 2
6 5 94
149 18 63
85 188 69
185 14 26
109 9 41
78 107 8
57 76 81
146 3 62
31 26 84
2 138 80
123 90 60
88 34 71
31 48 4
102 31 75
27 29 8
189 102 81
191 44 51
55 28 80
107 162 86
107 21 79
152 160 63
1 59 30
5 107 98
20 102 58
115 193 66
39 137 83
135 99 40
151 144 99
89 13 45
197 147 51
119 166 24
6 15 51
108 25 94
77 98 77
117 193 56
50 35 43
77 81 71
199 93 89
80 183 74
81 195 35
12 155 53
17 69 63
189 29 51
116 186 42
110 159 60
53 85 23
21 174 3
194 195 76
74 98 33
66 142 68
90 93 36
136 163 65
180 19 52
30 52 29
189 82 75
173 14 55
1 98 36
80 156 95
200 116 86
128 88 7
80 185 33
92 11 14
39 137 83
124 186 35
111 94 67
31 29 86
29 158 33
184 13 63
130 106 9
165 95 21
155 11 30
147 165 80
162 96 25
32 63 13
4 72 81
145 92 17
53 139 89
121 190 75
179 31 38
38 112 53
120 45 70
40 78 95
99 33 46
115 197 18
100 3 82
3 24 41
104 144 95
170 65 85
180 5 34
25 42 16
135 36 84
112 155 52
141 75 39
63 30 4
144 71 83
58 62 87
130 164 20
76 193 44
181 51 76
176 66 100
16 163 45
188 187 91
76 131 48
128 21 49
134 107 44
144 188 53
123 90 15
47 14 7
93 188 59
50 135 24
49 65 87
189 22 17
139 162 65
72 22 49
138 133 76
74 196 80
71 29 52
82 99 21
70 164 45
151 127 74
53 6 92
165 6 53
159 121 85
75 180 84
28 162 80
144 90 31
189 198 57
139 112 43
159 48 88
165 155 69
4 186 91
80 199 80
80 28 29
123 181 6
57 43 18
58 192 53
134 194 41
99 32 42
136 163 65
67 11 64
143 90 71
