200
116 136 79
91 174 41
118 38 21
91 119 10
30 15 1
105 29 71
68 117 39
95 17 95
139 118 87
96 137 83
178 67 66
57 62 92
121 13 78
33 195 95
172 45 42
130 175 94
72 112 52
21 68 40
5 156 75
30 181 82
139 26 97
143 178 43
138 37 81
123 191 77
199 173 33
82 8 52
65 182 15
121 48 44
186 48 66
180 150 84
49 190 92
96 163 84
95 72 22
16 98 12
115 177 34
80 7 72
176 125 50
79 60 34
68 99 82
170 6 61
160 19 53
115 56 84
99 112 64
81 131 94
23 114 33
65 196 17
53 157 11
100 23 94
94 84 41
31 36 42
113 157 33
9 117 45
10 191 15
26 177 93
130 122 10
31 183 89
111 18 17
194 136 97
129 45 59
144 154 5
55 49 69
43 120 80
137 170 55
156 131 84
93 66 20
159 157 44
79 93 3
172 31 15
107 17 77
78 138 3
150 144 70
32 158 3
53 133 74
32 121 60
1 55 29
109 200 94
136 115 91
97 40 75
186 34 50
47 119 7
50 69 46
187 51 84
41 55 75
137 75 50
75 169 38
70 113 7
46 66 45
13 74 24
151 194 44
116 136 50
155 58 14
186 34 70
140 31 94
146 193 28
89 174 92
62 29 35
138 23 12
137 75 51
158 161 40
159 193 51
129 108 64
132 22 88
56 161 78
168 163 89
81 131 42
107 192 56
27 142 90
23 139 27
134 128 62
46 142 71
17 129 67
141 41 44
15 136 91
101 167 15
65 186 79
175 145 81
41 25 11
165 110 49
3 151 28
140 161 18
166 195 17
111 161 96
129 143 13
25 110 93
106 76 73
9 117 45
1 121 13
161 38 83
190 39 5
41 145 55
40 4 96
84 167 53
169 112 78
188 49 20
55 6 75
189 136 81
121 159 86
50 123 64
5 162 41
152 171 26
37 66 15
12 168 65
111 18 65
172 37 69
123 14 39
160 48 72
161 102 18
71 4 86
84 61 56
82 31 65
162 35 66
70 172 56
177 181 32
68 117 16
43 176 4
144 24 100
39 161 68
139 19 9
105 183 34
30 82 11
88 162 87
57 33 6
178 194 25
23 164 69
55 111 22
16 43 50
172 37 69
1 115 36
76 19 34
22 94 38
119 178 46
37 136 73
46 183 5
82 142 22
195 93 26
47 99 43
186 171 86
163 135 8
195 182 65
151 194 44
136 188 93
66 173 56
43 155 66
102 168 16
18 108 12
67 192 38
99 168 47
81 181 10
36 127 56
166 26 84
58 89 68
181 158 88
31 22 92
131 159 90
109 22 54
81 181 52
191 132 67
76 162 46
68 142 23
133 194 25
47 181 23
177 47 97
18 54 34
6 45 3
180 77 18
198 121 78
10 121 64
108 47 14
161 85 29
131 99 36
172 145 85
58 160 23
108 79 32
55 49 11
130 122 3
55 85 42
6 195 37
138 183 31
36 119 83
57 21 25
41 77 86
1 107 10
35 41 84
138 37 81
46 105 78
35 70 40
2 82 46
24 125 54
59 181 21
168 117 64
173 76 55
91 159 11
182 109 85
44 23 19
189 88 46
148 79 43
194 184 77
26 190 43
48 44 55
185 123 52
57 19 70
9 38 5
183 159 97
31 81 21
82 31 17
27 57 95
15 123 22
26 9 61
103 68 6
12 39 12
48 157 42
5 156 75
111 8 31
11 8 45
3 151 28
23 88 20
153 5 49
162 179 54
58 85 48
55 98 2
18 67 55
48 44 55
148 193 100
93 31 24
19 71 15
61 112 30
29 123 31
66 13 57
153 11 7
162 154 9
48 10 58
197 61 1
171 42 26
68 142 23
8 19 50
98 40 43
48 17 45
48 37 87
53 54 68
16 186 17
36 21 93
179 111 70
162 53 35
92 43 1
163 120 69
62 194 2
40 87 6
177 21 79
95 50 33
111 8 99
73 13 36
34 20 55
137 166 11
91 192 35
83 156 39
105 29 71
25 126 60
15 123 3
96 119 76
128 149 30
155 147 33
82 58 26
138 47 32
90 20 35
56 60 57
89 104 4
114 48 7
155 111 48
45 196 72
185 50 60
164 193 72
186 52 70
57 62 98
80 37 3
57 148 67
48 17 30
32 91 9
9 56 69
24 125 37
112 80 54
113 152 90
110 46 1
19 71 55
102 100 56
101 171 1
161 95 41
120 109 23
174 87 62
11 100 68
32 83 58
169 26 32
168 141 2
34 160 98
89 104 4
179 176 17
169 168 3
79 127 44
1 107 73
31 168 50
140 115 27
105 183 76
118 194 87
62 185 18
51 120 91
158 131 1
45 98 6
11 25 86
91 90 88
68 186 20
117 156 41
125 193 48
198 147 16
190 39 28
121 103 66
101 121 97
72 73 39
177 190 4
109 22 88
188 87 34
145 174 16
124 41 29
159 157 44
116 80 28
181 52 96
33 18 34
24 198 91
134 195 9
26 11 12
187 146 41
129 107 43
100 29 97
112 163 73
79 172 16
70 61 69
47 109 84
140 176 82
125 107 13
136 91 60
115 56 93
36 28 13
187 30 31
116 99 64
80 84 68
173 76 55
142 119 21
150 123 27
145 172 99
183 119 7
15 50 63
74 48 30
162 30 97
16 98 12
159 193 2
149 61 29
79 192 27
119 67 1
98 181 69
182 144 99
186 72 77
72 91 53
60 167 35
27 142 90
174 20 29
34 160 98
41 75 2
175 124 86
53 54 87
48 34 72
15 126 94
71 4 74
173 92 67
28 12 88
125 169 61
62 125 57
44 85 11
45 137 80
168 172 67
100 23 94
77 20 8
128 22 58
166 64 60
152 44 31
13 6 17
163 200 52
177 103 96
107 9 61
83 77 96
182 13 70
114 130 6
139 100 59
32 121 60
6 61 97
186 104 25
45 98 6
84 167 68
46 190 93
198 28 43
200 29 40
125 110 18
125 39 2
39 183 5
78 118 2
69 160 97
28 172 45
124 159 69
125 169 61
35 78 70
146 11 32
96 163 100
72 50 49
172 45 42
35 151 27
53 157 11
52 115 62
172 61 63
133 34 16
134 29 25
66 95 58
110 124 41
174 82 35
59 185 54
52 115 92
140 189 37
82 8 45
32 83 55
143 98 22
46 105 48
172 40 79
153 191 72
40 12 63
51 125 12
8 19 50
17 22 59
185 50 63
183 119 92
50 14 67
49 160 27
128 6 96
144 82 10
161 57 51
64 142 34
130 166 37
36 193 43
36 134 74
194 136 97
179 23 77
23 109 17
86 103 32
92 176 34
97 114 10
122 66 98
119 152 65
23 164 69
102 150 6
148 79 43
149 64 34
85 9 66
110 145 44
161 85 29
175 145 81
168 119 48
129 171 28
23 48 97
111 191 91
123 68 36
13 78 78
36 45 94
109 143 44
168 172 67
15 50 63
68 43 5
76 53 18
23 66 41
33 31 99
83 156 64
111 169 32
188 49 20
25 164 47
135 130 25
153 45 70
184 106 68
120 148 84
21 43 39
42 195 75
198 98 2
57 148 64
169 8 26
117 41 34
198 97 35
133 48 11
138 163 90
199 173 33
71 76 19
32 191 8
126 26 87
144 86 25
88 33 48
198 119 57
39 61 8
166 70 68
12 41 68
128 149 35
44 23 59
62 156 99
49 182 23
165 158 93
163 110 100
128 40 26
171 89 99
91 117 20
28 183 10
11 127 83
110 46 1
59 185 54
182 56 89
24 69 79
60 129 88
137 170 55
145 172 36
127 51 100
128 22 58
102 193 79
181 58 45
145 8 44
20 112 9
6 9 38
4 75 66
129 163 44
168 177 29
66 196 52
193 180 82
198 121 78
127 193 31
188 167 83
113 152 78
113 73 58
166 175 34
158 130 63
14 112 68
146 100 54
136 156 35
149 123 65
60 92 75
197 154 87
193 66 91
93 44 17
156 168 59
145 60 54
29 22 24
145 42 38
195 182 65
3 187 29
37 66 72
166 101 22
169 177 32
93 44 1
134 78 36
121 103 66
55 111 23
80 148 91
175 124 86
25 179 36
26 1 2
37 200 60
28 172 100
148 193 44
34 29 6
122 171 91
130 78 31
47 119 74
36 28 17
10 121 64
123 145 55
196 94 78
200 24 54
79 84 78
163 142 79
73 106 2
2 81 97
159 182 84
144 178 37
35 149 39
39 133 25
139 118 89
89 161 20
187 30 47
68 182 72
21 77 8
55 23 71
88 146 85
58 57 83
27 163 43
166 82 6
63 97 21
46 190 93
183 111 21
54 95 13
160 184 79
182 10 18
82 142 22
138 163 90
95 94 80
85 41 64
174 167 1
174 177 49
80 35 14
15 143 39
198 14 9
179 164 67
166 82 6
5 104 5
179 164 98
27 163 43
131 159 90
150 200 17
17 27 29
103 164 21
57 135 38
70 61 69
146 134 95
30 82 11
156 58 29
147 197 41
35 149 39
117 41 78
107 66 49
37 29 42
103 128 56
25 51 29
141 113 72
73 106 16
148 26 32
17 114 35
90 10 46
80 7 83
123 84 99
176 125 56
138 71 65
153 45 70
161 10 34
190 27 2
50 72 30
68 99 82
178 139 94
118 48 80
24 193 1
46 66 45
169 159 24
26 128 50
145 88 22
48 97 24
177 83 47
45 120 81
75 14 97
182 4 68
65 19 15
92 124 1
24 11 17
91 149 69
11 100 20
90 10 68
136 123 42
200 81 49
164 198 76
61 1 90
72 99 5
24 11 17
175 35 46
158 191 53
50 90 26
168 72 82
120 147 80
111 169 99
30 90 18
124 41 33
48 39 95
5 104 63
14 54 58
13 151 45
11 44 49
79 68 32
62 185 18
196 89 9
138 142 97
166 97 83
89 161 42
177 74 84
25 153 2
39 38 29
88 146 85
66 196 54
196 32 96
191 107 98
24 128 87
194 156 78
63 189 9
9 122 99
58 60 58
17 129 46
135 136 39
164 161 64
84 130 4
184 176 87
196 94 15
32 132 75
191 179 74
54 187 98
153 11 5
67 85 9
32 84 3
63 49 46
189 167 44
67 192 38
133 83 38
164 85 39
174 114 46
10 191 15
11 127 83
35 151 27
92 164 31
74 71 71
32 132 75
169 42 25
181 177 82
28 12 88
52 76 73
86 103 32
89 14 12
153 179 95
155 147 33
24 193 1
55 98 31
44 48 58
91 78 28
111 161 27
159 111 98
139 85 64
87 91 75
197 154 37
2 40 2
103 114 45
139 34 40
20 151 51
172 149 18
102 153 33
187 102 41
177 55 83
96 73 73
191 63 30
145 157 53
45 120 81
9 123 20
25 110 93
187 20 14
32 115 80
149 12 49
44 85 42
19 43 93
92 16 56
54 148 26
143 100 12
43 194 73
182 109 85
136 123 75
43 176 4
15 126 94
11 64 18
28 167 48
113 157 19
127 162 72
163 200 60
24 198 17
1 55 29
75 80 20
43 40 64
30 76 71
2 151 53
156 12 95
146 100 54
128 181 14
13 147 86
41 151 85
125 171 25
46 142 26
162 179 85
121 70 94
176 78 33
30 90 18
76 162 46
109 198 22
32 104 29
35 41 84
144 178 42
85 190 6
24 82 92
167 88 74
129 45 52
49 22 42
20 163 45
9 38 5
43 120 85
195 158 80
59 67 72
184 194 95
182 124 1
169 135 66
66 117 97
38 29 94
95 50 33
41 25 58
25 126 60
35 1 52
107 150 17
134 195 9
78 138 9
65 55 29
169 135 63
125 9 29
27 57 95
96 39 12
66 162 40
194 27 31
173 92 67
97 37 53
22 80 40
166 128 91
135 5 27
68 186 35
123 170 58
97 30 10
16 194 56
11 104 17
97 172 56
25 138 86
16 136 23
103 68 6
33 182 8
171 147 80
59 168 53
186 166 46
179 141 5
20 89 20
129 163 44
16 194 64
48 157 42
96 127 80
11 47 91
60 129 88
68 43 5
193 180 75
13 158 87
161 102 25
188 139 63
79 192 27
137 98 56
24 82 66
58 160 47
60 92 48
167 159 27
171 198 85
5 29 97
23 139 27
62 29 66
91 121 92
57 19 70
111 147 68
96 39 20
172 192 19
159 6 96
101 171 1
26 86 13
11 163 61
64 78 92
91 19 69
179 200 87
63 45 47
105 5 17
132 194 45
85 69 51
54 147 63
15 9 32
93 122 91
133 45 46
126 26 43
185 23 63
154 76 5
41 9 39
92 164 31
172 69 85
77 42 33
21 34 38
182 13 5
95 14 72
2 168 86
148 26 9
62 121 37
144 8 23
192 168 100
172 69 55
108 105 11
59 181 21
187 56 99
121 109 94
70 172 41
159 6 96
156 199 21
158 60 82
129 5 16
67 91 58
101 60 79
166 101 53
123 60 23
1 60 89
66 162 41
76 110 77
158 191 53
195 106 42
66 140 70
45 137 53
69 124 68
68 136 43
123 116 3
25 68 93
87 52 70
158 60 82
182 28 39
28 142 78
61 1 90
120 61 55
39 198 68
13 147 86
41 77 44
99 112 64
191 107 16
180 150 4
194 27 19
65 55 29
56 161 78
61 123 14
90 20 7
138 49 93
25 179 12
22 125 45
31 183 89
96 73 73
28 140 47
57 21 40
166 128 31
16 186 73
99 27 57
134 82 48
102 150 6
48 97 13
94 43 17
21 200 42
138 183 28
31 123 14
102 100 2
23 92 47
25 153 2
28 157 59
134 141 15
182 10 23
11 74 73
79 68 32
137 59 66
33 18 73
181 78 40
180 165 99
63 189 98
19 80 94
14 45 54
93 66 39
186 80 31
64 142 37
134 161 8
9 123 35
44 52 91
131 173 56
26 151 35
169 168 26
179 176 43
29 125 20
169 159 24
101 110 97
178 88 70
101 177 19
56 47 70
103 128 81
168 154 6
110 60 3
94 176 26
56 47 27
13 129 83
135 5 89
187 146 41
133 85 97
195 68 12
51 104 77
112 48 85
75 159 5
36 134 27
110 124 41
161 38 83
131 99 36
182 70 80
64 98 31
120 64 78
34 61 2
151 195 36
81 127 57
193 120 18
2 174 58
123 14 17
54 119 33
37 101 50
20 154 33
25 68 49
190 27 92
120 196 64
30 96 89
79 119 9
163 120 69
77 94 55
143 1 66
174 127 49
194 156 54
178 194 25
186 171 95
179 111 14
115 177 34
181 52 15
103 46 5
122 171 91
79 72 21
195 79 64
125 110 26
3 7 69
108 13 20
198 97 18
66 19 9
76 53 34
16 135 38
119 152 68
35 135 39
18 108 29
175 13 42
185 123 77
2 151 39
61 39 99
26 86 49
161 23 67
33 182 8
177 190 4
121 70 94
200 24 28
32 158 3
61 123 14
36 45 73
54 147 70
137 178 76
137 59 82
168 119 48
182 7 28
93 38 53
160 99 47
31 36 42
45 55 60
191 115 19
26 116 85
177 83 47
146 141 47
25 164 47
139 64 49
122 136 14
145 60 54
84 61 22
174 87 62
174 70 7
93 175 43
137 105 14
98 28 65
120 64 78
35 78 70
9 90 2
34 113 70
91 19 48
80 84 64
9 122 99
27 48 79
22 27 92
