200
102 175 11
34 17 13
168 162 48
84 12 68
77 100 5
187 2 60
58 122 49
8 97 97
1 78 34
171 43 97
179 121 62
136 183 92
81 182 70
83 106 23
133 186 62
55 121 71
154 96 85
137 9 77
32 46 5
22 3 65
108 161 49
134 28 92
60 88 47
180 47 51
11 30 42
102 175 64
45 89 90
45 89 90
153 146 85
93 94 66
50 32 55
174 159 44
186 158 1
52 164 36
100 107 92
46 28 8
115 17 86
95 52 97
126 139 59
116 56 86
79 150 57
35 89 99
46 152 92
142 85 92
122 26 35
87 152 63
50 15 85
7 178 61
163 195 51
119 182 81
64 88 9
173 20 9
135 189 53
191 69 18
149 156 13
10 8 92
86 130 10
13 94 33
10 107 44
54 101 29
134 62 55
46 23 64
170 141 62
94 17 22
186 198 3
14 131 74
78 125 92
159 22 4
130 27 87
64 92 80
199 72 84
10 115 88
100 197 38
184 36 63
126 13 83
85 171 99
157 136 92
193 70 2
186 198 48
191 9 83
183 162 43
177 66 24
41 162 7
40 5 15
55 183 54
66 150 58
42 74 27
155 80 66
71 180 46
22 9 75
21 96 57
143 75 82
154 132 17
138 21 60
150 180 68
56 190 22
150 145 61
51 141 71
22 164 12
58 98 53
63 44 19
134 112 93
61 90 96
85 135 52
76 41 12
31 161 90
28 65 54
126 21 37
146 116 47
116 95 40
107 84 65
36 54 48
62 96 1
35 114 98
5 169 34
7 116 91
27 135 47
40 146 100
186 48 23
71 116 38
82 11 29
164 131 37
90 63 73
95 7 44
128 44 11
22 9 75
20 170 19
107 150 6
124 171 83
12 73 100
81 175 84
131 128 98
39 32 72
140 92 54
86 55 1
156 8 98
60 18 43
65 38 87
49 137 12
23 79 37
133 112 35
143 37 92
155 87 23
83 30 37
191 159 71
191 9 83
74 159 15
56 190 16
99 69 75
153 46 70
64 83 77
67 192 10
182 147 89
37 164 12
163 152 93
96 172 40
157 197 87
52 190 39
187 146 72
128 44 49
138 71 22
100 197 38
46 31 40
138 64 74
90 108 33
133 186 62
138 157 37
63 44 19
101 181 57
76 120 49
167 141 20
84 193 71
174 153 21
6 3 99
82 165 53
85 2 86
25 97 88
60 85 56
116 29 16
122 95 74
139 9 33
128 146 41
112 101 98
26 42 41
22 70 90
182 147 89
109 98 7
147 171 47
58 165 22
51 139 86
66 56 53
49 91 1
171 172 67
157 18 45
167 103 1
46 94 6
133 177 22
11 22 14
81 76 93
38 139 58
114 169 53
10 68 57
80 60 80
57 60 75
8 131 7
35 181 11
186 48 23
180 75 4
124 28 68
150 177 81
136 2 42
178 57 34
101 181 97
153 169 75
196 92 45
52 126 2
122 68 75
37 11 95
117 38 57
126 13 83
194 60 80
187 146 72
115 139 99
142 186 58
142 192 89
80 117 58
56 1 67
150 177 81
117 173 39
152 146 51
135 103 73
135 189 53
138 106 5
99 97 61
196 131 87
177 123 41
110 3 70
189 193 40
156 8 10
176 107 76
193 64 93
84 26 17
158 126 29
197 41 17
185 112 8
11 26 40
12 189 81
171 75 70
142 171 68
115 139 91
121 26 77
129 182 22
169 102 12
111 23 79
64 87 81
30 115 65
93 148 16
178 110 87
86 82 42
89 175 72
39 32 72
41 148 72
78 120 36
141 133 22
66 75 22
56 172 45
28 12 94
81 5 77
24 3 12
163 195 51
32 46 5
157 68 38
103 100 22
200 156 4
133 54 79
154 132 3
42 152 31
100 8 52
35 114 15
197 110 97
13 187 59
106 170 60
133 31 4
190 133 3
94 109 64
65 140 55
86 55 22
51 139 80
39 155 20
102 180 87
24 33 38
43 156 4
117 184 87
30 137 8
7 115 73
57 170 79
191 13 18
98 102 43
71 42 82
56 1 15
149 106 32
109 2 4
91 181 48
108 121 78
121 166 61
34 188 29
176 2 3
103 127 20
10 31 4
148 15 48
3 149 19
92 17 98
159 46 76
149 150 84
147 76 37
170 89 10
188 28 6
160 13 86
135 122 62
66 151 51
83 30 86
171 43 100
138 16 22
196 84 39
175 119 39
178 198 28
142 85 92
45 148 1
9 106 97
197 53 17
166 71 74
168 42 95
98 102 44
149 106 32
152 67 41
47 130 46
23 136 94
88 24 91
80 188 56
166 90 46
177 62 7
20 62 72
88 192 11
4 67 23
140 6 28
42 133 90
195 181 5
95 50 45
127 98 13
162 145 73
64 143 100
175 177 94
128 183 54
38 182 95
64 57 12
40 156 49
44 132 44
107 1 16
148 7 55
116 14 53
106 70 79
17 132 5
17 156 100
34 123 86
135 122 60
24 33 38
149 114 23
200 42 57
46 143 37
115 117 29
18 34 15
135 75 46
10 170 31
70 163 88
136 119 95
42 152 31
123 78 60
96 193 97
11 22 14
163 52 95
78 114 81
191 139 24
41 196 16
6 10 37
124 192 15
45 168 31
167 54 70
101 153 49
36 54 48
14 180 96
4 80 37
14 180 42
171 158 18
43 156 4
13 94 33
3 167 85
148 69 95
11 70 41
83 149 16
99 91 16
73 76 76
43 97 29
186 60 60
134 71 77
56 32 41
54 101 63
92 64 69
72 139 6
181 63 73
50 27 17
20 62 72
114 149 7
163 117 84
173 181 7
87 177 15
106 60 29
140 2 74
182 167 86
160 112 54
170 127 39
41 65 1
163 139 33
150 180 31
12 152 3
28 18 60
59 40 95
121 122 63
146 177 95
9 92 46
178 143 70
12 171 56
58 116 60
103 96 39
196 159 46
61 90 96
175 119 39
133 95 34
61 189 88
160 167 45
92 9 38
180 144 45
76 120 49
81 164 90
193 64 93
121 122 21
50 120 48
77 170 90
56 172 31
99 70 49
169 61 97
125 133 9
131 44 70
135 103 44
83 199 62
108 161 49
119 180 83
144 72 19
97 158 98
33 45 59
165 120 38
96 75 22
88 98 71
167 80 2
102 123 15
9 32 79
72 182 27
168 28 90
43 173 95
174 153 29
134 28 92
163 87 39
101 22 44
169 98 75
102 55 71
192 137 33
55 197 75
25 71 97
173 66 67
79 176 82
93 148 30
126 9 45
109 111 24
60 11 51
152 67 41
173 20 9
63 131 76
71 138 58
165 97 24
154 177 69
166 35 62
196 131 62
12 37 88
52 85 91
134 121 98
130 105 11
55 38 2
198 151 6
49 91 56
142 171 75
18 164 90
175 42 71
11 113 46
107 169 45
107 74 28
36 31 26
26 182 88
197 41 17
56 195 62
187 105 29
160 103 92
175 1 57
24 96 75
98 181 90
185 37 31
182 199 4
136 103 88
5 24 68
105 151 13
16 46 36
24 96 75
176 2 3
198 150 5
95 91 8
34 123 86
147 121 8
169 8 29
94 22 74
65 181 72
85 32 74
89 118 100
132 133 4
111 7 7
131 128 5
8 139 73
2 61 6
98 106 60
65 2 14
135 17 54
163 127 59
130 105 11
170 29 7
41 148 7
46 174 39
113 2 10
76 41 41
182 192 76
148 56 20
37 80 28
142 13 41
83 15 88
79 150 57
167 109 66
198 150 74
196 176 82
163 128 63
200 156 16
85 80 25
195 138 85
17 147 19
11 26 40
198 82 94
68 182 66
55 198 59
49 128 94
4 20 48
164 126 31
64 200 5
60 196 28
4 70 24
21 26 23
159 86 68
71 78 25
14 131 75
100 142 78
59 48 95
2 45 1
170 11 15
154 193 65
4 167 23
140 162 41
30 59 2
59 48 95
20 179 93
130 143 47
138 106 63
172 72 43
114 183 12
110 118 90
46 28 8
88 136 16
144 148 56
127 76 28
174 91 20
98 54 60
149 150 67
167 103 5
14 133 81
69 114 88
77 100 86
177 123 56
141 133 3
126 198 22
92 115 76
139 86 33
7 59 11
81 116 59
160 12 49
40 174 51
169 70 15
36 124 3
105 151 13
145 6 29
127 27 16
74 161 97
63 110 45
3 94 39
130 49 33
112 93 15
164 94 77
189 135 92
133 74 95
154 193 27
171 34 37
174 159 7
107 190 55
133 54 79
199 72 84
74 39 31
32 143 79
111 137 37
165 79 26
133 97 12
14 133 81
1 172 22
135 194 11
35 195 70
1 172 22
168 87 61
165 97 24
78 125 92
77 189 53
47 140 46
41 155 73
98 100 23
49 128 31
169 149 27
85 147 3
98 25 28
17 88 61
47 71 98
11 156 90
14 104 90
127 150 72
182 20 50
17 132 5
66 109 12
155 132 49
195 7 89
175 92 35
140 6 87
164 89 9
160 103 92
46 94 72
64 92 80
64 57 31
103 183 1
179 148 39
35 124 74
85 2 86
142 189 87
198 11 5
100 124 88
135 45 41
81 177 31
4 152 38
25 139 88
131 98 13
178 96 89
180 1 100
70 163 88
153 194 26
142 192 95
194 90 75
187 5 1
138 21 29
171 44 89
12 4 83
191 42 41
18 146 97
124 171 60
20 179 19
72 182 74
196 77 30
109 14 64
37 80 28
30 101 39
97 94 63
57 16 82
2 4 64
113 194 47
73 108 43
168 83 61
143 45 77
134 121 77
176 149 90
8 78 93
140 160 20
192 4 18
8 97 100
143 38 68
76 160 14
178 118 93
71 42 82
148 56 16
9 187 1
131 44 70
66 75 22
34 2 40
2 45 1
100 31 35
135 165 30
45 178 51
11 70 49
113 199 73
86 103 70
169 102 51
147 185 54
130 116 12
109 111 24
78 49 77
128 163 7
23 194 85
82 41 49
162 74 52
178 57 27
100 191 97
99 124 65
195 34 79
2 61 6
31 199 64
122 95 74
43 88 44
11 45 3
4 3 67
168 145 47
143 63 60
187 5 85
111 192 12
58 165 49
148 130 52
96 75 22
19 57 10
157 41 54
95 50 94
102 123 8
20 23 28
38 182 95
144 133 47
101 63 32
23 46 3
6 92 33
29 3 58
157 18 59
95 147 62
3 167 85
133 119 81
177 45 100
169 98 86
117 57 15
46 31 40
156 122 58
69 84 98
130 143 56
12 4 83
135 75 46
152 41 70
192 75 98
10 70 64
51 152 17
191 97 86
30 67 61
41 45 98
80 67 72
166 20 16
154 113 53
180 166 3
100 142 78
146 184 63
55 121 71
94 72 22
190 67 96
49 153 40
119 112 57
46 199 65
43 101 70
118 115 3
193 70 66
111 192 12
23 127 75
143 145 26
156 47 66
128 146 41
163 87 84
59 3 82
144 133 73
4 19 51
90 108 17
135 17 69
189 193 89
98 106 60
71 116 38
199 112 61
129 144 91
155 174 78
24 3 12
65 151 29
107 137 7
130 118 98
103 96 39
61 195 11
68 115 94
49 14 20
49 14 20
26 42 41
117 54 45
176 19 19
93 36 32
51 68 100
156 20 81
197 110 97
113 194 47
181 185 78
171 95 57
37 143 76
173 16 57
159 87 14
168 87 3
96 193 55
127 180 45
3 30 64
41 76 77
145 6 6
6 176 6
15 21 34
148 7 61
93 84 73
107 154 61
169 8 58
44 23 90
144 175 25
50 61 52
32 126 84
95 182 69
196 92 45
70 32 16
123 166 43
155 132 49
154 177 69
150 17 89
7 168 21
171 172 67
78 120 46
10 115 51
114 189 83
138 200 26
106 9 24
50 46 55
119 182 81
107 74 28
164 117 35
132 36 61
147 99 53
106 128 80
4 67 23
10 83 23
140 162 41
127 87 34
113 199 73
26 67 17
101 153 80
93 84 73
176 19 19
103 159 18
23 106 77
133 97 12
88 98 94
139 69 86
50 179 82
85 32 74
68 115 94
128 148 77
110 177 25
33 45 59
124 143 94
30 2 37
60 172 53
23 21 24
14 176 66
14 169 89
147 166 58
54 160 91
61 95 13
169 156 71
175 22 92
98 28 9
35 1 75
86 130 45
86 87 30
94 6 3
187 158 46
127 180 45
29 171 66
178 156 83
156 77 87
110 46 2
22 94 99
121 26 77
143 75 82
159 84 30
199 64 62
91 175 31
148 28 65
28 159 84
30 137 64
57 60 75
175 188 73
171 87 65
54 139 46
129 123 51
17 39 1
194 161 81
134 162 2
56 143 40
112 101 98
199 112 50
91 181 48
54 35 63
8 150 11
160 112 68
30 20 7
85 147 3
194 161 31
134 71 77
8 131 7
21 96 57
117 173 31
107 191 76
140 160 56
5 169 91
159 84 30
55 38 14
153 158 93
54 160 89
51 141 71
127 87 34
22 164 38
31 110 85
143 3 18
156 184 53
129 88 57
173 164 84
138 200 70
5 192 17
64 88 9
171 175 63
165 79 26
145 36 48
39 184 100
107 169 2
186 60 60
171 44 82
15 167 23
169 51 15
141 147 28
129 46 46
12 171 56
198 151 6
100 11 6
99 170 13
161 180 73
38 9 78
167 172 40
110 193 2
54 96 21
46 199 27
95 91 8
158 104 9
191 42 41
166 38 82
56 143 40
128 163 55
179 184 77
1 78 25
110 38 71
92 17 8
3 94 39
66 151 51
122 163 93
129 111 91
139 19 44
169 37 87
88 144 55
67 114 93
50 83 76
99 128 69
117 54 42
89 175 48
87 145 32
31 161 90
83 162 89
176 107 11
109 2 6
152 146 24
2 4 64
72 137 38
80 67 72
12 86 1
169 156 38
66 127 84
10 132 37
163 51 66
139 69 71
85 80 78
67 26 89
117 184 87
80 57 46
52 164 71
117 102 56
91 136 47
160 3 64
103 15 18
103 100 91
187 105 29
78 49 87
116 157 66
196 195 97
15 18 51
65 38 89
16 8 32
142 30 12
58 122 49
173 16 57
110 3 70
137 142 62
126 139 90
114 149 7
177 82 22
81 116 42
75 36 100
178 110 87
23 196 90
143 38 4
96 172 14
106 123 95
95 52 46
95 158 88
57 170 47
146 8 43
81 89 66
16 122 19
56 161 98
194 127 62
6 92 33
26 181 55
65 20 87
50 178 31
175 188 17
16 89 21
120 35 16
73 108 37
101 117 78
146 51 53
108 142 26
52 66 100
93 149 17
76 35 54
107 191 76
113 71 20
