200
180 58 57
67 30 83
86 124 21
92 93 1
182 109 30
1 71 16
54 10 8
158 101 47
144 47 52
97 198 78
148 94 26
92 41 95
45 27 90
185 197 9
141 181 90
12 43 46
166 160 75
111 136 42
70 144 73
51 128 82
163 91 25
135 4 75
8 188 84
200 70 9
117 143 20
113 38 26
139 198 26
36 113 66
150 138 4
68 127 95
87 153 19
43 169 85
151 11 5
171 185 56
187 84 63
39 112 61
5 184 68
60 166 42
45 75 12
151 40 66
82 114 65
21 149 90
106 191 16
143 60 59
199 29 97
138 80 72
126 69 25
150 152 54
50 44 28
102 196 46
72 190 100
171 158 89
71 145 71
51 193 9
86 69 79
29 140 17
20 103 83
51 162 37
150 126 92
193 81 83
27 119 2
51 135 23
62 101 92
105 100 55
27 18 47
76 182 69
25 76 19
54 159 32
158 78 59
146 85 64
188 20 84
30 175 55
91 172 88
146 128 60
124 25 20
20 47 91
186 188 93
123 52 44
156 68 41
15 102 12
118 57 39
165 140 24
80 18 72
161 197 95
6 35 31
143 87 52
48 6 61
188 197 85
179 189 62
139 76 23
188 152 99
184 68 90
50 84 61
127 75 42
177 156 28
66 105 41
126 108 47
156 66 94
121 32 16
122 89 81
190 92 45
71 97 21
59 37 15
154 103 26
106 165 66
21 152 55
56 67 82
132 183 20
173 172 5
25 79 69
44 9 54
65 98 32
138 9 17
67 119 46
50 79 77
3 106 54
89 136 45
96 157 29
118 179 65
104 45 87
9 169 21
8 37 82
9 135 68
167 123 32
15 106 71
153 138 82
68 23 63
111 109 11
31 25 37
37 23 43
1 71 1
200 19 87
27 193 80
18 118 57
105 30 58
41 9 79
188 31 52
55 98 30
167 116 32
197 32 34
93 87 45
95 125 22
84 152 98
47 57 15
56 145 40
134 156 27
91 21 47
5 184 12
190 94 38
30 68 65
127 120 50
163 91 32
55 98 1
171 53 7
89 68 94
40 56 10
141 152 62
82 197 83
162 171 48
139 151 56
198 57 2
195 11 48
86 193 18
49 115 21
120 124 50
112 27 80
62 149 70
135 4 75
114 32 34
170 89 72
2 117 98
43 65 98
124 78 21
184 181 88
26 108 13
97 195 46
182 194 81
165 140 96
12 102 13
131 89 21
148 116 54
89 29 16
122 51 40
46 18 6
104 45 39
59 166 86
25 173 10
16 183 85
59 37 15
125 64 8
150 190 88
72 157 47
92 161 95
55 61 32
21 132 28
116 60 51
134 30 75
46 13 56
8 89 8
174 55 32
195 29 89
141 106 57
40 78 93
141 181 9
103 109 3
128 91 9
24 191 3
26 61 93
28 45 39
143 60 59
90 198 66
69 169 79
142 47 21
198 19 73
133 48 87
179 61 26
86 67 96
65 35 92
139 134 14
36 32 4
34 58 57
39 37 68
80 18 32
183 54 78
32 38 77
148 146 27
160 199 60
147 83 72
125 17 33
132 84 28
35 24 38
111 109 43
127 75 26
132 16 63
151 186 79
124 120 46
136 12 80
67 143 94
64 28 21
28 45 66
27 119 14
16 25 68
113 128 14
81 11 14
23 69 88
39 91 80
132 122 57
59 145 67
182 101 57
168 109 66
44 9 83
126 108 47
36 74 78
48 175 28
34 72 68
69 21 7
119 143 57
163 3 82
144 36 18
88 136 36
193 81 83
125 69 53
150 138 3
165 117 54
26 81 17
22 94 97
89 133 42
162 165 44
123 32 100
172 184 4
123 46 75
5 39 100
178 130 70
88 127 21
188 119 32
127 182 94
29 19 75
43 102 44
140 30 24
156 121 7
136 196 94
129 89 74
78 116 68
138 136 69
5 189 92
89 17 58
101 152 57
7 128 95
48 172 71
178 130 82
24 191 98
30 31 72
59 124 19
150 50 32
161 85 100
198 84 24
104 110 6
111 136 42
151 46 64
184 102 94
187 184 25
114 15 31
111 149 92
179 81 11
17 95 95
156 191 49
95 88 23
38 118 40
198 89 75
168 158 91
92 6 16
25 47 89
114 117 46
191 81 2
160 61 54
23 50 93
155 63 20
31 25 37
150 50 32
195 129 68
146 92 79
154 115 59
197 57 36
48 8 78
170 34 64
47 33 6
92 31 95
34 4 33
138 26 72
34 58 28
123 48 63
161 111 8
74 180 66
119 168 98
59 196 37
31 155 4
119 176 22
29 157 54
100 63 49
117 59 49
161 26 2
185 164 61
73 4 49
21 152 55
100 113 32
2 89 48
48 192 29
25 96 88
97 75 37
57 18 5
105 77 26
84 14 38
192 31 68
16 78 24
186 182 41
77 99 58
16 78 24
186 188 93
82 30 50
115 193 66
35 24 38
149 51 70
18 25 3
42 72 36
160 168 54
84 65 52
48 59 28
148 6 10
129 47 21
153 184 4
91 174 83
162 4 76
48 104 34
197 32 34
134 89 94
195 11 48
85 20 66
120 146 90
132 16 63
107 159 63
103 21 82
83 14 37
164 77 78
124 78 21
38 26 50
139 198 26
23 26 39
153 138 38
127 182 94
74 195 68
130 103 51
177 81 56
62 96 14
118 179 65
152 39 62
80 140 78
84 14 38
77 99 56
42 170 32
118 151 64
84 44 10
148 6 10
29 125 32
158 101 47
103 64 91
44 198 29
158 184 61
52 66 75
135 26 20
79 137 13
182 15 5
58 7 48
92 188 17
137 45 6
82 200 51
102 121 54
198 89 87
66 104 10
163 112 32
111 18 3
142 194 96
171 53 7
113 77 29
119 3 100
31 101 88
68 178 17
175 4 94
95 143 53
176 175 79
33 48 79
199 147 53
40 116 29
122 103 94
155 121 46
163 3 32
60 174 5
118 88 36
42 44 37
37 70 19
165 195 92
157 91 63
55 59 32
38 128 75
129 83 82
34 72 50
44 76 77
157 77 16
136 71 96
75 72 64
188 17 14
183 53 21
11 41 47
164 53 13
192 54 78
79 62 26
127 109 80
50 134 65
109 169 49
31 26 4
143 86 91
165 85 19
37 116 91
34 4 33
188 42 60
163 51 20
109 98 64
112 153 48
134 100 26
178 73 85
178 52 73
62 148 39
155 121 52
109 191 15
139 23 73
177 61 67
105 30 58
80 106 85
132 80 42
148 102 22
90 83 79
18 25 3
172 71 89
7 128 95
196 50 1
80 83 99
169 141 57
32 51 11
20 70 95
46 73 66
96 182 95
82 200 65
194 85 27
184 127 77
31 190 87
135 145 15
127 164 92
48 172 71
123 32 77
55 14 31
149 158 85
159 124 57
58 182 63
83 71 18
95 143 53
169 187 96
80 82 33
191 150 63
17 52 77
72 112 40
26 61 31
50 58 83
10 52 53
20 47 91
95 5 39
90 198 66
104 110 37
95 120 91
198 7 93
110 43 26
62 22 50
85 80 5
81 11 14
48 104 34
1 23 42
36 74 50
112 97 78
155 171 2
56 114 18
59 166 12
170 123 98
197 161 90
155 171 2
92 161 23
187 138 24
20 175 70
142 57 4
48 148 38
81 68 29
29 124 29
81 48 3
157 170 60
13 134 20
7 72 84
117 168 30
12 158 37
81 48 26
78 200 60
194 85 27
171 72 58
161 197 95
174 194 76
123 82 10
164 42 60
65 176 17
96 200 76
30 4 50
18 110 66
2 134 2
176 67 24
84 25 63
8 1 53
165 132 69
103 58 5
190 92 93
37 23 43
64 104 71
21 111 67
49 115 21
72 50 25
35 188 12
113 89 23
127 29 68
48 143 65
60 78 2
149 114 55
165 72 54
25 94 2
56 26 97
28 11 10
80 82 67
94 124 31
118 76 47
179 189 62
89 68 8
103 109 3
166 160 75
133 103 34
165 132 66
133 166 64
83 71 95
48 98 71
87 153 39
164 27 75
92 106 53
48 175 28
80 106 85
188 197 85
59 91 64
104 34 96
41 20 36
27 167 39
81 146 87
138 26 72
155 115 50
65 35 65
50 58 83
37 46 47
35 26 67
142 194 27
125 69 53
192 187 32
1 23 42
133 174 11
48 192 29
197 161 90
147 120 9
48 39 59
192 74 7
71 49 43
94 55 37
111 51 45
87 134 61
34 131 77
74 140 59
118 26 80
20 41 10
47 40 82
75 82 8
99 139 75
171 74 50
161 71 95
17 28 21
9 135 68
97 77 26
13 53 75
191 150 92
91 190 29
127 164 25
185 96 86
75 91 36
45 135 52
158 153 54
70 144 8
70 107 27
67 119 31
120 197 33
23 26 77
146 101 48
85 20 31
190 168 9
80 113 1
88 112 15
191 81 2
11 29 88
75 82 8
99 153 46
24 113 89
62 148 4
44 67 56
179 61 96
37 3 78
123 48 96
5 149 96
32 185 16
45 27 100
97 155 99
59 179 94
73 191 66
152 39 62
20 70 95
70 150 52
159 31 15
1 118 63
13 173 61
192 54 77
174 15 4
36 186 86
28 20 100
2 189 63
154 187 99
147 35 96
158 185 42
22 168 62
41 20 46
58 108 55
84 21 99
40 126 71
167 30 42
186 182 41
69 21 7
24 127 65
36 197 30
76 23 16
82 125 78
34 149 46
111 169 74
182 80 92
25 94 2
42 44 37
117 17 18
80 48 25
44 198 29
119 53 46
190 94 38
164 127 27
164 65 69
199 147 53
164 65 69
141 152 81
28 11 10
123 20 37
156 65 2
38 26 82
51 159 10
30 143 34
55 111 50
134 42 66
17 58 86
54 10 8
18 118 57
78 190 23
146 14 1
92 93 1
53 156 46
86 174 22
118 173 22
182 119 34
141 106 57
46 63 100
1 119 24
150 137 91
60 190 33
141 44 12
75 190 72
56 70 24
169 187 56
129 148 82
40 35 59
53 189 69
55 61 80
145 9 86
44 111 44
16 187 88
74 108 74
146 128 86
188 57 76
29 95 66
5 10 10
106 147 63
151 168 75
73 142 84
1 119 78
191 110 96
187 132 3
5 35 10
118 98 73
157 96 63
92 27 72
80 83 84
154 48 7
185 85 77
59 196 38
148 7 80
49 25 96
10 146 99
111 149 11
151 186 61
3 198 26
134 99 59
116 185 99
48 59 78
118 26 80
113 77 29
119 37 31
196 105 29
56 39 12
119 91 21
78 50 61
124 25 49
92 30 80
119 176 27
46 73 66
188 31 52
92 41 5
102 196 46
191 22 6
7 110 56
66 104 10
138 43 84
175 145 57
47 115 57
24 187 96
86 193 18
38 176 20
199 57 71
53 54 58
192 3 86
146 85 64
92 30 80
10 124 39
172 96 99
91 21 54
171 137 1
37 192 92
30 175 80
96 117 67
16 187 40
12 37 16
115 193 9
187 65 68
186 130 43
24 116 79
132 122 9
152 84 77
44 67 61
114 2 38
92 15 30
49 25 96
24 113 75
106 191 16
144 36 64
194 109 97
154 48 41
79 143 32
136 51 62
71 124 81
197 146 89
96 72 92
78 21 35
121 136 15
20 17 55
138 136 69
48 108 93
36 182 30
197 146 69
171 111 57
29 150 78
86 69 79
60 190 33
176 168 35
170 123 96
191 155 81
59 145 12
121 56 45
104 145 73
37 168 58
20 17 55
75 190 65
197 198 19
77 149 77
102 45 80
180 49 9
188 116 77
53 157 92
119 37 57
43 191 66
38 176 90
44 62 3
28 42 84
111 191 7
27 169 33
188 119 59
68 49 72
5 134 56
147 126 80
33 121 59
190 168 9
12 158 37
144 47 96
173 91 55
170 193 68
35 196 57
5 134 56
68 49 90
116 87 88
48 8 78
138 192 30
52 151 51
33 121 33
55 59 46
176 152 97
6 22 22
17 52 77
6 35 31
103 142 43
173 172 5
23 29 57
30 89 17
112 123 75
118 76 58
84 44 12
82 72 61
8 1 62
168 97 92
35 188 22
145 9 86
86 177 79
165 72 54
79 137 46
157 170 88
114 32 95
178 126 59
56 146 9
139 36 99
36 33 90
1 129 93
80 121 12
84 65 52
186 130 23
3 20 59
80 48 25
30 148 80
24 38 74
33 48 79
54 144 74
23 147 82
144 90 49
90 83 88
179 50 99
164 96 48
60 64 50
13 173 61
158 33 94
60 166 16
171 74 50
92 27 80
181 179 87
111 99 58
146 167 17
82 40 45
62 73 35
39 49 79
79 66 92
108 11 50
193 135 11
81 146 99
165 195 92
81 61 57
169 63 23
165 109 76
158 78 85
111 178 26
166 163 90
57 95 61
35 112 86
61 98 97
117 176 66
58 106 25
69 191 20
155 167 13
40 78 93
117 16 52
41 9 79
39 170 13
31 84 6
86 124 17
181 84 58
106 188 84
86 67 88
11 151 25
29 19 99
115 174 1
124 10 41
82 137 18
96 32 69
119 143 57
17 28 21
29 95 66
128 71 94
163 29 37
62 96 86
61 44 72
136 12 40
165 137 28
164 42 44
179 96 3
47 169 15
138 92 62
109 191 15
129 47 21
107 156 76
50 86 67
128 91 82
15 156 20
72 190 53
17 147 83
188 17 14
170 28 81
140 26 50
191 198 29
56 70 24
155 26 100
75 91 36
103 21 24
164 48 82
139 76 9
164 27 75
120 197 44
126 85 2
62 73 55
56 67 82
29 10 63
146 167 15
48 108 77
53 189 82
95 125 22
184 107 37
85 80 5
84 165 30
49 75 95
9 47 88
165 63 72
42 50 47
126 69 19
160 152 35
101 113 90
194 129 69
119 145 14
44 188 8
87 134 29
72 34 80
158 30 77
158 185 42
33 129 47
183 130 11
92 15 30
135 191 75
195 197 57
115 173 76
24 31 41
40 116 17
78 21 35
158 46 19
198 127 77
151 46 80
7 181 24
81 123 83
59 102 11
135 145 15
46 177 58
91 190 29
12 1 75
84 24 9
62 101 70
191 110 18
21 165 99
143 87 25
59 124 15
26 83 89
127 120 50
141 20 50
196 156 84
135 26 20
164 127 27
191 22 6
23 158 92
20 103 83
161 85 95
1 164 53
165 137 28
44 151 1
88 54 13
177 42 38
149 181 17
87 180 66
181 179 20
70 1 76
48 98 71
133 165 100
18 139 12
8 89 73
80 160 31
199 52 43
72 14 14
23 81 92
200 28 55
40 32 88
168 41 34
85 96 5
27 193 31
172 169 37
44 62 61
48 167 25
151 45 47
36 104 81
29 130 34
179 112 4
160 152 80
146 155 43
67 143 94
129 148 8
122 77 68
11 15 55
45 135 77
61 28 8
51 11 39
107 80 30
15 56 24
37 1 5
1 170 54
156 116 49
56 146 9
55 14 11
23 147 10
5 149 96
74 195 16
21 92 24
163 112 34
110 161 79
106 188 35
111 191 8
63 137 79
18 144 45
106 13 90
183 54 50
2 89 73
116 155 33
71 145 4
101 152 79
176 49 74
151 45 47
66 115 76
200 70 99
79 143 32
86 177 79
141 116 34
