200
158 190 99
165 72 17
143 76 36
130 200 17
174 49 20
142 185 52
181 7 91
76 51 12
35 156 45
161 30 10
170 179 35
141 27 100
79 30 84
50 19 90
198 167 9
46 198 2
39 185 86
178 88 44
112 86 30
189 30 25
33 180 40
178 93 68
143 133 59
48 176 19
96 26 50
85 118 63
66 123 74
134 86 70
11 197 92
198 98 83
153 107 2
72 54 46
94 183 50
47 40 24
34 187 89
127 9 7
56 71 21
149 133 72
159 81 4
115 48 64
99 150 21
108 199 53
190 141 68
182 61 89
160 43 71
47 28 76
152 33 46
146 114 64
179 169 5
175 17 45
172 200 70
154 82 62
196 139 3
53 185 38
46 193 97
46 26 79
76 48 28
189 181 89
178 67 98
9 11 49
79 66 26
100 127 86
97 107 19
44 123 82
21 141 38
77 126 13
150 44 11
80 55 95
65 159 96
77 138 54
149 133 52
185 10 33
27 89 50
85 98 14
91 67 69
77 106 91
161 109 54
20 59 21
5 121 45
5 123 80
137 195 36
15 47 82
148 73 1
184 132 66
147 51 52
30 108 85
10 71 1
115 161 93
11 101 43
164 31 95
161 30 54
28 98 77
134 191 11
126 164 37
179 139 84
197 78 36
163 53 33
154 5 32
17 61 26
123 20 2
179 169 5
4 14 86
69 130 18
56 161 49
24 142 49
110 30 87
35 156 70
159 150 8
43 94 53
40 41 56
136 23 93
194 41 36
167 84 90
123 162 85
118 200 13
189 94 59
42 195 58
56 161 49
7 103 64
106 91 39
43 179 53
155 38 99
156 68 41
175 120 48
165 193 23
189 31 61
86 101 11
27 151 6
161 138 50
5 163 69
21 94 3
101 68 31
22 191 38
99 171 91
25 82 31
145 117 22
83 195 99
172 180 46
115 62 99
162 46 66
92 38 13
189 181 89
87 190 71
40 1 32
61 4 22
177 182 52
48 61 90
34 108 14
1 31 18
162 46 66
3 54 71
164 1 14
3 80 35
175 98 90
59 54 52
100 80 12
58 143 11
91 1 48
143 172 36
156 25 23
52 151 83
55 147 24
38 34 39
169 138 14
77 7 20
180 140 68
119 69 68
198 59 18
132 46 90
156 29 18
71 192 41
89 75 38
134 123 18
38 34 10
13 185 22
183 89 32
94 172 31
141 147 21
137 3 27
172 180 93
197 123 16
39 95 65
120 130 88
77 18 78
143 104 61
61 162 42
43 61 59
43 61 5
1 12 56
77 18 78
71 194 21
165 193 20
77 107 15
188 81 15
8 116 63
33 180 40
74 48 41
195 172 77
196 16 37
65 183 42
22 188 29
82 79 91
166 129 70
169 3 55
66 71 64
32 3 40
77 39 72
39 42 78
23 118 38
113 56 35
101 107 85
125 189 26
148 73 42
37 44 54
100 179 68
60 119 54
72 64 85
176 13 23
160 187 98
128 80 61
163 150 96
151 49 94
131 116 90
108 176 44
167 84 47
14 133 66
42 46 24
114 96 14
190 169 100
12 180 43
133 72 77
131 174 71
41 20 46
188 91 92
156 33 94
166 199 58
123 164 75
11 107 19
89 74 24
198 148 14
73 186 71
59 75 10
179 57 1
163 96 97
66 75 50
73 96 27
48 180 82
103 79 76
76 28 79
123 153 54
195 166 53
191 164 54
65 160 12
174 198 95
172 200 44
18 156 22
176 122 31
157 175 34
177 47 55
140 44 71
52 43 15
12 180 72
142 179 58
12 157 19
83 154 6
17 10 48
64 110 76
195 166 53
43 47 27
101 109 67
184 159 46
24 47 19
36 55 76
186 178 12
197 22 36
25 4 60
178 66 29
26 75 16
28 86 1
18 54 1
43 110 13
4 178 96
178 42 6
37 30 58
137 15 56
61 70 61
108 142 75
151 74 98
129 179 43
40 132 51
175 105 43
22 176 19
56 108 87
99 150 7
179 177 30
164 24 13
180 116 50
73 184 89
26 117 17
133 88 4
139 130 64
48 23 1
41 110 30
134 51 70
148 41 75
158 137 50
57 144 62
132 130 11
103 127 56
100 179 95
25 138 44
58 150 14
51 9 92
39 27 4
79 25 1
173 82 94
28 140 6
88 138 71
48 111 91
37 87 34
81 139 36
115 62 4
168 121 97
25 32 30
185 101 27
143 11 55
179 200 40
142 156 74
95 153 81
111 157 69
85 134 41
47 28 76
152 11 17
84 176 49
65 69 89
72 170 1
184 126 63
195 157 61
56 71 21
30 171 57
79 109 41
145 9 60
166 74 19
42 179 17
127 85 26
159 140 48
65 183 42
66 123 74
172 117 2
138 23 5
120 84 14
85 184 45
85 40 24
182 24 51
59 121 88
61 169 80
84 67 80
109 138 55
30 92 63
178 31 6
70 198 43
198 59 18
109 116 13
89 59 17
38 114 50
111 124 17
73 164 27
176 65 70
17 113 10
100 127 97
65 180 53
88 2 81
161 138 50
103 110 35
73 197 32
119 53 83
127 9 7
167 37 43
108 19 25
123 184 19
81 122 79
121 77 3
156 68 41
67 183 68
113 165 48
20 51 17
156 181 85
177 178 35
165 116 43
125 180 97
51 47 96
81 154 74
163 11 13
119 69 68
25 138 92
103 79 66
161 38 71
126 83 91
167 146 4
126 176 28
32 146 64
186 178 12
131 47 8
24 3 21
192 142 3
154 48 11
123 153 54
158 159 68
197 22 36
29 169 36
142 44 23
200 67 87
110 179 73
86 38 82
27 192 34
46 106 68
88 36 46
65 4 80
16 17 19
99 24 4
97 162 54
69 60 67
97 22 60
13 34 83
21 31 28
98 161 91
38 60 32
109 166 20
2 169 68
123 151 25
120 63 99
117 15 54
18 171 85
175 17 45
71 194 63
20 158 37
155 190 51
45 125 32
153 144 95
94 175 14
80 184 99
18 15 30
61 162 42
35 42 59
98 50 89
40 179 81
134 32 71
62 68 43
169 68 86
15 123 25
175 105 43
124 53 60
93 20 28
129 68 30
159 25 91
85 106 47
111 18 1
195 120 69
108 138 28
113 112 46
156 41 90
169 46 34
102 64 19
7 111 34
70 58 41
49 183 68
174 93 48
12 121 33
189 70 35
188 43 3
149 60 64
4 192 83
21 182 51
70 163 48
13 140 1
169 61 78
68 197 33
58 173 2
157 44 50
113 56 23
6 178 15
132 118 86
145 155 49
145 68 17
119 53 96
121 192 35
73 3 75
152 121 86
96 61 17
132 166 18
141 171 63
57 119 34
66 61 57
50 187 44
111 86 87
36 55 76
190 81 74
146 121 44
28 127 24
50 83 25
10 38 85
29 147 44
182 110 5
185 138 92
40 141 66
10 154 19
76 48 28
139 129 69
181 7 91
195 141 50
188 81 95
114 32 81
41 20 45
43 86 96
141 41 54
6 193 16
172 13 46
114 76 64
159 78 19
190 169 58
178 88 44
146 68 71
77 39 80
199 164 61
142 81 93
14 77 92
190 69 28
73 184 89
48 134 28
51 147 50
157 73 62
6 98 47
34 147 9
132 166 52
108 142 24
197 100 42
146 49 72
17 89 93
78 121 74
152 68 97
113 75 92
162 50 35
71 90 61
53 185 62
39 49 91
163 127 68
3 80 19
49 192 32
94 75 98
33 195 39
165 124 74
112 138 38
51 192 53
152 68 13
156 29 18
8 146 78
126 48 61
90 192 16
67 199 90
160 187 98
188 91 82
20 112 88
80 55 95
49 188 78
136 19 20
133 6 72
97 89 27
188 120 30
53 27 11
26 133 35
130 96 12
165 81 45
101 158 43
114 76 21
140 42 65
74 105 63
8 90 16
118 1 27
21 77 66
132 129 54
34 108 14
196 70 14
113 117 48
141 10 19
177 182 52
12 157 19
117 97 82
71 148 56
59 14 17
133 72 79
185 25 45
48 148 30
139 69 6
147 120 74
121 192 15
35 72 18
33 191 88
111 124 17
109 1 95
77 138 19
5 21 27
58 150 44
120 83 24
86 94 23
27 191 23
167 157 74
109 126 92
112 19 44
5 43 60
25 178 80
23 55 49
5 163 69
99 100 75
101 80 72
74 48 21
107 74 98
43 142 40
87 99 37
104 85 51
184 114 59
68 197 33
46 128 53
43 94 66
127 26 100
168 159 55
112 199 10
108 179 62
107 74 68
158 190 99
95 185 40
109 116 38
111 127 82
176 65 70
50 19 19
65 175 9
165 124 74
40 115 37
80 136 37
113 55 39
176 43 75
70 31 32
83 151 67
43 22 35
164 81 81
95 13 51
22 82 86
113 75 87
115 161 66
25 11 33
141 154 98
135 81 45
28 56 97
200 39 77
134 120 85
49 188 83
23 55 25
20 46 73
65 7 10
130 191 58
101 179 2
15 123 25
98 161 91
57 26 67
177 71 41
115 9 58
82 138 47
54 172 84
90 192 16
7 111 41
155 38 99
50 76 61
28 86 1
25 178 80
108 1 3
167 34 92
121 100 18
113 42 55
139 129 8
51 32 23
80 184 92
179 40 8
92 63 84
50 9 71
147 65 27
172 96 70
138 155 27
60 161 69
132 77 77
154 161 65
128 62 97
55 76 63
89 45 26
108 183 50
183 89 32
105 159 91
169 179 94
115 107 25
37 22 25
62 104 65
20 97 54
3 157 36
152 195 58
155 98 92
85 26 71
21 94 3
41 187 10
66 75 37
3 46 6
153 12 84
8 123 73
44 16 59
189 94 59
51 92 88
15 157 86
117 135 29
14 133 66
87 99 81
193 149 82
18 3 32
81 154 74
198 47 99
128 47 68
117 135 29
172 182 51
12 200 43
194 115 85
128 29 92
113 184 75
46 195 32
172 19 30
156 33 94
160 43 2
42 177 13
5 104 20
65 69 89
138 193 21
40 45 83
128 47 68
152 11 61
54 182 89
69 184 64
111 114 27
74 85 80
103 35 21
142 111 90
51 192 67
177 18 43
50 95 15
30 108 85
191 164 54
130 168 53
5 83 19
14 77 36
163 96 97
132 118 93
52 8 64
196 139 3
99 131 46
19 115 39
28 122 2
138 115 70
177 18 54
72 148 42
132 144 52
127 26 56
113 72 13
33 101 46
154 5 34
94 31 81
73 196 74
186 175 70
162 21 18
196 70 68
175 106 22
4 178 96
96 134 100
198 144 29
168 121 63
194 41 36
125 118 27
196 49 34
61 169 80
147 35 67
170 184 31
123 162 85
81 139 57
28 51 68
58 26 41
16 33 20
32 28 97
134 32 71
142 123 42
176 195 36
142 123 5
144 171 8
133 88 50
153 5 28
42 80 60
179 57 1
136 167 96
160 21 48
146 121 90
110 54 37
150 105 43
106 60 72
71 16 22
137 17 90
125 149 29
126 148 66
85 22 70
63 183 49
180 53 47
62 68 43
127 183 100
18 171 85
143 104 49
96 81 54
106 49 39
84 164 86
39 194 8
159 61 17
147 112 47
33 101 46
165 116 43
103 180 19
137 107 10
3 86 25
123 184 26
174 103 90
120 130 5
76 51 12
85 96 68
85 22 69
193 149 56
24 3 21
95 1 26
132 77 38
138 189 56
21 31 49
50 9 90
38 93 29
48 148 30
150 190 51
163 48 43
85 26 88
189 58 61
189 31 61
130 168 53
51 9 18
55 83 99
96 39 84
52 3 71
91 46 60
141 10 19
108 138 28
98 104 66
103 149 89
96 149 80
108 19 25
122 37 85
144 143 80
77 21 88
3 86 25
169 68 86
37 30 53
60 44 29
43 47 4
166 197 22
62 104 65
80 79 35
85 40 24
83 96 18
58 38 15
194 115 85
172 13 84
66 71 28
12 163 58
64 122 58
126 128 61
20 59 21
112 19 44
88 36 93
64 110 89
158 105 17
71 19 38
2 64 94
174 125 22
96 134 100
23 89 86
21 182 51
22 38 45
32 3 20
159 150 87
116 194 70
176 40 87
149 130 83
3 157 36
132 129 54
104 188 9
181 138 8
21 141 38
75 63 44
28 122 27
65 155 31
96 61 17
137 123 54
100 147 84
77 21 88
124 53 79
121 171 55
39 27 4
38 42 24
16 119 94
68 83 68
162 81 69
87 74 78
28 117 23
131 75 3
26 133 43
2 17 57
2 168 37
94 31 81
131 75 3
48 180 6
11 142 96
151 63 100
11 133 98
79 197 54
16 53 32
182 126 44
48 69 91
10 186 2
189 88 90
43 44 84
111 18 1
36 6 79
58 38 15
79 155 75
82 79 61
55 52 86
141 54 27
51 47 36
192 138 25
9 67 21
134 120 13
45 96 32
73 99 16
111 127 82
50 155 15
92 121 13
42 109 86
121 109 88
72 54 70
151 60 20
77 143 37
67 50 47
33 195 26
161 17 61
5 90 72
15 126 19
57 144 62
13 34 83
17 21 4
143 172 36
153 12 84
196 49 47
109 126 92
67 162 86
167 37 43
179 139 90
42 109 86
181 80 26
119 168 34
76 34 77
158 159 92
189 89 89
50 33 40
128 29 67
133 12 14
194 22 88
184 132 66
156 58 96
12 200 50
38 10 37
128 63 28
8 176 99
157 73 62
63 153 65
139 94 5
100 80 12
154 82 76
46 21 61
132 45 36
109 20 31
152 97 25
29 40 88
31 100 70
42 46 24
109 138 55
124 102 3
182 46 1
4 167 79
96 194 46
133 82 55
123 19 53
185 98 49
124 111 85
165 137 96
152 195 58
185 25 26
131 47 8
113 152 32
136 23 93
196 114 1
147 120 74
105 182 56
123 7 36
65 200 82
154 161 48
