200
63 126 46
148 131 64
18 145 10
76 181 51
8 114 58
117 18 96
49 186 70
123 128 10
67 5 100
28 166 77
14 125 77
100 8 92
123 171 89
163 164 50
18 57 71
106 20 72
48 129 14
89 56 42
80 16 68
127 110 79
41 63 97
180 186 95
80 179 21
96 186 17
154 97 38
192 13 68
32 93 54
31 8 71
97 9 27
180 152 18
46 19 85
103 155 14
20 45 59
64 91 15
77 7 96
109 125 85
81 127 26
86 181 56
120 110 26
4 78 80
18 130 39
164 7 86
125 94 49
148 141 70
106 110 38
189 65 16
97 9 99
14 154 91
49 28 69
11 140 98
105 50 67
3 38 93
121 191 73
123 190 46
162 79 52
184 55 34
56 45 76
188 57 8
61 149 25
34 27 5
70 50 99
14 125 82
144 162 14
183 40 58
63 19 22
155 144 81
28 44 20
10 5 50
137 108 38
100 8 96
7 135 49
39 115 86
101 67 18
82 151 97
20 146 67
138 105 3
143 81 81
120 99 26
7 86 68
60 179 45
61 116 51
100 17 54
143 148 90
12 178 66
119 15 16
154 164 88
114 155 68
43 109 31
25 1 70
1 27 62
101 67 18
158 6 12
130 151 66
107 156 81
5 60 4
81 158 81
190 108 55
168 76 34
28 47 51
37 146 31
142 75 59
154 92 46
42 11 64
122 104 63
112 145 16
153 25 97
139 165 9
160 102 17
6 77 52
167 187 28
196 118 49
53 39 22
6 178 1
162 79 45
19 159 53
193 83 35
74 163 38
131 38 14
131 124 6
63 36 33
84 34 48
56 147 99
123 51 20
18 8 67
49 181 99
112 33 94
163 73 5
133 94 23
123 63 15
2 149 57
62 186 68
147 47 57
79 135 22
135 2 60
85 132 7
85 194 52
91 117 89
123 163 38
66 9 93
114 155 68
3 188 81
184 35 8
61 58 20
195 13 6
149 103 14
48 164 84
18 5 32
27 154 39
122 38 61
187 41 64
171 87 1
100 67 20
146 126 85
133 94 54
196 46 31
22 103 14
12 76 54
89 5 74
86 7 91
142 45 92
108 172 73
60 110 15
121 154 52
98 18 2
5 95 29
181 165 35
171 89 70
5 81 44
62 172 1
192 52 17
137 31 17
158 155 95
29 187 100
147 45 37
35 186 55
51 151 95
183 3 46
108 19 97
45 124 78
37 71 38
91 197 65
177 81 85
97 174 67
98 58 79
9 50 50
181 188 70
116 127 84
83 125 26
41 119 9
190 108 72
31 190 29
47 96 30
87 130 59
44 169 38
106 61 83
10 114 64
61 42 52
195 146 92
167 60 77
47 10 86
3 109 58
53 161 72
136 174 78
46 102 21
103 47 3
175 3 38
200 166 96
89 5 74
41 67 100
130 14 33
77 99 98
171 116 54
48 97 94
77 46 10
132 49 50
81 83 42
77 165 48
55 24 58
195 149 85
56 94 80
57 133 89
186 66 60
139 106 85
134 72 35
55 23 74
188 115 33
104 7 23
192 115 54
175 56 59
66 95 28
102 3 6
157 37 15
130 169 79
145 65 20
17 147 69
125 39 52
111 106 16
114 98 10
48 40 82
28 61 6
7 58 53
3 124 10
16 52 12
71 123 71
47 40 23
96 7 40
48 77 87
47 96 30
185 116 15
60 117 30
190 177 34
138 127 2
94 115 86
176 196 39
177 125 6
97 20 75
118 90 92
22 64 9
63 36 68
60 117 30
180 186 95
19 17 23
14 98 36
149 119 47
187 102 73
55 61 3
188 29 53
172 2 38
39 70 2
86 159 69
175 8 51
189 57 97
34 120 93
159 15 72
169 111 59
99 106 23
128 59 33
68 138 35
153 25 97
163 120 98
182 19 83
62 80 39
62 172 98
60 87 6
199 140 61
22 134 94
125 14 4
163 7 19
113 31 100
152 181 54
18 8 12
177 65 84
12 27 35
126 59 81
41 154 27
191 103 81
143 28 17
40 92 55
176 65 87
26 76 23
15 58 12
176 14 54
146 71 40
120 99 26
28 116 99
23 135 15
192 64 55
2 141 59
82 3 9
108 24 63
56 165 9
149 145 10
131 38 14
48 54 15
6 84 46
60 191 94
55 123 24
91 92 77
79 135 68
80 194 100
51 191 3
157 57 39
61 116 30
125 141 91
23 168 39
14 131 92
73 34 28
43 164 24
120 110 10
111 46 34
44 71 28
166 1 24
192 115 7
123 59 3
165 1 36
3 142 62
127 22 53
3 79 99
2 141 40
196 46 20
151 30 18
140 84 89
57 128 66
167 81 6
47 74 66
125 117 34
3 141 94
141 123 40
172 2 38
114 50 54
81 163 99
77 152 46
13 12 72
156 63 77
134 152 75
110 89 48
151 178 54
117 110 63
33 125 81
168 192 69
53 161 72
53 12 76
4 167 52
158 109 73
138 53 53
66 192 81
81 117 9
139 165 49
168 76 96
57 152 36
179 24 48
176 196 44
71 130 98
137 147 43
108 77 48
108 118 38
144 95 45
97 166 13
118 90 92
115 122 79
43 150 51
130 28 42
69 181 82
163 95 35
96 98 11
101 26 37
109 125 89
77 57 72
62 89 44
37 112 73
33 64 98
163 164 50
66 168 95
36 182 96
191 139 62
21 173 30
129 39 67
50 97 1
170 142 7
109 35 87
5 117 38
171 41 94
150 79 57
72 183 33
89 85 86
175 104 41
144 105 9
11 118 84
77 64 86
167 181 7
94 191 94
137 36 42
104 113 7
17 19 68
108 42 38
23 121 10
156 63 77
94 90 27
66 9 83
135 164 29
180 175 80
101 38 69
180 36 98
192 197 20
81 185 28
194 110 83
65 23 41
60 110 32
147 111 18
39 115 79
11 76 5
40 125 17
27 30 88
54 106 94
60 126 52
180 36 1
44 153 78
81 80 19
51 114 83
92 166 67
35 102 27
99 122 46
3 49 79
16 170 45
29 60 17
199 158 59
100 17 54
52 129 100
31 8 71
115 148 54
108 151 99
8 21 57
85 153 37
11 86 94
29 19 6
169 176 57
45 48 51
28 150 98
107 108 82
101 38 69
70 50 44
174 196 18
200 166 51
48 164 84
31 1 1
68 87 48
84 156 95
181 18 3
134 54 38
144 91 81
148 84 42
4 175 3
131 26 61
140 43 86
52 147 15
153 44 56
123 59 3
124 76 2
109 7 85
40 38 5
86 112 43
97 144 40
7 188 45
191 25 29
175 104 46
42 79 92
173 148 30
50 73 40
16 12 36
125 69 57
81 195 1
110 128 48
41 11 71
182 19 38
126 92 36
117 120 54
55 143 17
190 57 14
137 149 61
132 93 62
61 40 34
129 123 1
15 144 38
103 89 5
130 128 93
149 194 62
105 158 32
48 12 33
29 1 46
17 88 62
151 124 7
25 166 48
90 197 3
134 84 6
64 35 85
55 23 74
185 139 72
96 98 11
126 24 67
166 77 84
60 126 56
73 140 77
86 197 75
191 30 82
23 121 10
42 79 65
76 115 46
90 197 98
121 140 30
39 8 44
185 94 97
17 88 62
150 100 77
43 150 51
189 130 49
87 167 33
138 9 99
144 91 81
165 194 47
156 175 21
12 132 48
15 58 12
131 181 56
98 18 34
56 147 32
166 196 90
72 173 3
73 110 13
186 170 34
10 83 39
108 118 19
82 151 35
78 159 98
58 187 86
176 130 74
192 151 64
130 128 20
60 191 94
149 34 61
65 49 22
117 127 22
112 189 97
7 136 32
52 101 47
45 124 78
62 151 82
195 146 13
108 19 97
114 50 54
174 27 95
176 185 88
125 56 41
25 173 9
119 64 97
68 179 28
11 66 89
99 122 46
194 182 27
77 46 10
113 100 21
17 95 21
48 97 94
31 127 38
49 19 68
198 29 93
149 78 64
168 192 52
87 130 59
119 80 78
104 45 42
116 69 87
32 167 14
179 181 8
83 107 88
48 40 82
154 131 58
96 7 40
33 127 7
105 158 8
99 106 23
153 185 65
27 93 80
125 126 21
131 87 19
120 130 37
123 128 4
143 111 43
129 123 42
171 116 71
181 40 16
103 89 5
91 99 94
37 71 38
56 171 82
29 4 46
65 48 61
25 55 14
189 12 64
66 43 19
135 150 13
30 82 17
147 4 27
116 128 96
12 132 53
157 75 86
97 20 75
146 21 75
104 82 4
23 98 64
26 137 58
137 29 13
149 104 59
146 126 85
123 51 20
123 129 62
107 108 71
82 29 58
19 118 96
90 73 92
152 90 3
154 132 65
186 104 56
51 191 93
193 123 58
192 64 55
100 114 10
112 145 60
3 165 22
167 170 55
150 181 56
25 24 92
38 79 95
44 187 20
22 72 43
55 123 4
78 125 60
169 173 31
109 35 17
53 81 27
118 81 91
40 48 5
122 157 59
180 152 41
185 198 70
28 173 54
78 162 55
35 38 70
139 106 85
51 192 84
186 170 34
64 21 38
8 96 81
78 44 95
124 176 18
48 117 51
47 199 39
125 39 27
156 105 11
17 35 49
95 100 41
117 185 57
9 98 46
95 47 89
169 44 46
144 166 59
152 27 37
112 41 52
199 136 69
2 196 29
154 92 46
194 131 51
184 50 16
16 53 63
110 15 60
185 18 26
183 92 7
156 61 53
3 165 22
196 101 81
183 40 86
39 70 95
190 93 87
137 147 93
52 147 15
26 55 22
13 2 27
48 117 51
49 81 24
6 22 61
197 54 32
60 127 48
177 113 81
158 130 96
83 152 52
67 125 55
128 75 69
177 2 84
184 35 8
111 127 10
148 29 50
51 114 20
1 67 17
177 25 26
85 188 11
199 158 45
86 75 14
31 185 93
108 187 86
49 181 99
75 177 19
149 103 14
158 96 100
119 38 24
103 77 30
177 2 78
26 88 24
42 11 64
128 6 97
81 185 95
13 1 85
27 30 11
14 154 91
141 55 11
2 196 29
188 29 53
13 2 27
109 58 18
102 98 8
70 106 21
190 93 59
92 194 40
4 175 59
138 53 53
140 94 98
143 28 25
9 50 50
159 176 87
108 187 86
163 73 5
172 192 87
51 192 84
66 178 59
47 74 6
121 120 20
92 142 86
106 20 89
29 4 41
61 150 56
106 147 25
78 44 95
129 39 67
64 32 57
142 75 65
137 42 45
200 182 6
95 114 70
193 5 63
99 73 100
1 183 61
70 27 78
117 17 69
173 48 46
21 158 62
197 50 37
87 142 65
36 198 9
144 47 86
72 121 78
189 82 16
160 180 99
149 169 84
149 34 56
27 112 44
24 105 68
70 106 21
53 12 76
30 71 26
59 132 91
93 107 16
135 156 42
152 161 97
175 3 38
23 68 84
146 2 10
165 90 4
15 179 82
36 84 80
167 60 73
128 114 86
129 15 92
144 32 52
152 90 3
64 21 95
87 172 15
16 53 96
18 113 93
9 90 59
97 166 13
73 34 28
110 139 30
22 103 14
186 72 10
152 161 97
91 8 84
42 80 61
174 176 66
5 117 38
113 72 76
130 169 1
16 46 79
35 108 63
122 104 70
118 125 89
4 142 88
176 118 40
171 82 11
111 46 34
199 185 57
105 141 88
35 112 1
45 48 51
193 26 93
134 173 60
5 63 43
142 29 2
159 15 72
195 13 6
75 177 19
140 18 26
156 175 21
97 103 66
96 8 28
158 50 27
48 77 69
182 123 3
29 60 17
148 53 32
78 184 44
118 138 56
75 126 93
106 37 60
63 126 46
10 146 19
15 162 60
163 81 59
129 155 81
192 52 67
130 17 94
176 122 77
85 132 7
131 124 6
5 63 71
180 175 48
121 134 18
14 63 13
104 7 66
186 79 42
150 177 3
36 69 88
163 95 35
183 26 78
10 79 97
81 51 97
194 110 69
47 16 10
48 129 74
155 144 29
20 77 31
58 87 45
31 190 29
143 150 87
23 168 51
121 154 52
155 34 21
79 52 63
74 31 64
32 158 1
8 96 60
23 68 84
73 27 48
141 109 28
61 143 70
150 53 69
166 25 91
84 54 73
96 83 35
5 81 44
117 185 57
173 48 65
167 187 6
156 18 84
143 150 16
31 68 25
57 152 4
74 69 24
65 68 86
78 159 77
21 158 62
4 167 71
137 108 38
109 7 79
114 6 41
148 82 98
65 58 74
176 118 59
124 117 35
26 58 16
53 124 12
161 126 28
94 184 48
108 42 39
12 129 35
194 100 22
82 3 12
192 151 64
54 106 53
75 4 24
91 90 27
75 12 46
119 4 99
80 194 100
109 11 68
6 166 48
105 32 49
44 122 28
43 103 69
119 111 73
48 19 13
21 173 85
91 90 27
107 25 79
44 5 52
109 11 68
111 106 50
3 109 41
124 18 2
59 132 91
173 81 35
151 83 35
96 83 35
122 80 66
188 20 50
119 199 53
199 13 55
72 155 57
156 105 43
72 129 66
186 122 89
137 112 34
66 43 19
62 51 54
125 149 42
25 1 93
188 39 18
84 54 73
117 127 21
27 93 80
47 15 13
158 133 71
153 185 65
162 57 48
103 47 45
155 83 87
189 82 16
160 102 17
27 113 42
19 125 53
85 153 42
125 14 4
114 149 66
33 85 74
125 126 21
31 1 9
150 100 77
20 146 86
117 110 46
145 65 20
74 146 89
90 99 56
69 83 59
56 178 32
130 200 27
19 179 98
33 64 98
67 125 55
106 28 69
53 73 99
184 115 33
184 50 16
166 25 18
56 165 42
144 166 43
19 179 59
98 15 96
41 65 62
