200
100 11 14
105 122 34
172 81 29
183 41 25
153 26 12
194 157 25
163 74 53
93 82 19
17 54 16
129 162 3
176 137 59
103 134 70
17 186 63
185 200 12
114 199 80
80 79 93
20 184 73
151 142 17
48 194 21
64 137 18
169 171 85
35 120 7
110 103 15
45 101 6
177 46 21
128 194 50
47 176 11
61 127 43
114 195 14
195 65 10
48 59 46
29 95 2
2 158 44
124 128 72
97 175 9
171 189 4
146 10 91
89 150 91
64 137 18
45 32 43
179 80 57
143 118 21
120 154 27
49 23 79
189 48 25
139 168 74
132 141 91
125 39 99
35 109 44
25 92 19
124 57 51
50 162 69
188 26 91
194 17 63
194 182 23
15 45 32
28 168 39
127 52 60
35 52 19
72 127 87
195 109 3
28 159 31
77 184 63
128 4 67
115 96 22
115 43 69
129 15 13
91 7 100
199 27 45
59 126 94
135 167 77
1 146 44
167 92 96
125 23 93
74 143 97
199 139 11
115 121 25
37 34 96
60 180 95
56 179 13
105 148 83
169 72 82
55 173 14
64 142 23
176 137 59
139 47 2
196 126 58
94 67 95
193 151 80
5 71 59
3 157 2
25 14 53
190 121 98
155 8 93
112 171 46
129 162 57
119 13 83
115 54 75
110 126 92
78 82 42
25 100 70
113 176 1
176 66 65
33 86 78
101 103 72
75 43 79
67 198 67
183 41 32
170 199 14
30 127 83
80 42 85
18 186 18
74 33 90
7 13 99
129 66 24
66 117 16
150 93 1
48 59 91
101 78 17
166 190 52
17 14 46
185 45 35
138 200 82
124 171 63
28 79 89
127 79 45
169 72 98
169 112 7
26 140 84
27 81 96
124 17 53
117 131 87
49 42 7
121 16 87
171 142 39
155 17 67
67 183 24
173 74 22
22 165 18
81 179 80
133 101 32
98 12 23
88 106 22
177 184 62
50 152 52
105 192 3
45 148 70
124 152 94
29 90 28
13 171 82
101 160 52
190 128 57
100 199 63
18 161 47
116 179 50
84 131 35
63 31 50
71 74 60
101 124 98
200 62 25
145 50 16
78 170 31
200 62 25
193 9 18
133 49 46
143 88 30
38 58 69
113 58 67
199 117 16
64 142 80
193 185 57
21 69 61
165 37 31
161 186 23
113 119 82
148 15 77
10 28 30
125 110 31
106 94 69
34 157 12
158 78 41
94 169 50
110 150 52
146 65 28
34 163 20
154 91 75
110 103 100
22 17 42
67 162 35
124 85 93
127 79 11
19 3 6
178 173 28
34 29 92
57 40 23
38 66 84
169 158 38
194 198 4
119 81 5
199 76 5
44 179 69
162 19 94
121 16 87
52 1 22
42 171 100
120 78 10
6 44 89
47 16 20
15 156 40
193 9 18
113 167 52
51 100 94
163 55 14
19 194 39
189 78 48
144 134 84
126 155 11
178 189 13
144 101 93
21 69 91
99 57 51
154 46 39
95 80 66
154 110 8
47 123 100
119 113 49
193 39 69
102 128 97
118 153 36
53 54 79
27 66 32
38 30 11
83 145 69
110 108 5
125 70 76
43 94 2
172 6 91
59 123 85
97 191 7
127 182 11
199 15 46
116 179 62
125 51 51
40 47 84
39 161 32
74 109 27
25 89 34
77 49 15
76 131 81
53 54 79
52 116 80
60 64 62
78 17 65
137 25 74
109 136 18
65 83 76
129 66 24
70 46 33
177 198 73
171 81 97
124 171 63
193 79 18
128 16 49
143 105 37
191 84 56
23 26 75
26 124 24
25 13 84
15 156 40
107 120 15
47 67 18
82 191 82
169 16 11
25 114 34
183 111 81
5 47 58
66 100 15
104 65 61
142 19 41
157 145 9
116 141 84
7 97 76
120 73 88
175 56 7
96 151 17
149 111 87
70 46 95
122 77 29
97 55 67
103 151 94
173 43 77
124 152 94
102 128 97
162 150 39
47 16 61
198 19 4
163 55 14
153 151 21
98 51 37
66 176 10
89 11 57
131 95 8
160 34 77
200 117 63
61 135 39
45 38 38
103 127 88
25 13 84
66 155 29
29 95 2
169 57 97
80 110 20
19 155 54
44 183 57
25 180 28
56 170 35
22 181 88
35 103 83
70 182 27
157 179 92
152 171 35
45 152 16
174 122 12
19 85 90
18 186 18
46 72 100
194 17 63
1 146 82
32 128 56
149 124 64
40 169 35
58 21 6
14 41 11
43 90 67
163 32 50
189 95 53
28 168 39
155 129 2
31 121 85
116 83 32
118 159 44
151 12 4
41 137 56
130 184 7
139 31 74
78 17 100
33 166 32
8 54 89
66 143 88
77 158 54
121 72 7
92 187 18
75 116 36
178 34 42
132 40 63
172 77 98
33 86 64
194 96 80
193 19 10
129 24 29
198 85 14
96 87 83
38 118 5
96 52 38
121 123 33
73 63 32
2 143 78
64 22 48
30 3 4
179 26 78
181 74 82
187 140 35
122 77 71
62 113 50
190 49 88
168 115 52
88 24 96
83 85 39
119 52 17
108 107 86
165 78 67
161 88 70
71 76 50
87 193 48
92 109 4
192 35 58
82 191 82
47 5 88
123 2 56
185 182 94
58 21 38
170 66 76
195 104 58
4 118 20
153 161 72
192 4 53
1 127 2
121 127 48
66 176 10
85 104 55
40 169 35
171 108 31
99 179 77
36 186 93
63 165 28
4 142 69
76 149 84
146 65 28
53 62 70
92 98 63
30 113 40
99 22 19
14 12 99
160 143 11
158 137 90
151 30 67
123 79 51
7 195 83
177 69 53
179 90 57
103 106 10
159 197 26
73 3 77
78 20 29
29 24 71
126 75 82
43 92 78
111 138 50
149 119 10
28 156 10
121 150 15
43 94 6
112 72 99
54 185 19
107 1 43
200 194 41
76 131 14
14 158 57
58 200 39
198 29 75
161 88 37
30 197 15
100 93 32
179 16 3
164 155 58
58 106 26
63 180 93
170 193 23
137 10 62
176 160 24
122 35 58
172 59 21
153 138 1
77 49 52
179 90 57
91 197 97
100 11 99
42 10 74
32 128 84
73 57 78
71 26 42
53 41 11
143 199 60
55 141 20
10 161 3
153 199 18
37 88 94
197 143 30
110 12 13
102 92 90
157 3 46
7 189 65
40 119 94
13 40 15
184 62 59
49 127 87
50 167 1
149 23 41
29 127 57
1 127 2
62 72 67
160 170 32
180 84 26
134 127 1
28 56 6
193 185 57
22 165 15
17 54 16
83 145 18
65 83 76
121 114 61
62 51 26
139 93 94
29 171 4
57 182 12
53 112 36
60 64 62
120 54 69
58 108 84
50 22 58
180 69 100
129 117 15
191 84 7
199 15 60
15 174 47
61 166 90
53 75 96
51 91 43
77 31 63
110 129 88
154 160 32
38 15 76
40 164 72
18 166 77
98 51 37
139 31 40
25 180 28
137 180 57
35 109 19
82 154 5
171 22 36
98 144 36
109 86 22
193 37 27
139 27 22
99 57 50
78 20 58
173 113 66
185 96 76
174 148 51
154 38 63
142 196 54
194 96 80
34 163 20
108 61 65
144 91 86
72 77 3
4 93 99
131 118 29
188 84 97
92 187 18
175 33 81
90 139 24
125 171 29
35 73 18
57 133 68
39 176 100
106 94 69
119 200 6
32 176 57
67 66 85
123 54 94
123 79 91
63 76 28
121 150 11
70 169 55
37 116 21
27 198 86
54 175 45
73 57 57
3 42 43
196 73 63
102 92 90
189 78 48
47 65 13
44 187 82
200 173 35
117 193 89
54 101 59
174 136 7
108 21 52
22 67 50
106 47 18
105 151 88
150 142 87
146 113 10
27 105 92
176 186 48
89 4 92
82 150 96
155 98 84
113 95 30
107 159 19
113 95 30
88 174 74
171 81 38
66 143 88
132 40 63
106 199 68
136 159 63
89 173 81
167 27 91
193 18 81
90 38 9
117 137 65
163 183 93
116 58 52
75 123 27
90 139 86
110 196 28
83 180 98
157 48 37
110 150 99
29 42 57
146 78 77
185 200 12
37 184 33
27 57 83
157 145 9
38 30 9
180 82 93
129 20 72
22 94 69
137 69 33
70 181 4
27 17 33
81 179 87
177 198 96
71 76 37
14 176 28
22 17 98
11 117 53
108 107 86
170 141 78
27 135 75
157 143 18
50 167 51
155 8 6
185 23 42
57 67 55
89 169 58
37 34 40
184 57 16
197 150 56
197 67 16
178 4 52
75 136 62
196 28 16
26 140 84
169 158 38
54 111 83
158 137 32
63 157 69
95 159 30
67 183 88
131 5 87
65 45 95
198 29 75
47 91 14
187 126 71
67 104 28
28 199 64
176 82 91
23 147 48
54 143 63
160 44 59
73 63 32
70 19 77
112 151 10
62 51 26
169 16 11
194 157 76
192 59 85
32 176 57
48 36 60
93 124 86
173 43 77
138 70 48
45 122 78
143 156 58
13 42 53
71 188 3
86 61 69
72 108 95
44 11 82
189 176 81
105 11 15
29 42 57
88 121 87
75 162 48
114 145 46
144 58 69
29 108 2
141 121 57
172 184 23
164 169 76
75 43 79
187 54 13
193 19 88
49 123 43
194 119 36
128 194 79
125 101 69
193 23 89
2 107 22
197 75 37
76 122 11
182 132 43
113 31 10
7 97 60
102 60 10
19 177 66
69 38 89
151 30 67
46 72 75
25 99 63
67 104 28
18 149 62
166 190 10
30 28 13
69 110 93
127 11 35
50 196 56
114 132 43
124 103 46
36 175 59
46 84 31
15 20 73
99 179 7
124 103 79
28 43 46
200 117 63
67 66 85
25 114 86
79 122 96
27 198 35
7 130 90
28 159 31
149 74 45
68 62 3
53 19 46
117 2 81
194 91 36
159 94 43
136 54 96
156 196 5
27 129 94
170 109 50
152 14 30
10 91 73
187 148 86
68 62 2
156 139 17
176 190 26
194 198 62
163 112 70
37 184 33
170 193 23
163 32 87
111 93 52
2 96 13
147 55 64
4 93 61
142 56 27
97 70 70
192 4 26
12 97 81
172 6 55
50 22 58
90 175 29
125 110 31
125 39 83
9 31 89
157 48 78
132 105 65
159 197 26
179 80 57
97 123 54
46 84 31
147 15 48
50 147 98
8 12 72
164 55 73
11 186 96
53 84 15
62 57 44
21 166 11
175 33 81
108 41 83
11 71 47
122 22 14
104 65 54
101 124 69
165 192 9
25 8 35
76 149 78
132 45 6
4 77 97
149 119 10
164 169 58
29 24 71
19 17 63
167 92 96
47 189 42
184 57 55
75 123 67
28 43 78
125 101 26
9 141 7
159 106 40
191 144 21
78 98 33
175 32 6
190 121 92
83 96 90
163 112 70
5 137 78
39 68 92
36 186 93
29 171 47
199 109 55
97 73 87
198 19 4
17 186 65
40 47 84
140 68 87
90 38 36
11 186 63
121 123 9
122 35 58
199 156 4
97 55 2
143 118 31
165 112 91
5 47 58
135 105 43
166 44 81
31 33 73
139 172 94
62 77 56
171 108 2
134 30 73
61 132 24
199 117 45
51 91 41
127 142 99
157 179 92
144 91 86
194 91 36
193 37 84
78 87 9
23 166 69
115 43 21
5 71 59
83 180 88
35 96 85
90 54 78
102 126 83
141 48 6
10 139 9
139 27 21
7 77 63
97 73 12
131 118 95
38 66 84
109 86 22
84 26 49
105 77 95
50 196 56
83 66 74
117 2 81
178 193 14
126 155 88
65 194 43
61 87 83
170 79 100
71 19 64
56 170 63
28 199 64
145 38 35
126 75 82
14 158 57
199 99 23
119 157 7
49 143 1
30 171 69
91 111 89
196 28 16
169 114 45
23 147 82
26 71 61
76 72 28
92 98 4
44 187 82
62 155 2
56 179 13
106 47 95
56 103 85
31 33 4
110 129 51
100 199 63
103 74 33
89 63 43
80 79 93
189 140 32
155 14 82
28 82 77
176 66 28
165 37 31
115 96 22
9 162 28
120 78 10
162 19 85
192 59 78
26 153 82
13 174 96
142 196 54
107 179 48
151 104 87
33 114 17
80 139 73
114 145 44
107 179 48
156 63 61
72 127 51
97 94 7
107 195 51
185 30 11
187 163 38
120 88 38
109 127 99
32 57 40
19 194 39
91 36 1
10 149 53
48 194 98
74 138 66
28 173 20
26 129 97
92 117 43
9 31 46
178 4 25
47 123 100
189 59 41
19 113 28
47 5 88
198 57 77
137 180 57
117 163 27
110 180 96
19 177 3
62 113 96
167 90 27
35 188 17
44 183 57
79 121 96
163 30 12
114 179 74
117 198 12
66 117 16
147 15 48
152 107 25
139 13 22
172 102 95
192 138 61
45 122 78
29 50 7
143 103 84
172 166 15
114 179 74
122 22 14
146 126 27
150 28 12
84 136 37
199 76 66
115 33 82
78 143 40
70 194 62
88 53 36
82 122 48
163 14 19
178 193 100
58 108 84
55 173 34
185 23 42
33 114 37
103 106 10
115 100 83
118 36 94
83 183 76
124 128 92
40 198 95
101 160 40
48 36 60
180 1 62
71 19 62
95 80 66
188 156 58
74 143 97
73 96 45
110 126 24
41 68 99
175 162 20
148 85 61
69 8 48
89 155 88
196 100 95
55 185 95
109 136 84
83 96 90
2 107 56
69 8 48
139 93 14
99 52 69
138 96 60
169 171 85
111 18 60
7 88 50
79 36 18
138 10 37
178 45 41
2 143 8
41 96 17
4 130 11
83 39 10
32 41 72
194 119 36
152 19 39
169 168 89
151 180 48
50 152 16
20 142 70
170 109 50
36 139 99
177 108 83
143 105 37
187 44 30
169 57 58
117 198 12
133 50 60
124 85 83
180 49 65
7 29 35
170 163 31
80 110 30
61 87 83
123 18 88
19 53 88
136 54 96
146 113 84
172 59 83
44 172 56
82 150 96
148 85 61
20 28 72
115 80 82
135 105 43
77 31 98
2 185 42
192 11 98
199 85 89
10 4 47
73 182 18
41 139 4
104 61 79
182 110 1
98 33 54
3 157 2
5 137 91
120 54 97
124 57 51
158 83 38
145 50 8
56 151 53
141 121 57
88 43 8
151 180 86
120 73 88
113 31 57
28 156 6
59 63 41
76 179 62
2 185 21
180 49 65
81 19 32
16 43 20
12 55 58
32 57 40
78 166 54
100 89 58
154 160 57
188 176 70
5 40 72
38 15 41
93 184 81
175 56 7
127 108 99
171 132 95
32 197 32
148 49 43
