200
22 70 98
107 170 25
156 37 30
78 129 65
125 185 8
99 88 29
122 11 56
31 109 96
31 173 56
77 1 71
185 168 83
178 171 19
170 159 96
153 128 80
79 59 11
177 39 18
81 136 18
104 58 44
53 51 47
166 150 36
132 163 24
28 112 67
145 106 53
57 4 72
73 2 56
29 167 90
197 185 81
161 168 64
77 66 52
161 55 65
16 61 82
51 124 9
114 151 76
64 148 2
101 85 10
19 169 100
21 53 93
116 176 74
109 168 84
17 110 65
79 137 42
141 118 46
18 165 52
131 30 100
38 131 90
82 190 75
19 168 12
56 47 36
99 96 91
55 97 90
171 143 25
135 66 45
187 184 58
136 184 52
9 95 95
65 174 2
192 155 65
176 21 38
198 110 84
15 20 98
60 184 87
152 146 79
74 175 4
163 135 19
67 44 100
190 12 62
167 122 81
7 51 43
44 191 39
62 105 70
7 109 5
106 60 58
82 4 98
122 37 81
112 134 15
196 153 70
58 168 97
17 65 56
154 97 3
7 197 76
82 150 84
45 64 69
53 180 48
116 115 51
115 181 57
162 134 79
71 122 73
115 80 37
68 199 77
15 129 100
191 8 67
17 65 3
150 189 25
197 106 30
29 11 80
136 83 59
50 132 29
168 142 40
167 65 95
179 64 85
58 162 68
77 62 29
188 154 44
132 60 27
67 56 88
187 105 83
116 176 74
74 189 71
38 186 58
89 30 61
130 129 36
142 181 61
12 44 69
42 65 3
115 102 7
113 138 26
130 45 87
131 150 6
174 123 11
153 44 100
191 164 14
27 172 70
127 191 64
102 48 27
149 161 28
127 45 37
7 189 60
153 128 48
44 50 7
174 76 97
49 20 5
56 67 22
109 49 14
35 127 96
99 88 29
63 150 44
63 150 3
28 91 94
109 101 18
79 59 15
82 109 99
99 68 39
60 148 25
92 164 23
54 141 71
37 137 29
63 78 87
96 73 5
36 100 7
13 161 89
50 132 29
154 123 10
35 1 12
185 70 52
158 109 15
166 138 1
87 136 72
54 71 54
181 180 53
15 99 58
155 79 1
162 134 79
196 82 32
158 161 54
8 45 64
91 50 5
192 34 87
79 53 75
175 113 8
185 187 43
42 115 16
86 43 15
143 125 32
10 163 5
19 168 12
83 68 93
28 166 74
107 180 13
53 180 29
172 140 68
40 113 89
171 185 20
68 54 8
27 17 40
76 97 59
105 54 95
133 158 67
196 168 8
146 163 40
147 127 57
153 99 11
135 184 85
118 59 2
82 109 71
38 72 72
155 182 2
102 95 74
111 175 22
175 113 8
171 2 94
70 163 63
171 143 58
83 154 62
77 108 12
198 91 17
139 20 39
6 90 32
142 84 57
134 73 27
158 79 100
104 176 81
42 105 59
105 24 8
42 199 47
143 80 20
42 52 3
108 189 74
153 109 28
159 10 20
136 184 20
79 144 43
159 171 97
137 49 24
35 40 91
187 184 25
114 59 82
37 137 29
129 48 25
37 180 79
3 115 76
37 18 83
43 163 34
59 102 40
36 76 9
174 1 28
47 75 61
139 66 41
73 167 42
34 153 78
169 13 99
61 165 41
91 198 81
80 23 28
95 96 67
174 150 98
125 37 24
146 14 97
132 175 59
110 21 38
99 36 37
167 42 50
62 168 10
16 28 19
177 40 94
162 170 84
135 114 91
162 170 84
15 82 94
6 155 60
173 123 20
198 110 84
86 195 37
157 163 9
87 159 68
77 62 29
57 15 14
17 174 30
184 52 44
53 162 99
103 34 10
65 174 17
130 90 42
135 66 45
130 75 54
184 9 98
122 11 52
71 13 64
109 168 37
169 149 8
76 7 13
188 154 31
96 37 36
146 4 1
42 199 19
185 70 95
190 61 87
26 100 86
27 172 70
170 178 95
139 66 41
130 75 54
51 26 87
138 168 47
156 137 2
92 186 89
75 55 41
166 54 63
7 109 5
153 99 90
73 140 88
177 39 18
104 24 2
8 35 56
70 147 42
182 41 14
40 144 27
156 8 3
53 120 40
21 112 83
28 27 81
107 17 80
174 135 73
56 67 62
152 21 5
132 175 36
141 29 88
149 90 89
79 52 95
123 130 55
9 6 38
146 14 87
25 159 33
29 167 99
16 61 82
85 93 60
149 40 72
33 49 94
104 39 27
195 81 68
149 76 79
43 139 6
64 67 82
186 26 46
22 114 27
150 30 77
196 117 9
132 163 34
138 42 62
66 16 32
35 128 16
27 6 15
158 86 21
28 112 19
162 89 9
80 23 28
130 151 47
76 97 73
180 131 82
148 152 61
79 2 52
191 2 18
61 165 74
149 40 72
175 142 38
74 92 2
103 167 74
152 32 43
75 41 100
27 142 31
54 141 71
1 113 38
90 18 99
104 39 95
58 89 36
164 142 71
81 136 63
103 104 61
187 105 83
188 128 65
182 187 43
134 173 5
143 125 32
197 72 79
35 78 34
172 115 39
37 62 17
28 92 50
95 20 75
182 183 52
98 79 82
24 140 47
83 181 30
69 46 3
93 182 52
83 181 7
68 150 63
108 164 24
60 108 36
145 14 49
190 10 13
158 196 9
28 148 45
15 20 55
103 32 62
13 172 5
152 21 49
173 110 65
49 20 55
43 67 18
172 191 32
42 94 23
130 19 58
102 48 58
13 172 5
69 159 62
19 163 5
126 120 41
141 112 43
158 75 16
170 184 35
25 64 53
136 13 12
198 165 53
95 120 13
136 154 26
108 28 87
51 27 89
171 130 25
22 184 1
147 94 61
164 142 71
133 2 48
117 26 47
117 16 13
131 77 56
26 160 26
9 34 13
62 78 95
192 158 97
110 177 6
142 181 79
133 89 42
192 21 49
2 99 67
111 83 73
111 112 14
104 43 27
125 5 44
97 156 80
114 151 9
16 136 29
103 198 84
71 141 56
134 24 13
87 159 94
19 86 50
54 36 9
161 96 27
43 139 1
38 97 77
25 38 65
98 45 14
50 93 8
102 95 23
196 66 18
19 39 59
153 44 25
200 19 15
165 198 32
180 131 43
134 24 15
143 49 35
158 135 97
65 89 41
179 64 85
188 95 82
47 7 44
37 180 79
109 146 83
135 68 61
196 153 70
2 48 3
101 48 95
176 139 66
131 33 72
25 177 51
182 112 79
55 33 58
134 169 24
120 196 61
9 147 100
11 185 3
149 13 88
98 178 23
145 14 49
192 160 23
122 76 38
126 65 79
92 101 76
64 96 21
102 162 17
3 198 15
89 50 68
185 120 25
18 70 100
123 116 82
180 63 22
94 144 87
47 129 31
146 128 78
47 109 41
44 90 83
114 168 95
47 7 54
75 41 92
126 97 21
112 68 73
16 151 67
179 12 42
72 136 92
14 7 86
200 175 49
121 137 36
130 151 90
138 1 3
27 28 8
194 165 48
73 69 87
103 167 33
146 144 24
18 112 66
29 105 70
70 147 42
62 53 51
129 118 89
122 89 98
153 109 33
10 112 30
194 99 77
182 122 9
122 8 35
62 168 10
124 21 82
113 144 64
173 123 20
114 86 67
28 55 22
171 82 68
158 175 29
143 1 79
166 163 47
125 5 5
9 65 49
89 188 94
200 19 15
51 6 33
7 51 27
195 113 35
163 128 18
103 178 17
103 107 95
47 56 40
133 40 53
112 159 56
64 177 72
64 67 87
190 127 90
22 192 85
43 186 47
104 87 61
15 129 100
158 36 26
43 186 40
172 115 24
43 15 11
153 140 53
100 14 22
81 183 45
147 40 9
115 161 28
153 101 94
23 156 94
161 95 9
73 50 61
189 5 85
114 28 35
6 95 9
180 30 24
196 168 42
96 175 100
88 36 19
17 138 79
22 192 85
109 101 18
5 194 90
175 36 99
109 159 41
26 100 99
178 199 32
108 26 46
92 35 66
51 76 9
31 59 89
120 155 51
192 82 17
83 194 81
5 138 18
108 28 57
34 12 20
109 28 76
195 45 88
49 84 69
182 64 33
117 99 49
187 38 13
140 188 44
30 135 36
109 146 83
57 5 40
168 98 98
127 45 37
86 50 50
119 58 72
43 15 6
5 123 66
6 98 5
89 185 47
198 123 29
36 147 9
17 165 66
167 9 74
61 135 82
103 34 62
139 93 71
8 165 49
112 131 82
166 77 71
53 149 61
191 109 73
167 67 40
92 87 34
109 89 73
113 37 85
107 51 96
2 43 26
141 29 64
70 163 21
169 149 79
170 82 16
192 145 55
91 65 69
179 96 63
193 31 83
74 70 64
19 57 33
58 168 97
27 109 46
141 180 26
106 34 69
87 24 15
8 117 81
101 176 19
131 35 70
50 153 77
116 115 51
5 58 41
57 143 27
166 138 1
193 125 89
130 19 58
154 92 68
9 164 50
17 108 36
147 180 31
5 138 96
32 88 6
51 47 33
148 127 54
50 33 88
109 28 76
35 152 8
182 187 43
114 168 95
30 73 95
58 44 22
147 195 66
117 29 41
80 151 9
28 186 78
195 101 28
2 29 17
27 22 10
7 164 55
157 96 80
146 4 1
51 27 35
147 192 38
101 89 74
155 159 5
58 103 14
30 51 73
158 135 97
199 156 51
200 180 81
134 169 32
40 190 79
66 56 34
121 59 82
150 11 73
117 18 16
130 90 42
115 152 44
114 59 82
160 137 16
107 170 25
109 144 29
53 101 32
34 156 95
178 171 19
126 36 67
161 86 90
115 181 57
43 67 51
184 177 50
160 118 97
97 3 78
65 178 45
196 10 80
117 154 14
90 133 26
114 139 36
136 4 62
18 112 66
7 162 39
17 138 79
107 93 49
174 135 30
38 130 20
55 116 85
82 190 12
11 190 28
174 166 52
140 170 16
135 192 29
7 99 66
182 27 24
185 56 74
130 189 63
142 84 57
157 49 25
111 96 23
35 1 20
18 24 18
19 39 90
102 1 81
74 49 27
67 56 56
188 61 35
139 93 71
43 163 78
4 169 56
38 97 10
140 170 16
198 174 38
27 109 46
138 145 95
6 113 37
72 136 75
149 65 53
157 145 72
191 65 55
9 147 100
75 62 78
109 144 29
34 6 98
130 16 64
192 34 87
163 26 37
85 151 28
38 186 58
37 135 3
13 161 89
45 64 1
170 82 61
110 55 52
92 35 61
18 10 90
92 56 33
14 131 41
198 43 72
14 34 25
10 112 30
62 165 53
91 50 5
84 13 69
115 194 15
176 5 79
112 131 82
115 102 7
76 194 73
20 163 22
121 17 20
43 14 21
84 104 61
9 95 95
107 93 49
136 154 26
25 38 49
35 172 97
25 21 8
108 26 51
74 175 4
60 6 65
119 95 24
22 154 2
117 54 52
25 164 98
172 154 15
26 99 59
66 168 59
61 135 91
78 129 95
133 40 53
40 194 93
66 108 67
109 116 44
120 9 46
147 192 38
35 127 67
129 154 33
90 133 17
178 199 32
68 199 77
69 46 3
200 188 32
127 191 64
192 21 63
146 70 88
173 28 78
132 129 21
109 118 80
128 96 89
35 131 51
98 178 23
189 61 43
92 87 5
157 148 90
126 49 12
190 10 13
87 72 90
13 60 63
198 174 28
183 124 98
160 166 28
66 109 11
126 105 47
143 115 25
126 36 67
192 145 55
50 71 72
162 89 9
49 197 26
46 107 76
14 34 25
24 140 47
87 109 80
53 162 99
174 150 98
125 154 5
196 66 18
93 159 78
64 122 35
57 35 18
65 104 76
50 93 8
109 89 1
185 56 74
111 190 33
127 177 53
5 103 60
105 43 1
92 173 12
90 138 27
175 146 46
93 132 36
3 142 76
67 109 78
101 176 19
79 136 56
3 142 76
40 112 66
194 138 47
29 105 70
153 83 97
182 149 99
98 79 82
148 1 22
20 133 77
188 17 44
80 74 67
147 122 15
131 20 58
175 36 99
125 185 8
151 154 66
115 152 6
95 25 83
99 86 38
163 26 37
73 50 34
74 46 35
156 8 95
29 104 69
125 154 5
51 102 22
180 185 97
117 199 95
126 98 43
46 91 50
181 75 21
61 141 38
171 185 20
134 185 49
146 42 18
113 144 64
40 10 38
59 102 40
83 141 33
15 3 43
125 82 68
187 38 65
197 185 83
168 80 26
150 67 80
47 129 31
119 58 72
96 81 78
30 51 30
44 142 26
29 28 52
133 2 48
49 84 69
28 92 50
14 131 64
58 55 67
54 64 45
188 169 75
121 113 53
143 1 40
101 21 13
90 44 72
66 16 83
49 151 83
77 157 10
147 120 52
84 13 47
60 184 87
95 165 34
18 72 46
142 114 98
165 36 53
7 162 39
125 82 7
145 106 36
64 122 35
150 30 77
112 134 5
122 8 63
9 6 38
5 158 68
118 47 98
31 173 56
186 26 46
49 62 20
41 153 82
132 92 47
176 164 71
35 38 83
165 106 17
190 61 60
159 10 20
106 60 23
122 131 82
57 143 33
17 99 93
182 122 41
166 54 81
147 181 67
74 187 84
96 57 32
7 189 81
87 24 15
142 177 68
138 42 46
3 133 52
63 92 5
30 84 1
75 196 75
149 90 89
87 72 90
101 87 28
169 13 99
192 35 57
12 93 36
96 175 72
191 164 14
158 150 44
81 7 71
83 141 33
72 24 62
115 26 8
65 178 63
131 150 6
171 174 47
71 172 53
39 22 2
117 154 17
146 163 40
148 152 9
157 96 80
101 21 13
198 43 72
149 34 42
38 95 83
157 145 72
188 45 24
109 125 32
167 9 74
32 186 70
49 165 64
61 124 54
72 182 28
134 185 54
123 101 84
160 118 20
155 79 1
151 145 5
96 81 58
126 119 9
174 48 51
42 94 23
62 34 95
136 13 12
181 195 98
36 82 85
110 93 58
15 3 63
188 69 61
103 32 62
97 83 43
171 2 94
17 165 66
4 200 92
127 81 30
171 198 7
120 53 7
5 194 33
27 138 1
6 123 49
200 81 18
111 190 70
77 12 60
135 192 29
64 177 35
67 194 93
