200
107 173 38
105 64 95
165 54 73
133 50 1
160 105 62
139 98 6
60 99 28
117 93 56
178 93 57
101 9 1
135 105 87
165 11 11
95 159 84
140 115 12
156 165 89
11 49 66
182 179 23
138 176 21
158 128 72
76 36 100
5 109 8
31 200 80
84 79 90
99 30 87
102 133 80
178 9 24
22 168 29
102 19 20
197 178 42
162 141 80
37 174 30
98 90 7
29 188 89
181 160 88
192 76 94
151 106 4
121 3 65
39 27 84
113 10 75
125 169 59
150 164 80
67 68 83
166 180 84
60 153 79
97 51 31
131 137 50
177 40 77
152 144 41
61 32 15
123 34 81
115 43 39
143 131 10
68 183 71
52 162 66
23 117 67
175 163 62
161 111 61
153 98 11
18 35 34
60 177 26
91 30 11
187 183 45
76 71 64
119 1 12
131 137 50
47 31 17
121 180 27
152 190 37
6 97 59
191 37 40
168 160 55
39 27 58
187 45 2
30 16 98
52 72 14
134 90 68
182 176 78
26 198 95
129 200 4
188 47 12
117 93 56
58 114 94
32 138 82
141 182 82
104 5 20
171 168 35
195 129 46
36 110 92
18 85 14
75 34 88
47 137 36
23 49 65
9 37 84
51 102 35
126 55 23
78 156 9
67 130 76
183 54 90
102 89 76
57 75 14
182 181 81
96 85 40
10 51 26
36 25 7
41 10 79
20 118 55
150 99 31
92 146 50
26 5 11
62 21 73
45 154 39
87 129 43
142 185 62
47 31 54
67 54 15
119 148 35
140 115 12
170 171 64
189 5 58
61 68 53
101 36 48
136 11 69
85 99 27
147 94 20
114 53 15
181 92 35
45 83 48
123 149 23
6 160 83
186 122 19
162 78 41
156 165 89
107 170 31
21 114 81
42 110 75
196 24 35
36 50 37
154 193 70
177 143 55
51 122 70
85 176 96
110 13 63
117 145 4
46 87 27
148 52 76
141 41 50
79 154 97
186 7 96
72 108 14
169 6 22
17 36 3
168 3 10
153 6 74
106 21 39
184 163 73
110 22 35
11 34 74
19 156 19
58 195 21
126 132 27
5 51 52
20 108 31
38 76 69
150 38 43
112 161 2
16 124 55
6 178 20
153 152 59
98 52 79
149 97 85
80 83 49
191 158 18
169 17 45
100 68 41
165 3 79
83 155 54
66 52 90
68 66 40
107 88 86
181 102 9
175 31 60
102 196 66
155 53 68
78 64 9
49 115 79
150 133 32
23 140 80
166 43 6
57 96 17
42 126 65
65 195 59
61 56 59
104 20 16
180 80 20
63 170 57
180 37 55
113 148 87
75 121 35
77 127 98
131 68 43
192 22 63
2 190 47
65 26 67
162 63 67
83 147 75
76 16 24
77 78 92
34 140 55
5 47 87
200 137 47
114 104 15
105 66 54
140 121 85
24 122 98
58 48 46
53 63 72
126 55 23
129 102 41
136 194 76
20 71 25
169 195 60
140 43 21
36 196 49
85 146 44
4 188 18
127 55 92
95 124 92
24 189 22
2 190 36
131 16 6
146 64 27
60 62 65
46 192 66
100 185 7
117 123 59
75 199 60
61 56 57
2 66 95
20 170 25
77 32 91
172 10 88
37 77 57
173 104 85
131 129 53
164 188 62
130 25 22
36 50 87
31 67 1
147 187 73
40 188 87
163 151 48
68 163 32
145 123 84
45 8 13
1 179 68
171 132 36
189 9 1
103 108 42
199 132 28
171 58 88
161 40 27
145 27 50
50 76 27
35 72 63
187 144 86
20 59 15
22 168 29
53 82 93
50 181 96
82 181 12
86 37 74
123 153 20
31 129 98
6 176 28
60 159 68
152 16 23
21 114 81
95 159 84
106 184 18
23 38 82
67 130 76
195 64 75
57 36 44
33 182 11
78 52 67
26 5 93
60 159 2
78 64 9
141 30 53
13 129 43
119 148 95
151 116 13
74 85 47
96 85 40
62 110 19
147 196 8
121 153 79
19 68 94
37 192 81
49 78 51
48 86 70
22 117 95
16 143 23
32 173 80
32 138 9
98 9 59
64 174 12
99 41 84
180 161 34
145 185 13
83 174 35
166 7 63
129 102 41
52 85 13
49 76 80
178 23 89
44 135 61
137 151 68
82 181 83
180 22 54
67 52 9
60 154 88
152 29 15
133 50 1
75 189 5
51 187 6
160 90 23
169 45 41
125 12 49
146 169 59
119 115 59
83 108 3
21 31 77
26 167 72
42 28 70
129 137 75
162 111 4
73 182 67
36 113 29
195 129 46
48 37 36
199 188 82
162 10 84
79 134 60
59 82 21
55 126 50
190 144 81
107 19 18
101 36 85
105 39 96
73 32 38
147 189 40
50 98 58
97 64 45
187 183 20
77 35 14
75 118 63
106 157 4
30 171 4
61 80 42
132 30 64
84 71 78
61 68 53
45 77 96
119 108 86
88 46 61
160 181 93
159 184 2
31 167 70
195 11 32
68 87 30
21 74 60
75 121 42
13 34 43
94 190 48
165 175 43
154 127 10
135 82 98
110 15 13
85 176 76
157 15 42
110 15 13
125 122 61
73 57 52
132 147 5
53 63 72
180 80 78
119 151 73
174 59 5
99 60 57
112 162 46
27 70 100
81 169 42
80 83 61
124 111 13
156 93 22
18 116 44
127 165 59
114 63 20
177 40 58
25 149 100
43 127 4
81 138 71
30 189 93
157 44 16
35 72 25
9 131 6
168 33 45
83 174 35
16 197 14
195 162 7
43 132 95
145 49 27
64 10 41
23 97 22
85 146 49
191 94 47
74 110 45
96 194 41
141 51 89
112 9 2
84 140 2
86 5 6
117 65 29
100 9 58
152 16 23
121 187 97
114 196 62
5 7 57
139 142 22
130 16 30
184 163 73
138 129 90
189 5 58
191 113 80
103 87 51
64 89 44
37 77 57
74 140 16
194 91 66
86 90 23
93 185 46
162 169 11
103 133 88
162 12 65
15 61 75
11 34 8
42 115 16
93 94 98
37 119 60
18 35 5
145 49 27
20 90 34
18 104 37
93 32 48
48 110 30
38 68 61
65 26 23
96 130 54
188 131 59
77 148 90
7 200 49
162 124 54
131 35 98
102 64 34
194 91 66
92 125 72
64 98 64
162 109 83
153 98 11
75 118 32
91 134 35
57 193 100
100 185 7
85 149 83
81 113 65
139 153 51
88 125 93
178 9 58
132 30 64
150 148 71
87 68 92
186 152 16
4 198 10
83 140 25
35 192 1
182 181 72
1 162 79
186 127 28
99 91 100
88 156 93
133 152 80
52 162 16
32 69 10
198 110 53
111 90 93
33 200 78
28 37 60
176 21 79
176 124 20
45 154 39
162 78 41
144 95 81
143 41 8
23 117 53
117 97 54
50 98 70
154 74 70
177 176 50
143 181 82
185 158 83
72 84 70
188 131 59
114 71 83
74 110 76
95 52 8
72 109 86
71 162 35
9 200 66
2 128 97
69 7 40
155 93 19
98 26 88
61 80 19
98 166 78
135 82 49
129 177 81
130 16 30
91 134 35
173 122 81
47 121 99
122 153 5
37 79 28
18 85 92
77 70 23
173 127 38
182 176 78
72 15 53
195 69 35
101 111 46
186 122 79
170 129 98
134 121 98
122 9 5
90 30 49
199 91 44
173 96 97
31 32 59
20 118 94
9 200 66
57 197 47
93 115 86
122 176 66
49 76 80
197 173 93
169 195 60
74 173 1
77 35 40
5 92 98
130 81 37
163 9 100
182 93 83
111 37 36
170 171 64
22 117 78
30 171 4
135 165 54
37 174 30
87 68 92
54 151 8
177 192 54
85 40 92
2 194 4
47 108 66
153 70 93
74 145 90
126 132 43
153 6 74
141 198 100
69 122 74
165 199 90
125 104 71
45 55 40
4 179 75
197 57 81
170 167 36
117 65 40
131 106 49
191 28 63
38 166 90
45 77 74
147 120 58
65 195 65
18 104 30
5 152 51
93 140 71
37 192 81
39 144 22
64 18 52
9 37 25
42 109 44
2 194 4
121 180 27
39 18 35
6 171 35
88 125 73
35 192 72
91 108 20
35 73 82
126 166 13
123 13 29
152 4 28
130 25 36
59 140 12
185 75 84
162 141 80
92 25 42
135 136 5
143 41 8
63 108 75
49 108 45
111 83 13
21 6 48
60 99 28
108 6 51
185 52 36
13 133 92
78 109 50
63 170 98
175 76 94
77 127 95
171 168 41
105 49 30
174 96 39
30 17 59
64 174 12
148 194 49
151 37 25
30 80 62
56 137 36
56 181 16
2 66 95
135 5 25
75 193 33
57 75 14
15 117 85
183 82 43
50 84 83
90 75 42
107 14 21
27 74 76
115 120 1
6 140 89
113 100 93
42 151 90
60 113 17
11 148 86
86 101 18
16 122 81
61 141 21
119 197 15
119 108 86
154 35 85
178 23 64
101 102 16
23 140 80
6 176 28
36 25 7
42 115 28
114 53 15
135 97 95
148 126 84
114 63 88
119 26 54
175 72 7
177 122 53
165 2 29
148 41 14
40 108 40
146 115 58
148 41 14
47 108 66
162 124 54
84 80 37
63 189 20
28 137 50
51 187 6
111 101 54
81 106 72
191 145 69
151 171 20
186 163 34
49 112 98
34 90 90
145 63 62
19 39 74
141 198 38
123 153 22
76 36 19
13 194 82
93 140 71
73 179 85
148 194 55
10 72 69
159 70 69
57 1 52
72 43 48
178 198 90
187 199 62
135 83 42
98 166 78
100 9 22
23 49 50
89 6 91
21 31 77
48 37 76
188 47 34
160 6 37
50 42 72
162 93 27
40 168 84
135 32 26
103 161 35
148 52 44
112 186 25
71 99 76
87 106 21
64 10 11
64 66 53
96 164 71
40 188 66
137 9 15
151 173 75
151 127 32
130 167 65
143 93 100
86 90 23
117 112 1
76 95 46
16 21 29
20 170 25
77 102 94
115 120 1
181 160 88
61 52 39
162 63 67
172 35 34
31 32 34
5 51 52
81 113 65
93 56 85
167 36 99
73 90 56
192 76 67
10 11 3
19 131 51
47 121 99
149 97 85
25 149 100
130 81 37
53 190 71
23 142 8
165 54 71
162 72 59
195 97 60
165 11 37
83 50 37
65 80 59
179 163 89
58 195 78
184 153 24
87 129 34
51 33 19
142 163 59
72 43 48
134 121 98
97 90 66
176 183 7
183 28 85
106 15 57
101 126 83
65 69 89
179 163 3
110 63 21
88 194 42
17 31 90
81 70 74
124 28 36
14 190 92
60 136 72
197 57 81
141 151 82
5 7 57
70 200 44
81 90 60
166 163 56
160 6 78
87 67 39
143 102 8
5 123 83
148 114 58
78 57 37
157 45 8
183 82 59
68 5 91
20 62 73
40 168 84
21 94 82
48 91 95
195 97 82
163 6 11
125 96 98
67 64 68
63 108 93
179 178 25
93 115 86
48 38 83
173 104 93
138 176 21
63 118 51
75 45 22
191 158 58
72 178 94
98 79 68
111 188 7
151 121 84
61 26 79
94 140 45
81 125 2
177 79 91
34 42 62
81 138 71
27 59 3
72 76 32
73 182 67
192 22 86
132 156 86
78 150 59
55 158 36
120 117 71
168 3 10
106 188 91
125 25 2
91 36 5
146 169 17
93 185 46
189 168 58
18 116 31
154 117 38
134 136 52
75 157 12
88 13 62
67 98 19
183 54 12
158 112 91
4 68 31
38 129 96
164 188 62
166 150 88
123 70 98
66 91 5
74 140 62
53 82 79
49 62 45
108 153 21
130 121 84
41 25 6
34 140 55
173 122 25
40 134 4
105 177 88
108 6 51
89 20 6
125 52 82
128 180 61
16 197 7
173 2 56
116 127 2
93 47 41
102 19 20
98 70 78
72 170 34
64 107 31
24 127 25
175 163 62
4 188 10
55 106 99
157 68 77
36 27 9
146 115 58
131 72 28
183 28 85
28 71 90
63 118 99
153 70 100
106 157 18
167 145 61
10 84 81
125 183 65
127 49 72
132 199 74
161 5 26
5 151 82
73 57 52
109 75 64
116 142 76
30 199 42
31 200 19
147 68 26
165 175 43
37 167 12
117 97 64
60 62 46
168 33 45
117 123 77
161 111 61
191 28 63
191 84 76
105 137 61
152 179 100
148 187 19
151 37 57
63 147 78
138 129 16
98 79 68
195 75 24
119 78 84
39 18 14
174 135 58
21 74 74
26 133 39
142 172 60
154 158 97
84 192 82
9 131 6
39 4 93
38 43 14
91 80 23
163 7 70
153 28 13
157 45 57
190 73 78
94 140 65
120 173 84
121 44 27
123 155 3
146 132 79
72 170 34
186 152 16
115 43 92
81 106 57
155 99 93
121 187 32
51 40 82
36 189 17
195 64 75
165 2 2
179 60 88
39 4 77
188 78 79
140 128 40
84 79 82
26 133 86
105 64 95
2 128 77
173 156 44
115 69 10
9 101 83
153 195 5
188 69 96
58 20 46
172 10 88
44 74 4
106 162 63
131 106 20
146 130 13
32 69 44
141 41 30
174 135 58
148 126 84
177 191 81
152 190 37
116 142 60
195 11 31
150 133 63
100 138 14
150 99 31
154 74 42
92 49 36
100 138 14
95 52 8
6 160 26
92 13 32
77 179 35
15 61 6
61 197 15
190 91 86
98 40 100
39 191 64
120 173 3
32 173 80
124 94 58
172 35 42
141 51 2
39 191 41
36 163 71
22 100 84
107 40 30
155 99 29
154 117 38
185 114 82
134 163 9
92 146 65
69 152 100
51 70 54
147 135 16
25 157 23
171 12 94
97 164 14
97 192 54
86 1 91
129 137 75
107 16 98
107 83 68
11 49 66
88 13 3
110 100 30
119 115 59
139 153 51
111 37 39
92 12 37
146 130 44
155 93 19
13 149 29
8 192 25
31 67 1
60 154 88
130 167 65
96 63 28
3 140 93
70 200 31
163 7 45
56 105 12
136 11 69
86 1 50
81 136 43
107 19 18
136 30 80
30 110 32
77 102 94
16 122 76
103 107 73
129 200 4
144 51 63
151 173 68
20 90 87
162 111 4
147 196 14
122 153 5
60 177 14
140 58 74
190 26 2
175 43 34
178 113 18
113 148 68
133 189 61
112 9 24
93 66 33
126 26 94
119 26 54
70 144 74
116 155 39
38 105 8
65 80 53
25 4 62
162 93 27
20 59 15
142 32 58
100 88 42
195 75 39
