200
118 143 26
45 182 69
183 151 37
91 60 27
47 165 27
172 128 1
69 48 5
188 132 15
86 75 42
167 74 17
68 165 61
146 21 99
85 192 32
42 45 37
144 7 1
187 148 96
1 63 95
69 184 11
162 26 47
57 32 50
108 55 59
65 200 30
87 169 58
95 175 82
5 21 55
188 130 38
49 88 93
194 177 37
140 122 94
68 165 1
47 107 92
64 166 59
104 73 44
115 95 69
62 162 33
144 180 52
157 104 77
76 148 49
82 33 22
50 112 63
173 117 65
4 109 65
126 69 14
104 103 45
73 76 94
135 171 41
125 124 49
155 167 64
72 175 10
82 162 87
126 188 18
178 114 14
123 75 24
49 176 59
21 63 68
138 122 47
129 88 67
50 49 64
94 110 40
25 103 7
119 158 37
30 180 75
15 122 54
134 24 41
159 129 12
80 13 84
164 91 25
167 58 28
19 171 92
126 139 76
150 118 8
63 109 77
176 181 36
18 54 73
124 131 69
24 70 1
14 119 75
183 187 35
18 79 21
152 115 45
175 109 52
39 14 45
36 193 39
175 198 6
35 175 56
101 65 98
59 111 24
103 175 25
46 59 96
126 81 46
51 135 55
182 87 98
114 68 21
185 2 85
73 29 71
115 184 4
111 200 89
140 184 92
113 72 61
41 178 84
54 89 44
10 135 80
80 33 43
57 12 13
118 156 71
78 164 68
120 12 57
12 91 13
80 101 70
146 28 58
163 186 41
84 142 37
13 73 83
178 114 14
126 81 46
98 43 60
77 11 64
26 86 88
120 103 7
160 101 38
83 180 75
141 154 83
194 177 25
66 165 2
148 67 80
6 181 46
69 28 53
60 48 73
175 198 6
83 65 11
1 10 83
63 66 89
197 111 26
155 167 8
170 43 92
182 102 97
4 109 65
69 130 92
182 37 72
119 57 40
107 57 50
135 52 28
20 149 23
193 14 40
190 179 45
175 39 21
22 78 67
196 182 48
165 173 42
82 163 85
188 12 6
2 21 22
127 41 8
49 54 43
33 79 38
115 41 11
50 165 29
171 170 16
156 39 62
41 85 13
119 167 53
62 109 77
149 80 100
103 30 3
148 67 50
67 32 75
123 105 2
196 13 5
173 17 82
142 49 28
99 153 6
122 46 10
36 27 73
164 189 63
69 184 11
73 7 65
196 177 45
64 32 85
196 182 12
45 108 68
177 134 74
175 39 94
117 185 19
105 177 62
168 181 31
7 41 37
104 194 62
65 195 93
57 165 17
104 163 71
41 143 95
94 110 40
4 10 78
79 81 7
163 95 41
112 65 49
1 103 21
95 181 8
199 138 89
179 189 97
178 113 37
136 2 99
78 152 11
1 111 68
186 142 46
93 28 35
164 181 67
133 109 20
12 28 21
103 138 8
183 19 52
57 32 50
143 167 81
120 84 47
153 71 34
88 144 39
160 3 47
183 76 66
112 85 16
148 37 7
185 134 14
80 58 80
39 29 78
49 54 43
127 165 5
97 126 26
176 163 44
115 34 6
135 92 30
20 38 86
121 105 76
156 170 94
199 68 2
133 200 81
142 197 71
138 169 67
75 41 87
85 129 32
72 172 32
60 71 9
33 79 19
117 185 19
55 118 86
181 132 8
140 69 27
130 86 92
77 39 1
50 49 32
6 101 87
101 99 22
102 179 5
6 13 51
41 143 66
152 61 53
104 130 57
51 43 92
139 164 9
83 180 70
13 106 56
45 34 98
66 93 87
168 173 47
100 169 6
23 152 23
57 69 80
133 109 71
193 102 10
15 95 5
61 65 41
130 2 15
19 124 66
156 67 46
90 39 6
109 106 27
74 72 86
5 87 58
181 176 69
81 60 43
140 165 40
48 160 71
187 52 89
177 61 19
194 176 65
73 156 97
135 126 73
138 164 77
189 29 22
32 185 87
28 43 51
164 28 88
47 27 43
198 116 45
82 163 85
56 104 86
14 55 75
87 25 61
184 110 22
117 33 37
12 42 56
46 13 67
97 145 23
182 37 72
135 171 4
24 172 6
24 47 88
161 10 84
193 194 68
108 155 17
184 132 77
7 93 25
143 109 35
173 120 42
105 132 75
14 114 72
129 86 63
98 122 97
187 198 41
83 32 8
104 31 78
25 144 22
118 112 10
75 45 78
190 13 32
19 92 56
103 56 67
176 195 42
114 145 2
28 99 71
23 71 60
29 116 29
24 47 88
126 188 18
78 111 63
59 142 89
121 132 88
96 127 41
125 98 48
152 91 10
103 121 53
88 143 95
149 112 25
36 27 71
42 152 43
31 119 58
187 155 7
11 139 74
104 155 70
91 152 20
112 36 43
78 35 76
185 22 42
200 183 57
4 96 28
54 107 73
103 111 73
17 59 76
80 45 64
197 4 32
40 45 44
56 82 36
158 74 13
16 81 20
185 106 87
177 125 56
60 121 26
158 149 99
150 197 75
197 186 27
100 52 63
109 175 17
178 48 8
119 176 61
117 196 15
19 73 22
139 164 9
19 115 60
32 171 36
22 44 19
121 95 89
69 186 77
40 183 26
73 29 71
132 53 80
87 161 10
23 178 82
40 164 7
159 117 31
178 50 35
160 3 47
30 130 5
84 112 97
17 183 70
3 149 45
95 181 98
159 97 43
18 54 59
112 130 21
133 166 95
181 176 70
109 120 55
68 100 80
186 11 43
200 183 71
188 138 69
126 62 39
84 189 82
13 127 5
84 77 64
94 193 73
121 117 1
68 61 18
116 155 15
128 183 68
34 14 39
178 113 37
92 78 70
188 124 62
65 41 16
186 174 97
164 135 88
33 103 90
45 188 50
117 33 40
127 61 29
28 174 10
124 58 51
130 137 75
102 138 24
32 185 66
85 176 92
127 41 8
51 108 67
61 65 55
123 131 61
49 148 98
17 157 57
41 105 75
200 49 86
38 32 76
120 42 15
156 42 22
184 132 77
165 129 37
196 179 69
42 152 30
199 108 42
109 48 6
64 166 75
170 84 42
186 32 9
123 86 37
60 174 14
156 138 42
55 125 71
123 155 58
120 84 14
61 72 58
118 79 22
96 160 34
49 62 85
189 173 58
133 91 84
197 183 98
12 42 56
68 47 49
149 110 54
156 50 50
96 14 76
62 2 9
165 152 93
185 22 42
144 131 40
75 44 90
115 135 17
140 122 94
194 28 83
24 195 46
72 175 10
130 66 49
1 153 10
104 130 50
80 26 9
112 104 71
147 77 22
92 57 78
164 181 49
40 164 7
196 13 5
132 108 61
186 11 43
151 42 53
172 38 56
55 189 53
155 160 31
99 122 93
90 1 23
119 198 44
137 182 65
50 21 15
143 159 70
117 86 40
48 160 71
88 57 3
111 112 74
60 145 40
37 57 26
165 152 29
11 103 24
117 4 27
46 59 96
91 144 11
69 140 9
32 141 89
180 71 56
39 95 46
47 165 27
119 158 53
19 161 76
156 138 69
137 96 96
61 26 52
50 132 53
109 63 26
91 100 91
144 78 17
165 198 55
28 54 72
186 32 92
79 28 77
60 61 97
188 138 69
74 109 77
154 52 20
187 42 38
167 142 32
136 2 99
146 50 32
39 24 38
16 85 14
9 108 27
184 110 22
114 16 34
40 176 21
13 35 33
146 50 72
114 102 13
171 178 74
37 191 12
115 41 11
58 100 93
103 32 63
121 95 89
134 70 6
119 70 59
33 64 44
137 12 11
112 81 46
8 84 57
186 73 96
34 118 88
170 172 74
36 123 95
12 52 78
189 200 89
22 56 71
91 133 91
140 184 92
37 57 26
173 104 4
156 170 56
23 83 22
34 184 36
177 182 6
54 30 78
128 183 68
164 50 95
88 180 88
17 95 20
7 93 25
174 21 95
135 92 30
31 46 28
46 25 70
113 147 53
53 119 44
76 44 88
160 11 77
11 183 14
177 182 6
115 63 25
3 128 62
118 123 19
68 64 42
127 6 26
125 126 88
105 74 77
118 143 54
158 15 48
123 130 20
100 52 63
62 93 50
19 112 2
76 44 6
6 101 4
183 184 62
92 114 27
92 28 77
173 177 77
104 31 78
37 23 16
121 106 84
178 55 36
137 123 36
161 70 56
156 134 81
193 189 62
16 187 71
3 50 91
84 112 97
130 86 11
163 166 53
187 155 7
61 176 11
196 166 44
195 191 3
95 180 51
120 126 24
8 197 29
61 176 11
184 9 18
90 88 76
119 167 6
60 111 45
124 129 85
63 138 5
164 91 82
183 151 37
112 116 11
19 69 37
119 57 88
63 138 13
80 66 42
1 159 17
165 121 74
40 176 21
15 191 6
25 113 36
175 92 29
49 62 19
143 96 17
171 97 81
95 144 57
128 194 54
164 6 57
36 195 62
130 68 86
16 187 71
18 79 21
114 142 5
115 63 8
94 86 80
74 109 28
103 46 55
24 70 1
18 27 2
141 119 6
103 138 78
174 61 86
101 5 95
140 116 20
175 109 52
24 198 87
116 14 59
112 160 56
193 158 15
150 191 48
107 84 66
189 34 1
143 96 17
96 181 36
198 186 37
82 162 87
57 12 72
71 191 92
84 161 60
54 155 65
193 98 84
136 110 31
141 190 20
24 96 30
155 83 95
142 99 37
64 82 46
84 189 82
31 133 21
63 169 56
67 188 56
147 101 88
139 54 13
123 139 25
50 156 12
193 38 1
123 11 72
40 192 72
197 183 28
91 30 66
166 46 93
35 106 16
92 6 86
44 142 2
193 14 9
115 176 90
126 137 71
123 1 26
51 58 49
181 132 49
133 177 78
150 197 62
168 35 45
27 100 72
18 75 62
193 189 41
1 10 83
111 159 59
85 92 74
119 152 54
118 165 25
189 200 89
23 83 22
53 32 22
195 191 3
33 64 50
5 111 32
179 189 17
168 133 62
196 48 38
19 73 22
97 145 23
91 144 11
176 138 29
177 134 74
15 121 4
78 196 24
65 78 19
175 75 19
59 142 19
99 120 52
54 155 30
156 39 26
196 177 45
73 138 24
199 191 89
23 69 52
10 185 51
102 38 59
116 155 15
143 159 52
85 176 92
40 190 22
56 109 13
77 39 1
113 147 53
83 170 50
23 101 36
4 184 88
168 77 32
162 178 88
67 132 60
168 133 15
123 75 90
103 111 11
62 2 7
39 14 45
171 36 89
25 113 36
6 74 71
13 186 47
19 148 49
12 191 66
140 69 27
64 90 67
188 124 76
130 68 34
142 99 37
100 169 92
38 185 51
5 22 29
162 87 92
22 78 94
60 21 25
18 75 16
157 49 60
19 124 66
165 198 48
86 156 38
84 142 37
138 89 27
36 195 33
66 165 2
4 10 78
167 17 62
183 169 20
153 154 17
164 102 59
177 118 41
33 121 100
44 181 2
78 164 68
188 152 93
197 111 91
186 130 88
125 66 54
154 128 47
149 9 67
13 110 98
68 100 80
78 152 51
2 21 22
12 91 13
195 121 25
16 191 96
149 80 100
20 197 45
176 191 62
69 187 48
184 9 13
143 80 51
43 118 49
109 106 27
8 31 20
103 46 44
137 182 77
193 158 15
140 165 92
60 121 65
47 27 66
129 179 98
2 10 78
32 141 7
176 138 22
63 101 11
38 108 77
38 1 39
51 135 7
63 58 6
180 152 36
45 108 31
70 118 90
181 115 29
168 157 21
77 44 32
170 43 30
100 149 91
133 166 95
106 49 77
176 191 62
103 32 63
112 149 100
48 144 2
115 184 4
42 45 37
140 187 75
177 14 89
27 4 64
105 177 41
52 117 23
61 128 34
15 121 43
61 128 10
8 168 49
104 73 52
176 116 85
148 166 5
159 129 12
159 25 50
112 104 96
50 141 38
146 28 20
8 98 85
88 159 58
20 149 93
128 194 54
123 86 37
136 110 44
133 42 70
99 122 93
54 107 16
142 197 14
60 21 89
66 93 11
40 192 43
53 140 97
74 81 82
199 68 45
87 161 3
180 71 87
88 159 25
128 51 32
157 104 70
127 93 10
191 51 53
188 5 57
5 21 55
126 139 76
163 166 53
26 44 95
189 108 98
182 54 59
130 66 54
23 152 23
97 41 23
54 149 30
10 185 51
88 143 56
11 183 14
145 197 81
117 86 40
10 161 1
193 98 50
4 184 88
151 119 17
88 193 52
126 62 39
156 134 81
188 130 38
52 195 46
21 156 44
60 111 41
64 81 80
118 33 67
159 100 42
74 72 86
38 1 37
98 123 47
12 52 78
1 77 65
147 101 95
187 42 38
187 12 16
175 136 16
44 57 28
60 48 52
72 172 91
40 74 97
46 25 70
189 104 23
7 41 84
174 21 60
56 82 36
90 39 6
156 72 35
108 55 59
191 64 82
73 156 97
188 152 86
122 3 82
118 87 78
6 88 36
68 126 78
45 182 12
4 131 22
37 97 14
59 62 97
127 50 43
191 152 38
159 25 50
114 145 86
50 132 66
123 131 61
172 38 56
91 30 66
79 126 77
81 104 46
68 126 78
53 140 97
92 57 24
183 184 73
65 189 44
129 95 56
107 84 41
127 194 81
30 130 74
117 196 15
188 132 47
186 73 96
1 77 6
165 116 5
37 171 82
95 27 23
181 115 29
190 191 11
64 82 8
69 140 9
196 166 99
52 195 58
127 93 10
5 78 93
30 3 99
63 66 51
54 30 78
152 41 93
186 130 88
109 200 84
13 128 75
121 132 88
52 117 92
188 12 6
171 113 76
56 109 13
75 41 11
10 135 26
98 60 9
24 195 46
45 4 51
75 45 75
119 7 84
20 161 89
32 165 80
187 198 82
59 143 74
124 48 30
88 180 88
50 88 49
60 71 9
94 106 4
172 128 1
95 27 13
3 128 62
159 103 50
192 20 9
128 31 96
18 165 83
160 23 82
152 103 95
10 157 24
177 100 13
126 168 42
114 16 4
149 168 43
102 179 25
88 193 52
79 126 99
36 193 39
55 160 88
120 12 88
77 177 55
59 30 50
42 43 20
50 112 43
22 148 5
155 185 16
153 149 42
109 200 21
189 131 47
