200
162 88 1
53 30 18
164 184 82
115 36 63
118 115 39
164 26 7
169 62 60
179 93 91
49 34 55
44 13 73
164 121 24
104 180 39
28 106 44
177 57 7
70 36 7
161 98 55
5 3 84
171 88 43
70 41 64
32 101 82
65 88 52
121 195 42
144 7 64
43 62 15
62 129 2
181 112 48
179 123 94
115 36 63
64 154 99
167 141 58
126 195 70
162 88 1
116 26 72
145 43 38
58 134 55
191 98 11
16 146 19
152 187 57
97 107 92
153 198 71
34 182 19
36 40 92
91 157 15
96 154 61
65 104 58
116 22 84
88 91 93
55 33 79
30 58 67
96 81 2
76 120 89
192 188 24
9 34 75
118 124 61
86 160 16
13 173 82
152 155 86
141 99 49
189 141 25
14 168 43
76 93 66
126 152 9
108 11 60
19 44 73
61 151 14
91 175 95
7 164 53
79 27 25
194 78 85
180 61 92
23 84 19
91 184 39
32 30 33
147 27 47
34 72 39
183 16 36
70 137 39
21 167 30
173 62 65
63 166 33
125 141 82
73 29 95
196 29 83
117 73 57
168 3 73
98 153 5
163 188 70
124 180 85
66 164 76
187 106 95
165 31 7
163 182 54
58 104 87
86 160 16
109 158 56
3 119 82
133 147 20
6 187 5
31 39 100
103 59 97
92 110 100
98 104 85
196 9 87
47 188 48
20 185 80
162 190 54
57 56 83
88 27 64
52 181 33
86 141 72
158 153 60
153 149 80
179 24 92
21 46 24
69 176 56
6 90 95
148 121 21
2 182 67
112 113 50
165 177 22
182 155 39
157 51 99
157 199 53
49 34 72
102 10 60
112 113 50
104 70 13
58 9 55
122 199 14
139 153 92
111 116 61
80 157 95
175 105 23
190 46 30
65 98 57
169 62 44
15 162 50
31 146 25
192 92 49
171 117 54
15 147 81
12 96 5
56 48 31
3 99 59
163 131 24
80 67 48
130 39 38
110 22 45
174 187 36
5 3 82
118 59 23
121 42 18
149 167 1
163 39 56
70 137 68
7 16 85
101 114 17
153 94 45
44 98 29
120 3 59
121 193 27
48 46 76
115 72 78
103 198 51
76 138 81
42 193 57
191 35 12
121 122 12
127 68 84
43 28 30
25 68 10
148 56 81
136 198 76
148 56 68
194 22 6
190 14 38
22 183 75
145 131 89
22 85 72
64 118 61
140 73 79
155 103 7
84 144 25
20 62 21
24 152 14
102 188 20
76 16 9
191 49 45
91 28 59
137 151 36
197 60 73
30 185 34
5 191 39
5 117 68
86 112 61
86 54 45
187 132 96
110 22 15
165 153 13
25 61 61
111 30 95
155 125 52
101 30 94
63 72 63
162 95 62
70 115 91
121 114 8
122 156 4
147 41 83
122 163 19
94 172 38
56 27 7
11 36 76
50 159 63
163 34 90
138 82 73
194 196 63
121 53 76
184 40 54
37 145 24
18 198 71
172 56 29
140 51 12
67 15 38
138 6 3
144 155 23
173 157 31
122 169 72
107 163 98
18 88 20
110 20 18
196 152 13
17 32 66
17 121 42
77 110 42
138 196 69
166 59 98
48 11 39
41 40 50
162 106 2
127 120 5
112 162 83
184 75 79
165 31 7
103 186 10
84 135 11
100 10 71
148 121 39
75 71 5
14 113 54
194 196 13
113 52 29
129 169 34
153 198 61
25 71 81
195 26 31
157 176 45
29 125 71
121 175 77
107 11 78
35 70 59
57 56 56
6 90 95
134 159 92
92 74 69
163 182 66
113 52 29
124 53 86
22 137 33
60 169 80
22 85 78
114 101 73
32 82 7
99 64 11
52 182 27
27 130 57
92 91 65
62 60 31
158 182 58
93 68 69
142 133 79
159 54 22
93 68 21
132 26 48
26 121 21
91 54 95
150 105 10
6 144 56
121 122 56
66 51 95
38 153 38
170 134 26
3 7 7
129 196 9
76 96 86
165 41 8
22 83 54
77 72 57
117 35 94
80 52 80
129 27 97
197 73 78
178 124 87
58 127 51
34 136 28
111 104 75
106 37 89
137 151 36
143 88 24
39 128 28
6 105 57
125 137 20
34 72 39
57 145 32
117 134 64
22 19 40
5 117 68
176 15 9
127 77 100
131 98 12
121 65 2
129 141 45
81 89 16
199 43 66
72 67 50
99 125 61
121 53 76
122 173 91
84 49 98
131 128 42
124 2 19
99 117 52
189 158 41
68 138 23
134 87 17
145 133 27
56 6 45
76 32 57
162 65 21
151 8 66
196 159 42
146 31 98
108 129 98
110 103 6
5 37 2
74 198 15
23 45 34
154 198 98
37 14 9
162 85 52
192 52 36
109 158 56
70 115 78
155 161 19
79 141 33
76 167 50
144 110 65
152 44 23
143 14 61
184 40 67
95 74 42
4 9 83
180 94 11
191 120 96
35 105 73
174 173 75
197 52 39
157 149 4
80 67 29
86 72 67
42 32 71
18 86 25
94 172 41
57 70 60
81 171 91
5 37 2
148 93 61
179 93 91
106 55 77
168 127 38
173 192 43
132 36 78
93 20 44
52 181 33
189 112 78
179 123 94
82 149 13
183 47 10
9 191 74
178 169 67
3 72 22
169 178 86
23 33 4
147 122 50
4 79 54
85 15 36
2 48 10
112 155 98
60 163 100
58 156 19
38 147 32
5 195 63
72 168 94
150 159 96
53 138 33
16 59 95
122 22 94
84 135 87
135 138 52
165 178 46
31 122 50
110 103 11
10 127 2
12 96 5
9 50 2
14 113 54
111 99 46
98 17 14
140 91 59
47 188 44
32 68 18
26 166 98
81 119 96
157 139 64
5 133 83
54 147 13
146 66 3
85 80 75
19 173 93
93 46 41
199 192 90
169 159 40
65 8 16
147 23 98
6 105 57
153 96 76
18 52 65
140 73 79
153 138 76
171 177 27
83 4 22
5 85 12
32 106 28
171 180 96
169 154 19
60 93 82
80 65 88
141 109 71
32 82 7
96 81 2
129 141 45
120 23 80
96 154 73
161 98 55
59 35 53
198 111 26
114 45 82
112 102 41
129 22 72
195 18 24
37 178 22
179 127 15
82 142 54
127 138 54
9 14 81
107 172 77
151 124 37
70 71 25
7 151 31
19 14 92
185 192 1
190 117 40
76 96 86
199 97 35
13 93 43
141 109 71
124 148 86
107 176 68
159 116 34
14 168 9
141 150 61
9 191 77
22 137 86
51 94 14
81 171 91
148 55 100
138 162 84
91 164 39
184 98 96
81 58 31
111 63 83
87 158 58
35 117 83
108 105 40
45 169 73
26 65 62
117 73 57
196 29 83
86 112 61
132 133 50
81 179 28
110 109 71
77 4 82
177 124 96
57 62 84
37 14 9
61 125 50
169 38 17
176 199 43
127 1 69
18 123 79
143 88 35
196 16 72
21 142 24
78 53 73
77 52 65
183 47 10
186 171 14
72 168 30
92 47 45
21 167 30
93 27 66
171 190 96
122 163 19
7 62 50
45 194 56
131 102 55
29 51 84
131 98 12
103 59 97
47 75 48
100 10 29
146 83 89
25 12 38
163 67 17
149 187 70
32 68 18
14 180 73
53 30 29
34 77 88
7 56 70
157 84 73
39 99 23
3 187 71
66 164 76
34 182 58
99 113 97
148 93 61
126 101 41
114 178 60
132 197 47
178 12 53
5 46 68
54 149 44
107 37 71
42 59 14
40 78 94
11 89 39
52 75 77
2 22 47
198 102 69
88 91 85
22 19 2
178 53 83
166 136 73
166 126 83
136 169 20
141 83 54
114 42 15
87 32 29
96 3 64
48 91 91
129 156 62
133 147 5
25 68 10
135 105 15
180 53 13
158 65 59
96 186 39
77 59 90
79 200 73
107 176 68
50 65 12
32 46 54
39 65 58
158 143 69
32 195 26
155 191 36
24 175 47
44 137 82
174 173 80
32 73 89
183 14 28
136 169 20
181 115 72
194 78 74
59 78 31
88 27 64
151 197 44
193 172 24
54 1 33
151 8 49
44 13 29
104 59 81
112 43 31
195 18 24
141 114 39
143 51 82
53 17 86
81 49 27
146 169 6
117 110 41
157 90 34
146 80 54
120 87 64
81 58 53
193 46 18
199 97 55
178 12 53
195 95 19
20 148 74
80 157 95
97 10 4
133 151 8
189 141 25
11 36 24
86 54 45
89 119 87
143 14 51
2 20 76
152 172 83
91 54 95
21 121 9
78 59 66
163 192 96
40 191 27
10 140 32
3 26 34
194 122 19
173 62 65
150 169 76
35 105 25
90 26 70
152 13 93
69 16 35
103 186 64
23 84 17
144 127 55
28 143 54
58 138 48
42 34 83
107 11 78
41 137 46
62 136 5
173 83 42
153 108 64
164 36 99
121 200 21
5 133 38
20 148 73
146 80 54
158 28 63
104 111 11
29 51 66
93 27 6
164 27 66
121 143 99
194 32 41
73 28 34
54 147 14
32 169 26
129 117 25
97 183 87
10 117 71
84 123 56
99 117 52
119 51 31
172 183 32
181 115 72
77 73 11
34 136 28
153 161 16
164 36 99
191 39 5
179 50 100
65 193 86
163 131 24
7 169 31
180 47 3
67 35 70
61 151 14
140 163 2
75 50 17
61 190 89
197 146 59
111 30 2
196 183 29
43 24 83
165 95 2
153 96 76
151 197 44
162 125 100
190 14 38
163 87 82
196 152 9
162 190 54
79 6 25
76 138 81
15 162 19
164 106 3
116 182 85
181 26 3
49 68 66
56 64 41
23 33 4
118 21 16
31 146 35
17 134 57
67 193 58
176 199 88
97 177 11
164 8 26
12 21 4
123 44 84
66 43 60
139 73 20
30 58 58
175 194 63
73 152 49
28 30 38
98 153 5
184 98 60
58 138 48
179 127 15
35 196 68
120 3 96
3 110 53
118 135 84
76 181 99
128 165 86
34 1 33
192 9 67
37 12 51
127 134 28
57 135 85
26 56 64
175 177 53
180 61 92
160 199 46
48 58 22
20 124 41
154 198 98
84 41 87
37 12 51
171 13 17
34 77 5
51 94 14
69 133 82
197 52 15
128 45 46
58 111 78
169 123 92
146 137 43
57 135 85
124 4 38
161 178 33
116 182 85
156 132 80
169 153 100
62 84 77
157 149 4
164 121 30
98 53 57
5 195 79
170 134 26
21 180 2
28 143 51
161 178 33
91 80 83
136 127 87
179 24 92
146 141 86
3 110 53
74 149 73
172 35 36
91 68 58
90 26 70
119 51 31
183 14 15
189 158 41
34 55 31
191 35 12
166 44 75
29 11 44
165 41 34
149 170 46
2 20 76
19 61 10
186 36 27
180 47 78
151 7 91
79 3 36
123 8 23
186 171 62
155 61 35
84 49 62
185 32 84
169 159 40
142 194 74
163 87 31
104 111 11
41 30 59
11 5 79
10 117 71
191 69 14
141 176 59
109 4 45
67 116 39
97 82 48
176 185 94
180 142 32
140 130 45
190 184 23
62 84 61
10 140 32
164 184 82
93 39 12
33 51 35
121 65 2
162 110 25
191 120 18
171 181 4
173 22 31
51 187 39
84 77 72
187 140 82
147 41 31
112 43 31
188 111 25
160 56 11
33 58 67
195 26 41
75 71 40
116 35 26
172 183 67
190 194 87
31 71 91
9 14 75
74 149 79
155 38 52
196 9 87
117 35 38
200 173 29
134 21 52
26 195 74
137 128 82
76 181 99
13 141 98
13 141 58
172 129 86
24 127 44
1 114 40
183 13 72
122 156 15
53 44 56
16 144 64
60 44 84
92 74 69
49 29 69
14 161 30
25 61 47
49 80 94
3 68 53
151 120 19
106 58 20
24 12 99
130 12 59
122 57 75
130 12 59
136 75 13
149 167 1
6 65 70
54 37 65
32 31 86
194 195 87
132 36 78
185 54 51
3 79 93
3 68 53
165 95 2
184 117 18
9 44 25
151 77 18
54 103 15
65 104 70
77 4 82
152 181 52
39 161 95
171 13 17
55 82 38
130 79 50
76 120 24
150 11 60
128 176 90
119 156 80
151 120 19
167 45 67
69 11 7
16 59 93
167 175 17
170 46 64
181 112 48
101 45 69
129 142 87
22 36 3
107 121 53
165 62 52
32 76 21
11 5 79
118 21 97
45 157 52
2 14 31
112 102 41
194 122 19
196 18 39
52 14 21
143 145 23
135 138 41
122 169 4
19 43 32
144 190 99
40 21 61
74 70 57
125 140 41
92 110 100
162 65 21
107 28 91
198 111 61
192 52 42
28 30 38
163 192 96
97 67 52
137 63 73
107 121 8
96 3 64
197 16 49
70 71 1
185 24 40
58 104 96
37 178 100
77 52 78
184 117 56
197 146 59
23 39 4
181 62 28
54 37 18
173 157 31
129 176 4
177 44 78
185 32 96
39 35 79
67 193 58
54 56 46
27 18 5
162 110 25
32 31 86
80 52 99
144 127 36
150 158 70
142 194 74
32 46 54
193 46 100
43 24 83
196 159 42
79 32 100
56 64 41
78 16 49
82 120 63
176 47 50
7 62 50
65 193 86
38 147 14
9 44 76
49 162 71
10 31 46
144 153 72
79 119 12
95 100 65
94 196 8
190 146 6
52 194 50
170 46 1
48 11 39
180 53 79
13 93 43
79 32 100
37 120 67
57 21 1
129 117 25
144 7 11
183 13 72
138 29 54
91 175 95
124 117 78
52 94 83
59 119 48
72 152 78
148 57 81
21 76 9
117 192 95
107 172 30
138 6 3
84 53 11
110 107 7
134 67 68
140 63 10
7 32 70
149 151 90
134 59 85
3 51 42
128 57 74
186 91 56
161 53 78
148 57 34
130 179 49
160 180 18
156 186 13
163 41 23
146 66 2
171 72 6
124 29 19
66 92 48
180 58 4
99 113 69
6 144 63
132 133 50
19 150 87
