200
65 178 98
200 100 79
42 24 71
69 148 70
71 198 35
173 96 40
124 84 38
75 93 75
93 49 20
89 27 40
124 48 39
69 104 58
87 172 84
15 95 30
166 167 2
112 39 50
97 132 2
106 182 19
72 109 50
91 196 73
97 41 75
86 112 65
73 32 79
146 25 58
1 191 62
34 73 3
2 159 65
95 190 87
55 146 15
102 51 4
56 180 40
147 176 11
163 28 40
159 97 1
192 194 61
58 102 18
106 170 51
184 29 15
155 147 16
105 9 47
193 118 86
32 158 90
70 11 3
2 159 22
143 46 88
26 73 8
155 150 31
199 153 23
93 147 7
138 71 16
162 184 36
152 39 30
111 31 19
160 107 67
138 16 10
14 109 94
151 91 8
6 100 15
7 37 53
155 137 46
57 170 84
151 135 64
109 102 65
8 115 8
13 173 51
79 19 7
137 102 58
131 4 82
58 32 44
125 68 74
76 3 18
156 78 11
17 26 21
16 29 36
97 179 77
49 55 94
17 122 42
13 74 4
177 33 64
118 65 41
132 43 31
171 35 69
189 176 4
49 178 77
155 150 52
36 194 91
58 9 7
35 81 28
94 131 40
128 64 12
145 28 80
161 138 14
181 175 69
67 39 51
86 147 86
24 159 100
97 173 89
32 112 37
154 26 86
101 155 93
181 101 65
129 66 74
70 112 44
80 161 56
66 52 6
135 31 43
107 156 95
22 152 93
197 104 64
187 60 35
71 119 28
69 62 21
59 41 43
47 151 85
141 88 81
65 144 88
96 26 63
170 93 87
29 83 93
181 191 46
169 189 65
76 17 17
175 63 25
58 102 20
99 120 96
191 145 23
21 9 94
99 14 20
105 75 6
71 107 76
26 73 8
57 154 11
96 199 13
144 189 27
19 42 15
2 117 9
52 126 67
60 117 22
183 173 27
56 124 94
136 96 95
87 137 96
140 2 98
195 59 38
160 129 100
144 126 21
174 137 52
112 74 29
15 48 75
58 32 44
134 156 89
19 125 20
73 41 89
74 164 37
5 148 64
168 113 4
134 53 31
196 110 78
60 98 77
150 32 99
177 130 72
32 11 50
79 83 1
181 111 66
172 48 74
30 171 15
143 98 84
139 165 79
143 30 19
196 28 35
52 171 84
159 12 96
138 50 27
153 40 4
49 81 71
198 192 32
86 62 19
29 97 55
131 76 17
44 181 78
109 102 42
187 49 98
186 106 50
135 178 92
123 177 98
110 26 10
141 26 15
41 130 14
102 103 71
112 84 50
63 58 76
196 71 73
137 85 79
105 158 75
142 98 6
123 110 94
169 139 23
67 109 61
79 47 82
75 128 68
183 64 46
76 73 70
48 189 47
40 128 7
77 64 98
151 88 33
165 65 46
31 30 23
186 91 4
198 25 71
24 177 48
105 9 47
47 62 42
8 186 37
63 142 49
125 84 69
43 20 15
82 1 8
68 2 11
173 16 73
66 111 47
39 35 16
115 36 22
185 111 26
4 129 64
125 116 51
20 28 95
33 128 71
52 126 20
102 126 72
136 39 28
187 165 77
172 55 27
55 15 7
7 135 84
80 135 86
117 100 77
30 25 3
49 124 41
100 73 32
105 2 1
49 39 38
90 86 50
14 15 94
121 187 47
150 16 7
143 169 44
104 176 94
15 103 55
19 42 55
147 176 78
117 149 22
144 83 17
173 157 67
152 157 65
181 175 69
66 111 47
44 181 78
156 3 42
31 116 68
95 74 84
138 85 4
14 109 94
199 175 72
104 53 69
24 146 97
37 185 48
55 146 15
158 121 10
42 28 2
49 55 94
25 42 23
187 103 23
150 118 1
35 39 55
187 44 98
134 125 81
27 122 11
63 58 92
130 144 51
1 121 69
155 156 45
168 113 4
175 63 21
41 130 97
69 103 71
103 79 87
102 65 75
46 187 55
75 14 72
47 18 8
139 32 69
114 72 14
41 118 31
196 192 86
43 114 100
170 186 13
36 133 92
71 119 28
171 165 92
61 197 46
75 179 88
180 129 92
10 127 77
171 89 76
45 90 26
61 197 46
197 187 75
139 30 52
73 31 45
66 50 53
99 112 12
80 135 76
35 167 85
165 86 48
6 93 68
134 32 93
173 162 46
142 105 78
93 81 77
74 121 34
148 3 99
97 132 76
199 53 12
140 156 96
31 200 36
170 162 84
20 136 32
184 93 58
73 18 71
68 162 50
131 133 63
80 22 37
143 152 41
102 122 2
173 131 25
127 29 73
24 41 89
155 162 5
27 122 11
101 14 51
193 118 8
45 115 52
47 155 8
155 81 13
73 31 45
119 42 69
145 24 57
181 91 94
7 46 75
155 147 71
105 106 99
14 141 54
20 136 32
31 200 36
152 63 35
121 92 72
56 91 71
105 196 28
137 102 58
163 28 40
143 151 27
23 75 35
163 116 19
17 55 56
110 194 29
197 93 21
52 63 88
131 76 29
156 78 11
83 143 12
186 68 30
116 96 69
143 128 7
62 160 5
20 170 22
139 30 52
92 56 1
125 17 63
99 82 32
183 167 69
178 49 48
177 33 73
82 11 22
3 91 43
18 165 72
129 193 90
125 197 96
119 57 63
86 107 26
103 88 76
21 138 63
25 119 86
150 168 71
160 147 11
19 139 6
169 133 67
68 197 54
114 72 1
42 25 34
93 24 85
155 137 31
172 48 74
90 84 81
74 33 69
21 60 6
198 25 71
84 5 2
44 126 19
143 159 82
112 93 41
176 13 26
151 47 56
19 77 75
8 134 81
130 144 51
32 31 88
102 122 89
196 62 43
180 95 7
147 76 64
103 84 78
131 96 68
34 95 15
168 150 24
154 43 5
160 147 11
84 88 86
54 142 99
148 51 81
157 177 66
99 171 2
91 196 35
57 154 11
166 53 60
71 80 7
108 193 31
168 87 42
64 98 62
73 41 98
155 63 54
114 111 18
88 171 48
183 39 76
30 35 10
196 194 43
7 68 76
189 153 92
100 11 48
184 84 89
171 35 69
95 117 58
23 78 34
30 126 71
170 192 58
155 162 5
145 189 36
106 188 66
7 166 3
12 112 92
69 29 65
141 41 48
60 67 61
45 90 26
89 162 3
69 175 53
149 160 36
138 68 100
112 176 64
105 2 71
45 121 62
91 178 22
76 193 22
134 53 30
39 10 86
138 61 51
115 21 84
44 179 42
87 31 43
113 55 40
80 22 37
191 145 75
59 91 12
141 26 97
14 49 8
9 59 31
182 127 73
98 78 43
97 173 89
43 75 56
155 81 13
90 50 19
188 150 94
59 196 34
156 108 67
198 136 93
74 199 68
171 141 21
183 20 29
106 182 94
7 39 99
49 140 61
7 130 53
171 179 71
77 181 63
2 70 67
134 156 89
101 78 96
135 31 43
152 157 41
42 36 52
15 48 75
157 67 7
67 31 64
91 109 93
160 60 79
46 162 69
97 152 25
10 159 18
24 52 92
131 133 63
84 88 72
142 47 2
19 149 30
99 112 92
112 74 53
10 41 18
13 160 39
62 160 5
12 24 75
84 5 54
117 105 45
17 100 50
91 7 74
24 52 56
69 104 58
30 174 60
112 84 50
35 61 89
48 119 72
56 132 65
167 200 1
123 9 20
77 63 44
71 170 1
72 120 86
191 146 54
60 175 31
32 158 90
50 7 2
150 168 71
185 115 5
113 191 42
181 144 51
29 83 58
170 128 73
83 183 9
24 159 100
165 107 15
125 40 24
61 193 63
171 13 26
189 176 89
181 192 63
3 91 43
120 10 3
109 184 56
178 116 69
97 36 21
166 53 60
168 121 76
10 61 25
76 34 45
119 57 5
154 9 16
82 49 53
133 162 88
129 56 57
180 110 11
183 17 99
193 138 75
152 105 23
67 39 6
117 105 45
116 69 82
15 95 56
82 11 67
182 37 77
72 120 31
33 125 77
172 144 23
56 122 32
143 169 44
82 98 63
153 183 50
106 70 49
28 32 54
98 99 95
194 66 53
14 176 53
56 124 94
20 63 60
136 39 28
114 26 56
92 56 21
95 190 73
35 39 55
31 30 9
154 9 2
157 67 91
92 94 65
104 176 94
73 5 6
116 91 68
158 16 67
175 12 83
99 95 68
183 64 46
13 1 94
140 2 98
22 98 84
90 84 71
30 82 21
165 181 14
55 16 1
12 117 36
49 172 95
55 51 38
15 119 59
165 98 91
7 166 58
99 161 90
30 119 8
96 45 3
167 200 75
169 144 93
144 133 46
190 155 65
73 159 86
60 175 81
151 88 33
35 55 36
29 190 73
26 12 80
200 141 82
125 11 81
73 160 56
50 121 63
125 68 22
180 42 31
99 120 17
123 145 83
164 166 11
78 18 1
74 199 68
138 14 17
189 44 12
196 22 34
80 71 48
139 168 77
30 116 78
137 136 60
44 194 84
46 27 100
39 25 87
151 95 46
141 2 3
198 121 84
28 137 49
1 182 12
140 135 93
66 61 61
33 128 18
146 147 10
72 70 29
196 84 53
97 152 25
29 181 39
172 54 14
195 41 96
35 55 74
76 143 87
49 133 34
185 142 57
30 142 54
27 126 10
105 183 75
49 116 28
106 170 70
36 133 92
7 130 84
160 169 5
151 64 60
10 61 25
44 98 50
32 11 1
129 149 14
116 197 59
137 136 60
115 14 69
106 188 66
71 198 35
96 43 79
8 43 70
93 49 20
25 194 56
196 84 53
136 141 63
7 151 58
16 3 85
57 200 74
114 61 71
151 18 3
108 85 19
190 177 75
35 42 17
154 26 32
87 163 89
4 134 83
77 64 52
15 193 17
103 60 19
19 176 55
36 141 74
142 98 6
144 159 96
197 104 57
146 189 35
5 38 8
109 148 39
7 177 8
4 8 96
186 68 14
174 137 29
36 39 2
90 176 36
35 61 12
9 2 63
74 33 69
113 58 56
100 165 62
186 182 99
82 131 49
167 21 4
63 19 9
166 76 35
98 28 93
73 18 71
15 103 55
168 150 32
183 62 54
99 171 2
139 7 13
49 155 96
48 115 84
30 142 9
78 97 18
184 93 58
112 93 94
59 83 15
17 139 82
193 37 31
162 57 72
62 24 94
127 29 73
28 108 56
97 74 75
12 145 94
77 109 85
53 200 49
69 62 21
27 86 62
4 134 83
99 95 68
171 20 46
169 189 55
190 155 65
112 5 24
21 148 34
72 19 76
83 134 21
7 69 78
16 172 21
183 123 29
19 176 55
102 65 75
24 88 20
47 11 51
110 73 82
138 50 64
146 15 51
28 13 59
99 182 31
188 4 49
158 68 19
16 136 46
82 87 64
100 11 48
72 140 43
101 110 33
38 97 79
22 84 86
128 126 35
147 152 35
118 81 86
32 140 48
9 48 49
144 83 49
175 12 83
186 106 50
123 179 37
94 131 40
137 162 79
42 17 88
56 132 40
152 186 57
160 103 12
31 175 35
152 155 23
29 127 91
199 53 12
110 182 86
197 182 29
181 139 55
76 29 37
164 189 64
2 147 32
146 157 93
90 163 28
177 119 25
148 4 48
63 151 9
161 136 48
51 53 93
193 170 35
90 50 45
79 19 7
154 31 84
172 136 51
186 7 51
168 78 1
103 84 63
73 22 70
17 6 75
41 118 31
148 190 53
77 49 74
171 141 87
16 157 94
174 145 86
188 150 94
1 88 88
166 172 76
191 139 14
107 66 38
179 67 66
123 125 75
122 50 85
187 44 82
138 85 4
158 68 19
103 60 19
49 172 95
76 125 52
17 55 77
177 188 31
22 164 75
152 105 73
137 85 13
167 64 71
151 181 66
55 51 40
110 26 10
183 167 69
82 131 34
37 50 26
47 151 85
51 53 90
37 20 40
34 73 3
158 34 34
157 89 39
47 11 51
189 80 98
5 39 75
73 5 2
22 84 86
138 19 57
2 82 49
85 9 21
185 115 24
117 92 51
122 197 52
90 163 28
21 152 54
176 97 53
44 88 96
179 154 65
88 45 6
14 169 63
45 86 8
86 112 65
32 153 84
129 102 82
122 20 87
187 165 77
118 81 90
171 76 68
68 142 96
28 108 38
187 118 17
17 3 71
40 2 52
113 21 80
54 153 61
196 62 43
88 62 37
107 66 38
35 81 3
61 193 63
168 130 15
199 175 34
28 32 54
21 37 86
43 114 100
88 171 66
49 116 64
49 40 73
94 92 5
155 156 45
96 45 3
35 104 43
81 62 19
19 7 62
76 3 18
4 90 14
44 88 99
154 142 56
90 193 80
176 97 21
117 171 22
26 100 51
117 20 95
171 76 68
156 43 19
151 135 61
12 38 36
125 17 12
196 181 32
196 192 86
68 162 19
61 32 37
26 100 54
145 3 52
90 183 64
21 148 1
34 138 12
178 107 26
128 126 6
31 54 66
38 149 48
37 185 48
80 17 4
200 13 64
70 156 45
136 92 35
17 144 23
87 174 79
156 43 88
77 109 16
17 122 42
195 74 88
170 11 34
14 169 63
91 12 92
47 112 61
192 153 66
2 76 60
138 14 17
85 22 75
143 200 17
162 158 15
10 151 98
39 56 25
170 39 68
17 139 61
170 192 58
192 155 27
66 61 35
72 161 38
71 107 76
114 100 2
23 2 56
181 192 85
172 136 36
193 170 35
49 133 21
124 82 93
43 35 45
42 17 88
94 20 57
69 175 24
187 92 96
200 141 82
71 170 1
179 29 91
138 19 58
147 123 43
81 134 73
199 153 23
193 37 31
45 115 29
190 177 98
105 196 28
112 176 64
29 97 55
174 99 21
187 92 96
59 91 12
147 152 73
101 110 33
158 34 34
30 116 78
46 162 69
47 199 64
73 200 46
157 158 66
195 69 82
66 50 53
10 183 73
76 79 83
8 43 70
13 74 18
81 142 3
193 184 44
122 71 92
