200
146 48 99
100 71 48
101 170 44
144 193 52
36 127 47
160 90 57
63 166 28
133 61 36
89 52 57
70 108 96
76 84 43
160 90 57
99 38 79
169 129 93
83 55 3
75 65 27
47 177 39
29 122 73
16 62 29
151 186 86
44 133 46
157 27 7
168 71 52
129 19 7
52 169 12
110 190 3
111 121 41
162 40 97
12 32 82
72 22 53
67 42 66
39 3 72
110 76 93
22 1 62
3 113 39
58 59 54
16 191 18
86 94 8
191 76 43
71 46 32
151 186 95
121 171 84
38 80 10
3 193 77
125 37 25
173 40 67
189 116 21
32 39 27
73 43 19
83 17 92
132 116 42
15 194 8
133 89 88
119 177 62
68 81 52
128 177 73
62 186 32
42 194 37
155 118 5
43 123 81
156 159 40
171 111 54
37 192 97
61 129 51
159 139 34
12 152 72
117 198 91
153 112 81
137 29 52
122 190 51
74 158 67
72 31 94
154 80 24
105 41 76
135 70 77
147 190 50
48 10 2
71 69 7
164 122 16
66 8 72
36 134 86
47 44 74
126 169 79
191 158 67
116 161 6
17 191 30
63 53 40
96 171 49
70 156 47
172 12 21
74 158 77
113 145 53
122 190 51
64 121 81
165 194 43
42 114 12
179 110 72
106 13 56
128 26 75
171 169 13
180 189 72
93 8 84
83 17 92
186 53 22
83 146 19
49 108 64
82 124 49
17 39 47
64 16 58
36 120 97
23 134 100
23 186 66
60 34 76
147 83 65
47 79 68
180 189 99
178 27 45
26 33 47
95 70 34
70 8 25
175 86 100
41 198 59
117 171 19
106 28 76
78 59 31
69 181 20
66 8 75
48 178 51
143 80 87
24 179 76
59 5 27
65 49 45
176 172 27
178 151 29
84 26 16
71 109 41
163 53 88
186 85 59
48 65 72
180 14 37
51 99 21
86 191 21
188 133 90
114 70 8
116 18 94
76 6 65
60 39 89
121 1 95
97 60 17
122 180 21
188 62 46
179 53 39
157 133 51
93 192 46
90 100 14
69 23 55
115 188 52
78 62 61
72 175 40
124 108 23
158 170 96
26 169 72
46 134 2
104 136 59
92 63 12
75 15 20
21 125 27
183 147 14
180 55 28
59 5 27
200 120 37
3 150 51
116 138 59
110 183 64
107 57 86
139 115 75
196 35 34
14 119 58
40 93 46
94 63 31
46 8 60
46 166 55
180 48 33
77 128 95
72 30 88
74 146 53
164 122 89
145 195 86
18 43 20
192 111 86
42 143 70
84 31 57
23 182 43
137 195 76
98 101 53
86 94 8
73 43 8
170 100 77
84 89 12
72 30 15
191 113 96
178 151 73
27 96 12
164 26 53
42 194 21
21 46 97
191 166 97
18 43 20
102 49 4
124 49 59
176 172 45
44 32 59
143 164 44
44 72 29
8 18 84
30 165 65
49 89 70
65 60 79
103 139 2
161 60 25
19 52 42
42 162 49
13 138 90
123 82 100
120 167 47
177 90 37
166 88 55
138 148 30
69 62 52
127 43 10
155 10 35
49 51 73
109 163 64
135 164 18
51 98 8
180 73 96
121 1 18
31 80 49
180 14 37
182 58 45
106 13 32
184 65 5
114 103 92
89 29 8
37 117 72
168 32 1
153 50 90
80 4 51
191 113 66
174 11 68
46 76 72
107 192 47
118 147 26
39 187 87
11 100 21
156 144 58
144 185 59
48 79 77
22 52 14
44 119 1
184 62 57
2 29 52
26 122 90
130 107 43
132 89 86
110 183 64
69 49 25
199 2 81
168 21 36
99 38 77
61 157 15
106 87 93
92 199 91
61 129 51
191 76 43
134 81 13
2 145 84
86 159 21
149 3 40
113 98 75
104 163 58
76 173 2
63 21 26
8 170 30
52 59 74
97 200 71
174 117 64
92 70 81
7 148 50
16 62 29
40 87 76
106 57 38
172 191 51
121 78 31
109 13 37
94 131 95
92 63 4
142 42 16
24 3 40
70 110 17
138 148 14
159 52 63
67 166 87
22 192 29
58 117 99
36 99 69
51 99 21
47 8 24
39 16 71
76 192 53
27 37 44
111 121 41
182 110 45
126 44 95
186 85 59
104 154 31
128 13 48
78 156 94
19 197 70
25 89 97
48 137 4
200 118 71
172 170 69
126 22 61
171 169 13
103 96 40
151 24 67
17 80 84
194 152 87
135 70 77
51 24 48
24 46 49
153 114 27
187 137 30
147 89 14
42 192 35
49 89 70
22 188 45
198 164 84
79 42 37
77 96 61
37 39 62
127 90 23
197 75 91
50 96 94
107 61 1
58 111 63
93 155 43
118 23 48
114 69 72
57 97 18
103 1 14
4 100 78
138 127 67
46 43 62
158 41 1
198 151 54
93 8 84
27 146 74
88 89 96
37 162 77
198 28 64
17 33 62
189 74 98
106 37 75
111 74 26
90 100 14
41 198 21
134 81 82
167 8 74
77 48 69
40 72 71
34 138 10
49 71 79
156 103 96
26 118 56
75 98 62
193 143 34
183 174 60
121 47 85
143 132 51
21 4 56
2 167 97
180 81 20
71 106 98
18 63 31
81 178 93
162 144 70
179 53 39
7 52 43
183 196 4
139 45 16
65 131 97
5 162 43
160 120 33
51 200 7
8 120 18
93 91 40
125 174 37
111 57 16
159 52 63
135 48 25
197 174 46
166 149 89
94 30 81
81 127 40
62 98 74
101 105 48
195 28 10
130 7 85
6 126 54
53 130 63
139 45 53
4 105 65
117 171 32
146 143 60
173 40 67
192 111 86
166 88 72
99 196 66
91 6 42
121 47 72
138 133 91
24 116 87
27 147 65
97 60 59
64 199 11
94 20 93
9 147 87
148 18 4
125 146 55
61 150 8
68 116 60
41 141 38
80 124 82
157 89 99
153 9 3
200 41 40
75 165 65
40 93 46
185 58 31
83 146 19
75 98 80
197 114 27
29 3 40
47 177 39
20 198 30
34 70 73
157 150 67
38 80 10
190 123 75
26 62 14
80 124 33
39 72 96
114 69 72
131 165 9
133 121 61
82 124 49
49 108 21
188 103 25
53 143 79
107 187 50
153 114 27
135 48 94
136 127 71
73 119 61
91 85 11
135 20 97
12 145 10
137 89 38
129 29 53
50 57 22
75 165 81
18 110 27
40 87 76
191 42 90
130 45 22
185 64 89
29 122 73
178 164 19
92 86 7
30 80 53
84 54 99
58 45 5
67 124 42
114 172 65
47 129 44
166 149 62
68 81 52
53 36 54
52 38 72
143 80 7
22 192 29
66 126 97
90 126 45
84 26 74
155 11 16
137 29 50
69 62 52
127 166 13
171 87 69
24 179 76
176 157 45
122 18 58
100 178 67
47 86 59
49 77 9
123 111 54
121 171 84
98 1 72
129 29 53
143 9 92
12 152 72
63 176 10
165 194 41
117 152 18
16 118 87
195 136 39
180 73 96
107 187 50
160 28 42
142 119 55
174 59 90
3 61 34
46 17 57
60 116 13
112 53 76
167 141 55
63 42 59
159 135 50
3 85 74
51 200 7
3 150 51
89 52 51
48 120 27
79 58 55
157 87 96
193 126 63
181 15 98
23 6 87
19 164 26
69 4 32
106 87 93
79 77 74
22 49 100
3 76 53
167 72 88
60 3 36
184 38 45
19 120 24
111 126 14
184 65 5
184 62 57
35 18 21
198 164 83
4 194 51
42 37 19
16 191 18
100 149 25
99 85 55
154 151 31
125 90 3
46 32 65
138 108 70
105 81 12
21 125 19
197 115 28
127 118 76
46 189 40
147 27 32
127 90 23
142 42 52
67 82 97
157 89 76
116 141 14
12 185 71
79 11 55
11 4 81
110 103 14
187 151 14
130 32 67
26 136 35
161 43 96
199 4 39
102 55 62
175 140 74
66 33 38
62 186 32
199 151 35
99 24 40
98 11 82
135 49 49
106 140 16
177 127 12
14 71 7
178 69 95
122 189 24
179 140 59
157 105 44
183 72 75
98 11 87
63 166 28
160 5 33
190 123 75
190 18 100
152 92 83
125 35 91
180 81 20
180 80 28
75 15 20
147 169 87
4 194 55
1 37 19
105 81 23
111 148 5
79 58 55
164 138 68
99 196 66
78 131 92
180 162 85
76 192 53
71 187 28
191 196 30
133 73 62
98 27 58
31 12 91
191 135 70
123 70 1
107 171 65
32 165 97
75 65 23
37 171 68
127 55 46
69 156 43
122 185 56
130 151 87
132 43 22
44 196 96
184 139 2
41 141 38
152 90 52
152 167 35
187 151 14
35 17 77
199 82 67
133 73 62
16 120 66
87 49 48
55 87 31
168 158 90
103 172 76
72 75 85
106 194 63
51 20 54
90 114 90
158 41 100
15 161 2
44 66 1
36 159 67
127 179 81
52 25 28
43 36 30
125 146 55
133 126 91
123 111 28
125 35 32
39 16 75
78 62 61
113 18 57
135 132 55
196 142 43
195 200 33
8 127 24
102 87 93
1 148 96
78 16 78
2 112 89
22 138 87
24 3 93
112 121 95
31 127 59
105 41 76
101 43 80
160 5 33
66 70 45
46 76 36
153 17 83
36 45 58
66 126 98
86 163 12
83 66 42
86 44 6
171 111 54
67 82 97
153 69 62
91 20 87
144 98 44
78 55 6
24 18 95
18 169 90
95 117 10
125 90 3
26 134 50
40 194 45
95 59 3
107 57 17
199 24 65
89 29 94
97 77 72
190 18 41
136 127 54
193 186 34
29 152 59
2 177 62
37 192 97
159 117 64
106 194 63
13 200 56
139 36 10
188 25 20
26 122 25
110 76 5
89 21 62
15 28 49
26 191 96
192 200 9
167 191 97
179 163 90
144 193 52
15 126 75
149 56 45
194 80 55
8 120 48
191 6 43
50 96 57
84 31 53
154 103 49
159 71 68
117 152 40
90 146 42
112 67 9
68 190 60
185 58 31
191 158 67
68 2 85
141 167 51
33 18 86
110 35 68
51 22 5
42 162 49
190 81 33
72 22 51
67 42 54
69 155 74
161 60 25
188 103 40
89 21 62
145 195 64
139 81 1
157 193 97
78 189 95
66 5 64
167 72 88
195 86 91
16 147 29
141 139 72
197 198 54
130 45 5
39 187 87
23 134 100
168 184 35
95 73 10
63 10 12
191 196 30
160 71 78
178 69 95
162 171 20
145 93 50
153 50 90
123 130 91
34 138 3
111 148 5
69 155 74
111 8 95
63 53 23
157 101 38
90 126 90
66 70 51
27 122 42
68 2 85
74 84 1
19 52 6
32 126 68
155 156 48
96 153 36
31 52 90
198 142 59
71 142 23
167 141 55
27 146 74
73 119 89
46 8 60
64 121 1
101 90 79
95 147 68
178 27 80
52 25 28
88 89 96
60 16 16
121 78 76
120 159 100
72 31 58
69 99 11
78 189 95
129 57 29
122 44 81
73 133 62
195 170 39
14 103 21
70 138 50
195 17 62
96 176 63
177 181 95
189 144 91
119 96 88
177 119 99
105 89 23
107 61 33
42 192 64
60 34 76
180 55 28
7 52 43
191 6 43
108 197 8
153 69 87
102 55 62
129 19 7
52 38 24
4 100 78
5 41 3
16 120 8
51 98 8
29 60 72
186 47 99
64 67 84
98 101 10
47 86 29
183 185 69
175 161 42
67 140 65
32 163 100
152 166 89
40 194 45
116 18 61
159 142 62
87 180 61
95 192 89
58 117 99
15 131 12
7 10 10
93 115 19
161 139 58
149 3 40
188 75 54
2 185 7
166 178 100
105 32 19
39 72 96
116 101 61
113 145 53
192 117 26
143 132 51
10 142 41
131 111 95
146 173 84
120 2 80
76 173 85
142 136 3
128 194 91
15 161 2
5 78 89
129 57 29
60 39 89
133 103 44
189 67 24
178 189 95
143 103 90
151 188 37
23 40 89
185 196 80
43 123 16
186 53 41
67 140 26
96 171 49
15 99 37
37 106 32
99 85 58
63 10 87
189 144 2
10 47 20
53 130 63
115 90 24
74 84 1
96 8 64
53 126 93
146 66 32
199 4 39
159 9 44
24 119 75
119 181 91
200 118 71
87 85 49
44 66 65
91 85 42
98 93 7
87 49 62
63 92 63
145 96 48
5 41 3
20 198 95
177 182 68
2 157 77
155 10 35
14 160 34
133 150 50
68 137 84
32 165 97
145 96 32
105 89 23
125 26 27
46 166 55
39 3 49
141 51 55
162 193 85
37 154 32
120 167 47
131 162 58
101 23 12
81 178 86
200 199 36
97 200 71
17 39 48
56 143 90
189 5 83
159 71 68
147 9 70
109 163 64
12 32 82
116 141 65
32 110 54
46 134 31
76 143 38
177 90 49
91 138 10
67 124 28
27 47 57
132 101 95
189 7 13
160 9 60
138 37 58
166 127 69
155 195 68
185 64 55
144 119 97
8 14 88
189 7 68
53 179 97
26 16 83
27 122 39
79 62 62
123 14 12
68 190 98
135 86 11
24 18 96
123 28 86
74 146 79
83 100 83
81 153 73
13 28 30
126 22 38
132 19 81
132 134 70
192 200 9
36 99 90
82 39 88
144 145 45
63 71 2
104 136 49
182 110 7
195 136 39
18 99 9
144 119 97
48 137 30
77 161 21
43 129 61
167 147 10
57 133 59
112 53 76
101 90 44
138 147 95
141 167 51
