200
189 80 51
151 99 38
153 141 17
176 196 17
189 118 96
147 95 39
198 86 11
57 39 86
57 20 43
136 122 59
96 56 77
92 185 15
36 124 37
148 46 84
192 171 100
171 186 87
125 143 54
65 129 98
11 9 81
6 76 92
117 57 99
184 135 98
168 192 91
132 3 88
133 107 24
4 159 85
10 3 97
76 117 73
179 99 32
125 73 15
163 162 16
99 91 79
145 6 50
51 112 75
162 139 43
199 170 91
187 140 4
96 108 23
53 140 83
188 134 16
147 24 86
56 168 93
70 191 23
32 11 96
184 135 55
183 93 28
178 131 29
156 66 49
35 53 89
190 20 55
165 84 37
140 149 87
190 4 55
96 188 89
51 178 55
15 32 9
174 70 99
16 146 49
154 49 55
53 15 42
71 180 47
186 118 69
114 20 46
188 62 83
49 87 21
182 148 32
45 134 41
146 41 9
66 106 88
41 18 40
73 192 100
12 186 60
77 14 46
79 78 96
7 102 37
31 182 38
88 95 31
162 7 78
38 171 14
147 18 53
104 159 64
136 32 16
33 158 86
139 16 56
61 99 65
166 23 87
97 135 98
21 62 66
113 196 77
180 142 51
136 33 72
197 87 34
168 94 97
20 124 57
156 13 11
115 165 85
162 138 49
193 88 98
83 85 50
150 46 33
131 38 45
48 5 20
21 9 46
91 126 75
157 131 41
151 155 92
3 120 34
49 87 91
49 58 52
106 69 26
85 39 20
36 51 32
70 82 64
99 91 79
3 121 82
174 102 50
101 119 81
152 189 61
163 14 67
19 32 29
194 101 72
164 157 28
32 47 40
13 88 6
4 133 3
13 27 62
25 29 14
26 200 96
71 180 38
187 198 7
50 89 44
135 141 62
149 191 95
167 189 93
139 129 75
116 124 5
107 17 72
185 200 41
101 51 77
135 35 6
100 196 37
56 134 100
157 142 63
31 161 76
113 163 20
58 123 6
93 102 91
39 150 47
99 121 47
48 158 39
199 12 92
192 91 8
12 159 49
134 144 29
61 196 59
184 61 8
94 104 2
169 30 82
15 158 87
153 199 78
121 86 52
164 32 6
85 39 20
151 99 90
164 138 69
144 123 39
8 100 87
186 4 50
200 49 68
123 197 100
113 104 36
36 170 74
32 79 96
65 91 82
121 116 52
116 161 15
45 141 38
119 44 33
9 95 90
126 2 70
126 112 35
99 38 22
128 180 78
69 9 81
106 125 36
29 153 31
32 164 44
58 122 11
191 46 54
10 182 86
60 152 39
24 71 99
73 168 3
11 195 74
12 30 4
127 165 77
100 196 37
25 104 65
141 168 77
184 25 5
38 43 61
164 197 86
25 32 88
147 95 39
148 71 54
109 38 15
196 59 58
59 93 96
100 135 35
163 77 78
69 9 12
196 82 5
117 6 30
131 16 32
91 126 80
193 44 4
15 181 24
82 65 15
1 39 29
113 15 54
13 156 22
157 131 40
50 182 14
93 4 76
20 82 9
45 104 12
197 1 50
96 20 1
11 58 72
14 150 47
4 13 100
162 11 28
96 173 85
67 117 4
164 21 55
177 157 95
187 22 78
170 143 86
35 140 60
86 120 16
173 159 71
11 193 100
26 10 45
146 180 37
122 131 29
189 108 32
36 124 7
75 111 8
154 74 69
27 81 41
193 45 77
27 182 13
32 29 57
48 25 92
183 187 8
77 107 81
106 38 19
4 134 71
86 72 79
169 66 46
148 92 12
112 67 4
187 163 81
35 14 64
87 168 53
25 32 77
45 200 2
56 134 95
171 132 86
58 103 61
78 145 46
162 107 97
2 147 81
159 148 5
84 30 52
5 92 97
148 105 93
65 140 58
176 5 8
17 171 20
1 199 19
41 99 21
82 170 65
8 154 82
68 135 94
87 139 87
140 64 95
52 55 75
200 49 68
140 38 43
124 121 73
188 62 83
158 35 97
35 14 64
174 5 93
42 28 83
87 143 94
75 111 52
156 191 92
149 191 95
86 3 94
99 147 6
140 30 25
102 37 7
27 110 6
114 60 12
22 170 59
180 8 86
132 144 15
148 116 80
64 134 60
66 135 54
124 138 83
8 154 82
176 136 12
136 18 34
186 191 80
186 73 9
20 38 83
111 144 57
183 32 55
39 189 85
130 58 12
161 179 9
19 104 19
142 149 12
36 90 15
36 51 32
92 117 81
169 87 56
142 149 12
77 48 93
116 139 84
70 107 65
169 39 50
171 7 87
122 89 39
48 5 98
197 115 4
43 97 90
34 28 38
52 154 45
31 182 62
143 132 60
166 100 99
11 61 75
130 152 61
70 108 59
87 45 90
140 149 87
76 192 3
109 88 77
93 4 76
154 74 61
89 70 87
191 100 74
123 73 56
124 96 92
97 173 64
30 5 53
27 182 34
104 8 27
200 181 23
82 45 37
135 35 6
190 13 28
65 128 69
160 156 65
43 63 82
73 101 68
192 17 24
177 92 76
54 157 44
124 57 58
73 108 86
52 63 31
41 154 52
117 9 55
101 141 64
8 100 99
74 66 93
72 131 44
104 118 69
185 132 16
188 88 93
4 179 3
36 129 71
174 134 38
110 57 25
154 161 39
78 89 9
148 105 41
119 68 82
39 50 33
24 71 99
134 68 54
129 125 11
107 17 72
32 128 81
140 38 43
81 10 92
18 87 64
40 120 45
193 45 77
100 94 50
30 79 20
166 23 14
72 22 24
1 26 31
44 56 19
66 37 21
54 111 72
129 127 8
18 29 31
188 153 57
5 63 42
12 24 41
135 4 70
76 130 10
109 26 30
19 163 91
55 11 60
9 95 87
140 115 87
142 196 83
94 29 7
57 107 27
87 168 92
55 173 19
81 172 77
155 18 6
148 70 2
100 67 47
190 78 56
171 48 9
86 52 53
100 67 47
86 107 86
161 189 1
145 170 74
191 49 95
183 187 8
134 158 98
5 144 55
147 166 60
57 20 43
103 95 51
51 57 45
35 49 76
35 140 4
126 164 71
34 195 9
179 148 93
182 77 8
50 183 95
167 189 50
199 154 79
57 107 10
84 120 71
31 91 7
178 114 80
32 147 51
55 116 46
26 71 90
151 155 92
5 78 19
166 138 73
147 165 17
189 60 72
9 161 27
186 70 78
123 163 91
132 106 67
177 62 68
137 14 28
101 189 55
190 79 88
126 164 36
22 97 62
174 137 1
133 194 10
121 86 11
57 124 68
76 192 3
134 144 85
147 18 53
200 55 54
161 169 69
176 162 24
108 8 17
36 93 43
2 165 87
138 190 67
100 44 14
32 195 72
116 18 4
149 108 75
125 143 54
93 184 41
40 93 3
152 165 22
12 116 81
158 167 86
42 31 76
133 112 27
128 180 100
109 46 65
55 81 75
5 77 51
75 116 67
62 57 11
41 69 4
53 140 83
76 131 51
22 141 71
62 46 82
135 4 70
75 107 20
187 2 73
134 139 60
190 20 55
121 29 88
31 119 49
161 189 51
33 175 30
160 105 97
23 190 97
86 191 5
150 107 73
183 32 55
157 138 83
25 83 44
196 113 5
131 84 91
127 86 80
152 47 32
16 180 53
43 70 28
71 19 14
130 71 93
128 116 87
192 44 56
61 99 65
51 178 88
132 135 39
49 176 74
90 41 46
115 158 87
101 167 26
33 175 60
16 146 78
142 190 25
169 66 74
161 137 23
148 92 11
73 146 63
149 50 83
199 145 2
81 165 51
4 163 68
192 44 56
92 117 81
166 100 99
97 54 15
151 183 3
78 115 79
163 162 16
140 102 57
27 81 41
23 182 45
148 70 17
39 132 12
17 96 95
65 91 82
163 14 78
27 2 18
47 96 21
141 132 13
29 169 8
86 122 93
148 71 28
31 1 14
107 49 28
32 47 46
178 22 68
43 139 5
31 9 72
145 88 18
87 162 33
149 58 95
52 55 90
149 9 16
188 88 88
99 174 83
162 158 11
1 101 15
120 157 52
76 131 51
6 131 51
67 136 2
76 24 72
64 112 84
35 49 76
117 134 20
32 114 61
115 164 23
103 95 10
112 78 55
2 16 45
11 61 97
36 101 93
73 136 54
130 149 62
161 29 83
162 139 66
74 126 47
110 67 67
62 7 50
3 23 66
180 8 86
107 57 61
48 25 92
133 15 75
43 108 2
127 132 41
32 25 40
81 142 43
80 159 82
66 130 80
26 3 80
59 94 58
64 139 56
61 196 59
125 88 48
115 190 19
39 189 58
170 98 54
17 30 4
143 137 37
74 46 12
100 11 9
80 128 1
93 67 87
141 7 13
103 171 17
158 197 91
89 109 12
158 15 61
94 20 21
97 135 98
178 33 78
99 92 80
78 145 46
191 107 90
185 5 91
107 129 89
12 116 81
68 49 45
14 196 18
68 48 70
190 103 90
115 190 19
27 67 18
191 46 54
74 55 10
81 142 43
103 200 60
76 182 98
141 158 80
123 62 34
115 158 87
84 30 54
114 39 89
184 15 31
160 156 38
123 128 50
70 82 61
145 88 18
45 112 39
134 158 70
71 137 97
190 78 41
29 80 82
158 49 6
164 141 83
54 120 10
45 144 5
178 121 70
128 55 59
67 181 37
164 44 95
41 93 19
188 92 80
71 137 97
78 89 9
188 163 49
48 100 40
23 104 93
177 62 68
18 140 30
155 53 22
75 149 41
77 113 3
20 102 32
63 1 34
198 189 33
167 47 63
48 158 39
158 63 90
25 95 75
106 125 36
189 86 70
115 165 75
68 49 70
81 143 73
161 169 91
104 198 77
57 104 5
23 138 40
63 118 15
18 197 48
69 130 81
151 183 3
93 102 91
157 113 83
59 111 16
133 15 66
55 93 1
126 127 42
113 173 11
125 189 93
17 118 13
101 147 21
77 47 58
79 175 55
97 12 58
141 132 13
32 25 40
106 198 10
119 13 55
46 17 53
76 24 88
60 94 94
82 161 64
131 57 56
70 12 28
25 29 14
162 158 32
25 95 83
43 95 78
58 103 61
108 70 23
146 113 12
62 137 95
37 82 65
103 45 14
125 177 54
38 139 29
119 34 64
47 106 46
174 137 72
16 180 35
136 138 92
3 121 78
23 190 93
138 62 75
12 159 49
144 122 37
37 119 57
191 194 48
130 33 58
181 87 72
152 153 30
63 13 54
152 115 24
130 103 96
63 154 14
61 192 1
76 44 69
86 150 76
179 187 70
79 92 6
67 178 5
87 163 95
160 105 6
69 120 36
32 121 36
97 54 24
172 11 61
28 102 19
10 89 17
154 26 21
158 46 22
183 93 68
46 17 53
17 109 24
129 51 17
194 191 53
181 3 66
166 178 2
87 162 72
187 163 81
184 155 88
86 52 53
43 139 5
70 161 33
76 117 64
163 34 91
177 188 49
188 163 49
3 15 12
4 65 39
50 130 62
64 139 56
128 43 38
196 59 25
125 166 65
143 137 37
198 11 61
106 61 56
2 62 78
180 198 53
67 186 76
187 198 7
153 199 78
84 51 42
151 10 29
6 59 59
190 129 41
104 92 52
7 56 21
49 12 77
141 7 86
135 53 78
175 195 19
37 78 14
81 173 85
52 47 26
104 99 7
175 2 23
120 157 74
5 92 77
29 187 31
191 49 22
154 161 39
10 125 59
12 63 76
140 102 57
124 40 15
124 196 37
156 200 6
69 79 1
144 189 1
78 85 53
73 118 15
152 173 89
63 118 15
174 162 39
24 88 99
167 47 63
139 113 37
64 20 99
135 179 15
40 93 3
38 48 45
139 129 62
182 117 82
19 130 15
102 125 70
93 165 38
200 115 10
194 102 58
34 132 36
5 77 51
54 120 41
51 57 45
45 134 41
33 99 28
120 59 23
51 112 8
35 133 25
163 122 33
90 48 71
152 47 32
194 102 58
150 69 11
58 122 11
139 165 46
64 179 44
75 149 27
167 173 61
63 71 76
180 151 63
53 97 93
91 123 93
82 80 80
103 118 5
121 29 93
31 113 56
113 198 66
128 116 87
174 134 45
54 157 6
154 111 96
82 45 37
98 66 87
135 141 62
187 77 88
165 80 54
154 181 97
137 101 83
59 94 58
169 30 4
119 29 38
191 107 67
65 140 58
98 176 73
92 127 46
48 100 40
140 156 81
59 178 33
100 135 66
184 155 24
146 41 1
97 173 64
60 12 4
94 29 85
179 148 93
23 138 43
123 197 100
38 179 2
152 115 44
145 113 66
44 47 95
63 1 34
138 101 22
115 68 23
72 131 44
150 107 73
160 10 37
19 130 15
85 112 3
184 15 31
4 152 17
21 81 37
1 39 82
17 118 99
163 90 36
165 38 41
92 90 96
62 57 11
162 135 10
109 61 95
98 176 55
95 193 92
20 134 25
125 177 97
129 106 100
64 134 60
111 146 69
151 81 16
131 57 56
190 181 4
145 170 74
141 15 53
48 1 58
88 95 31
1 101 29
3 172 26
51 86 41
149 23 64
130 33 95
81 80 70
92 127 46
126 87 39
66 135 54
125 166 17
163 77 78
156 18 47
188 43 60
41 199 41
117 9 55
164 196 74
180 14 50
1 175 22
146 89 48
139 16 22
142 105 98
144 151 64
107 57 61
76 130 10
31 187 8
123 167 49
183 113 34
126 49 78
106 98 18
144 72 56
26 5 62
82 170 33
153 182 68
174 5 93
78 47 37
99 147 9
136 138 92
155 48 43
68 26 53
29 63 86
184 25 5
34 80 39
199 197 91
150 69 55
133 109 79
107 190 95
128 22 86
113 161 88
81 199 45
74 55 10
20 82 9
158 49 6
113 198 78
198 86 62
57 146 67
100 109 74
51 133 35
56 168 63
88 96 73
147 178 40
99 174 100
21 62 66
161 29 100
176 196 17
109 96 51
103 200 60
153 31 5
160 51 14
55 93 1
1 175 60
6 59 59
129 125 4
174 162 39
141 68 65
62 137 86
130 58 61
157 142 63
120 27 95
32 195 72
94 20 21
158 133 20
199 154 79
185 200 41
7 195 88
55 23 64
81 173 2
114 115 74
106 71 72
85 160 92
152 189 61
151 81 16
59 178 51
176 5 57
81 10 92
7 164 67
9 161 40
103 45 14
197 48 91
181 87 28
79 78 7
74 66 44
45 144 35
99 38 22
123 163 62
90 181 79
182 148 49
106 69 26
122 131 29
67 186 11
188 96 40
60 12 91
70 191 8
9 91 62
62 191 99
107 2 38
199 197 4
86 107 26
147 96 91
79 174 46
167 184 55
181 86 100
86 122 23
161 137 92
27 67 18
73 136 54
35 8 27
130 152 50
32 121 21
35 8 27
17 171 72
41 17 16
76 81 31
10 138 56
135 54 72
109 26 91
50 89 37
166 138 68
19 163 91
134 139 6
76 199 16
145 113 66
