200
56 177 40
18 54 88
191 65 98
69 154 78
62 191 73
171 44 71
132 14 33
43 112 20
166 200 53
156 113 47
150 85 91
185 28 46
148 47 65
128 142 73
70 176 6
111 31 9
142 193 47
102 183 97
52 94 85
149 138 50
52 59 33
126 29 27
118 106 74
137 158 29
65 51 49
126 127 24
146 23 19
130 141 1
125 102 81
118 9 2
155 133 45
57 52 17
162 190 21
14 83 53
98 73 42
134 78 94
160 51 3
102 118 64
28 23 37
14 136 48
17 64 8
24 116 65
98 111 83
187 139 71
54 107 12
153 27 91
31 184 70
128 164 51
189 137 85
27 132 65
114 73 58
175 10 87
191 11 85
123 171 64
2 3 15
49 53 50
99 136 53
23 181 82
92 14 45
132 177 26
80 175 28
71 80 33
90 180 91
82 24 34
46 72 12
106 119 39
163 81 31
117 145 43
93 126 29
158 177 36
163 20 1
68 118 36
179 151 25
164 38 60
54 107 80
6 10 66
142 162 70
34 68 47
163 161 72
119 185 38
179 83 88
64 112 53
47 8 49
173 123 21
126 74 33
3 176 91
52 154 8
113 19 79
120 105 100
56 115 75
160 1 26
127 46 76
174 65 14
124 20 55
22 153 56
37 15 48
186 45 66
68 81 39
182 48 15
104 100 80
81 110 14
40 120 95
8 178 12
157 64 99
165 124 60
69 152 25
107 114 36
58 53 5
40 120 95
161 31 63
86 47 14
158 100 24
124 34 73
137 134 31
123 16 98
178 7 100
85 113 14
83 86 82
16 166 64
11 36 31
84 173 45
187 108 68
82 67 93
108 155 68
58 33 59
197 124 42
196 149 6
55 24 88
153 27 91
194 174 43
94 115 25
153 147 3
62 117 92
199 190 37
161 193 95
54 32 36
189 174 21
164 199 80
94 107 64
18 59 90
107 18 97
72 147 85
137 32 33
21 8 30
59 145 12
58 28 88
89 147 63
140 34 79
168 100 68
162 165 1
143 115 94
28 198 2
176 51 90
94 87 5
117 6 39
194 22 14
34 171 86
171 70 38
76 81 93
173 123 65
29 141 39
91 53 96
169 109 35
115 127 63
180 52 90
182 48 15
181 183 89
34 62 98
139 72 5
45 160 28
69 68 29
182 30 14
62 82 64
54 141 57
98 60 11
152 137 50
169 102 47
20 110 56
21 165 8
35 142 52
131 109 61
9 163 80
137 199 40
119 177 17
75 125 82
107 166 12
74 15 50
119 78 10
128 5 9
7 75 85
73 105 22
66 22 82
20 51 88
179 117 83
151 122 74
88 177 58
66 136 45
37 120 3
136 82 81
102 87 35
125 154 83
176 51 30
115 196 45
31 185 73
81 14 27
193 3 83
169 23 35
55 142 82
44 152 7
193 60 24
99 192 4
120 36 98
114 73 15
10 95 82
92 36 34
124 181 55
164 34 3
129 144 8
80 175 11
115 112 76
151 163 36
103 195 3
196 10 97
71 156 18
89 147 63
34 129 17
6 184 71
34 122 67
161 153 82
33 68 68
133 3 96
91 156 28
75 157 9
96 132 35
189 49 84
149 11 56
199 14 39
142 162 36
99 89 84
50 195 88
9 163 88
164 199 3
20 184 69
83 199 58
89 25 65
183 2 4
184 135 62
96 114 82
73 69 83
96 32 76
127 31 32
137 1 69
89 152 74
91 37 28
92 187 25
122 47 75
25 183 98
24 115 44
13 66 48
160 150 47
113 39 39
165 135 78
185 59 54
93 122 24
147 38 10
144 81 82
32 18 95
161 192 98
69 19 58
8 17 25
163 192 43
20 156 47
39 8 65
184 80 65
71 169 40
187 56 2
123 101 56
146 151 47
61 169 61
195 66 49
54 148 79
83 199 12
117 145 98
141 29 37
42 32 31
200 180 1
142 3 36
121 29 52
187 139 28
20 120 16
165 191 22
82 50 21
58 103 30
6 158 54
25 44 53
48 173 10
193 46 1
10 95 82
43 193 1
52 57 11
86 7 89
90 160 77
191 173 97
70 21 42
32 60 19
124 17 64
28 55 72
81 7 23
54 126 82
137 79 45
119 95 10
176 157 35
154 71 7
34 111 46
106 118 67
143 2 12
86 47 14
171 109 97
20 184 97
53 174 44
76 124 41
21 7 87
90 44 52
52 57 95
112 78 100
99 1 68
187 75 65
99 6 92
125 104 68
129 135 6
29 60 100
120 179 36
154 33 99
103 109 53
14 116 39
97 197 41
115 142 4
75 157 91
124 170 16
19 189 28
196 90 39
197 74 99
39 71 70
138 52 6
34 68 47
24 162 85
104 25 17
1 128 18
65 62 81
103 120 29
41 126 25
92 55 34
126 15 83
24 148 13
26 28 42
83 86 82
35 138 89
35 70 86
189 190 13
91 37 28
2 181 94
123 99 8
54 70 85
6 158 54
192 131 15
169 141 19
27 19 88
106 114 40
37 120 3
80 95 37
87 117 53
29 183 35
7 75 6
36 91 11
70 111 33
126 15 29
151 126 13
148 62 69
166 118 2
17 64 29
108 151 83
12 167 63
26 27 11
17 125 65
55 122 99
50 71 76
62 134 87
75 163 18
177 198 28
20 92 22
184 82 49
28 91 30
160 51 3
135 14 17
51 115 30
185 28 46
61 121 7
55 125 48
100 113 4
175 75 44
180 84 60
61 121 7
91 38 7
99 1 68
55 122 99
14 35 82
106 49 36
1 79 90
88 113 33
7 136 100
175 75 1
151 111 58
87 187 58
105 111 7
31 159 68
75 103 13
31 128 89
32 18 95
100 113 42
140 34 79
52 151 31
51 115 30
77 122 11
187 125 50
17 159 63
1 176 92
100 115 42
72 43 3
34 171 93
197 79 91
143 2 12
106 177 84
144 81 67
148 109 8
164 38 60
61 29 86
194 174 80
37 13 15
144 149 29
62 134 64
74 61 2
54 4 26
173 52 12
27 200 13
28 198 3
172 124 13
98 77 52
100 197 51
19 166 39
41 136 73
99 147 56
42 93 56
120 100 3
121 150 30
27 200 32
132 194 92
70 132 72
94 153 97
192 114 89
194 139 90
98 80 4
193 168 79
15 84 67
174 136 6
154 124 4
181 139 36
96 90 45
15 16 84
42 93 97
177 164 31
193 43 47
54 148 79
197 170 75
146 171 71
120 92 43
106 177 3
176 116 31
94 183 55
80 132 96
6 141 63
12 123 23
174 91 15
178 27 5
135 170 37
93 119 27
87 1 56
86 83 35
93 174 79
192 114 20
46 192 92
40 114 61
111 76 7
90 79 67
4 99 31
1 68 7
64 44 68
179 117 18
141 48 64
53 174 44
40 61 56
144 35 42
190 119 47
178 7 100
154 71 7
34 62 47
160 28 96
4 41 18
133 75 47
174 140 86
94 114 35
90 180 27
63 169 67
2 18 46
151 92 71
22 153 56
97 49 4
146 123 53
173 74 50
39 198 21
93 102 98
174 91 47
192 106 68
90 160 40
183 23 70
37 40 29
7 180 38
32 14 74
104 188 47
15 84 67
112 193 94
21 111 22
93 23 57
101 111 10
20 92 22
2 140 34
137 1 69
158 108 53
70 176 6
196 143 21
195 197 15
74 30 35
199 19 47
168 113 87
46 54 35
113 39 39
107 114 10
173 185 94
54 40 39
60 56 65
194 139 90
2 181 65
193 19 61
106 118 67
11 173 15
183 165 10
189 156 97
82 67 61
14 83 53
8 190 60
121 104 44
110 159 19
131 96 97
46 109 32
200 102 60
186 198 28
92 36 34
6 138 9
171 1 97
129 177 39
15 147 49
166 189 42
17 199 68
167 100 27
38 14 30
127 55 72
84 179 51
8 96 8
123 89 60
85 156 49
169 105 11
7 143 60
198 179 85
154 124 4
105 63 58
119 123 55
78 151 19
17 159 63
110 159 68
101 145 11
144 149 42
64 112 53
103 195 28
29 141 68
188 156 44
67 111 87
29 18 13
154 189 31
99 21 55
63 123 79
191 11 85
80 140 100
154 194 38
42 22 57
115 26 10
97 188 46
101 55 52
32 60 93
97 197 41
169 10 98
100 115 72
109 130 77
48 195 98
126 74 33
94 189 75
37 40 29
110 68 42
117 6 39
62 103 24
144 194 8
186 65 60
74 13 71
187 72 24
117 136 88
152 135 14
43 23 56
162 118 97
200 180 1
66 146 40
149 11 56
71 88 56
100 187 76
104 8 99
158 80 41
187 61 31
164 57 45
98 128 70
3 99 31
151 163 36
158 177 36
158 108 53
29 115 65
47 166 39
69 4 100
172 39 30
115 67 52
164 143 9
147 34 67
173 84 52
145 2 78
148 67 4
164 57 44
165 74 91
183 23 27
172 32 89
138 77 43
48 173 10
161 172 39
108 95 45
10 182 98
80 124 63
91 176 76
120 105 100
174 122 11
8 36 47
189 197 40
19 189 82
128 191 53
186 110 56
133 3 17
174 140 86
75 126 18
120 16 84
182 174 99
169 184 81
134 51 25
10 182 54
111 8 58
125 154 83
152 82 6
30 145 96
155 188 1
24 116 65
37 17 86
94 107 94
50 116 54
169 70 81
87 39 40
2 140 34
17 199 68
120 16 14
84 132 41
48 125 2
130 165 86
90 79 67
156 26 63
108 155 68
80 104 67
164 143 9
79 129 29
18 143 56
163 124 66
14 116 39
125 4 7
196 35 43
148 67 40
158 148 100
164 74 92
20 110 52
37 17 86
156 61 4
6 88 77
65 126 70
24 148 50
101 111 10
56 94 61
19 166 39
160 71 49
88 110 92
179 46 73
36 88 4
150 7 39
6 110 47
33 68 68
89 51 13
60 96 36
92 55 34
113 12 26
3 183 7
113 22 62
178 35 91
55 24 87
37 36 53
3 32 57
1 114 87
87 36 20
10 36 88
122 52 19
185 192 95
99 31 59
48 195 98
135 60 27
140 138 57
192 131 41
99 89 84
97 143 43
132 41 93
165 79 61
173 134 30
104 25 5
200 115 21
10 29 88
179 145 99
81 7 23
100 52 80
114 137 89
55 125 22
64 188 80
177 44 10
123 16 98
189 98 59
29 189 19
5 27 25
127 58 45
162 83 5
48 164 83
54 70 40
130 107 48
148 109 68
1 79 90
20 77 5
74 144 92
155 7 47
115 112 76
171 70 51
35 142 52
129 144 8
113 109 95
16 8 62
46 109 32
121 35 34
104 131 45
23 115 65
93 31 37
198 179 65
41 180 84
11 41 24
161 31 63
189 137 85
74 13 71
102 183 80
7 129 4
141 39 10
26 112 3
121 173 16
8 17 59
193 167 50
57 168 93
61 57 7
194 60 56
154 22 25
54 49 7
2 106 6
93 161 32
105 63 58
6 110 43
12 13 88
90 174 36
15 16 19
158 80 41
62 103 40
73 14 50
160 120 68
16 131 71
27 80 2
57 168 93
141 11 13
11 36 31
125 54 48
113 138 70
47 173 68
113 19 25
110 19 29
160 1 34
44 152 7
76 10 5
181 5 32
65 126 91
58 103 30
162 51 55
112 101 96
73 105 17
26 123 62
153 36 69
39 198 21
128 193 76
172 124 86
125 104 23
1 65 30
81 105 7
82 20 66
106 114 40
183 165 10
8 36 50
111 76 48
115 196 45
87 1 56
125 103 29
167 100 74
93 161 3
30 145 88
178 28 54
98 77 4
136 160 97
150 85 80
138 33 38
73 181 38
71 80 28
165 151 86
14 28 12
190 133 91
37 58 27
112 178 54
191 65 98
130 140 18
63 123 26
44 118 22
130 140 18
178 35 87
84 132 41
91 87 88
41 126 66
111 31 9
189 98 42
183 90 91
74 15 33
28 30 96
134 121 45
131 192 74
189 146 55
70 111 33
181 166 7
6 56 87
193 46 3
32 33 4
102 56 91
66 197 89
107 144 84
173 185 23
200 60 92
53 191 87
115 26 10
34 94 62
174 195 96
64 175 81
84 165 39
158 148 65
27 118 42
58 90 100
46 186 33
105 111 7
175 24 28
188 156 89
84 179 51
99 6 92
165 124 52
27 180 78
164 74 9
119 95 26
106 153 37
54 126 82
30 189 10
163 20 31
103 167 72
190 41 67
94 189 75
172 23 18
196 90 39
169 102 50
97 94 52
129 168 82
178 161 76
189 64 78
27 140 38
40 61 56
128 5 9
130 107 48
200 115 21
70 21 42
139 111 94
190 39 64
188 76 84
124 181 55
166 118 76
54 191 8
147 2 42
184 122 33
91 38 7
66 146 40
119 177 17
127 55 72
131 153 95
106 49 62
152 82 74
105 197 65
7 2 16
70 173 37
82 24 34
156 18 90
7 26 47
166 4 99
62 150 97
49 42 90
1 109 65
107 197 2
66 8 8
50 154 77
68 187 79
55 47 34
25 105 14
87 187 23
52 154 8
2 120 39
170 144 16
6 141 63
181 5 32
112 64 25
12 42 21
129 168 82
77 112 26
190 39 94
112 123 79
173 84 52
75 126 18
99 106 51
183 123 97
127 46 94
152 137 47
146 151 100
116 198 73
70 61 29
25 105 58
24 115 44
9 53 2
101 145 34
178 27 71
54 191 81
64 156 37
42 9 93
23 200 78
87 109 68
52 164 26
180 175 83
61 44 42
148 102 7
89 190 54
144 165 18
42 31 20
54 78 49
190 90 46
62 151 100
157 173 24
13 114 25
187 75 65
6 124 76
128 193 93
165 82 100
13 158 87
23 115 57
87 39 40
73 146 80
65 106 26
71 88 51
96 32 73
154 5 93
115 142 90
