200
7 109 73
88 19 64
32 51 56
64 13 10
89 147 37
195 162 4
144 70 2
81 58 41
187 147 63
3 168 86
61 176 87
182 39 83
11 26 94
75 176 93
185 173 7
6 154 23
86 163 77
36 142 5
89 168 11
192 95 69
173 8 88
122 45 51
17 195 58
139 80 50
70 43 67
24 193 1
1 122 100
15 38 20
164 48 25
142 187 65
187 2 32
150 156 65
68 198 22
37 198 72
78 85 28
40 74 29
92 151 50
67 24 59
91 53 64
189 138 49
158 162 85
62 167 5
169 36 17
152 141 2
169 2 75
67 152 25
59 103 89
18 39 4
16 40 90
11 23 63
46 74 95
198 60 78
21 79 34
56 80 78
58 8 36
112 49 59
198 197 63
144 6 26
84 82 80
164 165 94
149 92 94
22 161 87
112 180 97
69 3 29
100 5 76
173 136 85
178 185 44
14 172 87
116 88 72
166 66 64
199 187 29
161 57 32
190 176 24
195 109 28
72 192 89
128 19 21
3 95 13
185 70 75
24 146 64
99 29 2
151 172 22
154 111 91
12 143 11
159 184 88
92 64 61
39 25 30
58 165 54
21 35 69
101 193 3
65 139 98
149 82 10
53 7 78
109 161 73
182 186 90
87 4 34
153 149 95
196 160 47
164 97 69
96 186 59
97 89 38
17 152 14
105 28 56
39 25 30
169 165 20
69 3 80
124 166 48
100 87 57
42 155 2
109 71 64
123 102 96
200 91 10
64 69 35
99 136 59
131 2 44
23 80 78
37 151 39
193 53 89
114 145 55
130 66 28
191 105 9
144 119 32
162 87 32
126 101 49
136 22 1
59 162 53
189 138 82
111 75 74
158 21 41
94 30 99
105 20 75
138 3 44
126 3 73
49 45 95
86 54 54
101 6 3
86 163 43
20 23 95
31 147 86
19 16 68
89 49 61
158 190 43
64 69 35
135 56 72
103 3 36
28 71 53
70 84 35
59 106 56
110 180 4
48 51 21
18 178 52
36 74 13
153 197 17
101 71 22
85 41 38
16 128 51
151 195 100
59 106 72
5 6 56
90 71 85
40 109 48
12 115 86
177 90 94
57 151 20
136 4 15
56 44 44
16 76 74
90 113 11
74 63 42
65 22 90
117 59 30
5 6 3
149 180 52
178 185 78
188 152 2
123 144 78
197 174 23
62 113 3
138 3 42
76 185 95
146 42 97
143 62 91
79 20 81
159 93 32
99 76 97
141 45 18
159 120 78
184 148 61
105 171 98
20 96 51
162 3 2
15 126 65
134 136 46
143 63 46
190 155 16
188 6 29
32 143 34
38 110 24
45 24 63
141 183 70
196 175 57
79 174 11
33 40 61
55 19 96
133 79 51
104 168 61
7 188 79
190 10 85
92 59 47
14 153 55
89 147 71
110 68 6
150 12 52
28 178 23
152 149 49
16 114 72
3 144 79
11 29 59
164 116 46
169 2 75
70 72 70
79 133 73
70 43 67
97 89 38
123 183 91
27 14 31
32 106 57
76 64 89
33 94 33
156 88 28
164 24 19
152 149 49
70 135 13
28 22 37
22 86 58
170 140 19
42 167 90
122 38 55
136 16 26
170 139 64
141 167 24
198 60 78
164 81 100
7 172 96
30 104 39
38 110 41
26 200 10
13 107 80
196 27 3
55 19 6
119 4 88
26 151 56
177 140 87
191 12 34
81 117 5
192 95 59
82 57 7
142 68 25
28 181 93
73 29 90
49 127 99
159 9 80
152 89 16
99 88 16
124 118 100
156 177 27
142 150 23
198 92 39
141 168 19
158 62 69
158 37 3
113 196 73
118 125 67
6 100 54
122 149 86
127 183 25
3 84 82
136 139 34
88 134 64
136 16 71
59 170 22
142 10 39
185 101 59
200 76 14
8 171 70
64 13 41
74 13 47
155 170 23
59 3 33
193 19 67
1 184 66
90 196 27
144 70 2
27 83 41
129 13 14
162 180 15
190 158 58
113 190 3
71 112 61
104 146 21
139 158 10
190 25 83
13 107 15
58 169 79
30 76 94
17 195 58
121 21 15
14 3 20
177 14 12
170 140 99
193 19 67
69 167 23
63 181 39
180 53 73
98 78 92
97 149 37
132 149 73
37 161 31
31 80 30
35 131 8
152 87 79
53 80 67
124 106 43
69 14 86
112 156 23
152 141 2
99 119 14
197 167 30
138 154 67
103 138 43
101 187 49
138 64 100
148 104 69
107 158 8
79 57 73
77 167 63
19 28 42
156 28 5
197 174 77
102 48 70
38 170 27
38 48 8
175 179 55
160 186 2
62 16 77
132 167 16
68 127 73
84 87 35
187 11 96
68 127 46
98 73 22
107 172 85
34 65 91
147 119 54
168 149 75
28 178 23
162 174 10
138 8 69
165 160 66
6 52 65
81 53 91
174 193 57
150 64 89
3 27 7
105 107 99
22 186 39
89 143 60
65 18 18
182 145 59
30 104 22
83 138 98
70 72 28
31 190 46
90 71 85
7 134 25
82 106 90
31 150 81
82 106 90
11 23 6
115 196 31
122 40 80
88 33 76
112 127 84
105 169 73
14 153 44
140 7 3
27 31 21
132 159 36
56 152 7
190 176 97
110 180 4
74 63 9
176 46 62
156 177 96
3 84 82
76 200 62
102 152 54
162 86 76
159 54 97
160 175 94
17 56 59
119 179 32
124 140 21
123 42 96
92 142 16
75 174 82
134 98 3
161 118 30
9 68 86
170 165 92
139 176 92
14 141 41
179 92 74
66 57 54
72 43 53
193 158 18
104 146 21
12 115 47
116 169 51
173 157 62
75 189 8
75 135 65
44 171 14
138 81 53
72 191 66
80 137 100
80 94 18
67 90 71
42 180 80
55 131 85
43 45 9
126 119 91
55 116 19
42 85 68
149 56 35
99 2 10
197 131 77
37 133 74
90 93 64
180 199 22
112 178 11
146 193 80
52 111 33
19 16 53
19 113 5
173 120 94
169 150 42
185 35 93
152 99 94
177 195 38
86 109 42
126 101 49
139 27 73
158 122 83
192 136 36
102 100 36
138 21 65
181 37 66
122 45 80
26 167 80
123 130 59
41 40 100
82 70 50
45 173 21
154 111 91
164 30 24
103 198 26
28 140 52
23 105 50
158 132 90
96 42 58
181 191 21
78 142 70
158 77 71
114 193 85
123 183 91
143 62 91
134 109 39
153 190 15
156 167 52
56 152 78
76 181 43
179 197 34
107 134 24
21 35 68
106 197 44
150 85 91
16 40 45
36 142 54
107 158 36
170 3 20
85 58 71
41 40 16
84 94 29
198 182 44
121 90 41
124 26 25
2 157 63
149 180 52
41 137 24
86 109 42
177 14 86
136 184 30
88 10 80
190 49 47
27 183 49
151 63 42
100 101 5
120 27 50
19 93 74
158 21 41
150 85 91
133 35 7
32 120 38
60 161 3
171 151 15
8 124 93
195 57 83
185 49 93
135 32 11
196 175 70
91 84 21
19 113 5
123 130 59
32 106 60
187 196 9
29 65 31
116 169 14
193 158 96
188 82 98
181 88 33
162 87 39
132 159 36
111 75 74
120 87 52
36 119 91
78 118 20
167 8 58
122 63 1
12 54 20
129 22 56
66 197 79
96 122 18
136 154 34
65 140 44
62 167 5
153 190 15
148 26 59
106 141 94
65 163 59
173 68 33
72 146 59
194 103 22
89 125 8
101 119 92
184 166 47
60 62 75
95 50 6
135 32 74
3 144 79
17 97 41
33 40 91
97 87 25
49 75 14
6 76 67
179 197 76
26 150 52
81 58 41
9 95 84
200 59 70
107 182 31
61 18 5
92 11 28
19 172 85
60 62 75
113 189 80
18 115 66
179 45 51
80 86 26
100 104 78
175 196 3
141 166 89
67 45 45
150 153 78
158 77 89
36 43 96
100 182 43
99 88 83
133 174 51
150 113 86
22 86 58
172 93 6
63 182 7
77 87 68
87 194 43
142 150 11
145 27 51
148 111 84
185 101 98
138 8 69
70 14 54
19 28 24
3 60 87
17 75 14
40 1 27
17 115 64
97 149 37
17 157 59
3 161 43
64 53 80
9 68 5
49 22 57
7 198 64
64 36 23
76 64 76
111 32 7
79 5 79
92 171 15
180 79 55
196 160 47
188 176 84
185 49 82
91 53 64
29 179 72
152 54 18
196 27 46
117 90 53
193 130 33
143 133 20
81 124 7
138 159 69
142 85 11
181 116 36
92 59 11
169 36 17
102 90 13
194 103 22
180 199 22
78 142 22
122 47 44
200 109 3
144 45 41
29 92 30
13 147 95
43 137 35
29 59 39
38 13 28
1 96 21
66 197 79
120 161 11
3 112 82
96 186 59
38 1 73
128 188 9
48 65 75
32 196 95
92 11 54
162 174 10
144 6 26
46 134 67
32 51 56
187 11 82
73 22 71
57 43 56
153 133 94
100 87 2
85 58 4
7 109 52
67 137 25
95 101 41
70 84 81
153 133 94
102 100 36
111 32 7
37 27 92
106 197 44
158 23 64
129 13 14
144 3 95
66 57 17
134 84 65
114 92 3
30 138 89
13 147 44
45 97 30
37 133 74
137 198 30
161 47 3
6 52 51
156 196 55
89 99 37
122 63 37
157 175 70
88 72 99
25 58 52
100 69 56
156 196 64
95 50 6
42 167 25
183 79 35
195 26 75
100 6 37
75 189 44
93 154 86
163 181 65
157 24 68
180 127 98
13 119 58
79 133 73
200 45 31
87 194 43
98 19 98
173 172 82
75 127 86
116 166 82
79 20 81
159 93 22
136 184 27
44 23 5
159 184 88
167 105 41
23 126 93
124 154 62
142 81 4
105 131 82
133 11 1
100 160 8
120 87 30
98 142 62
84 91 20
80 86 26
88 27 51
17 134 82
15 33 2
102 48 70
188 152 42
154 13 43
3 95 13
13 194 44
157 154 18
55 187 26
119 58 62
85 117 7
111 107 55
119 133 59
46 134 40
91 187 79
139 57 100
178 184 70
84 82 80
164 135 64
37 21 52
104 64 62
89 99 96
132 167 57
142 68 43
163 181 24
5 172 40
151 63 42
195 161 18
171 75 19
100 101 31
62 131 90
28 157 89
68 71 20
56 123 97
164 97 69
113 196 73
152 87 36
145 162 87
198 197 63
184 77 83
146 68 15
117 90 59
111 107 6
188 190 31
56 170 27
72 101 5
75 172 58
40 189 75
8 178 10
95 161 90
79 57 73
96 42 79
60 161 3
100 158 68
130 103 57
179 45 51
40 51 23
20 182 36
25 127 91
55 131 73
104 158 29
4 137 3
113 145 80
85 98 82
128 19 29
40 74 29
123 144 83
45 48 55
200 76 37
190 49 47
120 161 86
117 4 4
91 49 95
181 37 66
156 88 28
83 70 78
157 117 10
114 40 69
97 103 64
124 112 29
172 93 24
117 127 15
94 34 56
38 10 8
84 178 52
56 177 42
200 98 82
160 52 83
85 41 91
157 117 10
123 102 8
80 179 46
159 69 90
3 35 46
149 92 94
86 54 37
104 165 18
141 118 94
59 103 89
29 92 65
70 47 49
28 164 29
112 180 97
101 119 92
185 35 93
132 163 90
101 6 3
183 165 45
148 104 69
200 109 89
64 172 9
115 177 56
52 143 89
117 127 15
82 199 58
169 98 72
102 173 14
55 126 74
187 126 78
53 6 72
95 161 43
23 105 26
133 49 28
159 54 92
17 56 80
63 182 7
39 151 38
172 126 54
124 131 42
109 102 64
132 198 82
2 151 43
19 187 21
118 33 4
173 136 76
159 59 79
159 15 56
108 97 45
44 52 21
187 2 32
67 24 59
3 60 87
70 63 5
145 142 20
45 148 15
177 64 75
96 144 58
135 65 57
163 156 95
105 107 89
7 182 40
25 127 91
68 24 24
9 52 82
121 90 68
177 89 26
172 126 54
26 87 64
100 69 56
186 125 77
62 141 80
181 190 85
177 125 89
26 167 80
37 21 14
70 67 5
187 137 81
184 10 10
99 119 14
141 59 100
187 154 30
59 170 22
49 45 95
169 77 77
173 88 31
27 199 4
42 155 2
17 75 51
124 168 96
106 124 83
39 27 64
68 97 13
190 158 58
48 65 6
167 15 81
159 56 85
39 62 68
195 157 68
84 91 37
30 141 41
97 66 81
81 5 20
43 45 9
86 158 16
53 80 23
100 104 78
26 87 64
173 120 94
7 72 63
90 149 91
109 65 39
15 33 2
16 84 42
46 128 91
16 84 14
38 13 18
124 84 77
109 102 94
40 59 78
191 178 48
71 85 52
132 118 34
82 62 65
197 5 61
135 51 98
15 185 43
39 62 68
190 194 83
179 92 94
183 79 35
38 137 6
142 85 33
147 119 96
2 147 9
17 198 38
149 82 37
67 90 3
38 1 12
91 102 35
199 19 10
3 35 46
25 18 95
172 7 22
184 148 61
95 42 86
17 157 59
89 143 17
176 29 12
169 98 72
82 70 93
114 193 85
136 154 34
73 29 90
88 33 64
129 187 52
175 77 16
93 116 22
150 35 28
75 172 95
85 63 69
14 62 49
135 69 27
161 183 38
66 112 45
127 183 94
17 134 82
5 121 63
148 111 84
173 53 62
80 24 12
82 62 65
27 183 49
112 178 24
127 147 49
118 29 9
76 109 26
144 118 22
140 7 3
115 161 26
130 66 8
128 141 65
173 88 31
3 27 7
27 174 50
170 139 64
122 47 44
110 24 6
55 5 68
38 40 97
104 51 52
31 147 86
173 82 56
149 189 46
122 50 69
73 82 66
28 157 89
98 73 29
152 89 16
49 22 57
90 113 11
121 114 77
96 106 55
157 14 77
184 166 90
64 36 89
17 115 87
161 151 59
167 105 67
150 113 86
106 141 29
22 131 76
173 82 56
27 18 31
