200
39 43 4
137 2 5
8 116 74
71 97 68
62 83 7
133 177 99
141 82 19
90 187 55
105 28 55
59 32 72
32 81 84
105 188 80
47 110 6
75 193 27
73 174 95
91 135 28
49 102 40
144 53 29
176 118 50
112 2 62
126 120 83
158 110 1
37 80 88
112 65 87
137 40 29
134 96 75
193 139 69
169 81 80
95 181 29
143 64 88
29 152 18
108 193 38
55 89 24
115 83 18
114 127 90
45 89 36
35 72 9
190 33 16
164 106 93
113 134 52
42 110 94
54 197 84
60 87 64
96 119 30
7 187 92
161 137 97
40 59 65
69 179 73
105 28 76
4 111 96
176 55 65
67 110 95
108 31 40
145 148 23
19 29 56
67 200 99
69 179 73
150 60 24
48 155 22
148 19 13
125 53 28
46 200 84
154 166 52
75 74 45
119 38 56
195 113 100
144 28 28
10 31 4
194 45 85
199 97 63
117 177 64
113 7 38
192 133 78
199 147 9
199 75 44
28 17 33
15 44 49
160 116 38
139 82 73
49 102 40
134 88 19
106 164 53
106 164 53
67 25 17
188 150 95
195 125 63
83 168 52
26 30 93
5 88 51
157 74 96
18 106 32
71 26 67
108 130 92
115 106 74
107 136 44
144 197 58
141 3 80
104 122 48
15 149 64
83 88 28
126 199 24
51 128 45
156 66 66
33 21 22
113 170 23
153 154 69
67 25 17
97 28 54
3 141 95
187 80 35
138 113 32
73 136 7
119 191 81
160 134 64
10 91 22
188 139 83
79 190 68
96 130 86
32 124 76
37 163 87
35 18 82
109 177 14
120 147 48
2 1 58
190 89 65
144 101 3
196 180 38
135 88 17
3 119 86
10 193 63
87 111 68
175 199 39
5 88 51
85 23 83
110 91 40
76 143 33
94 120 33
116 148 39
186 25 95
27 107 95
145 61 18
166 86 50
105 101 84
18 64 70
4 12 18
58 112 18
113 170 40
171 5 72
34 145 96
79 58 79
104 193 25
31 108 49
200 52 76
91 75 77
199 97 63
42 162 66
155 40 88
107 118 63
73 129 60
113 134 7
41 101 44
101 193 80
151 126 99
84 108 43
179 100 7
131 156 41
115 106 64
140 189 43
43 132 60
61 74 48
29 152 56
36 196 80
181 160 77
142 151 13
158 110 52
15 119 53
97 113 42
92 32 94
28 98 72
144 102 91
12 176 73
160 4 58
3 40 56
88 145 6
32 169 86
42 168 31
32 57 87
200 191 75
80 160 68
172 38 55
141 113 79
116 96 86
133 192 67
37 22 26
66 35 21
196 25 85
196 194 91
151 126 99
190 117 42
47 60 71
190 95 20
114 63 70
64 188 41
169 192 50
21 160 59
176 118 50
75 61 10
180 8 69
36 122 6
58 24 99
13 199 72
162 155 16
76 89 13
44 146 70
197 78 70
82 165 27
58 12 79
29 50 59
188 42 53
28 169 56
70 175 62
130 87 78
48 46 74
115 121 21
84 138 14
192 78 41
150 176 34
83 149 46
149 26 38
188 116 19
147 27 13
169 192 50
164 135 42
37 163 97
8 76 19
127 172 91
43 98 2
29 15 87
94 3 43
179 78 73
120 6 90
151 190 84
192 30 34
14 136 95
177 138 32
52 191 57
32 81 78
81 192 90
79 1 92
106 110 33
71 90 89
20 96 75
94 13 40
32 127 59
177 138 82
127 163 32
73 35 42
133 173 42
162 5 77
30 151 66
172 36 29
10 13 71
38 198 91
93 175 52
16 154 35
3 82 36
122 170 73
58 95 38
134 148 65
18 177 59
156 175 60
31 23 16
189 120 11
59 136 38
13 189 86
48 155 22
189 44 43
154 75 92
173 54 70
187 130 31
157 16 10
64 23 49
193 140 87
189 21 43
190 63 84
135 104 49
111 168 6
192 49 81
147 148 61
156 165 82
196 17 60
1 33 36
154 50 13
105 66 60
59 98 48
60 104 33
49 59 46
164 199 84
145 130 62
114 127 90
38 36 69
132 47 13
68 31 97
166 48 49
137 198 81
145 168 32
116 148 39
41 180 46
198 179 20
76 122 35
42 59 84
12 176 94
33 188 17
116 76 78
145 41 79
158 29 42
112 2 79
196 28 13
92 51 49
65 134 5
124 37 36
191 89 63
10 169 56
10 154 71
183 189 2
10 91 22
130 169 92
144 88 69
164 98 98
26 79 80
115 121 21
158 27 2
100 32 64
48 72 66
95 111 8
64 30 92
183 139 11
79 58 58
134 96 88
123 13 93
91 85 39
172 38 70
157 88 58
156 175 60
23 16 99
77 192 14
33 47 1
139 47 5
66 10 28
127 132 13
172 36 29
165 106 92
144 153 99
136 196 1
75 151 59
2 100 26
169 81 97
189 131 32
31 23 24
97 92 79
59 32 49
60 87 35
172 165 59
82 49 12
27 113 33
95 84 38
35 112 9
11 156 81
31 200 75
55 89 31
21 134 79
19 51 67
98 152 95
123 102 68
75 74 6
40 191 31
21 160 59
70 5 50
69 22 59
88 132 71
190 174 36
43 64 12
173 87 40
141 82 71
135 97 16
98 119 60
3 120 26
98 34 19
172 108 74
199 75 44
166 46 48
15 34 64
198 161 61
87 35 98
157 88 9
44 113 78
153 27 14
30 40 98
42 133 79
185 167 74
159 25 78
1 81 30
146 183 48
199 137 21
190 192 62
169 127 56
32 55 22
188 139 83
11 97 60
150 116 36
41 109 16
21 154 84
195 83 7
15 34 64
95 120 55
80 198 47
148 62 97
133 192 67
153 154 69
198 1 14
2 107 33
175 154 74
171 63 54
116 117 82
71 74 26
1 29 5
180 111 38
6 118 85
126 102 78
83 42 9
153 156 69
38 133 50
71 86 45
66 198 57
35 97 2
164 34 98
82 19 32
199 101 98
37 50 12
163 169 76
131 146 52
66 175 31
104 93 86
185 73 62
187 130 31
153 54 33
25 184 50
81 147 38
88 49 14
81 72 39
133 84 5
154 75 92
67 127 83
197 94 71
135 156 5
107 118 86
59 5 57
51 141 38
106 110 33
16 200 46
69 22 59
156 42 77
169 106 9
5 191 70
104 86 44
194 6 40
139 111 87
32 9 48
193 121 75
66 30 83
3 73 16
91 124 32
80 176 19
196 88 9
69 27 24
90 4 52
197 78 4
4 67 66
11 100 65
90 24 62
115 25 84
138 110 38
90 65 90
32 39 83
132 47 37
189 131 94
80 149 24
164 199 84
139 47 50
187 105 67
198 179 20
121 101 89
97 2 37
58 12 79
112 56 21
134 56 12
162 132 44
107 20 60
19 124 97
101 194 17
181 45 60
180 151 90
55 188 75
85 23 94
133 150 68
107 47 8
8 76 19
13 124 5
87 25 61
171 114 41
17 94 4
36 186 78
151 148 91
51 20 78
91 124 32
52 134 93
106 145 33
198 161 61
167 37 49
77 108 91
196 160 37
22 127 72
26 189 97
138 163 91
141 113 21
46 28 9
75 89 77
112 65 40
97 91 49
192 78 41
60 119 3
198 1 14
100 76 100
52 6 13
49 120 31
35 33 99
105 66 60
162 5 77
75 61 10
129 148 1
181 78 26
107 47 92
85 142 12
19 185 38
101 193 80
28 44 13
95 71 88
100 20 92
69 83 39
33 100 38
116 13 46
18 66 88
144 53 29
98 49 81
99 120 51
112 73 35
23 16 99
155 19 52
124 123 54
61 74 56
60 73 94
189 120 95
136 196 1
50 111 37
62 45 51
81 190 79
85 177 8
186 71 87
164 41 98
139 193 70
164 41 49
58 24 99
186 110 7
95 51 36
112 17 50
18 177 96
97 49 50
142 18 2
140 54 10
166 130 90
155 198 8
101 92 78
151 152 83
158 69 59
147 27 13
137 198 81
129 172 12
22 63 62
176 196 76
165 98 65
60 64 78
64 78 85
40 191 31
52 10 1
98 49 32
138 114 48
164 46 51
186 56 74
152 62 17
109 19 61
135 97 35
195 33 91
5 73 83
21 89 80
35 81 58
198 4 38
90 62 41
156 142 48
15 66 29
81 147 38
200 191 36
122 90 75
70 76 9
42 161 85
36 122 6
82 141 53
46 200 95
60 57 56
93 175 19
1 173 20
55 176 50
48 57 63
98 190 7
122 65 97
162 109 53
80 128 35
156 142 74
144 153 99
180 42 60
198 24 3
138 110 66
197 168 41
102 104 2
58 183 87
34 55 4
168 55 82
181 160 77
82 94 73
56 145 51
100 32 21
56 145 75
43 132 57
92 119 15
6 118 85
126 199 24
59 98 48
76 89 53
24 41 48
24 12 17
12 66 3
3 94 29
85 165 2
140 54 48
164 34 98
195 126 70
188 84 81
160 17 37
13 69 41
66 63 83
92 22 29
177 161 79
126 38 54
195 75 30
2 1 75
11 128 69
104 122 5
24 150 18
122 133 57
142 151 13
128 88 32
52 139 37
38 125 33
140 67 63
142 103 89
73 136 7
153 167 23
144 102 59
158 27 53
172 165 58
101 159 73
193 123 22
104 193 19
39 92 41
131 146 80
12 66 3
59 25 21
77 160 82
7 187 92
65 191 51
165 125 52
1 161 48
49 87 98
179 21 63
81 162 14
151 44 86
48 57 63
75 89 58
37 80 29
97 113 42
94 13 60
11 100 65
199 106 76
190 181 56
196 192 87
72 131 14
16 200 46
146 183 3
95 181 43
126 81 54
109 177 14
154 188 7
18 27 46
1 57 73
15 119 53
148 62 97
124 51 87
77 192 37
11 89 61
158 47 8
46 127 69
188 26 64
51 101 8
12 165 83
122 133 57
119 38 15
74 36 27
121 141 64
147 50 42
30 76 34
142 95 11
117 101 64
3 94 29
20 120 11
27 144 18
181 45 60
181 99 71
28 44 48
102 31 43
58 183 87
82 141 53
51 102 55
11 61 78
58 128 52
136 69 40
93 26 26
92 119 15
196 194 52
98 119 60
79 144 38
41 180 46
66 27 74
114 88 53
81 192 26
144 159 10
126 53 7
44 102 92
36 196 35
19 124 90
42 59 84
146 15 35
49 120 31
190 47 37
19 98 91
187 125 46
108 130 92
126 102 54
21 154 84
120 77 92
82 165 7
189 176 18
36 4 27
38 42 78
194 95 89
106 57 23
180 155 79
20 181 2
131 142 25
36 111 24
80 55 51
73 174 95
19 29 56
105 101 84
136 46 59
179 100 16
14 136 95
169 127 19
31 186 45
69 37 81
196 71 85
15 151 51
84 108 43
58 164 68
138 197 13
73 35 42
98 34 19
135 54 52
198 24 3
166 126 40
27 129 18
116 152 97
132 73 89
10 57 56
122 4 91
153 123 93
121 141 41
199 78 36
160 134 26
164 135 42
110 51 34
155 40 88
147 148 49
117 48 28
12 93 83
121 191 25
89 3 15
180 111 14
168 191 11
169 87 40
152 103 52
85 124 67
157 74 39
105 188 57
39 61 68
110 124 72
169 8 42
55 16 33
71 97 68
84 122 14
57 73 97
196 28 1
109 160 94
158 47 17
177 38 95
58 164 68
130 87 78
63 140 1
14 110 40
87 94 90
71 79 37
39 151 43
147 167 33
20 97 33
39 61 43
200 52 76
31 108 27
134 56 22
124 37 36
183 139 11
1 85 25
31 110 32
186 82 24
142 47 59
15 79 54
70 53 6
107 26 88
190 174 36
83 40 49
88 145 8
139 193 85
169 8 14
50 49 6
7 143 30
64 121 100
35 97 2
89 101 2
187 125 77
166 174 65
113 200 99
64 50 4
181 99 71
45 46 74
155 19 52
117 192 81
80 100 8
34 185 30
36 83 70
97 56 62
93 123 82
52 99 18
4 198 72
172 15 24
192 53 15
98 169 2
16 119 77
49 103 88
34 65 63
81 64 64
52 101 75
16 154 6
32 169 86
105 18 9
91 155 30
45 46 74
89 3 62
128 167 44
135 122 23
129 173 2
102 104 54
63 147 20
104 35 53
65 37 63
129 38 15
199 106 76
134 195 45
184 124 61
137 40 29
33 47 1
142 103 39
160 4 58
195 83 62
51 15 38
21 197 13
117 101 64
175 154 38
48 4 86
171 32 64
116 172 99
22 176 43
76 103 8
22 157 11
156 66 66
165 125 63
117 183 81
21 119 82
112 10 92
156 198 65
135 156 5
162 71 70
189 176 18
170 17 66
9 116 29
108 33 48
31 64 96
113 8 82
83 78 30
53 144 58
178 164 22
140 124 99
35 15 64
73 19 27
64 176 30
92 32 100
157 16 10
115 25 84
1 81 66
90 72 63
100 17 61
195 48 74
179 94 2
178 99 80
13 82 7
160 143 66
45 2 79
97 49 50
158 29 48
58 128 93
55 188 75
7 15 59
55 128 82
115 161 1
86 161 19
36 4 61
50 147 76
84 118 44
178 138 44
80 149 24
139 111 56
196 88 60
60 91 81
8 142 19
7 20 30
37 154 79
146 15 55
15 149 49
77 108 91
139 82 73
37 32 98
144 101 64
13 137 48
153 123 93
168 62 52
70 46 12
116 198 65
193 6 11
104 187 51
74 99 50
41 186 19
7 143 3
116 124 16
141 7 70
143 64 88
106 143 80
178 77 41
4 111 16
134 148 65
97 47 99
44 146 45
196 71 85
192 133 78
144 28 73
50 111 37
38 36 69
1 89 11
166 126 63
80 176 5
49 80 75
34 36 51
62 111 39
117 192 31
73 132 95
42 168 40
150 116 80
126 49 17
84 42 42
143 200 11
55 154 90
116 124 83
170 143 19
25 110 79
62 88 41
60 73 94
188 150 70
193 125 11
56 163 40
59 86 66
174 138 3
67 126 17
78 154 98
83 78 29
18 120 27
112 196 11
96 130 86
30 8 99
97 32 47
26 55 91
102 73 83
108 74 46
18 64 78
100 17 61
13 82 7
70 53 89
199 136 26
32 113 13
128 139 51
15 115 87
125 54 3
160 36 77
36 35 15
171 5 90
173 51 25
57 18 46
196 17 60
116 96 86
199 136 26
16 194 66
182 181 15
105 22 42
192 30 65
197 200 81
75 182 80
110 124 72
100 64 88
116 66 48
109 20 90
45 90 49
180 155 80
181 54 10
188 84 88
116 117 6
14 110 40
43 186 20
13 190 61
160 17 70
109 71 86
87 94 90
41 109 16
96 119 74
67 65 31
148 178 25
74 88 59
87 111 23
104 72 42
148 178 25
149 192 88
55 128 82
10 193 6
108 61 31
165 98 65
182 20 62
168 197 10
98 64 96
81 18 27
165 45 8
144 123 31
61 17 58
43 98 37
90 187 68
144 13 87
63 120 51
84 118 44
143 61 19
78 154 2
