200
111 100 10
126 147 57
121 165 55
100 6 86
78 109 81
118 36 58
152 92 96
103 133 20
39 14 92
24 169 88
17 179 4
17 5 52
160 200 64
137 136 22
73 145 25
138 159 6
76 112 38
108 105 69
13 53 38
22 133 56
54 73 14
30 180 48
73 187 36
148 181 70
59 149 23
85 51 79
1 84 97
122 186 97
184 147 54
67 17 54
158 20 44
125 54 97
71 84 1
119 13 100
38 58 70
145 14 16
102 24 93
171 129 13
48 51 8
51 38 70
84 137 56
179 193 33
16 105 49
184 171 21
177 146 65
65 77 73
194 118 45
138 161 60
63 6 72
86 175 7
95 189 19
172 85 23
62 139 4
163 71 22
170 10 89
177 153 33
178 7 40
116 100 96
86 46 17
128 59 72
10 197 46
86 195 41
75 152 82
142 189 62
108 14 22
199 96 41
64 134 39
149 108 77
142 165 91
48 179 12
131 124 73
122 187 90
23 39 39
160 6 12
186 198 10
77 85 35
119 91 15
66 99 55
16 182 90
26 160 51
38 114 26
35 158 29
7 86 3
95 129 59
139 165 21
49 28 17
144 158 58
149 5 13
26 72 50
45 122 38
105 168 49
26 72 50
109 61 48
42 126 61
73 34 16
1 99 12
56 36 59
125 68 85
64 37 39
182 58 82
41 163 100
20 137 4
183 92 70
92 133 47
32 126 50
39 119 13
77 33 47
4 76 36
118 44 89
113 114 81
45 43 26
34 15 59
108 70 89
64 68 10
198 15 67
94 172 14
168 160 67
50 5 1
165 40 15
10 98 88
12 157 8
61 70 41
158 20 44
35 138 86
180 92 36
131 136 12
131 20 92
188 117 24
70 157 76
195 198 72
151 65 2
68 18 1
183 119 51
118 68 70
126 77 9
45 43 56
123 77 61
3 18 55
62 44 95
16 49 55
7 124 87
180 60 74
135 154 48
187 133 10
177 90 49
26 9 69
191 34 90
177 4 58
32 64 65
73 82 39
130 56 61
126 147 58
119 157 19
182 58 82
31 80 96
131 169 4
141 185 76
113 188 46
92 133 47
5 25 52
192 173 42
122 187 90
42 158 46
21 108 11
128 59 72
33 20 54
173 39 72
31 108 82
104 63 31
192 49 49
198 15 84
145 89 31
148 181 70
170 84 5
154 77 35
168 62 51
30 125 58
189 138 72
77 156 91
32 139 56
72 146 67
115 124 18
111 51 76
47 73 57
81 84 13
35 138 86
68 7 71
100 122 100
67 169 35
41 97 70
185 51 84
192 49 63
174 183 66
103 133 20
30 102 49
73 50 96
65 198 71
4 68 11
194 91 37
98 120 40
183 152 62
17 9 28
106 187 33
85 17 67
142 6 77
28 162 52
99 63 45
50 87 6
41 122 20
85 17 82
125 34 12
51 145 62
45 151 18
147 131 84
66 129 15
88 122 24
33 58 81
54 133 58
96 20 55
108 14 12
113 114 100
194 45 64
167 170 17
81 11 2
107 47 80
146 177 22
146 47 47
133 59 28
27 38 32
129 43 67
125 170 20
138 29 51
66 186 96
188 103 55
193 157 91
45 107 19
29 34 63
151 143 23
77 113 41
33 26 40
74 38 30
72 91 53
149 196 71
120 68 60
138 129 52
131 151 71
182 104 46
68 7 71
74 154 86
154 13 62
30 54 2
137 10 1
179 193 45
22 88 14
88 122 30
185 135 70
141 82 69
126 44 65
92 13 1
53 114 36
22 142 66
59 149 23
22 77 98
144 158 58
156 98 84
123 71 41
125 23 7
75 44 23
57 79 48
193 81 24
10 82 22
117 128 89
182 169 13
197 117 58
123 111 99
170 105 63
148 57 30
63 148 28
131 151 28
128 30 87
85 72 71
20 158 57
91 76 43
171 193 11
122 30 75
160 175 74
150 11 69
132 14 82
31 48 20
42 158 87
144 169 29
111 100 78
51 183 5
192 56 45
51 183 69
3 23 65
172 151 86
71 144 52
145 38 13
168 169 12
191 34 90
160 98 16
117 139 67
15 116 72
78 184 8
99 32 87
171 8 25
145 134 92
78 3 70
39 51 35
37 5 12
135 194 73
160 42 73
81 143 22
181 166 83
168 188 92
199 172 18
110 160 73
6 114 48
56 185 51
56 185 69
82 134 26
155 157 54
115 124 18
28 126 8
107 26 1
93 106 84
50 90 97
172 142 32
185 135 95
59 116 7
183 40 55
194 101 47
109 90 87
114 23 41
31 156 4
141 59 21
155 63 11
92 186 35
3 18 9
147 27 63
115 135 1
140 178 96
116 93 6
160 12 10
44 187 95
37 65 19
20 62 57
187 90 30
57 79 48
59 156 52
24 170 3
161 17 45
96 134 100
171 129 53
117 92 74
178 34 4
27 131 95
48 136 92
61 32 71
59 30 2
180 119 58
173 138 5
142 38 48
182 114 40
91 163 19
91 78 9
141 82 69
171 134 8
194 158 76
131 30 20
92 26 100
95 100 77
150 9 19
38 159 54
28 55 61
178 34 81
47 195 42
172 26 72
33 26 40
113 52 94
84 186 37
108 179 85
13 97 53
189 138 15
114 141 60
62 178 53
139 38 2
194 158 76
7 124 87
166 148 75
57 82 74
16 105 68
119 22 13
100 55 77
123 121 67
29 187 85
123 185 53
105 168 92
26 132 41
171 35 82
128 94 50
20 183 36
59 49 34
14 81 93
129 107 67
135 18 88
77 33 63
32 91 38
113 170 7
77 85 35
2 74 38
78 91 1
163 61 75
128 146 22
33 172 70
106 87 96
51 165 1
182 55 72
56 90 97
192 134 72
68 77 50
99 153 43
94 186 30
128 72 19
160 98 16
119 13 7
158 74 82
173 92 19
55 19 49
172 134 83
94 109 94
54 133 58
93 140 35
16 137 2
16 115 56
108 3 23
157 79 16
126 161 65
41 19 97
177 4 42
34 93 68
78 184 61
135 168 50
132 107 2
41 157 78
13 138 15
31 156 76
53 106 86
148 34 7
48 136 92
66 8 69
120 68 60
197 92 97
16 49 28
165 88 26
22 149 49
70 4 51
47 183 74
11 95 41
185 182 90
68 143 24
103 120 39
44 192 53
66 186 96
16 61 65
20 137 4
27 131 81
115 28 96
14 91 3
62 11 74
138 171 65
71 100 80
13 39 38
195 158 38
21 198 19
64 134 39
168 176 55
200 102 33
189 137 19
123 25 12
75 44 91
74 119 2
87 161 81
39 180 52
88 113 66
79 184 41
16 153 5
63 164 54
101 6 49
51 145 62
132 53 30
19 193 83
124 51 52
107 141 52
68 163 12
177 173 83
122 130 54
2 195 73
156 158 11
44 146 11
125 119 83
120 115 50
144 195 9
124 51 52
37 171 83
18 153 53
161 15 70
102 193 79
84 137 38
27 40 59
39 107 77
141 120 33
68 77 74
55 175 11
116 184 66
193 149 58
25 66 59
120 148 65
50 87 6
70 3 39
96 2 80
28 162 44
64 68 29
117 108 59
185 144 51
197 123 33
115 118 71
81 102 22
74 78 76
73 46 86
147 73 82
1 84 97
76 64 36
28 25 34
28 55 90
189 137 19
63 74 87
33 58 26
33 82 68
98 168 34
59 75 52
102 24 28
94 79 72
35 158 29
154 13 62
131 124 50
135 154 52
98 94 48
66 17 32
32 139 56
68 143 24
51 190 29
169 134 98
118 133 36
5 160 23
173 39 72
51 38 70
112 156 42
125 34 47
75 57 69
66 17 32
174 183 31
73 171 42
116 184 66
162 161 86
20 82 76
40 96 64
141 124 24
154 77 95
77 156 78
54 98 100
138 171 65
27 74 36
98 120 40
106 87 96
174 89 47
16 4 93
97 48 43
32 157 59
17 197 4
23 54 47
69 44 97
70 130 96
41 97 71
17 156 16
134 55 61
16 115 56
81 84 78
7 196 51
158 74 87
20 113 5
194 89 88
152 191 97
26 29 49
15 172 9
145 184 51
167 78 17
18 46 19
98 159 42
152 63 35
108 105 69
145 127 28
5 131 96
25 131 52
48 77 50
37 166 93
192 134 72
114 141 60
157 137 50
115 35 8
69 7 43
21 108 11
100 6 69
162 123 79
180 126 22
2 47 75
53 83 14
147 184 3
19 193 83
69 185 83
137 10 1
76 112 4
97 131 43
125 126 6
65 23 81
91 78 69
78 91 1
160 131 24
2 29 3
10 197 30
178 7 40
54 20 77
125 147 97
174 120 59
59 107 52
39 107 35
151 196 60
4 128 20
93 106 99
118 133 100
23 33 39
17 132 30
1 101 14
164 175 57
130 71 70
162 161 53
31 74 45
106 17 38
81 11 2
200 74 93
47 20 69
174 134 45
174 82 51
55 6 77
149 5 13
148 16 58
18 110 90
137 122 78
4 96 8
107 39 56
198 111 51
149 62 63
181 193 69
77 190 64
115 70 43
68 163 46
13 187 64
14 101 97
128 41 15
133 119 60
124 14 49
114 23 56
171 154 64
7 24 77
91 17 83
2 181 24
5 131 75
145 192 90
164 57 60
198 52 69
88 113 66
149 108 77
121 17 71
107 26 1
179 134 96
69 185 83
16 153 59
109 90 87
151 194 12
103 153 70
47 196 80
108 177 44
57 16 98
195 73 64
93 140 53
45 166 100
160 56 76
75 122 52
61 32 70
2 190 58
96 134 100
153 114 39
4 96 25
131 20 92
86 33 52
81 54 52
160 123 22
185 98 81
194 177 89
22 77 69
30 74 71
176 125 63
180 148 81
109 92 72
16 175 15
180 148 97
145 171 65
174 89 62
85 125 60
20 183 46
182 114 22
82 14 28
98 159 66
71 100 80
170 173 57
168 102 77
195 158 81
150 9 19
123 111 27
107 47 80
98 132 69
138 159 6
5 182 30
155 112 16
170 105 74
120 115 50
134 35 75
73 187 51
117 127 49
159 36 37
171 89 86
22 149 49
194 45 4
57 97 58
70 130 37
39 51 35
97 157 4
193 57 67
160 175 74
63 6 17
38 114 26
76 195 91
146 152 34
86 175 63
59 91 14
151 143 84
88 92 58
66 8 45
185 195 42
174 134 51
20 169 4
130 147 93
121 163 54
157 79 11
42 40 25
182 91 31
176 32 36
112 156 42
69 5 9
173 166 38
121 165 55
101 191 74
148 199 75
168 102 77
99 167 94
151 133 85
20 69 66
7 86 3
56 90 97
104 123 97
29 137 36
123 75 53
2 181 24
179 134 96
129 85 83
99 63 9
53 126 96
107 39 24
124 128 19
69 5 9
75 122 72
38 125 60
152 191 97
172 142 32
149 85 70
38 159 54
182 91 31
189 139 90
99 167 94
161 15 70
95 199 27
22 49 25
172 101 19
199 172 22
111 70 40
39 161 70
47 21 71
6 169 64
127 144 81
44 145 69
188 123 32
164 104 74
126 161 25
133 151 63
62 16 4
139 187 93
30 136 5
27 64 56
12 157 20
70 157 76
116 164 59
64 37 39
141 18 44
102 73 40
116 100 28
57 125 55
178 188 29
94 98 89
84 21 10
85 155 59
41 122 20
65 198 89
167 170 48
192 30 24
181 193 40
66 145 95
12 133 91
125 44 86
169 25 60
197 199 76
91 58 38
18 120 13
112 109 38
52 3 63
177 153 90
4 172 71
66 81 43
181 165 49
99 153 80
190 51 94
21 42 29
27 38 23
194 91 37
120 127 87
80 56 33
4 169 6
77 190 34
122 200 66
25 66 1
87 77 87
197 82 91
93 111 51
142 189 27
89 153 97
157 137 10
14 101 62
193 103 81
18 47 8
79 59 18
35 156 95
151 133 25
135 168 50
70 144 64
57 43 87
41 157 78
115 35 94
32 153 75
172 67 23
139 165 21
163 79 24
10 82 84
26 9 48
108 129 89
187 62 3
74 154 86
171 89 52
68 28 77
128 150 66
99 32 39
20 82 76
62 139 25
161 103 62
185 51 84
51 198 89
74 38 94
2 190 58
174 82 100
154 183 90
78 181 27
134 178 72
100 61 72
100 122 100
62 125 34
74 27 8
9 47 81
122 110 70
95 189 65
37 55 30
171 180 36
192 173 42
10 170 35
198 54 6
13 34 38
21 158 30
55 132 26
36 56 76
106 17 38
82 16 15
15 46 91
146 152 34
128 146 7
10 130 55
74 98 42
113 123 61
119 78 27
182 102 73
125 119 43
78 133 2
123 64 37
18 83 96
20 158 57
176 23 98
197 117 58
25 131 52
164 121 7
124 100 73
169 173 30
4 76 36
69 59 14
62 16 4
15 195 35
188 122 40
