200
194 126 82
91 100 22
172 137 7
131 9 73
181 162 74
105 13 55
63 123 69
7 53 59
72 113 52
35 81 31
100 99 73
39 113 15
156 89 2
170 13 26
54 102 48
97 45 39
43 63 17
40 151 25
105 13 61
179 37 36
166 195 95
162 151 35
143 87 1
56 135 32
164 58 32
143 107 36
99 137 38
156 125 93
85 172 69
131 9 73
91 198 50
193 86 11
90 132 37
152 115 47
96 93 94
21 79 80
179 131 32
71 123 62
180 175 34
44 193 62
36 51 18
61 67 100
178 43 85
128 158 29
143 62 86
72 157 22
173 187 35
103 148 34
92 108 16
181 152 76
180 147 98
55 33 42
83 81 80
143 117 96
136 130 48
6 158 3
137 59 24
127 151 20
14 73 81
18 189 65
33 67 82
34 179 41
104 31 5
112 160 87
190 45 67
57 182 75
198 144 55
58 80 18
88 112 30
173 175 64
68 98 87
5 3 32
84 162 83
120 141 90
14 95 21
114 200 38
96 150 1
115 141 36
123 71 2
77 175 47
19 114 14
156 114 42
197 143 36
167 128 65
125 62 69
185 2 39
19 181 97
51 40 22
89 52 31
174 46 92
92 53 17
179 35 43
121 138 63
63 123 23
141 171 53
152 115 47
65 87 61
151 41 66
36 58 22
159 50 11
130 132 23
82 1 76
82 3 1
87 103 40
118 126 1
52 59 61
34 113 38
153 119 61
18 16 55
28 14 81
40 177 37
193 197 53
83 172 81
26 71 47
141 39 6
54 118 53
19 32 89
67 200 24
126 21 2
113 174 10
142 179 43
152 1 52
86 159 31
78 73 25
158 91 53
43 189 38
149 13 50
131 176 6
53 171 13
141 130 74
14 35 66
66 159 4
51 84 93
135 164 43
4 130 56
178 153 99
119 14 4
131 103 22
48 171 60
67 141 3
89 14 31
178 135 90
157 165 88
174 89 59
7 83 98
149 52 99
149 16 9
73 64 100
115 66 41
156 125 93
69 121 55
23 62 76
166 12 82
136 123 54
190 81 10
24 172 99
184 150 58
33 67 82
130 166 93
197 89 84
136 97 51
24 106 20
19 9 69
109 174 5
41 95 29
36 51 25
95 85 35
163 177 44
41 61 26
124 165 81
83 25 81
35 41 54
194 57 46
188 96 65
7 17 6
166 12 15
76 119 36
52 163 61
134 49 70
191 147 35
128 5 90
56 141 97
141 191 34
136 97 26
75 109 37
198 133 63
23 62 32
65 115 48
158 50 62
17 146 45
38 115 31
108 119 67
74 19 87
38 75 14
167 13 5
123 150 64
56 27 46
197 88 52
98 93 15
125 104 67
88 52 73
161 15 10
62 127 25
120 138 12
178 21 84
85 172 69
90 132 2
28 53 36
174 55 62
101 44 30
174 71 43
97 140 3
128 200 37
87 20 35
170 45 42
41 143 24
115 50 69
54 47 21
68 56 78
104 67 82
13 173 58
36 187 69
168 122 42
110 155 83
6 71 60
131 195 4
78 28 46
186 32 36
112 179 64
156 198 2
115 66 41
124 11 2
117 111 50
85 32 71
24 61 54
79 27 31
141 198 97
19 9 69
2 182 91
173 161 18
31 116 11
181 136 17
40 177 91
112 111 28
86 153 43
119 140 95
126 26 43
196 164 30
66 131 74
15 30 68
103 157 62
95 83 86
181 53 61
153 148 49
112 65 76
4 130 13
131 23 2
12 63 2
71 3 27
52 109 42
19 125 20
172 1 36
33 37 7
21 136 48
52 163 61
12 63 2
163 85 66
43 200 9
86 153 43
73 200 58
68 85 81
74 44 73
31 79 99
59 27 67
124 178 53
9 32 25
40 162 34
73 140 23
41 94 6
14 55 20
184 81 19
7 74 9
50 111 10
91 194 86
159 118 49
116 2 71
125 15 76
24 69 63
123 143 51
24 28 34
153 61 23
76 79 69
60 124 44
197 168 93
121 116 99
191 42 99
186 179 49
121 8 32
175 137 91
12 123 11
22 65 99
36 187 69
20 41 76
69 176 72
96 74 80
61 99 5
103 157 62
74 40 80
136 177 48
142 10 9
137 110 83
88 101 22
67 71 3
73 64 67
53 14 98
73 149 38
141 169 91
43 155 30
47 32 13
108 113 49
160 157 88
177 156 75
197 170 36
179 38 67
21 50 48
56 135 11
170 181 55
174 115 46
64 28 49
174 46 95
145 94 51
97 133 71
9 20 73
179 99 93
52 179 54
15 10 64
95 11 14
187 31 25
64 100 27
186 86 87
124 197 12
16 199 66
116 94 54
63 17 84
142 93 51
179 133 43
197 88 50
11 117 94
118 117 28
38 75 14
117 53 22
196 166 50
69 184 99
69 200 2
123 160 65
106 152 91
101 77 52
163 177 43
98 5 50
161 20 30
10 191 14
194 192 4
95 169 2
96 86 13
123 150 64
144 156 15
15 124 85
175 137 91
47 130 36
20 161 50
73 140 41
92 197 32
83 88 97
27 91 93
141 105 90
72 109 70
5 36 25
7 119 19
175 66 1
165 79 56
182 15 88
111 183 86
106 103 1
64 40 42
123 71 79
86 150 42
52 154 82
141 178 54
77 19 35
33 156 4
71 97 65
137 158 56
98 158 67
84 47 82
121 153 99
191 58 54
154 109 97
195 197 31
155 190 18
51 59 32
194 130 11
105 4 18
183 194 81
165 79 56
181 195 59
117 187 15
45 199 16
185 163 42
19 181 22
102 50 91
39 181 63
167 173 56
18 189 78
135 196 69
18 17 12
37 15 14
153 119 74
112 198 57
101 52 36
46 87 75
21 90 37
123 129 22
70 197 78
92 146 79
72 157 47
69 96 45
125 115 10
123 160 3
171 50 86
182 15 88
9 32 19
191 70 85
129 85 54
142 93 68
163 85 97
168 165 25
160 170 21
56 27 46
38 115 14
9 86 29
181 136 83
62 122 72
165 148 91
87 119 4
51 197 12
68 154 100
17 57 78
123 46 99
184 57 99
78 28 46
71 182 43
108 15 35
194 168 93
184 142 39
72 43 97
99 106 40
168 165 25
183 19 6
89 42 56
67 154 33
103 38 10
171 13 29
188 143 86
67 143 28
23 162 25
175 31 95
39 199 63
188 128 36
160 121 68
79 21 88
100 110 57
120 141 90
121 15 54
170 145 75
125 103 78
12 180 55
36 38 2
154 37 66
33 92 66
64 175 54
25 9 41
113 70 12
183 47 70
158 53 73
189 140 39
75 109 37
185 183 18
4 14 78
103 43 52
194 18 91
7 40 16
10 37 63
88 177 16
62 127 25
197 89 83
108 113 49
67 143 28
45 165 21
81 128 83
157 135 50
45 107 47
60 66 96
86 159 31
192 188 92
165 172 36
127 160 47
113 71 63
77 80 41
169 163 39
74 154 26
163 169 80
72 109 6
58 26 51
165 11 17
60 66 96
81 193 42
83 78 36
114 25 55
65 163 57
58 67 70
103 196 94
15 30 9
167 13 20
108 172 41
109 90 77
61 144 4
188 96 65
5 178 41
141 56 22
65 199 82
61 99 91
120 51 19
120 125 77
19 32 66
9 86 29
57 193 40
132 50 67
97 133 71
129 189 71
52 154 82
159 148 27
24 158 20
159 55 78
105 88 49
126 54 74
99 36 34
71 182 43
86 150 40
184 19 13
95 169 2
12 86 29
150 123 100
99 107 63
141 191 34
79 27 28
157 127 80
171 50 38
91 104 17
99 113 85
184 64 13
68 31 3
30 195 1
39 190 58
45 141 1
136 123 96
63 129 55
65 120 59
6 183 33
41 49 88
161 51 91
172 39 17
143 132 55
193 7 65
52 21 22
159 55 78
39 114 1
169 129 17
23 162 53
15 26 61
12 66 21
101 45 50
51 197 12
141 132 12
194 126 82
65 120 59
21 116 78
194 26 36
39 181 69
133 92 58
27 91 93
124 77 91
14 95 21
5 77 10
141 164 78
195 31 6
182 43 20
131 64 17
148 105 72
129 137 80
100 99 21
11 54 75
128 117 40
121 18 61
143 183 31
28 68 31
52 108 2
198 144 55
24 61 54
96 28 61
41 95 63
59 143 91
132 158 83
186 24 6
184 57 99
110 145 9
160 111 75
137 176 13
116 197 65
65 181 8
175 62 34
144 122 58
185 100 1
54 102 48
14 35 13
102 133 2
17 120 68
181 152 76
12 192 31
17 103 80
107 158 81
157 135 1
167 160 75
64 182 8
9 149 38
169 6 33
114 173 44
149 87 46
49 104 25
141 24 66
183 194 81
187 45 55
88 11 2
178 147 88
123 135 48
54 25 76
34 120 92
32 91 27
163 197 42
197 37 64
178 128 13
102 30 73
37 19 10
11 117 94
46 70 81
152 153 18
43 22 18
152 166 32
109 90 100
74 154 17
70 197 78
68 191 33
125 91 33
61 183 13
166 68 19
9 20 73
79 21 25
128 132 80
169 123 96
72 161 83
149 167 23
128 132 95
158 165 79
110 19 65
73 6 65
130 132 23
112 111 54
57 192 76
77 191 10
2 39 25
128 64 65
72 113 52
33 21 90
170 139 42
170 50 29
52 73 83
141 177 3
130 9 80
101 174 47
97 170 66
180 9 36
18 6 7
188 135 50
200 146 60
116 57 41
162 141 7
2 105 20
125 104 85
179 38 65
71 188 83
87 20 35
143 147 43
158 32 12
181 89 68
113 97 100
142 143 36
167 62 100
43 155 83
174 55 99
64 100 27
161 15 9
113 171 17
135 83 76
140 160 75
154 37 66
163 169 52
35 41 78
182 197 60
137 91 20
1 168 29
13 106 24
169 167 30
93 27 99
143 5 49
40 81 69
54 163 37
74 189 36
105 4 5
12 180 55
55 33 42
128 64 61
195 197 89
151 105 78
109 149 2
43 22 18
64 40 40
67 200 53
144 101 78
183 76 37
155 168 27
42 158 5
2 184 27
43 189 45
159 97 76
150 123 100
2 182 89
198 186 86
85 106 31
1 174 76
126 21 80
93 27 99
120 125 12
7 53 59
181 173 47
83 177 38
129 113 76
76 158 58
149 52 99
54 163 37
121 15 54
91 104 20
155 190 18
187 148 21
37 23 100
9 144 73
15 86 11
141 105 90
68 134 22
169 167 30
183 102 98
15 86 11
106 82 54
99 106 40
191 147 48
101 184 96
176 92 89
99 73 92
40 162 47
59 173 74
197 37 61
195 141 47
4 172 78
196 186 78
44 51 75
2 105 40
195 16 81
181 174 18
128 5 90
197 143 36
81 198 14
53 11 53
54 82 39
102 89 17
151 65 76
132 158 83
143 5 43
197 32 44
36 158 94
115 174 100
141 132 12
191 10 52
51 155 88
73 31 52
168 94 96
139 200 21
124 183 33
183 49 11
48 195 72
43 200 70
156 171 22
85 32 12
198 125 77
198 125 62
34 8 41
71 114 54
98 93 32
11 182 41
170 48 76
190 45 67
128 164 48
168 199 57
53 171 13
173 175 57
53 14 98
105 68 37
95 83 86
11 152 75
199 85 85
42 152 43
79 99 92
198 18 39
195 140 92
56 157 79
135 196 69
88 177 56
14 40 18
151 137 89
179 9 75
183 49 8
36 129 7
130 179 70
54 82 20
179 99 93
195 31 68
37 113 74
79 190 95
25 50 16
18 155 42
80 47 38
141 178 7
76 158 58
94 76 16
99 113 59
129 63 55
150 17 36
8 84 46
12 107 77
26 7 27
186 32 36
19 97 5
159 152 37
89 155 6
43 30 19
16 52 85
19 101 78
71 114 54
164 58 30
43 63 17
91 103 77
83 78 36
86 123 19
64 182 27
176 123 63
109 117 82
43 30 84
178 43 85
5 42 80
6 62 29
160 67 29
73 31 19
72 68 66
123 135 15
196 166 50
84 72 2
181 174 84
72 68 18
103 196 94
54 118 53
12 84 15
34 195 53
97 170 66
113 70 36
128 183 43
157 35 93
54 179 77
160 67 29
117 187 15
47 106 49
146 42 49
167 62 100
90 119 30
78 73 87
35 8 12
34 45 30
82 3 87
154 162 97
125 103 78
61 67 100
52 21 98
91 198 50
159 88 21
116 2 71
172 97 62
49 12 82
22 23 87
21 50 48
57 46 68
23 52 58
74 178 11
99 107 19
108 119 22
146 179 43
97 86 71
119 141 39
4 14 78
71 19 87
34 8 41
85 168 79
72 80 60
85 168 65
119 141 40
24 123 37
77 139 8
183 124 49
143 87 1
80 3 91
7 17 32
185 198 7
193 7 37
11 5 26
89 185 95
143 147 43
192 51 83
14 55 20
92 146 46
91 68 71
100 107 26
90 143 61
31 151 47
69 184 99
16 47 26
168 14 80
196 186 78
80 4 82
183 126 11
125 132 90
84 72 52
77 172 84
103 11 28
145 160 65
33 149 24
99 13 12
17 8 56
93 53 63
105 83 100
34 133 44
18 138 28
15 27 60
37 113 74
185 2 6
54 88 63
171 175 99
165 104 49
99 126 14
183 124 100
77 175 47
125 160 44
25 177 59
152 118 83
198 182 89
114 200 57
141 164 51
129 85 39
121 65 56
24 158 20
84 17 41
178 153 99
67 39 91
144 80 27
198 133 63
34 195 53
39 190 14
152 15 43
152 139 14
153 200 70
51 46 17
102 27 68
172 39 52
160 149 77
112 179 17
3 84 75
33 34 70
181 89 68
184 150 58
56 141 97
143 29 73
47 44 28
143 107 36
141 177 3
98 9 76
127 40 7
89 78 95
89 162 43
73 41 69
11 81 6
100 107 26
162 84 10
116 197 64
167 173 56
98 42 16
2 38 64
34 94 84
197 23 96
152 15 43
37 62 6
11 54 75
117 111 65
125 91 100
41 102 14
67 50 88
131 103 40
22 27 58
77 139 8
91 109 4
84 47 73
78 140 15
107 33 14
12 191 14
38 156 8
159 148 10
24 123 37
157 35 28
183 126 11
96 95 81
43 38 25
123 149 77
16 35 23
57 46 38
