200
11 65 13
129 36 90
47 169 5
200 60 93
78 10 9
161 61 47
163 43 19
165 132 50
190 26 23
74 166 99
172 86 88
83 146 12
141 98 69
17 162 66
101 52 25
92 123 59
82 168 45
159 175 86
86 71 47
197 120 96
77 158 66
157 33 27
27 123 72
90 17 65
141 31 89
175 74 5
161 119 85
34 63 89
108 86 75
188 112 5
131 69 21
28 16 15
108 20 75
177 95 15
36 14 58
174 131 15
12 68 28
44 78 33
109 140 3
191 57 88
46 174 44
171 12 66
43 36 89
48 140 33
3 107 69
147 118 7
125 171 16
31 123 7
48 52 13
28 169 3
52 102 52
91 156 57
145 139 45
180 152 36
61 114 33
19 135 74
80 170 77
66 82 13
64 13 30
183 191 34
142 117 72
175 130 35
55 75 98
200 72 18
40 100 97
127 177 48
161 120 76
173 63 8
24 140 24
82 66 60
108 100 4
168 82 97
37 108 48
28 105 2
126 148 35
42 6 66
163 183 93
116 110 7
139 175 99
129 104 97
123 165 25
9 163 87
47 132 95
160 12 1
157 33 27
2 114 50
134 63 92
67 176 97
98 111 9
102 139 91
176 197 84
23 86 59
54 169 6
148 86 99
76 152 12
56 98 91
10 193 66
190 99 21
165 132 50
28 199 17
5 162 83
61 148 98
55 50 42
154 70 88
56 5 84
38 183 85
136 142 20
174 57 61
87 178 17
122 84 30
95 104 65
172 118 93
33 156 16
80 176 41
110 197 40
90 92 37
157 183 21
146 129 97
22 79 20
107 197 96
80 33 95
49 48 43
38 10 68
189 99 66
88 144 85
120 58 73
57 148 100
153 144 31
17 64 26
27 174 36
45 116 53
72 197 63
189 194 48
49 77 29
118 37 30
98 109 83
65 146 46
40 195 62
104 110 12
173 103 98
32 162 36
106 120 25
129 29 90
75 98 41
26 130 31
67 183 3
47 150 30
21 145 65
95 143 37
71 127 46
71 36 60
197 125 47
146 23 89
170 142 27
50 114 35
126 140 57
80 37 21
169 63 1
154 84 6
114 169 28
7 135 98
124 137 10
31 59 40
142 183 21
112 74 75
57 125 49
40 188 99
12 37 55
44 120 93
139 172 90
101 104 64
117 84 86
179 1 13
5 43 48
194 63 28
155 34 19
30 129 60
169 39 77
98 153 9
9 7 56
7 43 68
137 169 7
40 188 99
28 16 2
64 65 84
32 100 49
48 140 56
38 171 73
141 162 74
47 190 42
200 50 37
55 42 88
121 170 23
46 174 44
134 20 78
145 149 66
43 123 59
72 197 63
167 192 28
31 141 60
169 86 37
47 8 56
155 170 52
107 118 61
155 71 43
57 151 42
182 195 25
69 151 19
103 2 78
158 2 66
40 100 97
40 65 83
77 166 44
185 55 38
146 23 89
106 115 47
176 6 39
32 100 26
97 64 4
180 133 74
34 182 94
132 98 31
71 61 93
37 199 18
68 104 6
13 185 34
20 159 44
86 71 47
164 149 77
55 175 28
87 28 74
66 88 14
121 62 97
76 78 75
59 179 16
173 25 34
159 94 33
53 74 60
46 90 49
8 102 60
30 101 8
146 101 72
156 130 37
26 122 27
122 84 23
178 184 61
106 101 19
172 1 41
62 72 90
155 34 97
31 8 29
87 179 52
190 27 33
109 101 97
96 185 42
36 91 95
104 71 19
72 180 19
44 58 39
97 99 65
54 100 75
43 46 90
141 197 53
60 67 7
130 78 88
133 5 92
117 195 82
169 150 12
156 172 85
145 149 62
7 174 61
83 89 6
166 118 94
55 75 98
112 74 51
142 20 68
115 56 60
89 61 61
16 158 80
146 123 84
156 80 57
108 98 14
148 149 44
107 197 46
78 198 43
80 112 87
146 94 14
49 161 55
171 12 66
42 195 30
136 50 21
47 88 76
121 150 37
177 25 73
53 176 36
182 169 68
29 91 74
57 24 23
189 142 62
151 132 1
184 78 26
172 113 60
124 123 25
109 140 74
18 10 95
38 183 85
120 200 44
126 195 87
197 84 84
191 57 81
132 98 43
89 106 63
183 40 84
94 103 48
66 2 86
57 151 100
9 200 12
147 186 20
96 152 78
71 36 80
123 167 78
196 91 3
1 120 10
68 174 48
30 80 28
27 30 84
178 17 53
15 17 17
192 181 94
164 61 95
129 32 24
84 185 73
131 92 1
91 133 78
200 44 73
125 7 58
5 130 64
30 1 63
179 176 8
165 145 60
156 57 7
189 162 24
64 42 59
137 2 81
176 168 58
116 157 14
177 87 51
80 37 11
91 98 74
183 114 74
44 13 14
109 88 47
78 198 43
169 141 10
61 51 15
98 158 34
55 72 51
116 136 47
113 166 47
42 119 60
50 116 30
75 42 22
180 49 18
132 164 43
45 38 97
175 31 70
99 68 19
38 171 73
63 114 37
31 23 92
12 68 79
179 185 100
169 99 96
46 154 26
121 113 7
89 156 100
188 191 28
36 62 40
154 53 66
154 180 29
190 53 12
7 135 98
16 168 65
158 109 91
162 186 96
25 154 53
13 51 93
94 99 14
22 110 85
25 96 61
113 171 21
188 106 82
154 49 12
117 84 86
137 169 18
150 138 68
28 79 89
127 43 72
166 110 31
97 37 71
36 14 35
67 85 48
160 5 49
48 164 88
84 93 62
192 114 83
159 175 57
99 134 40
160 28 99
49 92 57
31 90 14
43 96 63
34 52 21
72 15 17
158 103 45
62 72 90
78 160 54
52 91 59
179 3 78
115 134 36
43 187 30
89 159 98
4 5 55
162 172 67
122 38 76
35 28 73
93 38 23
196 61 37
84 69 55
153 22 48
177 84 68
172 16 61
164 156 29
68 155 39
190 99 21
167 192 68
100 19 52
159 138 23
6 198 34
32 99 96
195 89 82
125 140 63
53 174 36
150 184 79
188 112 5
85 125 45
161 95 63
156 3 79
175 177 11
183 191 34
26 130 31
48 51 31
200 167 80
85 125 45
43 192 19
37 89 87
123 65 33
52 160 76
10 116 45
123 11 89
72 13 45
150 47 3
136 58 99
129 36 90
48 60 64
122 9 62
48 145 51
163 75 6
182 103 7
200 72 73
102 41 4
172 170 40
95 143 74
54 150 55
48 51 60
123 165 25
114 81 60
1 63 40
124 176 71
184 171 78
196 194 69
42 6 66
197 18 75
144 189 57
26 147 50
51 74 32
92 33 35
54 150 55
34 108 47
101 51 98
80 112 81
185 23 23
139 161 74
175 74 49
8 156 38
154 66 54
64 77 53
154 120 38
136 142 80
146 49 17
60 179 9
108 63 29
168 109 56
185 154 1
151 125 37
99 36 10
157 31 3
118 195 60
147 110 26
183 109 70
148 23 90
100 141 62
185 8 5
78 118 6
122 46 12
181 166 2
176 122 24
160 167 47
107 196 24
23 126 72
196 89 19
159 139 78
184 70 96
160 12 1
102 173 3
199 171 78
25 96 13
32 112 24
18 148 70
5 130 64
50 33 2
143 154 9
19 62 80
156 53 8
55 124 90
180 174 69
158 107 91
139 96 44
80 86 66
105 29 49
113 92 10
119 121 67
89 35 56
27 30 84
136 199 3
49 48 60
19 82 65
200 51 66
48 128 64
117 176 83
32 24 4
83 49 86
29 108 80
135 66 22
145 11 57
23 82 100
86 41 98
37 103 38
107 180 33
99 64 62
14 84 48
27 174 36
32 112 24
117 147 39
144 165 50
177 95 39
4 26 30
123 101 9
139 113 2
200 38 25
34 117 19
42 78 87
150 165 14
62 138 35
198 178 55
98 52 52
185 173 31
68 106 84
161 169 23
79 164 96
187 42 37
131 193 54
27 162 39
89 106 63
144 165 50
164 188 32
97 99 15
200 9 9
96 148 72
23 168 68
104 138 27
172 95 13
88 185 67
61 57 14
195 33 18
168 58 22
125 193 82
123 65 68
40 4 93
72 110 20
67 70 28
67 166 100
183 114 82
120 68 42
113 84 43
57 148 100
46 100 49
185 55 38
44 89 54
179 1 42
90 17 65
148 158 96
196 22 27
180 96 97
99 36 16
123 11 26
199 55 70
30 1 63
84 70 73
168 34 19
117 54 36
47 157 52
131 36 94
186 70 22
84 128 65
84 145 4
3 181 100
187 102 66
138 94 26
69 27 92
110 197 40
144 1 75
129 98 79
130 63 89
157 169 29
9 118 83
89 69 93
161 119 85
172 16 43
186 26 47
23 81 26
51 126 30
156 134 98
10 83 1
189 136 64
7 113 70
22 9 36
35 184 84
143 114 34
94 140 27
34 64 81
112 195 94
164 156 99
171 45 79
198 26 32
194 175 6
82 111 2
174 100 66
96 152 63
107 83 66
63 41 41
32 90 51
199 155 65
141 67 58
47 166 63
56 124 77
41 7 46
91 170 38
154 53 16
196 119 28
185 32 73
75 194 51
69 111 48
144 1 75
149 196 13
189 6 18
112 42 22
57 189 10
45 116 53
82 187 81
87 195 69
2 15 14
121 196 84
85 9 6
177 87 51
124 176 83
48 112 3
119 121 10
128 27 29
162 172 16
1 127 90
110 124 71
167 173 61
160 123 75
14 75 20
26 117 38
159 160 75
35 174 21
143 196 13
93 45 27
92 111 45
174 120 38
89 69 91
103 62 22
120 128 92
1 127 67
76 49 63
90 115 53
166 110 97
74 112 66
76 49 63
98 52 52
126 11 69
60 185 93
28 61 51
127 164 57
47 132 69
36 91 95
161 95 36
113 56 16
137 182 55
60 67 47
199 155 10
146 64 56
15 77 81
38 67 14
13 10 55
61 139 59
158 103 45
11 145 5
109 88 47
198 2 34
58 174 51
135 183 11
55 72 51
149 115 60
121 62 97
64 42 59
38 162 8
124 3 53
85 88 79
142 183 21
197 127 98
15 127 55
50 41 15
63 47 68
88 81 46
171 29 7
180 96 72
24 8 15
33 154 24
69 111 48
171 29 7
198 145 38
74 66 76
101 14 83
52 122 20
64 124 22
200 50 37
177 25 73
100 192 97
73 55 78
3 87 26
141 92 74
90 179 97
131 195 44
44 120 93
5 43 46
45 190 16
174 131 15
161 120 12
57 189 10
197 125 47
83 194 82
157 178 1
65 134 62
167 46 80
54 51 50
84 128 65
61 60 96
198 145 91
162 186 96
51 126 30
117 195 82
108 43 5
131 92 89
141 39 60
4 115 85
124 54 5
55 182 4
13 10 47
65 66 18
95 153 71
45 190 16
44 82 82
141 39 28
76 94 27
136 101 61
5 77 77
91 123 6
162 96 34
38 132 85
156 168 88
189 68 74
154 29 67
177 192 68
135 56 67
105 21 82
188 172 70
48 145 82
154 70 88
150 153 70
63 114 56
185 32 20
38 10 76
145 10 34
63 119 97
56 74 5
53 176 39
96 164 46
83 89 6
25 186 50
68 134 18
2 85 16
142 48 67
131 69 21
125 149 12
185 94 27
59 179 7
54 51 50
44 89 54
38 112 18
108 154 63
102 135 4
96 134 61
160 177 34
11 49 92
174 100 66
94 115 19
156 57 7
33 1 80
60 39 60
7 113 70
185 129 97
14 84 77
38 132 85
159 131 25
183 124 80
93 45 49
90 27 61
196 91 3
122 46 91
75 194 51
78 160 54
160 167 47
169 99 96
89 156 56
168 58 22
100 192 4
67 29 39
26 147 50
158 25 67
181 54 53
43 46 90
134 164 45
23 93 55
87 5 56
171 132 66
134 37 99
97 103 45
146 182 43
63 146 78
91 182 74
151 132 1
113 65 51
38 67 95
88 180 90
141 193 7
34 117 42
185 127 61
189 135 39
103 2 78
94 140 25
189 198 65
52 91 78
146 123 84
160 177 73
154 110 53
29 167 32
65 156 6
128 192 74
4 115 40
26 122 26
30 160 87
138 150 20
95 83 7
131 195 33
58 192 1
47 150 69
23 158 66
143 85 30
158 148 2
163 183 60
23 126 80
160 5 49
115 88 29
193 60 54
149 196 13
146 94 84
136 119 27
143 151 69
65 156 42
7 174 51
74 13 93
91 170 94
159 94 33
67 8 31
58 110 79
48 52 89
193 180 74
111 44 94
67 176 76
81 161 81
39 67 90
136 50 21
75 98 41
34 52 92
94 198 76
130 80 43
179 84 12
118 37 69
22 9 32
190 26 23
55 124 75
134 164 28
160 8 80
72 13 45
92 176 24
95 21 20
53 174 33
129 91 47
23 192 98
27 182 40
144 183 57
193 180 74
125 43 62
197 123 58
168 139 4
51 167 36
10 163 96
96 134 25
196 22 27
69 153 43
181 166 29
163 185 92
46 154 87
119 21 65
189 194 48
50 116 68
156 194 90
31 167 62
8 122 21
174 45 97
69 27 61
117 165 85
156 3 79
106 183 16
83 22 55
99 64 62
61 120 52
135 183 11
141 197 9
38 162 8
164 61 79
113 84 66
177 192 57
57 24 23
15 127 6
85 88 79
140 153 9
80 86 53
136 59 59
103 165 42
61 21 6
180 27 30
34 96 83
87 178 17
115 88 16
43 69 10
190 27 33
133 173 80
154 66 54
72 145 37
27 108 95
111 44 40
55 182 15
35 96 19
15 186 100
133 86 87
64 77 23
175 177 82
128 192 22
127 164 26
89 57 3
185 173 96
15 22 95
173 26 38
52 160 76
158 196 61
22 76 37
119 53 63
28 51 81
4 43 79
174 45 53
134 55 6
22 164 4
135 68 57
180 150 24
1 17 50
37 61 2
43 96 63
38 109 48
178 168 86
80 176 41
161 38 52
8 156 38
183 57 7
45 10 6
20 162 30
40 146 5
68 134 18
68 174 21
199 55 52
58 192 1
102 95 33
184 34 11
119 21 65
83 146 55
118 195 60
143 196 13
191 101 70
157 31 3
8 168 20
42 195 77
171 189 83
108 98 22
92 196 95
190 53 12
161 61 24
176 6 39
154 141 58
172 113 76
84 181 4
43 123 3
19 101 40
53 115 42
9 148 82
113 56 16
124 180 96
40 195 62
196 187 74
97 64 4
98 158 34
184 34 11
34 96 33
120 200 44
88 180 49
