200
143 84 28
21 127 42
27 10 7
189 153 34
94 160 25
94 200 81
181 51 54
47 184 94
28 149 46
94 52 92
186 113 76
27 82 88
138 44 61
109 52 43
145 123 75
156 19 20
83 181 64
98 35 24
36 38 78
106 121 33
77 138 37
181 144 67
58 141 78
39 146 20
189 116 82
40 13 1
38 110 83
144 65 3
109 142 46
142 95 26
25 109 38
160 124 32
141 66 51
186 113 18
158 26 70
27 98 13
69 191 62
58 160 19
144 35 20
177 33 38
61 196 50
59 148 1
78 15 40
81 174 15
89 93 66
27 175 25
8 16 14
65 12 21
116 182 73
194 10 70
148 183 46
39 42 72
87 18 5
25 98 89
74 1 35
93 182 85
26 111 43
59 148 1
151 125 5
160 51 62
87 92 28
1 47 7
183 4 61
191 171 83
111 20 54
164 90 88
78 160 62
164 69 74
79 29 74
8 99 64
152 30 65
68 92 3
103 181 12
53 153 86
37 150 95
26 195 67
103 29 1
145 116 13
95 135 75
154 17 28
113 130 88
132 200 37
95 168 11
58 160 19
103 45 24
103 82 79
121 104 75
71 180 57
164 44 89
99 107 40
194 53 36
136 152 98
23 34 88
10 52 1
117 86 42
32 141 53
47 191 10
166 22 23
10 142 29
140 158 33
106 121 33
94 187 79
103 5 55
153 183 36
105 163 100
142 55 29
121 15 23
174 74 41
55 194 42
72 17 55
149 32 28
79 29 93
60 22 2
55 79 26
149 124 54
46 122 65
115 112 16
145 104 55
163 24 48
160 51 62
142 100 58
71 145 62
28 151 43
71 126 30
193 5 96
109 191 39
75 190 27
163 160 81
50 172 88
156 49 83
43 146 28
163 24 48
6 36 4
142 68 67
156 49 52
75 25 41
13 9 67
166 103 77
166 79 47
16 12 18
196 49 92
167 147 55
94 200 2
184 195 23
28 110 21
135 104 74
88 61 14
199 78 84
91 124 16
12 101 56
135 124 13
50 136 68
196 22 25
151 126 46
39 183 19
84 140 71
99 112 73
127 35 76
53 94 41
88 130 68
154 192 3
149 124 71
185 111 58
148 11 49
5 114 53
122 152 44
142 153 19
67 107 61
126 55 11
140 51 30
12 95 49
124 158 89
142 121 55
19 175 97
84 60 71
1 64 74
28 35 34
167 147 89
89 47 78
58 47 72
2 78 83
146 181 11
101 54 37
139 181 89
148 110 15
37 3 100
119 161 45
133 181 54
37 109 18
194 96 96
113 159 10
183 132 36
127 49 16
114 193 59
111 168 50
41 66 98
12 95 49
46 152 36
1 7 22
147 72 3
53 153 52
9 39 79
6 18 40
69 191 62
46 152 74
98 77 61
84 60 25
163 103 26
106 105 37
95 180 90
183 132 36
33 168 64
156 12 28
83 197 28
192 166 86
82 134 2
84 85 6
89 139 16
57 173 83
22 6 60
200 31 41
131 193 11
117 2 59
62 44 71
135 1 81
46 124 4
156 19 20
63 43 95
139 131 17
81 137 66
129 71 10
72 200 70
76 190 63
183 108 93
140 31 54
56 113 5
175 46 35
113 62 83
174 118 14
22 21 7
38 70 12
17 111 47
104 76 29
105 135 23
58 74 97
94 68 33
80 102 75
173 122 66
175 72 45
49 134 44
140 191 84
6 32 98
132 58 92
83 30 35
173 189 44
50 141 6
75 40 44
189 63 6
21 189 2
78 151 59
6 57 41
174 60 81
96 199 65
56 98 93
39 146 55
44 121 59
178 114 83
45 89 4
86 12 25
59 113 38
199 150 44
23 102 96
31 147 11
196 173 86
69 142 46
88 116 40
37 109 70
27 63 56
86 12 25
135 171 25
96 199 65
18 48 75
27 111 71
102 11 1
60 72 85
1 144 57
172 55 7
7 78 2
132 96 34
200 31 1
189 190 81
47 137 56
111 150 24
184 48 6
174 34 60
86 124 32
105 124 28
6 166 74
22 135 9
33 88 49
111 152 52
93 98 78
176 30 87
161 29 99
83 30 35
12 101 56
6 57 42
149 85 83
48 89 29
58 187 77
58 47 72
178 16 43
71 87 19
23 93 39
198 75 7
194 10 70
147 61 60
176 30 55
159 99 17
93 150 6
117 193 34
177 41 13
197 137 16
57 168 47
72 17 55
12 28 25
90 55 62
14 144 15
189 190 100
58 115 58
183 170 64
56 180 59
29 42 50
28 44 14
94 168 77
67 36 8
166 79 47
136 92 8
1 167 49
3 133 36
168 117 78
51 27 85
67 111 59
89 180 10
51 27 85
68 25 72
60 165 67
123 80 90
35 88 76
69 142 46
123 80 53
127 13 88
81 107 10
56 186 43
82 74 87
23 123 64
18 48 75
72 62 13
46 124 38
178 136 19
84 163 21
47 141 3
98 18 15
89 200 29
78 151 59
120 107 35
31 147 38
75 6 86
199 153 75
105 163 34
200 2 10
88 68 93
66 145 16
37 84 80
20 186 15
200 84 54
96 174 48
83 170 81
165 29 81
135 94 61
197 135 3
161 180 58
77 138 54
135 171 58
71 10 69
22 151 70
131 102 37
179 197 21
28 110 81
139 72 5
139 131 17
119 23 61
165 59 60
95 69 45
3 19 98
156 65 37
163 154 70
44 54 13
25 24 88
146 151 91
135 1 69
193 100 38
34 15 54
151 31 91
61 186 72
119 18 99
95 19 79
92 78 97
116 16 5
28 68 83
121 3 20
1 47 78
81 35 92
25 181 28
112 91 75
1 64 74
2 139 96
15 142 82
179 151 39
188 101 74
69 161 49
40 144 87
61 134 40
3 32 21
9 113 28
164 93 63
56 180 85
65 73 99
19 172 86
108 143 27
31 158 53
61 65 46
142 100 33
173 128 21
28 46 33
58 81 24
166 103 21
176 129 7
117 195 15
90 1 82
183 170 5
136 92 8
82 134 2
94 67 87
177 27 72
30 82 87
88 130 68
48 89 25
136 54 82
192 172 73
174 142 8
182 73 8
132 112 68
40 155 31
70 24 30
126 3 7
148 51 91
150 25 59
124 158 89
33 96 54
134 20 67
141 66 51
139 34 86
28 106 30
57 168 47
164 123 70
160 157 76
76 146 91
76 29 75
127 134 83
1 138 10
15 148 94
103 80 66
22 151 70
155 60 7
183 136 54
144 1 15
90 157 11
189 153 82
20 186 32
87 131 72
95 177 29
23 102 20
169 21 5
23 94 74
60 126 44
7 175 49
101 159 27
119 174 14
102 42 10
119 191 33
67 107 61
18 129 35
163 151 74
95 69 82
193 66 73
127 173 20
121 15 10
200 57 77
48 123 4
58 81 82
66 70 57
119 18 3
116 16 96
11 12 84
98 18 15
1 51 4
75 25 41
109 52 91
38 147 97
40 10 40
24 21 68
76 70 71
178 56 31
156 65 37
52 182 61
163 33 96
185 168 21
121 187 97
157 137 40
3 19 98
25 98 89
12 185 48
156 162 25
35 145 34
198 50 21
127 122 99
139 50 18
169 192 79
27 63 60
125 111 87
34 15 78
9 39 46
103 77 13
40 162 80
147 11 98
72 107 18
148 11 99
118 148 95
18 129 35
96 15 54
25 137 37
2 150 73
165 51 43
176 14 33
123 154 66
198 16 32
152 55 24
37 12 52
9 34 41
61 35 55
193 100 84
17 111 78
63 137 79
39 69 79
139 191 38
106 55 53
74 47 78
190 16 8
87 130 15
138 154 91
75 124 86
54 30 2
193 33 89
96 200 48
149 73 80
155 107 47
45 196 10
144 137 97
166 171 29
189 45 82
173 128 21
199 150 53
95 124 79
6 58 23
179 151 39
166 22 19
22 6 4
37 12 10
155 42 4
56 186 41
31 166 80
171 47 59
162 122 51
183 187 43
101 3 87
99 149 17
69 78 90
139 5 86
99 183 63
13 9 85
143 84 28
164 11 24
25 73 37
24 168 93
9 98 28
192 120 24
72 30 42
97 111 51
21 162 76
59 37 14
70 143 67
120 83 94
56 98 17
144 2 10
58 115 58
117 101 57
134 145 46
176 129 7
71 176 43
178 11 18
125 111 87
30 132 18
108 143 27
84 140 71
172 196 41
84 46 99
135 22 47
158 13 65
128 9 95
82 112 80
169 196 20
28 46 99
57 76 46
112 17 20
122 96 31
122 48 80
150 25 59
89 76 44
71 16 93
124 90 38
127 49 66
80 55 76
19 117 95
97 36 51
111 152 71
79 52 26
173 84 89
121 3 7
173 84 94
45 167 85
88 63 56
194 96 96
179 75 20
63 2 37
43 195 38
66 127 65
139 50 52
189 184 9
191 53 40
166 153 65
137 141 20
106 45 89
188 78 71
23 42 88
74 181 71
105 135 23
158 6 8
51 128 23
71 38 4
143 32 41
70 147 51
192 100 57
173 48 42
109 26 83
104 148 79
131 193 11
56 175 90
83 52 49
160 83 15
88 151 4
93 122 47
83 167 59
42 29 18
111 148 27
159 190 88
131 161 89
165 59 45
56 48 19
150 31 75
112 94 38
144 118 75
160 9 91
43 195 38
17 196 26
44 27 48
65 17 67
94 187 79
44 10 85
114 48 9
140 93 70
2 65 1
143 32 41
32 187 72
98 181 38
58 74 97
77 186 39
4 48 12
75 40 44
167 72 42
45 167 85
36 13 52
164 90 18
197 137 81
171 35 50
90 150 15
26 151 37
130 103 9
83 197 8
132 14 20
125 79 40
192 100 57
104 59 25
153 117 54
95 166 16
22 133 27
20 44 100
99 107 56
62 168 27
173 122 66
100 82 63
184 48 6
35 161 91
152 25 24
185 158 42
94 13 34
62 168 27
198 173 67
125 101 5
140 93 70
166 85 49
109 16 100
143 67 5
26 33 36
55 49 93
55 54 87
89 104 36
185 37 63
80 18 7
81 51 82
185 104 84
103 77 13
177 91 60
39 42 60
48 96 88
198 185 26
34 126 72
75 124 86
154 192 80
179 27 73
105 124 28
104 149 25
151 31 36
14 25 28
189 180 59
119 28 45
111 29 60
57 173 5
115 105 92
156 190 89
14 129 80
6 36 20
80 55 19
83 6 38
9 197 86
149 32 28
106 177 58
131 158 64
167 36 43
53 94 64
78 15 40
10 166 95
34 167 32
97 157 64
177 55 51
181 118 78
121 4 3
156 190 89
37 84 59
49 110 16
8 72 23
19 172 82
17 120 39
189 184 8
83 170 81
122 77 97
188 8 16
43 29 7
174 34 60
129 162 44
132 112 38
50 76 8
4 145 63
60 165 67
89 76 44
55 54 13
48 21 59
164 44 98
122 58 50
29 194 93
138 179 20
85 130 91
77 32 47
63 137 79
6 182 44
188 101 86
100 82 67
46 122 65
122 96 11
130 18 44
23 42 12
5 127 9
80 102 75
138 13 4
198 111 59
142 68 1
69 113 26
170 26 49
6 166 74
33 129 85
53 128 14
110 57 40
177 33 87
125 79 41
190 146 93
42 12 8
127 13 57
200 175 12
119 23 61
33 161 20
86 57 25
146 35 93
61 176 8
129 71 89
92 19 100
119 28 76
128 198 68
170 98 90
17 196 26
165 147 58
152 25 7
35 88 80
10 166 48
138 2 23
44 59 10
145 136 82
60 37 85
88 61 14
17 120 37
60 149 62
50 141 2
2 139 96
37 103 84
107 56 55
117 87 36
144 137 60
126 164 42
123 5 91
188 143 27
111 124 19
191 11 97
91 56 15
48 123 60
122 62 70
138 40 94
21 127 42
198 50 44
172 196 63
9 113 28
170 37 23
19 14 99
147 102 72
76 90 28
71 98 86
92 156 92
131 158 64
113 141 40
198 145 81
139 72 5
163 151 82
154 138 31
6 32 99
90 174 10
76 190 63
172 124 47
15 28 60
20 44 100
177 183 29
99 89 7
71 195 90
122 152 44
59 113 27
159 190 83
117 195 82
78 40 5
148 199 15
71 195 85
123 14 98
78 160 62
133 199 3
15 94 33
200 107 76
72 30 17
96 200 48
200 68 79
144 59 97
12 185 65
85 156 15
144 15 55
109 199 38
4 42 70
142 121 71
138 85 82
7 112 87
192 166 86
41 111 41
132 96 84
200 68 79
39 108 93
30 195 65
128 198 68
177 183 29
164 123 70
123 154 66
125 173 16
33 147 82
80 173 17
114 110 6
19 132 38
139 5 77
43 95 75
94 168 77
180 131 89
131 11 9
71 98 93
153 37 99
3 32 84
74 1 84
131 161 89
105 43 35
49 74 47
14 144 9
143 25 18
43 185 66
167 153 53
44 106 2
86 124 32
140 37 85
33 96 54
164 11 9
3 76 75
35 19 2
3 133 36
152 90 96
140 31 54
90 55 100
90 157 40
196 88 34
85 24 79
87 36 37
185 146 68
29 42 50
75 108 93
194 66 76
90 150 83
28 149 27
143 50 65
179 27 96
164 69 73
42 90 42
147 11 98
155 71 34
33 112 81
185 104 73
184 122 1
137 80 24
90 10 1
191 11 88
135 94 17
52 87 57
99 89 59
158 7 31
79 174 16
173 189 88
119 161 45
137 80 24
175 46 35
105 16 23
166 80 54
59 136 24
177 27 72
167 46 22
144 59 97
89 47 78
135 97 73
193 176 48
78 40 5
99 149 17
148 110 21
143 200 25
189 180 49
177 60 15
135 132 13
172 67 40
94 67 87
138 85 82
163 39 98
151 125 68
53 85 100
181 118 23
123 176 59
151 166 15
101 96 73
45 135 61
106 67 27
101 54 37
3 89 24
105 176 49
70 87 75
11 175 29
11 164 13
31 193 72
95 124 79
