200
121 188 32
103 187 72
76 135 34
75 96 37
186 190 100
118 163 87
196 181 73
103 177 31
114 173 57
19 134 26
10 199 47
117 161 31
68 132 43
54 57 71
26 76 91
197 187 9
177 70 36
85 141 33
149 131 84
129 47 78
70 44 30
113 84 81
25 196 15
159 139 58
88 9 66
78 148 37
76 103 13
115 109 86
141 67 29
58 133 26
95 57 36
9 169 22
15 196 7
4 148 34
49 34 74
16 105 76
29 173 25
141 155 48
149 72 99
126 104 71
127 39 69
77 127 60
150 152 98
170 150 16
70 190 28
46 196 19
160 62 62
58 25 63
42 40 64
54 128 58
40 44 47
54 111 73
93 141 76
108 119 62
123 98 41
78 114 20
170 136 79
44 22 37
44 113 38
16 105 40
193 103 63
195 58 86
157 67 95
70 25 54
147 120 23
69 9 42
112 197 9
150 200 3
129 175 92
97 89 64
181 86 32
112 135 75
80 70 59
158 191 35
184 191 2
199 188 34
123 36 64
52 95 16
18 106 49
123 158 28
53 200 79
78 67 22
21 61 76
157 134 51
155 9 16
196 154 40
4 152 80
79 17 77
88 81 91
140 77 78
155 16 60
176 67 91
107 6 25
113 84 48
11 99 68
63 85 13
92 108 5
113 124 30
150 192 45
158 102 41
5 66 88
164 151 11
166 200 3
35 45 83
176 67 91
141 67 29
170 54 18
152 97 10
5 20 31
143 88 75
90 110 14
163 186 75
187 143 26
36 166 32
174 139 65
95 49 90
142 19 25
172 158 97
160 72 35
157 49 15
140 160 28
158 109 80
146 39 72
18 106 79
55 42 18
41 67 21
96 137 81
88 9 66
96 197 44
55 12 58
101 10 61
98 143 28
151 54 59
33 141 17
146 52 36
56 64 38
151 187 73
193 99 24
62 30 16
72 165 78
98 38 80
117 161 6
15 184 54
40 45 38
122 172 53
112 110 30
32 158 2
57 101 12
148 100 100
137 16 94
79 92 75
115 81 52
150 137 90
66 148 72
29 4 48
177 100 94
200 72 35
92 50 40
182 129 6
101 82 82
127 95 45
15 196 35
167 77 100
58 111 36
196 82 92
3 185 66
140 62 68
151 16 39
57 65 10
164 11 44
193 136 38
50 184 44
38 143 41
190 175 96
153 155 17
44 183 68
146 90 26
25 142 66
142 36 73
85 141 23
112 51 1
141 152 21
90 179 86
35 127 98
183 163 99
122 3 27
173 72 62
186 71 12
146 98 38
99 194 29
110 113 87
51 50 67
23 147 54
63 6 96
63 37 23
74 131 8
105 95 79
79 64 80
96 38 56
87 164 33
36 85 98
118 163 87
63 126 56
128 105 74
28 187 40
192 69 97
72 162 55
5 176 61
194 112 5
33 103 83
96 38 28
168 16 13
173 72 62
170 74 77
57 68 47
184 34 18
7 28 12
20 119 45
159 34 87
11 33 38
170 70 73
93 6 8
63 115 6
156 102 33
124 186 8
17 166 46
131 48 12
130 66 12
24 165 2
170 136 79
160 21 48
162 55 8
67 134 63
195 82 29
198 149 77
77 2 50
58 186 55
16 184 71
62 83 84
180 90 86
61 114 74
33 114 65
122 176 49
187 146 4
151 152 51
92 12 59
149 94 54
92 108 19
64 127 97
80 98 66
145 83 4
180 90 86
160 83 99
78 193 54
7 90 11
130 45 15
107 6 25
148 42 23
6 45 7
44 179 11
163 191 73
161 24 92
4 123 50
32 158 2
68 120 11
17 92 86
68 65 95
168 116 58
110 53 57
31 194 5
40 76 10
75 143 44
146 125 12
52 200 60
168 200 80
199 14 46
151 152 58
20 50 33
195 124 91
157 21 93
146 166 97
195 124 91
46 1 68
5 35 19
39 107 2
17 166 16
172 12 100
32 187 6
112 110 30
3 124 55
90 102 53
179 149 50
133 158 79
150 127 55
82 58 36
166 39 24
68 91 72
114 141 9
189 141 22
22 10 57
170 174 78
54 24 65
145 32 55
103 187 64
97 177 86
130 174 63
78 139 26
183 47 61
144 135 13
93 101 89
125 163 57
121 188 97
150 45 73
109 163 28
93 94 29
15 113 10
96 145 48
80 84 80
170 150 6
190 185 32
179 133 68
159 117 2
22 120 36
88 136 46
122 176 49
127 95 41
111 32 4
64 161 33
137 38 95
77 154 13
150 200 3
27 129 25
17 59 66
177 60 22
41 8 49
44 184 59
4 180 29
94 70 55
13 48 22
146 106 41
20 110 100
123 158 53
184 32 77
156 21 14
105 64 96
117 25 66
161 11 23
24 53 84
27 200 1
142 11 96
144 151 42
188 55 4
188 55 7
146 70 24
148 185 77
190 124 12
96 184 41
55 104 26
200 138 93
66 68 50
197 181 64
150 181 74
67 96 48
18 83 99
96 197 48
96 184 27
68 91 72
39 193 5
102 188 19
36 166 30
179 159 27
151 190 38
8 167 7
189 89 100
162 55 8
55 136 80
197 92 57
33 165 41
54 29 32
169 32 33
70 92 96
197 166 54
131 148 30
80 108 46
146 70 35
89 77 94
116 183 84
150 115 66
72 130 89
39 71 9
139 160 30
170 90 78
122 16 57
123 156 27
142 36 43
116 32 83
150 45 73
60 52 22
33 141 98
56 8 43
154 43 83
18 11 92
70 92 96
150 115 66
149 94 16
195 56 76
167 79 42
81 200 50
12 176 22
118 183 59
102 177 74
170 84 66
81 68 87
103 38 10
22 54 52
116 141 42
81 33 30
69 57 45
145 161 34
140 168 46
4 133 34
33 165 38
128 180 57
22 122 21
98 12 93
51 150 1
105 64 96
6 16 1
189 88 40
55 172 54
174 69 75
150 152 98
37 63 66
114 173 90
59 9 14
83 154 18
37 48 12
104 34 63
25 196 8
10 139 61
74 101 70
103 58 3
160 189 85
24 99 30
133 195 15
72 79 22
82 157 65
182 48 99
20 146 3
131 62 54
63 18 54
186 190 87
82 155 41
181 8 29
190 96 54
94 96 56
136 23 27
78 37 88
100 121 94
132 177 57
192 89 23
102 188 91
58 144 69
193 8 57
99 11 63
87 164 16
90 110 14
103 172 89
188 71 41
67 166 53
19 59 81
16 4 43
169 8 91
22 8 96
44 105 15
44 105 13
71 138 35
55 172 74
67 99 97
67 134 63
17 138 21
139 192 41
21 22 99
34 42 61
98 195 75
191 149 46
84 31 69
70 176 23
104 106 48
30 23 49
156 48 80
190 193 74
54 29 22
45 30 23
44 108 25
171 85 43
155 16 60
183 33 99
106 164 100
164 89 42
87 194 56
114 141 42
13 184 68
51 150 38
21 90 18
19 155 95
123 156 27
169 179 8
155 9 16
122 16 57
94 78 91
193 103 73
82 41 78
34 141 29
195 133 76
14 174 46
53 184 56
53 200 78
59 112 33
42 177 43
42 65 59
127 163 4
115 114 25
84 87 76
23 147 54
44 179 19
184 191 2
146 106 41
82 147 98
3 91 3
157 49 15
145 83 4
51 124 88
115 191 41
174 66 13
67 99 97
192 117 37
29 167 57
21 122 27
32 82 22
113 157 88
197 187 60
44 108 56
166 153 95
30 23 41
98 61 31
76 84 17
132 13 13
165 197 59
153 98 4
184 34 54
12 157 23
12 84 75
154 100 93
51 23 16
45 67 99
190 124 12
21 61 10
136 85 25
26 138 99
11 33 38
89 179 68
41 109 78
50 53 2
67 31 49
148 42 87
157 67 95
50 143 17
130 45 15
177 60 22
189 88 40
151 185 12
48 176 34
20 12 46
121 51 38
22 78 30
163 35 1
35 91 95
171 160 80
88 151 15
39 79 3
136 150 55
6 45 7
90 102 65
114 65 62
116 142 4
90 22 48
79 85 54
79 38 3
197 48 26
160 83 71
188 71 73
102 78 29
58 124 60
140 168 46
187 178 48
131 148 30
37 22 36
27 200 54
111 145 16
117 95 32
25 73 45
127 102 88
168 64 75
146 39 72
5 180 4
12 130 35
59 155 43
39 79 73
101 169 43
45 67 62
117 190 97
134 141 70
138 118 62
28 138 40
21 22 7
81 166 25
199 12 41
117 189 55
21 140 27
42 152 49
100 37 23
61 15 90
85 186 98
44 22 25
146 125 12
42 96 15
170 84 66
113 9 99
154 87 71
72 162 55
197 92 57
199 125 85
129 1 93
174 68 33
80 70 59
78 148 72
5 20 31
22 10 23
34 114 53
98 195 18
29 4 84
81 200 84
20 40 89
42 189 47
59 112 33
163 162 35
156 92 6
116 77 44
79 85 54
70 2 75
83 192 57
98 61 71
131 88 63
55 81 57
23 106 47
7 198 9
24 53 84
168 16 10
171 54 66
154 22 47
83 79 8
160 164 67
11 56 74
163 35 1
183 101 76
141 166 55
77 13 28
92 116 95
56 136 98
33 35 55
85 66 85
91 52 67
56 77 73
170 140 21
141 119 8
123 36 64
58 15 26
119 135 41
146 69 77
4 181 98
13 184 68
53 106 57
92 17 29
150 127 55
21 122 14
112 197 24
121 25 1
158 102 41
79 109 60
97 89 52
126 195 82
55 81 57
8 44 57
28 33 56
196 181 73
170 174 69
77 154 97
97 6 42
154 67 86
15 179 20
191 29 64
178 130 96
124 97 71
125 41 59
98 86 41
91 11 94
113 157 88
35 200 40
21 131 62
48 50 48
41 196 9
35 127 98
71 106 67
160 192 10
56 8 5
75 28 17
35 89 93
56 77 73
146 29 13
32 34 46
170 70 73
149 131 44
75 96 37
21 44 58
107 43 2
31 194 5
180 128 11
70 176 23
9 2 50
126 130 71
151 190 38
150 17 54
187 146 4
33 68 84
20 40 89
72 123 69
138 113 89
149 197 20
6 26 46
25 142 66
131 48 17
83 22 84
198 28 23
109 23 6
94 96 56
93 6 11
71 53 36
125 134 45
58 175 40
64 116 12
75 66 78
187 120 89
142 155 11
135 167 32
59 155 92
124 180 24
27 112 12
150 116 21
81 166 60
49 32 29
78 30 60
15 184 54
87 60 60
154 43 56
102 177 90
92 50 30
117 189 21
26 94 12
179 15 33
100 121 80
114 7 21
63 37 22
51 37 2
151 16 39
113 129 27
130 174 80
68 197 59
175 1 58
1 200 90
78 37 92
60 10 47
30 186 79
90 179 86
130 66 31
41 191 26
45 166 28
96 137 10
169 181 64
76 111 36
82 31 17
98 143 28
111 54 99
33 163 83
125 84 23
19 155 95
196 38 45
16 75 81
172 89 15
38 189 39
63 25 44
142 107 39
70 7 56
32 177 54
101 142 77
70 190 28
154 188 1
28 104 54
86 149 21
199 14 25
68 26 76
44 65 40
3 19 81
157 21 93
122 105 31
142 19 15
115 59 97
145 117 69
79 71 49
100 98 24
198 149 5
24 5 37
133 172 40
166 78 61
7 1 13
116 188 21
117 190 97
123 98 20
133 11 72
75 184 87
65 196 7
145 32 15
184 163 17
97 188 80
195 122 22
195 133 99
19 173 11
146 29 14
106 197 23
177 82 11
41 83 4
122 37 12
112 70 92
66 148 20
199 12 96
100 185 69
163 191 56
68 120 64
166 29 2
42 189 91
12 74 93
192 73 23
61 24 26
159 163 18
6 12 86
34 163 90
144 116 18
41 196 84
35 136 63
101 10 61
141 71 96
136 43 56
34 134 81
10 199 16
22 122 23
140 77 29
27 112 93
20 110 100
35 45 31
91 125 1
169 90 3
83 79 8
159 13 80
64 3 99
171 100 87
136 134 56
175 19 3
44 130 1
190 119 53
111 193 49
197 48 100
51 57 84
39 154 78
103 169 36
67 96 48
55 136 43
115 59 97
181 42 25
75 60 27
50 143 3
190 55 50
37 44 95
177 100 94
151 54 15
98 86 22
27 161 65
174 103 54
61 118 100
187 13 10
13 118 47
26 94 21
113 17 17
154 152 58
97 188 70
86 149 96
107 43 30
49 34 13
153 92 27
51 91 22
26 13 6
78 123 90
22 54 41
188 100 83
136 23 27
155 14 55
73 100 75
189 106 62
6 131 18
73 113 38
178 138 42
55 92 59
2 128 2
102 147 13
151 2 14
20 12 46
20 146 3
150 13 41
6 12 86
2 79 66
186 118 19
93 156 38
168 116 58
70 74 60
82 130 71
7 179 22
182 109 44
128 52 15
80 4 34
29 57 93
177 34 73
192 117 65
190 119 68
30 186 68
12 84 17
82 191 31
148 82 94
63 117 62
66 160 50
163 186 3
38 189 62
117 65 15
16 79 1
28 104 50
113 129 76
150 24 25
120 44 66
179 158 45
110 42 54
123 66 48
142 107 39
154 143 45
72 79 21
63 25 44
62 125 85
74 91 8
128 180 23
107 91 25
123 66 48
73 48 8
178 134 6
50 81 65
184 32 59
172 12 100
65 69 26
134 167 34
21 143 36
21 143 36
33 102 21
40 44 77
16 20 46
12 74 35
140 51 99
35 155 39
142 33 19
114 41 18
194 68 41
174 152 99
