200
75 64 74
152 88 97
108 194 48
75 42 56
50 147 15
23 87 76
171 103 56
8 161 54
15 163 87
136 11 44
31 9 1
143 170 72
176 40 33
187 172 5
40 88 31
118 18 80
76 199 15
146 117 50
86 160 75
76 106 70
129 41 89
156 92 21
23 87 21
180 150 66
2 126 13
48 58 56
16 188 38
12 181 60
175 167 54
60 8 10
40 61 81
122 167 23
12 180 10
156 94 6
103 18 45
7 118 66
6 108 23
3 162 8
152 63 2
194 178 53
37 62 21
33 153 87
45 153 84
91 65 44
49 39 56
52 93 52
104 138 70
20 114 53
38 165 38
189 32 94
121 46 27
157 199 55
125 176 9
42 143 71
107 10 67
163 189 89
168 136 59
110 101 40
140 179 98
145 180 99
183 199 10
87 195 66
29 16 7
136 50 5
49 186 45
19 70 5
157 21 27
63 193 31
83 15 21
188 163 95
48 28 27
2 126 13
159 177 62
84 41 44
65 48 34
105 155 69
83 75 18
144 36 25
10 180 68
17 158 55
169 95 91
191 79 34
92 73 80
65 59 28
157 57 13
99 154 99
186 29 41
182 159 60
188 62 82
65 34 16
186 9 93
78 101 23
26 83 35
186 87 45
27 96 66
118 105 86
24 142 10
1 63 66
90 23 33
131 6 53
155 114 17
77 105 47
6 23 12
149 182 93
76 183 79
168 128 62
75 42 56
187 172 5
163 149 13
164 109 54
174 95 48
162 124 94
176 154 12
119 56 12
197 117 30
122 162 11
91 121 56
68 65 40
83 33 60
24 127 70
105 122 40
16 165 66
81 12 18
55 64 68
6 16 79
188 23 12
38 17 87
198 137 92
166 13 69
38 168 30
191 127 15
155 62 19
187 184 10
159 133 23
144 191 74
115 174 61
10 101 90
9 133 70
83 139 70
179 55 41
101 69 71
174 179 8
59 49 14
168 136 59
19 191 49
123 152 45
133 200 63
85 15 18
125 102 79
131 82 20
1 173 49
187 200 57
38 137 1
53 193 7
159 162 49
22 140 51
187 98 70
88 15 60
24 23 93
23 4 7
69 152 97
57 160 11
86 37 82
10 141 94
171 31 99
171 31 99
110 194 26
183 198 14
157 110 90
170 67 76
140 184 24
188 113 7
184 120 20
79 12 83
155 128 40
81 121 97
135 193 1
60 90 41
125 90 26
109 169 94
152 88 45
131 6 99
181 198 90
125 176 68
152 140 48
151 168 61
196 120 25
144 35 98
18 114 26
82 48 47
161 200 66
172 21 14
36 120 21
10 90 89
36 120 76
84 101 96
153 134 4
168 119 48
57 4 11
146 126 58
182 23 53
185 71 36
120 135 32
97 189 27
197 111 92
156 103 36
122 112 71
169 125 36
33 14 66
103 29 5
116 192 80
124 46 97
66 178 39
10 115 90
65 34 16
175 129 84
172 56 77
46 153 31
76 156 54
73 183 35
91 200 85
147 179 55
59 151 34
162 192 49
88 15 60
171 189 83
3 162 88
23 4 3
60 191 38
147 179 55
26 165 28
128 150 63
26 41 4
183 199 10
164 89 78
197 144 90
158 180 18
88 106 25
33 148 7
20 185 83
92 166 31
75 113 94
13 108 4
21 100 80
65 101 81
40 88 31
68 21 13
199 172 19
137 129 100
146 185 73
182 159 60
156 103 31
100 174 20
115 21 48
179 147 14
6 16 38
105 21 87
62 121 54
14 71 78
104 18 3
120 14 25
102 168 58
182 188 53
99 187 79
21 15 81
196 120 86
105 21 48
38 12 71
191 126 85
95 8 96
86 153 80
174 165 19
171 189 9
21 100 42
33 175 21
101 70 1
13 73 2
22 45 11
176 154 12
24 127 97
173 171 24
38 104 58
136 96 38
44 45 43
73 98 45
136 103 9
163 107 40
27 96 66
32 136 35
134 88 31
105 155 69
199 133 39
51 179 7
155 162 36
13 25 76
73 98 77
72 142 86
99 112 87
89 90 53
164 144 69
46 153 28
98 155 75
152 140 48
145 49 89
144 51 48
124 49 10
184 120 20
86 75 36
151 168 61
8 170 88
110 103 73
17 24 50
63 47 97
200 177 54
87 126 30
31 185 70
130 108 64
103 29 62
62 69 21
144 107 31
7 150 30
104 64 42
200 199 1
21 47 69
82 9 22
199 172 19
79 171 38
142 157 6
107 22 98
153 154 16
109 54 21
143 68 20
123 76 13
126 39 65
130 64 75
73 183 42
107 64 58
33 112 64
6 179 85
72 150 43
197 144 90
59 159 18
124 46 22
108 92 33
56 61 82
85 15 35
13 25 56
168 170 73
146 156 46
135 193 86
144 131 56
91 121 56
197 89 58
135 51 21
78 108 6
148 6 96
19 135 79
187 98 70
128 187 63
181 7 96
133 87 100
33 148 7
94 118 55
180 6 17
36 184 8
152 74 73
64 112 49
184 148 16
1 155 54
186 14 13
67 62 96
124 149 54
12 181 87
172 156 82
194 178 19
64 135 4
17 158 22
31 146 9
85 24 58
110 9 31
128 59 14
10 101 90
78 144 40
67 36 37
197 179 66
44 125 9
112 121 28
78 50 12
139 86 91
56 135 47
96 164 2
118 14 83
192 115 26
4 106 8
143 137 77
54 34 58
190 120 39
94 118 55
70 123 78
129 18 55
68 160 86
102 128 60
45 5 17
180 142 59
77 65 18
55 42 90
32 63 51
118 161 35
65 132 85
163 152 30
143 170 98
149 17 75
152 63 36
89 81 18
3 179 30
67 36 92
9 132 92
73 12 31
181 139 71
166 170 35
95 33 26
31 117 99
84 47 12
140 58 21
90 28 39
75 33 55
164 26 92
22 176 71
156 117 93
177 85 95
174 84 55
49 1 11
188 131 97
189 180 14
164 24 53
146 126 78
151 169 61
63 192 30
86 160 9
193 63 78
59 84 38
171 142 6
47 30 99
139 20 14
96 42 1
18 114 26
104 116 69
149 200 12
6 134 18
180 138 34
45 5 3
169 125 36
8 73 32
197 121 88
123 27 51
61 30 87
99 187 79
173 171 24
3 190 56
19 145 37
95 19 79
145 49 5
58 175 53
176 136 95
102 168 58
60 70 38
92 108 65
8 117 8
138 41 97
175 133 85
189 180 16
55 185 44
193 160 86
88 148 54
30 49 88
144 148 59
121 178 100
68 176 6
172 115 26
11 122 21
126 77 58
33 112 64
179 171 1
67 8 2
109 169 89
182 56 15
144 36 25
8 186 30
174 97 4
95 33 26
118 48 83
119 176 45
67 169 39
76 174 88
78 114 55
40 61 55
60 141 96
129 106 71
29 90 70
109 106 4
40 113 18
98 180 68
102 200 8
55 152 53
96 9 36
196 92 13
182 23 53
153 136 66
59 159 18
200 128 1
12 199 37
6 100 68
122 124 18
69 57 26
64 190 4
122 162 23
54 16 30
179 8 53
197 121 93
163 133 73
110 71 54
137 29 87
23 46 91
197 89 79
114 76 36
179 76 98
163 133 73
4 24 72
47 128 97
26 41 78
160 113 72
103 186 76
11 10 5
50 8 98
66 81 91
165 200 67
42 75 59
143 2 66
119 6 67
108 36 50
125 106 99
8 126 67
15 107 68
134 88 31
141 167 43
143 68 100
169 94 46
55 94 60
112 12 40
171 63 56
127 102 60
149 182 93
154 44 81
142 124 33
172 85 98
156 25 28
104 82 98
122 135 29
81 121 97
67 2 87
107 184 38
64 37 8
101 169 78
177 159 72
160 116 80
1 21 67
13 74 2
25 69 82
141 33 4
196 143 97
45 189 32
15 137 93
146 30 89
18 35 79
105 187 34
105 188 35
42 124 86
53 5 35
35 14 10
93 159 81
56 85 19
17 141 3
108 92 33
73 14 36
101 169 78
11 167 84
45 80 80
164 144 58
113 115 33
65 59 28
143 125 8
135 160 20
33 103 99
78 57 27
118 169 89
195 184 15
169 160 61
118 170 20
81 78 21
61 137 20
60 149 14
58 181 66
88 138 71
150 194 46
105 177 69
18 46 36
199 52 73
63 148 87
82 139 89
8 170 15
31 185 27
139 159 9
81 68 81
35 162 75
160 198 70
123 76 6
156 157 50
141 78 46
145 102 100
103 10 51
177 111 29
159 181 85
37 187 96
38 67 3
92 123 41
80 126 73
128 126 71
84 192 96
104 41 2
91 145 69
148 187 86
110 168 52
20 59 66
199 21 51
143 2 66
161 200 66
152 27 7
82 109 30
187 7 42
129 126 38
124 79 75
186 14 13
23 127 76
170 74 90
140 42 52
60 141 96
10 90 89
81 78 31
194 132 75
180 168 61
91 200 35
164 109 54
150 173 19
1 72 48
142 106 62
141 33 4
107 22 98
150 146 12
15 164 77
8 126 39
115 21 90
165 167 42
54 199 38
23 175 61
126 39 65
124 162 11
37 1 6
184 10 51
126 171 20
142 98 62
93 120 33
187 101 42
185 171 35
116 151 43
23 46 84
52 152 44
33 153 12
1 138 58
110 194 26
137 129 100
132 142 50
143 128 93
7 89 9
156 132 35
102 172 13
23 64 83
68 160 86
19 9 90
31 57 46
22 111 99
182 56 15
166 130 81
129 18 82
145 66 13
75 33 22
121 46 76
197 111 90
61 54 30
22 90 19
58 181 90
99 155 94
177 85 95
6 69 25
194 189 12
88 158 16
11 62 7
18 116 47
100 136 14
67 180 87
104 116 87
166 75 81
70 129 38
83 143 83
83 10 12
150 2 56
121 147 71
197 117 39
148 35 7
36 18 83
37 1 65
146 117 35
143 195 10
109 2 79
21 15 81
200 199 1
195 184 15
181 109 12
54 46 93
3 178 16
140 179 98
112 20 43
14 123 48
83 142 54
158 47 1
187 101 80
196 155 1
52 27 44
3 179 30
124 65 38
190 120 39
54 16 30
162 117 57
199 133 5
120 188 17
95 105 28
128 126 71
111 158 42
180 151 82
105 187 4
55 42 99
109 25 93
187 40 67
144 35 98
68 59 12
52 27 43
193 67 48
110 62 50
55 174 28
26 6 48
132 27 44
118 130 25
29 90 70
101 110 54
91 86 93
137 32 5
118 14 83
169 166 59
173 151 94
172 66 50
165 129 77
68 21 13
109 71 58
136 11 44
169 94 18
63 13 73
103 61 58
163 41 67
74 92 76
179 122 12
179 8 60
60 191 94
104 121 71
55 136 96
64 190 4
37 49 13
42 75 78
122 135 29
153 186 19
134 23 51
25 199 21
69 152 97
76 132 6
1 142 40
87 80 80
179 137 35
81 54 34
170 67 76
164 105 76
122 4 82
109 54 21
179 76 98
198 192 73
168 21 4
170 22 79
71 91 85
195 32 24
198 137 57
168 127 76
180 29 70
7 90 16
91 33 76
100 7 81
23 134 26
135 94 2
127 168 48
162 22 41
71 51 47
197 73 48
104 47 14
157 110 90
150 2 17
76 86 2
186 9 71
37 185 60
68 197 2
34 161 23
187 193 25
17 141 79
134 188 27
135 167 44
147 191 45
130 108 64
127 80 56
186 29 98
145 119 87
166 170 6
45 38 94
184 63 64
158 144 35
81 88 49
179 55 41
92 108 66
78 86 52
185 145 9
37 49 77
105 113 31
78 57 36
152 158 95
30 99 16
60 15 84
78 25 70
184 10 51
132 155 64
177 184 52
55 185 44
101 98 56
82 186 80
170 122 12
180 150 66
44 46 85
200 97 34
190 88 43
124 44 25
36 18 97
159 162 49
148 187 85
85 24 58
44 125 9
91 33 76
78 198 92
98 185 35
183 81 21
42 116 68
86 153 39
176 136 95
65 15 100
38 31 55
72 142 67
145 140 25
51 128 15
198 92 92
154 66 82
67 28 74
114 170 86
199 130 36
143 151 100
129 41 89
170 74 16
58 28 39
166 75 81
166 130 81
104 18 3
12 180 10
40 113 18
112 20 48
56 85 19
64 175 21
54 199 21
140 58 21
9 70 70
25 138 66
72 150 43
123 130 53
195 95 49
165 124 39
80 55 15
35 28 97
141 118 48
76 183 45
129 91 14
54 85 8
126 77 58
61 54 36
30 99 15
122 190 25
196 143 97
149 22 66
98 89 2
101 176 3
20 135 34
135 167 71
143 128 93
113 43 30
33 121 54
121 147 15
36 112 93
152 191 20
78 198 92
97 136 87
194 196 54
12 199 45
129 126 43
136 103 9
26 168 5
24 103 42
153 136 66
6 2 66
39 174 34
53 154 72
118 48 83
38 168 30
141 191 30
194 196 91
70 111 90
82 139 22
15 163 10
127 54 42
4 74 79
95 105 28
32 121 2
118 170 43
150 146 69
181 157 41
60 70 38
50 195 64
51 55 16
110 71 35
172 85 95
124 149 11
127 104 77
143 98 3
26 57 91
103 21 93
30 85 91
172 115 26
113 150 59
192 146 35
162 54 60
42 124 86
189 115 69
160 198 70
74 56 14
170 56 20
95 126 28
175 129 84
118 130 49
133 42 87
26 6 41
39 53 68
94 98 78
84 140 52
3 114 71
119 176 45
57 135 40
22 45 11
78 50 12
172 50 24
24 191 25
94 155 10
144 121 56
