200
195 182 41
188 149 87
8 84 34
80 49 97
99 10 77
96 141 7
179 140 79
20 108 20
165 149 88
115 102 32
16 193 1
61 194 14
43 1 22
157 183 51
76 63 43
158 46 93
151 17 16
76 63 2
14 200 22
114 15 87
171 40 29
45 159 37
120 21 26
84 14 64
198 69 16
18 181 3
169 63 63
183 178 28
128 146 70
136 52 63
161 141 92
96 54 59
118 37 27
1 66 62
155 33 29
99 53 80
1 11 31
24 130 37
115 27 29
85 197 55
3 161 13
108 100 74
146 187 85
35 6 28
82 14 60
182 105 97
196 54 72
120 11 38
89 1 99
150 90 67
25 12 53
14 6 60
163 87 6
11 1 67
178 109 25
37 10 30
119 90 7
181 43 29
5 182 30
98 40 96
196 5 1
79 100 77
129 162 81
101 53 12
108 98 63
184 117 4
65 26 92
137 55 23
190 91 28
195 171 21
162 165 1
114 112 12
20 139 27
151 17 73
26 41 99
82 128 44
85 74 91
63 32 24
19 31 36
8 175 14
51 11 21
34 24 83
9 60 24
10 32 75
180 30 69
90 160 71
20 108 20
111 47 74
87 24 69
133 29 69
198 164 45
161 164 97
74 145 46
39 186 34
74 84 82
105 94 87
80 6 99
126 15 65
172 51 99
23 128 15
117 173 89
140 70 95
168 57 29
3 51 56
8 58 78
25 185 81
182 113 3
145 87 11
145 23 38
37 101 92
58 68 95
12 11 59
113 114 36
45 30 82
12 177 26
105 181 1
60 139 67
180 81 88
88 152 50
57 84 76
164 85 81
121 194 53
104 91 94
10 66 65
91 185 58
110 148 30
56 117 70
95 199 73
85 185 92
51 110 74
9 137 58
23 72 12
2 29 84
181 107 64
139 176 81
111 93 58
37 10 30
100 151 79
157 183 51
18 52 51
192 58 70
65 159 77
122 31 98
61 119 21
167 119 23
191 121 98
192 193 70
129 19 95
108 125 88
136 177 85
124 102 28
72 193 3
135 13 5
23 65 25
128 108 82
35 54 92
198 61 35
45 142 86
70 59 8
8 143 33
40 99 46
72 171 76
65 120 36
160 9 90
57 122 79
44 126 35
72 137 73
128 151 89
158 200 21
180 159 6
114 173 64
68 79 74
32 165 63
61 165 48
60 49 32
143 39 76
63 147 7
13 2 33
1 109 32
61 35 6
98 100 38
136 67 21
58 68 31
53 79 42
99 139 91
68 21 31
155 27 47
181 81 6
155 165 88
36 177 33
125 60 5
131 41 1
23 9 62
24 84 40
125 33 68
5 94 82
103 128 88
196 133 70
25 98 4
45 39 9
194 33 68
95 175 28
35 25 98
172 78 45
56 29 37
96 185 26
44 110 97
111 93 58
87 141 65
22 79 10
166 115 28
13 176 97
97 135 45
161 164 77
144 26 42
120 31 41
74 10 51
15 58 71
96 45 11
56 171 38
105 44 14
155 97 37
87 57 8
86 134 91
168 107 37
179 189 73
83 87 10
166 129 90
192 159 78
30 70 26
10 25 89
63 72 87
100 9 73
53 141 67
66 188 37
181 98 70
34 40 75
115 129 42
191 121 40
86 168 87
139 121 30
21 178 96
42 194 57
146 23 30
8 84 34
95 189 9
170 179 92
188 149 82
105 77 83
66 152 70
132 29 93
164 113 55
65 97 10
78 52 12
4 100 42
158 74 82
30 148 94
109 190 12
16 146 51
151 21 97
121 88 44
90 160 71
183 162 33
71 101 53
137 194 56
66 14 5
150 133 71
77 195 74
160 156 69
14 142 84
71 152 100
117 173 89
155 159 11
23 128 100
140 78 7
165 29 77
79 119 78
106 170 3
40 110 48
22 140 32
51 176 52
8 122 22
89 150 15
116 194 74
21 19 29
32 26 31
78 66 62
114 19 90
129 142 65
98 102 92
31 135 92
147 126 3
122 56 37
47 40 100
11 1 46
25 101 37
101 93 45
20 117 68
65 158 50
143 88 86
196 149 21
19 31 16
81 23 20
91 9 52
154 63 8
157 50 97
96 141 7
62 112 97
170 43 11
176 172 91
155 74 41
80 6 99
22 46 55
126 69 42
187 6 6
22 5 86
164 64 85
96 109 16
78 110 38
22 79 10
50 51 94
21 168 75
122 189 75
22 71 88
162 55 50
55 126 68
19 188 10
164 31 77
179 7 80
159 31 79
164 132 4
88 200 58
117 11 41
104 184 56
91 185 58
35 77 21
170 177 75
63 132 41
120 15 7
198 183 11
167 52 14
197 68 75
80 45 45
45 33 48
182 154 90
191 146 17
88 195 93
180 30 82
176 18 37
140 78 7
19 198 10
162 55 50
97 121 13
200 165 52
121 99 35
41 82 100
84 14 6
110 148 79
172 192 90
88 133 16
105 195 36
146 143 55
191 7 17
75 184 62
65 31 20
100 183 24
176 3 36
193 150 89
135 123 94
115 172 17
84 148 61
143 139 90
119 127 59
121 33 32
78 106 86
147 126 63
135 111 81
51 31 6
84 68 38
175 178 89
99 28 63
162 68 20
55 11 10
34 174 95
70 198 91
107 13 27
148 63 64
71 87 7
170 177 7
50 51 94
70 53 55
46 36 99
157 97 34
157 121 30
174 18 58
44 17 66
52 173 64
14 67 67
138 179 62
176 41 68
100 9 67
119 171 8
14 52 59
42 191 18
121 2 99
63 132 98
27 21 83
38 30 63
146 143 87
171 85 88
170 165 20
144 53 54
176 194 65
33 154 54
120 11 51
108 154 55
64 186 95
23 59 80
193 142 59
95 29 73
161 155 70
128 174 13
192 42 57
73 157 80
61 165 2
12 193 20
77 195 94
82 14 60
165 145 93
98 100 98
66 199 33
2 69 3
32 165 63
170 43 11
37 132 61
58 78 58
8 175 95
86 128 54
97 128 53
15 65 5
78 180 90
96 30 61
107 80 45
182 199 76
88 133 16
175 53 89
57 160 97
53 122 40
8 43 31
65 120 36
197 69 36
103 89 7
150 86 38
62 166 58
68 56 3
53 89 96
3 84 80
36 174 18
97 32 86
51 176 32
114 173 45
88 186 50
168 146 67
146 23 30
197 100 80
144 53 54
68 47 9
103 123 14
25 98 82
28 128 12
2 121 25
127 187 6
109 200 5
134 80 13
93 63 8
100 50 68
145 67 70
65 81 73
179 140 96
174 28 71
41 93 35
3 47 45
179 175 34
114 15 87
24 63 10
3 126 50
168 53 51
160 156 60
150 53 66
107 125 65
180 152 10
171 80 65
62 187 36
92 121 59
107 55 12
36 177 3
187 189 49
74 67 97
186 5 27
22 140 47
14 200 33
130 58 55
22 71 92
150 133 71
7 159 22
15 58 63
39 149 37
143 39 67
33 153 53
21 178 62
79 100 25
150 173 25
86 130 32
140 113 67
150 90 67
98 40 7
177 9 71
158 174 17
79 99 36
68 141 38
89 78 57
64 126 72
106 145 26
191 146 17
115 104 25
139 10 23
74 43 86
174 134 43
120 49 17
179 175 65
165 65 8
169 189 80
105 109 67
135 175 77
43 97 19
166 115 61
53 122 15
104 133 64
97 102 17
69 122 75
51 152 14
142 185 86
100 151 79
55 150 83
5 15 45
42 44 59
18 118 98
67 97 87
138 93 3
109 119 64
22 28 55
24 160 52
89 150 15
120 30 72
126 50 64
76 199 72
138 179 62
89 197 23
60 49 31
23 52 13
57 80 72
17 101 89
151 52 11
164 132 4
160 21 58
101 29 52
30 192 40
35 142 77
131 19 52
40 129 18
28 61 97
110 142 13
111 113 18
164 93 80
146 74 23
2 83 18
34 40 75
86 44 50
171 113 37
89 4 36
117 131 32
148 128 5
156 54 43
45 30 82
25 139 91
4 100 42
19 155 74
47 73 64
53 186 8
145 102 40
53 79 42
72 170 33
129 83 46
109 36 3
88 195 66
64 186 59
160 122 79
151 11 53
59 1 91
175 192 28
58 9 61
128 18 31
88 186 11
38 59 5
153 90 57
195 182 28
142 95 74
141 51 60
191 7 17
151 38 72
35 6 28
164 93 8
124 71 10
2 108 97
115 64 16
64 180 38
11 87 96
17 47 78
97 128 53
37 101 92
45 50 15
29 38 9
171 164 46
135 50 38
166 81 74
17 192 57
134 80 13
105 22 37
180 5 14
180 76 99
39 75 65
167 40 19
135 50 38
30 121 56
64 45 86
128 124 61
181 43 29
60 144 81
65 97 77
93 140 34
102 37 85
124 104 94
57 122 9
39 75 65
132 84 36
22 46 55
92 142 92
163 61 19
122 56 37
45 50 47
155 18 35
6 194 19
134 155 18
170 86 11
133 179 10
98 46 22
13 116 100
72 155 37
132 84 84
17 54 71
132 34 65
158 54 6
41 127 20
89 62 53
83 70 87
146 158 88
34 13 33
11 119 72
87 57 8
139 121 55
51 152 14
189 153 54
3 165 39
198 164 71
136 90 47
104 185 35
200 167 1
130 182 99
121 178 35
102 87 78
186 17 57
29 27 65
87 12 16
102 87 8
85 140 8
145 195 14
115 60 47
115 60 47
74 67 87
54 114 6
76 199 31
104 118 88
175 115 54
104 118 88
24 63 10
51 171 41
29 53 67
166 129 90
42 80 5
187 177 2
26 41 99
3 84 80
18 128 51
192 123 51
150 39 33
79 119 78
97 200 10
14 6 60
155 112 59
61 146 20
86 130 27
12 177 39
27 21 83
71 68 46
171 193 21
192 58 68
153 128 8
19 149 6
116 183 3
72 112 100
184 117 4
81 60 85
157 121 28
62 187 36
119 160 2
106 38 67
116 68 34
107 80 45
57 110 58
99 10 22
164 10 30
158 74 82
154 34 36
126 110 73
175 192 28
76 52 24
128 108 40
45 69 79
67 97 50
147 174 31
135 44 83
31 38 6
74 10 51
125 94 85
46 62 53
124 32 93
138 167 64
155 42 17
75 70 56
134 2 57
121 178 87
8 127 34
151 21 97
115 9 93
27 180 55
97 135 65
198 61 35
187 89 3
57 160 52
178 191 65
101 93 45
113 134 5
72 187 29
158 140 21
44 110 97
136 190 20
135 111 81
143 139 86
58 191 5
176 107 39
136 67 92
46 36 91
27 9 82
26 20 12
82 30 47
39 71 49
1 66 30
72 170 56
85 60 2
41 91 54
18 181 3
16 120 86
164 60 92
139 173 63
170 51 24
111 150 49
33 8 43
29 117 72
136 72 15
57 43 6
167 103 38
144 93 72
157 19 38
165 167 22
176 107 12
42 135 69
70 129 74
153 56 13
193 37 87
58 191 5
136 177 85
2 83 18
12 138 63
86 134 91
5 182 9
104 29 33
62 166 58
110 196 6
85 140 12
94 70 18
140 113 66
120 15 7
83 12 27
104 12 61
48 102 77
19 172 92
109 47 44
59 185 91
41 36 22
180 76 87
173 165 25
117 83 6
98 102 85
128 18 61
27 180 88
41 82 63
103 83 75
86 44 22
162 133 22
181 81 39
106 38 67
61 91 10
136 59 64
154 167 17
70 59 8
148 75 15
22 178 80
86 107 82
44 126 74
77 147 70
31 118 44
158 125 80
159 62 21
110 26 5
40 110 48
166 41 24
22 199 76
20 117 42
21 148 21
185 45 68
90 182 13
161 62 89
182 113 65
92 142 92
38 67 34
164 60 61
154 167 12
94 186 36
36 172 21
122 112 47
156 54 82
57 140 16
179 189 97
162 133 22
71 88 100
118 76 49
158 125 80
55 66 49
103 83 75
8 110 24
9 60 28
74 84 82
161 103 30
166 180 85
186 26 56
105 129 8
167 103 5
65 27 49
143 115 3
182 191 34
143 133 72
10 25 61
153 7 95
53 105 60
68 141 64
124 104 94
17 153 85
119 194 59
39 186 34
145 87 11
188 49 54
110 26 83
12 138 63
200 54 22
58 49 14
6 76 20
56 137 66
111 199 25
133 185 84
111 29 1
160 9 90
76 22 66
153 90 57
187 89 3
2 121 33
111 150 3
182 105 97
71 101 53
19 25 4
159 65 83
10 41 32
61 35 81
3 47 10
195 171 21
142 20 83
56 137 66
3 161 13
153 14 19
24 84 12
128 95 36
155 18 35
24 160 52
150 39 33
22 48 38
140 177 48
139 134 52
13 41 89
120 21 97
36 29 58
5 87 90
126 15 81
128 124 61
143 172 28
161 62 91
164 64 85
71 88 78
193 157 18
171 40 29
158 46 93
12 139 92
152 69 83
11 119 83
160 21 87
182 125 56
116 152 94
143 88 86
133 185 17
151 38 46
68 49 25
106 173 16
119 8 21
103 89 25
182 196 93
155 49 74
81 132 50
186 26 56
135 175 75
22 28 55
119 160 2
99 28 87
95 1 17
113 50 47
119 171 69
183 26 63
179 131 12
126 141 34
155 97 37
140 82 13
33 166 85
79 98 44
106 170 3
167 118 95
75 184 75
158 19 57
143 133 72
110 31 88
103 11 62
165 149 40
56 67 47
134 187 13
10 38 36
67 141 1
193 92 42
157 19 4
121 80 99
38 171 65
128 146 70
33 34 21
66 77 37
114 9 74
142 131 7
200 171 24
52 136 34
142 161 9
9 13 15
103 123 14
39 153 23
7 109 31
142 132 53
18 86 69
79 99 76
145 136 87
123 185 50
30 70 8
14 67 67
10 38 34
196 185 62
155 42 67
118 60 78
26 71 12
30 59 43
172 51 28
113 50 50
126 69 42
117 83 6
7 128 96
61 91 81
28 87 25
106 145 26
147 37 71
81 23 20
171 72 79
130 189 99
180 116 5
129 8 34
129 120 13
118 163 30
118 11 59
115 64 16
84 156 69
192 123 51
87 141 65
63 32 38
112 26 79
153 56 85
136 59 64
142 45 51
88 94 99
1 109 60
131 138 25
17 101 32
115 49 63
59 70 49
125 94 85
43 17 20
86 175 23
124 158 1
96 30 61
188 137 41
157 50 83
142 45 51
52 173 64
7 2 46
16 140 77
183 129 42
10 174 42
106 193 4
155 128 23
114 198 98
166 21 84
18 30 49
180 152 65
124 32 58
142 20 71
115 172 17
100 149 37
61 60 99
178 191 65
108 154 100
96 157 41
75 70 56
59 185 91
81 132 30
97 126 49
106 56 92
36 115 30
19 155 42
139 10 23
57 64 54
95 1 17
155 186 63
62 85 14
40 129 18
136 46 9
19 115 41
162 165 1
5 15 45
65 195 78
7 80 46
181 115 9
25 185 81
