200
115 1 12
142 58 29
21 110 92
30 62 25
67 85 76
137 143 66
184 37 87
94 66 23
70 46 45
85 94 58
71 128 99
6 187 14
104 64 94
75 104 4
187 82 43
177 112 66
195 46 57
49 125 37
128 152 82
54 84 97
127 103 19
56 194 68
84 97 56
97 124 25
44 35 64
61 87 7
195 104 76
102 36 10
89 11 88
80 125 87
142 106 68
92 2 74
174 81 87
20 128 35
125 141 35
113 161 33
34 80 79
168 113 22
81 52 22
12 196 78
165 35 84
63 190 98
80 127 85
67 134 39
174 46 11
190 183 21
77 130 48
159 74 54
73 16 85
121 63 34
140 175 68
183 20 13
174 104 26
21 42 38
133 78 40
100 109 7
17 164 1
165 110 66
145 41 39
136 115 86
71 55 100
156 44 84
113 103 7
108 58 30
90 55 6
105 92 92
11 91 70
195 4 65
72 171 86
121 86 57
66 21 4
16 174 60
187 116 14
82 99 30
173 93 59
106 109 72
98 182 81
189 25 80
199 126 27
9 178 85
136 47 23
47 114 69
7 199 66
60 189 68
98 182 16
31 5 44
124 173 61
129 69 58
157 135 61
18 43 10
132 103 1
40 90 60
182 191 44
113 148 63
144 161 6
164 86 79
106 6 24
24 65 28
163 132 44
50 123 55
77 194 19
115 191 91
46 175 87
162 62 16
56 41 84
120 159 29
18 182 73
28 112 42
96 187 40
129 69 58
61 64 4
33 99 16
178 127 55
98 189 66
22 80 38
65 139 99
89 49 79
68 186 65
24 147 34
132 121 59
167 194 29
114 148 27
53 149 71
154 198 44
59 57 82
151 169 52
57 134 48
133 186 65
50 11 31
107 153 80
72 46 16
123 89 25
75 104 45
69 101 23
11 163 48
196 2 48
155 19 74
198 167 52
191 147 22
4 45 9
190 98 62
114 150 31
115 167 23
31 5 30
39 162 31
51 181 80
140 175 68
47 32 97
6 86 22
75 153 65
34 73 93
167 55 49
63 16 90
105 62 47
117 70 98
55 21 21
113 131 64
174 81 71
153 108 30
43 181 99
200 33 34
191 16 84
82 99 30
137 149 82
180 134 85
137 83 100
142 58 66
29 66 52
112 57 37
124 173 78
107 75 40
114 128 49
128 170 16
64 101 65
167 112 1
51 104 71
147 145 66
15 119 50
19 176 30
37 67 64
181 36 82
166 2 3
49 3 48
59 80 99
165 9 73
194 142 76
197 180 5
182 35 56
117 164 33
63 98 99
56 58 24
129 19 21
151 92 56
132 121 42
16 45 68
63 182 26
16 43 62
126 54 64
41 44 42
17 187 97
108 47 80
159 19 13
108 39 48
46 150 10
161 88 3
132 41 55
143 165 20
6 149 98
166 66 38
17 164 27
118 31 80
200 102 61
11 137 39
72 44 4
185 80 58
86 199 3
195 162 8
40 179 7
108 47 80
20 164 78
106 109 72
158 185 60
87 110 27
122 88 86
120 45 62
200 199 37
190 91 83
124 38 28
151 113 27
142 124 28
72 113 64
177 44 90
50 191 19
18 182 73
96 138 1
159 39 77
37 92 6
165 9 73
163 132 8
111 76 76
179 118 48
105 194 82
190 45 19
23 43 19
187 44 33
162 27 61
12 99 100
125 192 71
3 72 27
142 41 33
185 123 64
168 113 47
192 101 90
148 89 44
77 130 35
156 176 15
33 147 19
56 75 34
59 119 17
50 100 48
165 102 58
110 60 28
21 154 49
63 175 30
26 92 81
186 125 23
181 105 45
92 63 91
105 62 69
82 36 19
106 178 95
1 19 38
138 143 28
118 176 82
101 71 53
190 47 39
11 164 31
35 13 91
111 186 61
89 198 48
56 41 84
33 158 69
105 82 42
169 136 54
99 40 50
56 194 68
96 66 25
21 56 94
133 87 90
82 188 20
68 33 20
87 103 19
62 56 79
103 63 73
107 75 46
77 120 37
185 46 87
16 182 59
87 110 27
14 40 23
17 73 31
198 167 98
156 44 1
163 153 34
179 45 38
190 47 39
78 151 76
115 147 27
156 21 81
42 45 14
176 4 42
17 73 34
158 185 76
37 67 6
92 35 89
25 19 90
98 178 90
124 60 71
178 109 21
127 103 10
173 175 84
183 181 23
58 96 44
46 192 11
28 68 40
75 13 80
115 167 55
185 91 37
37 52 58
90 184 48
189 90 34
147 106 73
81 192 69
114 63 17
165 170 40
199 84 8
13 112 56
132 27 70
42 134 51
123 175 62
95 60 2
32 103 34
163 13 82
136 87 46
7 23 43
82 36 56
136 10 14
40 32 53
167 105 31
157 16 14
70 46 45
200 190 48
167 194 32
78 5 15
7 134 85
157 135 16
23 86 63
197 141 12
57 11 99
94 115 94
12 198 98
105 120 52
197 180 5
165 35 29
43 106 24
177 112 85
29 103 89
104 44 41
116 96 35
83 56 28
195 97 24
49 3 48
195 4 73
142 16 57
91 146 89
175 162 18
131 150 26
185 126 51
192 85 98
2 110 40
162 108 29
40 147 55
66 112 84
88 74 28
10 164 26
156 33 49
93 25 47
130 192 74
188 25 19
181 65 97
63 72 12
104 44 77
189 7 45
120 156 40
127 49 44
77 125 4
109 142 88
139 33 73
22 113 98
152 27 48
19 108 28
41 44 42
172 119 10
6 149 98
22 113 58
40 197 36
142 27 12
158 94 32
29 97 30
158 47 14
40 49 64
195 97 6
93 113 3
200 182 92
65 131 51
190 61 9
81 92 33
122 52 33
159 75 43
137 143 27
91 59 78
72 70 86
3 156 23
119 86 95
119 38 72
59 106 18
146 101 1
186 71 21
6 176 25
21 154 9
86 123 38
121 183 28
125 122 79
54 143 21
54 188 91
145 162 87
132 34 62
71 135 38
155 146 1
68 7 56
59 17 28
144 48 44
180 82 98
99 104 96
191 128 84
177 97 34
57 151 55
40 179 66
119 25 21
1 39 42
110 60 28
5 117 34
107 141 7
32 5 42
3 151 31
50 191 49
127 64 33
45 72 71
73 172 53
47 50 58
130 136 60
39 30 18
8 157 7
49 28 24
3 143 70
25 150 20
149 169 20
48 148 1
144 73 49
127 174 44
163 153 34
146 25 63
63 67 62
118 31 76
198 18 85
81 196 98
134 13 34
140 196 91
115 109 20
191 16 12
79 9 14
113 131 64
159 175 51
92 124 57
16 17 71
92 124 57
20 106 74
156 176 9
99 60 92
129 19 21
99 107 67
3 52 63
189 90 34
64 84 26
27 60 28
64 172 2
185 123 27
155 146 1
111 43 9
14 25 58
101 111 63
51 92 23
146 171 69
111 25 21
82 196 59
160 26 60
166 92 66
124 60 71
156 21 24
111 43 9
121 63 30
32 182 63
11 91 65
114 63 17
133 164 84
151 69 67
41 82 35
33 94 3
193 175 11
56 193 48
151 113 2
6 75 54
3 168 25
136 10 14
116 142 72
99 157 90
162 27 61
31 57 87
169 86 80
31 16 4
46 123 32
159 19 13
111 49 27
9 190 45
11 30 60
6 42 92
41 97 74
153 33 11
18 134 21
23 24 55
29 90 58
145 162 87
55 61 79
52 156 35
31 57 87
181 36 94
77 125 4
69 76 4
42 134 24
83 161 97
56 169 94
151 142 24
150 188 52
132 155 92
101 110 12
191 130 37
162 62 16
114 150 31
153 7 24
197 169 22
145 9 95
12 198 74
139 179 56
31 29 51
140 6 71
69 100 6
183 87 72
136 79 64
117 164 24
41 129 10
44 81 35
192 85 98
55 145 64
114 36 84
41 120 84
196 37 52
74 184 91
157 1 96
199 126 27
97 178 69
93 25 66
10 132 13
112 57 37
68 7 57
1 200 45
55 24 45
17 85 12
4 134 89
175 3 17
149 8 90
161 187 50
186 71 21
160 50 80
137 149 82
37 36 60
93 163 18
29 97 30
20 128 35
191 147 8
29 17 30
162 105 21
131 12 97
12 144 96
111 183 97
106 158 94
27 60 28
80 43 7
111 49 85
160 87 64
144 13 91
50 100 48
182 45 31
104 72 22
33 3 71
54 127 100
144 13 27
14 42 49
107 171 68
97 177 93
60 142 18
116 2 46
156 110 85
63 67 62
158 2 54
44 114 47
19 108 28
50 108 85
54 127 6
81 67 57
124 195 62
56 30 55
93 169 37
71 144 52
194 54 90
55 61 79
65 161 2
139 114 18
25 87 62
166 2 88
187 20 90
5 163 96
135 172 2
13 178 78
154 138 18
162 137 55
104 127 93
54 39 36
83 161 12
30 22 50
153 104 46
134 161 74
34 80 45
6 75 84
149 5 21
57 151 63
93 189 57
100 4 38
122 88 80
156 99 43
162 43 85
108 98 22
30 176 39
99 145 59
80 125 87
60 189 68
80 138 19
26 27 4
177 97 8
98 189 90
59 14 42
85 36 69
50 77 95
61 64 4
189 114 75
108 152 60
16 149 42
70 41 79
176 53 19
26 27 34
185 46 87
89 49 79
184 110 61
94 115 94
27 130 81
63 48 90
34 143 12
16 20 84
78 110 55
63 81 52
85 145 35
166 92 60
164 139 19
50 108 85
24 84 81
80 168 65
84 64 44
50 105 7
155 1 24
81 71 22
72 17 96
167 105 53
156 164 98
19 191 65
74 76 49
119 25 21
15 94 81
105 64 86
82 66 51
182 145 11
75 41 57
179 100 12
16 20 100
55 24 4
77 189 10
138 143 37
156 189 42
159 39 55
63 140 40
87 73 43
55 145 97
15 33 20
159 26 69
88 74 25
195 193 13
90 184 29
188 200 94
91 89 27
126 21 39
69 151 4
160 26 75
185 80 58
136 79 64
45 53 29
55 138 6
72 70 16
148 89 44
100 109 52
108 58 30
137 79 49
116 85 96
60 170 44
16 174 29
144 165 30
7 134 85
59 27 98
178 129 67
60 19 88
34 180 2
18 134 6
26 17 86
55 187 71
40 147 55
151 27 25
87 193 23
118 167 27
108 39 48
93 189 26
16 45 68
174 126 45
5 117 34
169 86 14
177 100 14
52 156 35
180 82 98
137 79 20
118 196 22
34 148 88
20 157 42
71 137 92
145 132 97
19 176 30
31 185 5
64 172 2
27 130 71
16 199 20
20 26 22
28 182 35
162 137 37
105 140 68
88 116 13
118 196 15
184 76 61
138 94 22
155 163 42
195 109 52
74 9 62
108 178 78
92 35 89
139 114 18
131 141 63
91 146 52
75 41 57
54 188 91
182 52 36
117 58 81
50 123 90
27 120 71
172 58 83
183 43 11
162 159 50
44 157 85
195 109 52
146 101 1
107 166 46
86 136 22
160 50 80
28 185 69
126 173 45
6 176 25
69 180 10
114 128 49
133 148 63
151 92 56
48 111 63
50 175 48
88 116 13
59 17 28
80 138 19
74 68 13
79 31 9
85 27 73
45 72 71
109 142 62
62 114 46
29 55 85
42 96 9
150 121 11
115 174 9
146 171 69
15 33 83
75 145 32
196 2 87
174 197 67
99 145 1
24 85 61
170 149 44
3 151 11
33 147 27
102 36 10
106 42 98
156 99 65
147 198 51
72 46 87
173 37 17
199 52 32
115 103 14
178 140 80
198 165 82
180 134 25
66 94 75
59 36 60
82 196 23
82 11 34
59 6 34
133 28 9
141 164 88
174 46 17
49 28 24
133 148 63
59 57 74
22 80 88
48 188 82
127 64 33
161 45 67
71 26 47
192 63 35
145 64 85
131 150 26
99 107 67
46 95 29
138 101 54
19 80 69
139 26 7
117 179 63
107 166 46
47 32 97
44 163 54
158 196 23
59 166 14
52 86 94
196 157 38
47 114 69
133 28 9
140 154 98
46 192 11
101 111 63
64 198 68
132 34 62
54 84 96
56 169 16
156 54 94
110 120 29
190 88 47
192 127 21
138 179 88
119 140 55
173 37 17
20 164 17
70 164 96
9 72 49
106 71 13
161 127 70
37 147 63
133 186 22
101 195 57
197 33 90
126 21 39
9 178 85
187 82 31
178 64 81
53 159 2
174 197 88
91 78 18
166 94 91
58 117 64
161 45 87
111 76 76
151 109 19
143 24 79
105 128 66
5 163 96
105 161 85
118 151 13
127 3 77
196 85 17
194 195 41
81 109 75
179 154 83
81 67 57
54 143 21
122 52 15
96 54 85
113 161 33
68 92 44
40 90 70
153 119 51
115 82 55
162 44 82
189 7 45
164 156 67
33 3 71
134 157 30
185 111 34
121 59 77
37 92 59
88 78 31
76 19 33
125 122 79
183 20 36
28 27 30
127 28 41
63 16 90
191 130 45
93 86 62
127 174 44
167 155 67
81 192 26
49 116 10
42 26 67
11 51 98
119 158 65
181 143 81
153 33 11
88 16 64
155 170 95
87 103 61
88 64 71
30 105 18
100 17 43
49 158 23
25 8 63
63 48 11
94 174 71
69 101 23
68 93 49
159 120 59
73 19 24
66 54 41
68 86 66
150 121 11
64 30 56
4 86 60
68 86 25
108 122 92
89 11 28
156 41 35
115 191 88
127 176 6
134 196 3
180 111 3
85 145 11
123 89 88
22 121 59
198 165 44
101 155 56
178 129 8
117 151 48
152 165 40
97 124 27
78 33 15
14 25 6
67 3 6
50 105 40
136 89 20
92 100 11
47 178 49
160 47 75
110 75 51
29 144 19
40 104 44
89 149 44
178 62 4
1 19 38
34 180 29
161 187 50
139 191 38
168 66 81
30 67 43
37 52 40
67 13 18
119 188 52
86 117 70
