200
144 83 16
139 58 48
148 154 43
110 105 43
35 70 43
67 200 5
116 191 14
86 44 71
72 90 7
38 22 18
70 130 85
126 111 49
35 176 79
68 93 3
112 43 61
57 48 52
162 23 75
43 175 2
184 176 17
134 57 2
82 141 22
178 163 36
131 188 17
64 143 50
107 93 89
188 171 64
8 172 85
128 167 93
42 77 83
149 26 34
29 171 90
108 149 65
59 63 12
166 16 94
24 150 51
107 121 93
117 111 76
137 177 30
66 128 64
119 167 9
119 137 94
91 87 26
79 67 46
200 171 16
21 137 11
66 197 4
26 43 32
169 50 57
33 169 73
96 52 52
124 90 95
39 191 77
149 147 72
91 135 48
40 79 73
139 4 79
86 192 53
161 136 11
107 176 61
181 44 95
34 110 12
139 126 21
161 40 36
140 82 42
117 115 88
23 97 45
138 172 88
45 128 85
102 79 5
86 129 25
160 125 60
37 127 34
80 181 24
23 37 51
119 183 32
126 24 43
171 146 92
16 89 80
124 179 24
138 142 97
170 163 2
51 58 86
79 30 66
181 137 62
55 26 68
182 123 65
40 76 10
107 10 4
180 188 52
121 116 8
96 38 43
18 111 27
93 95 51
100 89 34
19 91 55
7 194 87
162 16 47
63 40 68
18 111 82
171 191 2
114 83 98
63 105 18
165 48 22
25 167 56
40 79 68
94 129 45
103 122 45
67 66 5
130 151 47
159 72 2
167 30 58
183 66 6
179 85 16
91 123 39
175 162 7
106 149 6
199 122 4
169 140 44
10 96 87
8 197 46
195 167 69
180 178 46
48 172 23
73 92 40
112 109 65
177 48 66
131 28 41
80 52 90
72 71 94
198 99 85
20 43 27
118 125 36
62 185 64
59 8 10
96 52 88
138 157 73
162 40 26
110 68 59
105 92 1
138 123 90
143 20 82
40 75 29
126 193 95
103 69 35
174 109 91
23 159 40
125 87 5
4 136 81
108 114 96
90 29 46
114 83 98
90 124 37
121 58 59
69 190 48
197 20 65
2 47 99
185 155 66
125 8 86
50 105 99
183 66 41
20 43 47
53 116 72
170 72 88
173 55 55
154 177 33
134 138 32
1 145 18
140 4 83
61 195 79
85 169 2
80 169 9
161 166 22
80 28 81
181 45 62
31 152 100
22 49 71
38 134 61
127 154 46
66 111 30
100 13 93
131 2 96
173 147 56
149 14 73
87 9 57
55 68 36
138 175 97
132 109 87
38 143 17
158 94 35
142 159 56
5 44 16
173 55 55
162 25 45
132 136 11
79 177 63
134 94 82
27 1 21
29 1 76
186 130 55
12 61 79
64 143 50
22 49 71
1 195 64
20 47 61
67 64 88
57 120 12
101 2 68
37 163 46
29 1 26
107 182 28
138 153 13
63 40 47
118 17 70
115 173 20
36 50 94
181 97 72
116 191 89
114 70 14
128 173 59
158 124 78
4 107 69
176 157 20
10 134 62
192 61 10
40 69 45
77 143 74
86 106 50
150 182 4
186 158 74
43 175 2
31 105 73
185 81 61
99 182 38
137 9 53
149 26 57
72 194 16
192 133 77
8 109 44
80 119 75
195 178 14
158 197 29
145 100 84
68 46 83
190 102 26
18 55 38
18 117 93
40 69 45
56 154 99
15 150 36
175 134 3
128 24 13
111 169 69
11 69 34
48 170 79
29 171 90
142 62 61
183 33 15
103 122 31
18 55 88
113 56 38
128 21 14
15 159 57
28 86 86
121 158 78
11 153 20
103 105 64
99 165 72
133 77 91
116 40 41
112 127 80
29 22 87
178 176 54
187 103 6
20 150 86
144 78 8
54 31 3
110 78 73
26 118 10
50 120 90
11 194 76
151 94 26
85 135 12
122 103 95
193 170 86
197 26 8
53 185 71
26 34 75
30 43 94
7 130 24
122 153 63
43 194 52
18 88 11
165 105 22
185 195 53
39 145 71
8 109 70
39 191 77
93 59 69
130 159 11
86 133 61
143 36 58
93 95 87
156 157 28
29 47 59
57 120 12
48 111 92
74 81 44
184 195 21
94 129 45
22 92 7
17 90 23
193 184 27
114 10 42
89 33 73
132 120 15
194 104 22
158 45 70
82 42 97
113 56 38
78 179 60
63 22 1
71 37 55
138 153 98
11 85 2
138 186 100
72 60 52
149 177 49
89 70 8
192 133 77
111 148 1
35 59 43
118 192 28
92 55 48
152 5 66
162 17 40
135 155 81
195 197 79
26 62 81
96 68 26
68 93 47
24 20 85
50 172 37
105 182 46
52 94 87
54 186 29
157 8 96
114 105 84
138 52 70
126 123 2
85 22 36
167 147 52
9 84 90
126 111 49
193 142 98
66 26 46
55 174 77
67 172 39
51 180 85
16 22 27
145 132 31
141 89 78
52 24 97
60 70 2
160 164 44
164 51 7
44 46 51
17 129 44
34 75 75
33 64 36
26 126 50
19 56 29
40 27 24
117 115 88
76 116 96
3 88 36
189 146 14
12 78 47
143 1 60
139 187 63
44 23 75
58 114 26
89 153 22
162 23 75
149 17 34
40 98 96
182 76 48
188 74 8
69 156 72
141 5 10
22 32 64
116 188 82
181 45 62
161 13 10
36 140 49
196 27 36
67 172 47
167 30 74
162 16 86
146 96 99
195 178 14
7 166 98
170 44 64
138 105 43
196 191 41
41 148 16
79 156 73
131 28 41
163 73 6
66 166 95
154 16 58
193 80 19
63 22 1
181 53 41
40 76 39
27 199 78
77 93 79
159 167 70
79 144 39
32 40 78
114 134 24
28 16 3
141 5 28
125 64 77
85 181 42
116 188 76
28 155 18
140 124 32
23 103 36
58 80 77
64 124 19
98 39 89
143 168 9
86 106 63
29 196 69
7 194 87
83 13 43
138 142 97
155 58 9
44 125 83
54 31 3
93 145 12
118 126 33
136 63 25
110 157 19
91 83 78
194 76 17
147 132 43
28 16 3
98 121 61
10 96 87
161 114 14
40 27 24
146 199 47
106 125 77
200 141 53
48 156 99
121 110 69
91 56 31
119 39 1
18 20 39
148 25 52
194 105 76
144 106 70
138 62 71
35 189 70
92 60 74
167 132 56
19 32 67
167 147 21
143 64 55
81 103 54
6 24 78
138 123 4
94 107 27
192 150 15
99 172 18
147 76 24
191 35 39
132 21 87
64 10 58
73 68 19
140 111 49
75 163 8
9 142 53
196 149 78
103 105 36
59 47 93
79 133 46
89 63 65
91 50 87
156 106 52
173 152 1
147 11 30
147 121 5
45 146 28
62 119 40
20 61 19
5 170 40
171 2 65
105 164 70
176 52 88
78 143 20
51 175 53
49 41 95
142 91 84
92 60 74
79 88 42
95 30 73
85 135 12
135 80 73
197 21 2
197 126 53
80 169 77
176 157 20
141 78 50
87 193 34
114 48 42
141 102 2
143 139 92
25 167 30
54 136 22
154 111 95
198 54 91
185 90 34
24 79 53
67 200 5
198 53 76
112 127 80
186 187 78
62 169 39
33 76 14
145 63 5
62 68 49
147 124 50
151 8 7
114 70 27
45 128 85
112 136 34
137 86 71
28 101 60
73 107 60
126 172 18
89 10 74
192 150 15
138 105 69
99 119 77
78 23 52
15 96 43
29 131 63
67 64 72
137 62 21
62 58 30
160 184 34
30 24 47
121 51 74
152 5 13
11 153 20
134 9 4
198 99 3
50 105 79
30 108 57
88 184 4
109 49 3
113 178 81
171 48 75
25 146 16
109 25 44
162 183 32
103 89 64
15 159 11
107 88 86
44 119 18
1 122 45
26 130 69
123 179 38
15 150 85
191 40 65
8 62 38
128 1 27
142 159 42
34 110 12
34 108 94
169 51 16
195 107 80
134 138 57
197 68 45
151 85 83
12 197 51
121 59 1
154 163 76
33 169 48
37 88 50
197 187 72
90 193 8
101 179 13
42 93 43
115 173 28
22 123 99
76 8 8
85 68 20
38 100 41
62 172 64
103 193 52
169 50 56
20 134 29
31 108 25
162 40 26
43 94 98
48 149 52
32 40 35
196 70 88
115 6 24
50 98 38
118 122 80
87 155 67
29 131 63
68 51 51
4 33 95
186 82 32
44 78 52
125 139 86
181 135 47
164 105 42
139 58 30
6 24 78
54 193 3
84 156 7
170 106 7
87 21 86
173 152 7
122 134 27
89 63 65
82 171 86
70 151 38
31 118 64
199 122 4
115 180 74
14 119 8
143 22 53
117 168 83
171 191 2
8 172 59
154 16 36
185 64 90
186 36 47
123 189 31
149 73 55
88 153 4
149 177 22
18 153 71
9 27 70
94 104 93
194 104 22
134 57 4
62 119 40
12 117 97
194 19 68
69 27 91
112 109 65
172 62 27
162 183 13
24 150 64
53 83 45
31 118 4
120 55 41
110 159 64
76 17 67
34 20 38
147 132 43
31 10 51
175 2 52
98 177 28
12 128 49
165 126 41
128 173 59
152 105 21
176 85 64
67 141 87
8 122 30
121 116 8
177 198 44
77 43 46
22 32 64
141 102 99
45 92 16
121 51 74
66 5 69
18 145 97
107 176 61
196 45 16
6 79 80
192 42 65
163 38 89
44 31 75
9 126 59
135 155 94
140 82 42
30 43 79
76 84 97
12 169 35
3 88 11
140 4 83
12 197 83
65 138 42
70 177 35
119 137 94
50 98 38
194 76 22
138 62 71
114 151 59
171 196 27
99 12 8
48 155 83
16 89 70
196 27 51
90 19 86
193 142 96
6 8 57
106 24 14
32 62 97
193 46 93
156 46 49
105 182 46
183 133 57
126 84 80
182 76 48
161 136 11
171 36 34
13 110 70
89 10 3
141 78 10
155 169 77
162 166 70
146 20 71
23 16 52
34 108 94
101 72 76
145 59 19
198 195 88
191 49 51
81 190 34
186 158 12
15 158 40
156 167 37
110 105 43
143 22 53
89 153 22
90 157 32
79 156 73
53 56 20
167 132 56
62 169 1
16 56 9
6 134 42
106 71 17
75 163 29
55 174 3
150 157 65
34 134 23
107 10 86
135 22 7
47 66 46
171 63 68
183 38 63
34 75 75
91 127 61
154 179 66
182 134 29
51 180 85
166 57 94
50 137 76
162 85 65
36 140 49
142 188 76
4 142 7
72 63 84
183 38 63
51 151 23
59 63 81
80 52 13
53 116 27
26 118 10
68 99 68
118 125 36
98 197 94
82 42 91
85 57 35
20 95 11
115 138 16
87 113 47
9 187 84
171 48 60
126 172 70
185 64 80
191 112 4
54 41 60
151 129 61
99 176 64
116 76 23
39 162 46
89 70 22
4 142 15
158 94 35
1 122 12
104 86 55
79 23 68
22 63 32
24 77 33
33 83 7
172 153 73
80 143 49
179 1 21
200 188 98
174 127 9
155 97 68
175 43 84
137 74 14
130 29 95
65 138 42
44 194 27
116 75 48
67 141 29
179 67 15
90 174 54
106 119 51
197 173 100
134 94 82
54 186 10
166 115 52
39 153 54
28 155 18
69 169 64
115 27 30
98 74 79
177 48 66
109 54 57
56 17 36
25 1 72
119 167 9
73 68 19
121 58 41
195 35 96
181 70 1
13 148 42
91 49 10
135 142 34
113 38 10
58 114 26
83 60 52
80 143 49
10 74 25
171 146 92
62 172 64
101 179 16
73 95 38
114 151 32
130 189 70
66 41 66
154 157 70
126 24 43
191 145 66
88 101 38
157 12 67
91 50 87
92 109 1
149 2 52
179 67 15
42 196 21
58 150 62
17 181 98
3 84 12
69 172 87
106 71 50
197 78 72
20 47 36
73 59 75
170 163 18
81 53 88
2 179 42
145 183 24
136 29 28
6 25 11
178 108 22
32 98 16
7 58 33
182 123 65
50 137 7
138 186 9
106 92 28
86 48 70
60 43 46
41 100 42
169 143 40
110 14 63
162 85 65
167 149 58
64 25 64
18 10 55
71 37 46
66 26 46
3 121 61
155 169 77
150 77 71
154 179 87
94 8 68
51 151 12
44 98 50
70 25 10
156 106 69
103 69 35
91 87 26
27 1 1
99 194 83
164 163 56
164 51 88
111 10 15
157 182 69
160 82 98
67 92 94
37 163 46
133 164 21
32 62 59
192 42 65
185 6 89
90 148 66
130 189 70
74 81 12
66 41 66
118 101 53
45 91 47
167 149 86
51 113 33
20 95 27
141 54 89
152 100 77
96 148 82
28 13 83
181 135 47
127 154 76
195 106 73
163 63 76
176 85 54
192 164 48
30 171 32
133 164 31
118 101 83
49 25 6
123 42 79
165 182 91
138 52 56
184 176 36
118 17 70
130 159 99
115 147 45
37 9 56
119 193 14
130 179 64
86 14 2
179 197 86
35 189 43
68 57 61
60 79 46
150 182 20
174 178 7
76 17 67
84 156 7
15 158 40
196 70 88
75 2 75
99 119 77
24 79 60
144 106 70
9 126 59
14 123 66
8 197 11
128 195 4
41 125 62
36 192 34
98 56 56
18 117 93
115 180 74
69 172 87
72 90 79
111 10 10
100 89 34
99 85 61
186 184 60
122 35 64
78 28 24
49 9 15
127 117 67
84 30 53
160 147 20
172 41 69
44 109 60
144 37 40
90 174 74
28 101 66
134 97 14
159 65 31
109 54 57
128 24 13
162 166 70
85 68 20
40 75 29
107 121 2
104 102 94
152 100 77
164 189 75
62 193 50
55 56 6
141 7 46
55 100 21
147 76 24
148 154 19
17 127 59
146 96 68
144 78 8
58 13 43
63 105 93
68 57 61
194 145 75
160 82 97
107 103 76
70 151 38
36 192 34
149 17 34
40 98 96
98 56 96
104 54 2
50 143 33
114 48 60
83 164 51
9 35 21
