200
170 128 16
138 20 87
97 85 89
88 138 93
31 158 63
96 189 71
41 124 65
150 149 54
41 78 98
175 105 6
180 68 91
184 24 40
106 148 100
169 180 70
196 130 93
104 73 48
132 168 12
176 184 61
167 21 57
23 187 45
62 35 24
18 98 76
45 155 1
148 93 70
117 95 30
37 74 2
31 24 97
111 189 66
61 71 93
117 88 16
20 184 9
12 184 73
39 85 83
88 46 66
158 12 33
52 174 51
109 61 41
6 180 92
70 171 67
164 146 70
156 135 100
107 18 83
16 86 10
111 71 57
46 41 49
179 109 67
14 48 59
97 172 1
140 175 31
68 20 47
168 105 33
160 45 61
147 111 59
137 152 27
158 161 38
68 28 42
84 161 73
12 184 29
140 183 39
132 30 48
78 184 49
134 113 20
163 136 11
66 152 15
160 127 46
174 178 28
37 119 50
69 106 84
5 35 17
153 114 54
131 107 81
178 142 74
194 59 84
124 198 63
19 53 43
8 190 43
55 171 13
17 44 47
35 144 40
117 80 38
61 51 92
107 56 83
183 16 6
22 185 85
20 168 23
58 117 33
162 185 30
133 1 15
156 60 17
81 89 47
77 195 87
191 90 8
2 102 67
150 3 73
182 160 91
134 12 77
161 176 21
144 147 8
115 83 34
136 91 77
139 85 69
176 184 61
30 123 18
112 82 50
66 31 60
154 86 84
167 149 84
150 15 32
180 80 81
53 115 57
107 65 59
44 28 7
83 46 60
121 153 22
78 136 86
152 14 51
87 79 26
25 52 78
88 37 74
76 34 42
169 24 82
68 28 42
8 190 3
165 61 7
48 195 95
98 44 8
195 199 22
122 181 3
167 5 93
42 102 67
17 138 16
57 87 63
160 180 64
12 6 37
120 110 67
57 16 20
30 123 18
137 152 27
64 32 11
163 82 45
147 113 24
151 63 58
17 41 100
95 167 22
145 142 51
133 176 71
154 42 11
101 91 36
138 54 94
158 83 29
97 76 76
140 195 34
23 187 92
75 51 14
121 11 54
17 41 35
34 101 77
171 14 80
156 178 60
48 192 43
1 190 91
86 155 81
44 83 32
120 126 31
168 125 64
47 119 56
153 114 54
3 37 92
166 158 53
162 41 76
29 193 9
48 33 27
56 34 59
38 126 20
18 33 93
48 192 81
80 71 7
114 127 12
76 57 21
61 51 92
170 22 100
37 133 67
187 186 24
150 84 35
34 85 42
119 122 81
31 134 42
51 182 23
97 106 9
129 110 14
27 99 60
136 74 11
191 153 62
17 138 16
17 44 47
34 85 40
118 149 70
200 85 62
88 141 75
114 28 77
45 155 64
110 55 13
140 177 42
98 70 7
14 175 62
162 129 51
5 149 11
8 34 64
56 156 34
59 76 52
39 178 12
41 33 51
81 15 55
67 23 50
61 71 93
134 12 1
184 107 66
106 190 92
59 181 27
100 123 60
29 65 79
133 24 100
34 184 57
16 44 27
57 184 93
100 166 78
139 36 49
179 24 50
75 141 73
163 196 86
66 1 52
71 17 97
94 147 40
135 2 95
8 84 2
182 142 54
191 55 75
98 192 5
100 163 100
103 178 25
119 45 9
75 123 35
144 139 62
19 10 38
10 109 55
6 180 22
181 69 21
29 183 7
25 123 25
114 166 95
171 97 72
10 153 23
89 132 94
133 86 65
113 73 8
86 126 64
138 180 10
65 26 71
56 25 64
117 95 30
16 74 75
68 115 86
85 186 68
8 168 100
38 166 13
186 17 82
43 54 39
189 147 41
75 51 89
30 5 69
127 73 33
104 193 9
180 44 43
167 21 42
15 12 4
51 182 23
200 24 25
108 131 61
5 76 51
32 43 43
84 35 56
175 52 67
29 198 50
199 175 94
147 151 86
141 192 22
2 111 29
50 200 74
154 10 13
62 174 27
56 93 6
186 91 71
78 72 18
117 131 77
106 56 11
156 31 52
145 141 42
151 198 54
16 59 19
194 116 85
87 12 4
45 147 70
145 142 51
184 25 36
177 161 39
104 159 89
150 172 8
11 151 46
116 106 28
9 7 82
115 91 73
136 178 20
51 118 42
178 168 87
133 60 24
35 87 30
39 83 67
152 68 92
82 185 52
131 68 17
134 124 86
148 129 9
167 25 25
30 47 93
34 129 74
188 161 81
62 35 41
156 193 17
142 115 44
34 172 100
117 86 35
45 147 51
133 60 56
69 75 87
164 39 57
151 94 71
158 50 4
169 131 36
114 86 23
138 20 87
96 195 73
108 165 47
51 170 10
45 24 61
24 5 24
72 25 71
200 142 63
139 47 18
183 55 31
28 114 73
117 161 100
16 121 35
62 133 77
70 35 22
28 168 60
20 88 7
118 95 82
90 136 69
34 184 57
3 56 21
28 113 49
159 22 14
80 7 56
170 48 63
139 33 98
15 181 73
52 28 100
83 53 66
134 168 57
31 24 97
144 112 38
184 24 77
100 75 58
89 146 52
177 170 93
162 54 34
195 25 10
62 110 46
153 53 7
135 35 18
127 115 100
84 175 47
180 84 11
16 121 36
3 37 97
14 48 23
8 72 7
196 153 37
175 105 6
180 199 53
71 17 19
65 161 16
48 11 85
194 59 36
8 135 63
77 152 8
121 66 12
137 112 51
159 11 61
44 53 82
89 167 53
97 24 24
174 24 7
112 196 78
67 98 87
59 181 27
76 31 47
77 121 67
157 34 89
30 33 81
185 191 46
113 189 25
156 193 17
131 135 15
92 184 90
105 73 11
171 105 69
33 120 33
34 137 84
89 90 12
7 104 68
40 126 17
122 181 3
23 57 47
193 61 83
14 147 84
128 127 57
33 178 6
43 104 84
163 136 22
105 157 54
56 156 34
22 102 20
96 171 69
165 61 85
110 7 96
151 21 97
93 138 38
133 24 51
168 169 7
124 114 51
100 50 27
3 72 15
57 61 20
136 97 57
175 139 13
131 184 58
174 24 60
35 157 53
126 110 7
17 8 81
17 8 80
184 60 24
64 2 7
39 176 50
73 103 17
138 54 94
188 139 27
35 157 34
134 113 17
60 150 9
77 92 46
81 191 7
72 120 84
88 17 51
95 98 99
55 161 76
78 44 82
57 188 65
106 110 63
109 115 55
126 156 17
45 28 39
111 128 20
20 88 21
107 65 59
144 36 10
64 32 62
138 87 12
177 91 60
189 192 52
129 53 88
139 65 11
118 13 54
99 45 59
134 18 39
174 130 8
3 113 12
28 97 22
56 80 22
141 139 10
61 159 51
138 133 10
118 149 12
4 115 39
130 193 4
109 60 92
81 174 66
90 176 81
107 1 56
101 171 23
127 198 66
119 78 71
37 119 50
38 166 20
111 153 40
172 29 89
39 176 50
120 126 15
136 47 80
108 15 93
85 53 20
180 199 81
8 72 7
48 33 76
69 75 87
114 166 42
142 1 23
55 143 81
61 106 26
47 44 38
177 156 52
62 163 3
89 154 8
117 131 43
78 72 16
19 8 71
181 26 14
105 191 98
78 180 79
48 126 92
30 82 15
7 127 12
172 57 9
83 139 20
177 31 45
66 136 1
137 187 76
96 10 30
75 42 54
103 89 17
57 118 52
109 61 41
66 31 70
54 123 100
1 3 43
13 136 5
145 141 42
104 114 51
35 151 94
173 66 40
56 189 87
44 143 72
165 19 40
35 176 62
27 12 23
2 58 14
51 100 57
142 1 68
38 41 56
37 74 37
109 151 62
59 61 58
96 9 44
187 118 39
111 71 4
177 128 24
59 68 27
31 134 42
196 153 24
39 83 67
90 172 79
26 71 3
196 65 7
194 36 19
13 62 54
148 164 24
124 114 98
115 87 17
176 62 20
111 128 20
67 114 77
66 12 13
79 111 66
79 36 95
52 112 81
101 171 23
152 159 42
43 20 6
34 19 73
8 178 35
127 83 7
84 161 29
109 200 19
147 178 76
88 60 18
78 100 28
64 14 25
108 15 93
22 102 20
189 19 77
42 62 92
135 115 76
31 188 87
95 97 3
40 170 88
33 145 53
56 120 58
127 161 1
8 168 100
189 116 35
72 142 97
147 192 56
147 192 7
118 108 24
127 83 95
133 200 14
67 23 50
109 60 58
104 164 77
71 4 94
137 112 51
188 193 1
180 84 81
137 115 3
116 26 60
164 110 4
131 35 42
85 130 2
97 38 11
36 150 40
172 57 9
168 108 8
81 61 13
136 104 11
140 175 31
186 45 29
113 22 20
104 164 77
154 32 82
96 163 3
106 190 92
157 91 100
148 47 86
100 151 37
78 128 93
30 5 66
119 52 21
131 107 81
160 70 81
148 89 51
33 151 91
142 99 96
106 56 11
105 99 72
142 70 83
7 142 85
99 128 99
166 101 95
16 109 69
169 84 71
185 105 99
2 21 60
192 65 14
35 162 69
105 96 42
100 200 18
107 139 27
99 49 90
138 180 99
172 109 67
39 178 12
83 67 14
133 1 61
168 132 76
120 118 7
27 136 45
194 116 30
107 158 76
154 64 25
186 74 89
143 59 88
31 136 23
141 179 99
22 85 22
173 66 40
94 123 15
2 58 88
93 148 43
119 22 11
123 6 89
114 179 68
185 170 15
175 186 27
65 81 96
108 131 40
44 192 46
191 90 8
113 27 66
182 184 98
139 4 86
162 50 61
168 180 63
186 91 34
105 73 77
157 91 55
23 131 73
196 182 67
162 47 59
143 112 63
61 179 32
13 61 26
82 33 26
127 137 82
137 141 3
142 24 68
59 61 9
179 160 19
110 126 10
43 85 21
96 165 21
194 190 52
107 9 31
17 171 43
128 18 83
137 91 22
130 67 46
156 135 100
181 193 63
133 200 14
85 15 98
27 136 45
73 81 6
28 97 86
160 76 88
198 18 80
79 102 79
120 96 21
181 196 78
5 149 57
13 174 58
80 142 20
146 78 43
60 49 27
103 89 17
30 137 18
161 141 82
189 118 60
3 72 61
138 87 12
151 21 100
158 50 80
187 143 25
34 101 3
66 152 46
84 178 35
108 182 17
151 148 38
73 87 64
146 152 59
88 141 75
69 41 14
21 126 48
154 10 13
14 114 50
45 96 89
100 200 18
175 87 63
197 26 6
177 170 77
152 127 57
85 15 48
160 180 64
59 76 95
138 60 82
1 35 94
59 68 44
135 36 87
131 135 83
165 91 18
105 35 99
62 4 89
152 179 24
105 91 78
80 7 73
186 76 71
129 91 46
183 13 45
23 144 7
150 117 33
136 155 16
37 45 84
136 192 47
22 113 97
79 111 36
99 49 53
119 78 71
191 106 97
113 153 14
154 3 85
56 189 87
28 114 38
127 200 37
107 139 27
83 14 97
110 159 78
116 26 60
25 75 17
106 22 65
130 193 4
172 29 89
150 3 13
16 59 19
166 158 53
169 180 55
34 191 49
100 163 100
200 137 94
86 166 1
73 78 52
106 110 63
178 19 74
197 26 6
144 100 98
10 87 78
138 68 7
41 33 56
48 79 26
98 178 24
60 30 2
59 4 34
168 169 7
185 14 63
18 142 71
147 22 13
132 16 94
14 114 50
200 148 65
114 104 84
111 5 42
62 110 46
104 46 97
105 157 15
55 144 42
129 91 41
3 30 75
37 3 32
84 58 19
181 168 20
14 138 77
133 86 96
37 3 32
136 170 45
177 31 45
94 143 66
36 35 62
83 139 20
115 40 31
115 40 7
47 93 35
48 79 26
98 6 73
111 10 74
154 71 46
155 200 34
178 19 74
89 185 80
182 86 29
53 182 95
187 26 32
11 151 23
96 195 55
66 97 44
85 130 40
29 19 93
168 108 70
69 106 42
118 13 72
74 48 64
112 92 57
44 195 72
72 142 97
94 33 90
105 140 66
118 44 24
117 184 12
80 71 19
89 154 8
78 22 91
52 132 72
144 170 13
118 111 13
161 115 77
197 16 43
85 53 62
117 99 4
32 176 53
192 114 97
76 57 22
138 71 70
151 8 87
191 136 13
192 62 92
198 18 80
16 86 10
186 142 74
113 121 73
55 171 78
145 116 72
22 120 10
97 56 80
21 61 27
152 149 60
63 124 72
148 89 54
143 11 54
144 86 56
27 70 62
117 83 24
194 190 85
139 4 100
83 67 98
26 12 24
175 52 85
185 191 74
51 118 42
105 107 62
76 120 3
159 22 14
193 79 59
22 49 71
133 14 32
196 130 93
103 71 98
14 147 84
183 116 80
110 155 78
31 158 69
75 123 15
3 194 44
81 161 80
82 33 6
184 25 36
200 148 65
29 198 50
117 80 36
66 90 36
78 130 41
98 44 13
19 62 1
110 7 96
10 109 55
29 65 79
198 60 10
53 164 83
196 136 55
196 182 95
95 167 96
120 110 67
138 60 82
104 3 44
178 142 14
129 42 94
121 194 41
148 38 56
131 143 51
92 124 32
130 64 26
2 98 46
189 147 27
200 8 80
130 64 23
143 164 7
116 106 28
129 110 50
65 70 46
20 184 16
129 42 94
157 127 45
135 172 72
148 164 24
61 106 30
63 124 72
49 62 56
122 161 43
191 136 4
149 195 6
139 65 22
119 22 18
125 50 53
135 199 34
42 35 3
9 109 66
73 20 42
18 142 71
122 161 43
92 136 57
93 138 38
148 36 98
195 77 50
189 19 50
27 99 99
4 156 77
192 65 54
177 40 73
37 133 67
81 174 66
91 177 32
152 68 87
42 62 92
101 74 33
156 24 67
148 38 35
160 45 2
69 117 53
7 92 1
168 1 31
97 167 77
95 169 26
62 163 3
55 37 11
183 168 52
25 2 32
142 4 16
89 146 52
179 119 60
133 161 88
157 34 84
36 85 81
6 111 36
94 143 66
169 84 42
115 91 49
86 189 20
43 20 84
67 10 58
72 25 19
38 177 7
109 91 2
187 69 42
36 100 11
98 24 72
188 53 26
142 80 38
67 10 54
81 61 38
137 115 3
92 136 11
79 82 34
39 85 83
118 44 24
58 98 75
127 179 28
75 46 92
25 75 17
68 137 64
131 151 35
109 91 2
167 5 93
134 168 57
187 108 74
162 57 92
43 169 53
137 187 14
45 65 73
124 88 9
159 126 78
123 47 26
99 128 32
78 133 37
150 15 50
40 126 17
180 55 99
104 122 64
181 99 30
135 35 18
188 53 76
197 16 43
81 15 31
111 153 40
94 17 18
90 173 10
131 35 16
78 133 95
189 118 60
62 157 11
121 194 41
143 2 7
69 117 53
94 33 90
90 173 10
184 8 91
165 3 2
52 112 81
33 86 42
103 178 25
121 16 1
26 182 16
143 112 87
25 44 100
67 109 99
131 11 15
25 44 83
198 133 45
140 139 19
16 44 66
147 38 20
