200
174 144 35
96 1 29
198 1 13
45 177 33
81 49 11
161 181 91
102 124 26
188 185 81
38 197 60
159 138 86
83 186 89
3 145 13
1 60 51
112 186 77
81 54 96
53 32 86
194 4 88
91 45 93
94 196 15
176 146 45
164 116 87
158 7 54
145 17 27
194 57 81
80 78 63
96 36 99
163 7 8
40 198 65
13 123 84
109 179 70
184 30 85
81 35 15
7 133 53
110 56 97
27 78 70
86 173 72
59 174 22
112 167 56
107 31 27
46 180 92
176 151 2
165 193 92
98 51 33
144 105 40
186 71 86
86 179 86
32 50 36
8 49 96
141 132 42
177 134 35
172 153 92
21 149 59
57 119 14
190 113 57
184 67 23
76 56 1
177 198 37
5 172 32
60 24 27
159 3 37
61 195 51
172 13 49
157 117 48
94 13 43
105 195 98
184 113 65
14 195 60
184 153 35
75 72 25
182 34 56
165 6 51
156 24 89
131 180 27
118 124 17
36 124 62
131 140 17
71 85 10
49 29 69
126 27 80
157 149 26
52 100 75
144 186 94
77 90 79
52 149 59
102 124 26
1 19 72
85 79 83
118 33 10
44 137 98
62 54 13
13 185 35
98 83 10
73 55 66
39 126 100
44 95 72
146 199 71
4 13 79
170 191 6
196 152 82
22 118 10
42 24 68
130 64 76
30 20 75
32 153 97
132 142 36
122 54 68
51 127 59
147 72 17
40 114 35
168 192 66
40 21 56
58 199 100
192 3 47
36 80 81
88 123 78
3 145 13
43 178 11
112 138 100
13 113 26
73 13 73
40 59 71
95 136 9
148 177 64
95 107 72
191 183 55
120 20 95
143 61 85
137 124 10
199 154 24
39 154 96
145 23 74
179 91 37
5 100 79
165 6 43
73 5 51
186 3 45
122 1 24
58 157 59
92 59 87
73 28 89
23 157 89
127 64 54
174 164 85
145 23 79
45 34 24
35 22 96
131 44 9
41 97 53
166 124 33
160 52 68
5 188 62
131 130 7
178 104 52
168 11 69
143 34 59
73 28 89
77 60 71
57 167 34
22 85 92
128 116 78
61 119 79
102 51 28
189 185 7
27 73 19
165 8 31
106 108 87
64 194 84
183 200 92
162 21 87
156 128 37
184 169 42
39 190 84
77 175 100
56 104 21
185 67 70
185 67 58
166 192 23
134 129 77
95 178 35
76 87 76
95 32 56
101 12 25
187 10 42
26 61 22
75 55 81
119 190 68
9 74 54
76 20 75
40 59 71
105 94 9
129 155 65
54 80 24
78 120 94
131 180 27
48 172 37
139 26 35
124 185 76
124 55 68
194 2 5
41 21 61
136 42 79
109 138 20
182 13 57
143 61 85
137 125 39
58 88 41
53 18 74
149 152 50
176 20 82
60 50 77
189 185 69
177 198 37
77 152 58
94 13 43
9 130 12
9 130 12
194 102 74
109 47 72
93 115 16
169 145 93
4 154 35
70 6 70
76 88 59
53 78 44
142 66 57
142 104 84
89 136 90
110 20 90
124 185 66
136 155 36
122 1 24
129 127 7
114 21 83
94 103 60
159 138 86
194 57 39
88 139 5
191 65 10
190 142 58
147 48 30
114 112 44
79 59 71
174 96 71
59 174 84
117 114 97
31 97 17
21 80 24
133 135 33
176 191 51
59 166 88
74 172 91
44 95 72
109 25 55
85 35 97
68 63 33
36 96 78
163 97 53
82 192 82
5 42 76
177 106 88
135 47 41
130 78 71
29 184 49
82 132 51
66 3 32
162 110 44
34 10 77
145 90 26
86 83 11
191 8 49
107 130 20
158 23 44
151 108 18
182 13 17
146 8 74
37 18 31
101 95 30
112 189 95
56 100 3
97 118 72
177 106 96
93 115 16
12 105 16
198 74 60
190 18 69
77 64 25
106 12 40
86 91 99
36 156 19
199 153 16
140 171 100
146 31 35
32 146 49
23 42 22
168 92 71
68 112 65
36 96 78
77 19 33
54 168 43
135 44 85
20 172 42
37 19 21
157 73 38
108 67 81
73 55 74
41 97 53
143 6 62
27 73 19
154 138 52
43 172 5
5 172 32
134 28 96
164 87 47
6 200 87
150 93 98
33 70 14
88 36 20
24 159 19
197 73 78
154 138 52
16 132 21
151 108 18
44 30 63
3 128 81
197 73 59
57 153 56
23 160 88
158 7 54
24 113 87
74 167 62
92 181 69
29 1 61
103 172 28
32 170 86
85 79 62
81 121 26
197 137 24
72 18 83
12 34 87
110 8 93
105 75 15
12 124 94
83 180 15
4 195 100
119 190 68
98 3 45
38 161 72
191 8 49
28 36 36
146 31 35
141 94 41
82 23 89
30 194 71
170 33 67
175 131 60
69 76 75
22 167 4
192 120 27
170 23 69
136 44 20
194 53 75
14 180 30
116 189 22
192 120 37
43 26 78
60 88 61
143 88 28
12 124 94
149 16 12
32 133 43
34 139 87
147 144 23
57 167 9
94 165 77
76 187 41
9 72 95
40 119 34
76 87 6
198 74 60
5 42 76
98 126 97
140 88 65
28 111 22
191 130 93
98 54 99
181 38 93
72 142 82
3 27 23
82 63 16
171 10 97
25 192 81
166 123 20
82 43 96
176 55 37
47 156 79
112 88 18
40 158 57
28 150 86
105 13 90
46 43 64
106 119 10
120 113 90
94 104 69
1 32 23
172 13 49
162 43 87
168 11 84
7 131 90
123 12 79
86 81 42
136 42 5
10 36 71
178 7 51
22 35 24
86 81 42
106 127 42
109 47 72
176 191 51
134 197 69
175 168 77
64 21 19
30 196 82
146 199 71
168 148 40
38 73 66
70 6 1
47 56 99
149 106 100
164 180 25
10 34 54
185 85 44
30 101 86
115 92 20
75 138 12
34 10 77
193 163 91
83 196 19
88 83 10
153 80 32
16 189 23
35 111 37
19 108 7
49 167 87
41 30 68
143 20 48
68 78 65
102 21 88
184 67 23
57 153 56
18 108 34
187 159 47
95 136 9
189 167 61
158 90 25
4 190 47
126 194 63
199 154 77
74 176 8
81 47 95
122 8 31
105 141 98
161 132 40
125 183 100
94 160 15
77 87 46
52 19 7
115 41 13
159 67 100
129 9 90
107 116 24
131 91 9
135 52 89
137 196 36
146 154 96
132 47 2
129 42 10
198 29 1
58 154 9
134 125 30
21 151 49
53 76 77
171 25 68
157 78 43
101 61 13
65 27 12
154 11 71
28 14 15
165 93 70
163 113 13
22 99 16
37 164 69
127 138 55
63 87 41
24 44 62
151 68 30
71 88 28
193 163 91
11 36 81
46 101 78
18 108 34
98 176 54
105 57 66
46 98 55
62 135 89
117 114 100
126 39 39
53 78 1
9 118 22
150 126 6
41 173 99
163 160 69
132 193 76
166 14 21
15 55 5
32 84 80
109 28 79
96 55 63
190 142 45
57 71 19
81 54 33
180 148 2
164 87 48
200 28 48
190 76 75
77 53 59
30 194 71
180 154 67
132 47 22
67 167 88
111 183 68
6 93 14
32 65 79
135 7 65
47 174 29
3 27 77
90 152 40
39 154 15
161 197 95
119 155 64
111 3 22
111 183 68
92 192 57
140 171 82
63 185 7
76 19 62
179 183 92
101 48 60
6 44 26
16 81 18
162 115 20
169 122 62
28 36 36
162 144 33
62 70 26
174 136 1
143 150 81
94 112 67
14 187 44
178 37 90
189 82 4
122 125 65
190 76 46
131 130 7
23 42 22
192 33 72
36 5 6
189 39 45
76 28 72
113 71 66
96 171 5
22 193 2
159 51 13
169 39 28
53 90 52
115 106 73
9 72 95
121 175 83
70 184 71
32 62 58
59 139 14
17 30 25
119 57 52
80 10 70
114 96 47
82 84 95
14 118 64
23 177 38
199 153 10
77 152 71
178 104 75
78 103 13
188 61 46
90 51 79
113 148 20
112 138 70
83 180 10
72 99 45
7 1 11
65 27 100
21 157 97
134 61 68
31 30 62
148 130 8
176 192 39
77 64 80
73 110 49
189 136 15
167 45 97
79 174 56
26 186 39
170 103 1
178 53 17
5 92 66
51 122 14
141 94 41
172 198 76
27 114 77
169 148 81
89 185 19
98 176 54
31 138 92
41 30 14
145 17 91
12 176 63
125 69 37
197 9 84
56 104 8
143 126 37
163 122 79
177 46 98
18 151 3
14 99 39
114 12 72
139 184 39
51 45 64
97 55 8
98 21 83
5 92 12
115 136 89
68 63 33
153 115 9
195 60 95
64 122 13
31 107 29
47 194 8
124 179 55
191 171 42
129 155 4
97 39 83
129 42 30
122 4 74
143 126 37
73 110 83
175 37 74
66 181 97
40 65 7
60 5 67
162 144 25
166 152 90
82 192 82
191 45 46
41 21 61
10 104 9
105 156 35
25 88 49
173 31 40
121 186 85
71 147 51
104 13 96
90 100 51
119 18 82
95 49 69
148 130 8
74 61 15
179 121 13
33 26 13
91 166 35
132 15 92
72 61 74
92 59 81
163 122 17
144 105 14
72 99 73
194 182 75
124 126 3
132 105 11
105 132 72
1 32 78
184 68 100
171 86 15
172 54 83
147 49 67
72 70 70
133 136 94
55 200 6
186 116 59
4 195 7
164 180 25
81 11 93
8 34 2
155 150 13
92 147 34
88 36 20
47 16 67
64 194 15
177 194 73
51 108 86
81 140 40
105 173 95
131 28 67
71 147 51
67 20 8
121 99 23
156 110 52
126 27 80
110 173 24
6 93 14
132 32 85
64 170 5
46 43 67
168 184 61
157 78 43
36 41 89
49 95 52
90 165 78
157 103 2
72 152 77
69 76 56
174 87 42
163 113 13
147 144 23
139 81 24
32 42 88
77 90 79
177 9 59
161 93 81
177 46 98
167 126 26
119 18 65
155 37 44
22 99 33
80 32 26
84 6 53
27 78 70
23 193 87
157 149 26
76 44 53
80 10 70
122 65 14
169 39 28
54 80 24
94 81 8
2 172 97
73 19 56
49 116 45
101 178 53
159 88 75
81 74 19
74 167 98
162 43 87
106 22 61
133 8 2
30 47 11
6 44 19
63 97 69
63 131 4
151 191 95
194 152 59
81 121 26
112 76 2
167 195 9
101 115 72
155 150 13
16 62 58
113 95 33
1 24 81
172 34 64
85 35 84
63 133 87
91 117 74
123 33 41
114 140 54
138 44 19
127 34 8
170 52 8
3 7 49
53 32 86
171 86 15
106 61 83
190 13 30
79 87 78
2 16 63
90 30 51
60 88 52
191 45 46
101 131 85
157 172 36
77 188 28
169 145 93
62 54 13
196 135 94
128 70 36
103 190 16
26 170 75
47 16 67
51 45 49
119 57 52
50 196 40
113 176 93
174 54 51
21 157 56
198 160 24
147 72 67
109 28 79
88 123 84
122 54 21
2 159 56
50 92 49
166 192 23
102 7 99
197 9 84
198 199 49
196 49 44
194 152 59
10 67 24
132 190 18
153 200 46
36 80 3
88 13 77
99 178 58
32 50 13
188 113 94
36 63 30
182 19 64
22 85 92
77 175 100
21 189 5
4 44 70
82 43 41
157 73 38
79 147 54
40 158 10
36 5 6
174 91 29
82 114 79
37 102 39
91 166 35
117 165 1
136 44 6
193 5 54
132 105 11
100 53 5
172 34 64
103 121 46
152 85 84
125 1 59
49 167 87
124 55 68
89 185 57
54 43 17
31 30 82
151 22 96
94 39 86
87 145 72
51 127 30
96 36 15
182 53 5
42 134 76
29 78 89
195 60 19
176 71 93
67 200 26
125 1 93
23 195 5
140 88 23
130 171 76
19 108 7
158 77 21
81 163 21
102 94 40
85 77 34
153 46 33
144 186 6
1 24 63
102 23 68
176 157 12
128 157 54
3 36 98
38 197 60
131 195 67
7 131 90
42 134 76
189 39 45
43 6 37
40 175 14
167 126 81
41 173 88
167 73 68
142 14 87
59 166 88
125 183 100
98 54 7
4 177 70
23 160 88
57 122 81
10 87 55
76 19 62
143 189 62
162 110 44
22 167 11
172 198 76
9 58 63
24 159 65
177 155 88
164 30 43
180 148 28
40 42 9
37 77 36
168 148 40
23 193 87
110 173 24
33 70 14
61 103 6
71 82 88
64 54 97
157 32 36
177 178 33
177 134 46
167 197 84
177 178 57
77 19 9
5 100 79
187 10 42
35 111 37
100 151 45
124 134 68
107 31 82
22 79 90
121 186 91
111 3 22
109 67 89
127 138 61
74 25 7
199 55 84
107 116 24
166 19 87
4 44 70
190 18 69
100 110 9
21 139 61
80 51 43
131 42 27
8 46 56
3 7 49
109 67 89
85 81 69
101 154 70
11 10 23
10 67 24
81 163 12
116 178 11
22 35 24
112 38 40
131 13 73
90 152 39
175 132 25
154 18 2
70 92 71
114 21 83
67 167 49
98 21 83
185 56 1
167 117 62
125 36 55
126 29 31
64 10 10
26 144 7
112 76 2
85 27 66
26 93 11
104 88 85
95 190 10
184 169 42
130 185 27
77 10 62
107 53 3
158 77 21
137 157 79
135 145 43
191 130 13
158 5 72
123 12 98
116 189 22
127 168 2
188 61 46
74 151 2
199 187 47
131 140 67
54 81 21
64 122 29
191 65 19
7 126 71
38 73 66
139 200 9
136 133 76
70 184 71
171 25 40
34 143 49
153 200 46
90 100 51
87 108 93
149 106 76
8 49 96
165 7 8
88 46 11
116 147 18
176 71 93
47 174 22
169 46 52
95 45 43
182 53 5
141 170 67
5 24 70
185 56 43
55 200 6
151 111 69
106 109 88
87 171 61
102 21 85
43 127 59
97 55 9
12 105 34
104 172 90
25 175 1
122 65 78
46 180 92
81 47 95
20 12 28
128 13 93
88 48 61
140 177 99
103 136 51
22 144 63
40 164 61
122 8 31
177 194 73
40 198 65
67 54 74
188 5 23
148 177 64
30 20 61
135 7 65
178 182 55
56 88 88
62 188 31
69 62 15
97 183 37
163 160 58
132 54 67
