200
21 192 16
114 95 3
137 94 81
46 146 60
1 8 29
25 44 27
38 174 82
184 191 44
194 119 45
27 137 13
35 136 9
178 32 61
9 3 92
194 110 39
19 96 21
189 156 81
105 18 6
39 32 37
131 180 92
55 44 44
181 61 83
158 86 31
76 77 94
55 74 57
1 90 42
169 116 45
111 187 20
23 146 95
90 195 82
82 3 99
48 68 76
24 171 98
36 52 61
84 148 19
2 158 57
71 136 62
63 107 32
6 119 50
141 190 47
85 174 70
128 8 67
68 22 64
167 72 32
135 59 99
34 35 22
122 61 54
168 114 11
177 123 8
133 167 36
29 109 72
148 8 58
83 135 68
102 84 88
195 20 30
28 157 53
129 98 28
45 167 97
17 13 62
177 173 89
156 96 49
151 88 30
156 86 70
177 44 5
60 105 30
99 98 55
25 16 14
68 138 84
136 143 31
124 48 93
134 127 77
101 42 25
36 192 80
128 162 27
160 78 57
76 170 34
44 78 39
191 102 78
76 45 3
98 154 92
81 108 63
159 145 94
95 66 2
75 112 5
83 195 73
131 66 50
1 8 16
56 103 3
89 78 84
186 49 46
12 143 88
87 194 28
168 7 18
30 164 54
26 109 98
5 143 78
9 105 2
132 83 15
92 75 79
119 106 3
73 9 43
36 52 61
13 165 80
36 10 96
147 45 84
84 37 60
39 32 37
122 68 27
34 109 9
43 86 44
21 81 65
192 127 31
29 179 68
53 148 11
154 6 11
181 39 66
94 107 24
139 63 33
120 10 10
29 179 75
150 83 24
176 84 87
97 172 14
110 27 37
151 88 86
67 48 24
78 192 3
141 47 80
38 77 53
14 147 53
152 117 13
140 128 86
72 150 97
29 59 24
58 63 30
185 11 9
135 156 55
26 107 61
55 74 57
156 30 54
117 104 50
73 74 86
99 138 40
33 195 34
200 171 64
57 22 13
168 114 5
176 147 9
10 120 2
160 161 27
128 8 93
13 197 25
12 191 39
30 5 18
37 16 13
144 167 38
29 130 4
60 56 56
155 193 79
101 116 85
43 114 40
118 144 24
111 139 58
200 171 12
175 188 67
178 54 22
118 71 31
28 137 88
123 89 30
93 85 76
145 135 37
143 41 94
142 52 5
154 68 25
63 148 90
164 113 72
1 151 84
39 178 62
161 47 89
163 76 19
77 186 71
192 26 63
70 28 43
17 67 58
117 33 43
3 199 90
24 63 4
96 121 35
131 127 10
55 30 79
171 80 71
165 66 21
75 154 43
8 133 99
45 152 91
4 129 38
116 110 22
157 113 77
16 143 14
158 87 60
182 128 6
46 70 49
19 93 55
107 103 59
200 25 26
86 8 85
108 182 23
36 62 83
82 3 99
7 21 35
152 117 13
42 61 99
172 114 25
174 183 51
142 109 54
155 77 96
89 137 4
6 7 44
6 195 58
54 136 13
22 24 66
188 124 84
127 94 31
195 44 51
14 88 11
6 77 54
97 137 38
160 161 51
43 94 16
197 172 85
133 88 46
186 104 70
105 18 6
123 113 88
189 117 23
44 161 51
37 30 22
172 39 31
179 57 75
28 157 52
44 103 39
116 10 10
39 158 13
143 104 10
200 2 29
84 11 39
158 110 86
1 95 8
162 6 32
128 162 38
3 98 67
46 188 92
63 158 33
155 130 55
53 28 73
199 9 73
156 30 54
43 126 23
175 20 3
51 64 25
125 33 17
48 160 29
98 154 92
44 83 66
28 191 17
92 157 38
37 21 39
89 193 12
87 153 22
71 141 82
186 87 43
62 86 56
161 29 62
56 16 71
4 26 73
13 167 22
12 80 43
179 162 65
69 8 21
88 171 59
165 150 52
133 167 36
1 164 90
134 56 95
126 164 82
183 101 58
50 51 26
155 117 49
112 14 16
35 1 2
80 84 12
75 135 92
84 181 79
145 182 71
180 89 27
145 135 92
145 59 15
178 54 59
63 107 4
197 172 6
71 132 68
29 34 73
32 153 53
118 100 94
147 159 72
129 25 98
6 8 47
147 125 65
58 128 30
119 141 47
26 158 64
97 20 48
130 167 6
7 26 19
141 61 94
169 117 41
36 170 42
99 183 68
93 66 92
103 132 18
156 137 30
84 77 34
60 63 66
144 13 39
117 104 50
12 143 88
142 181 2
34 171 29
62 113 89
68 75 22
2 39 22
149 135 3
192 47 82
4 26 8
157 95 16
54 44 93
102 84 88
23 136 95
11 46 1
65 91 45
197 164 90
43 83 56
77 106 1
172 147 8
107 137 88
143 68 9
178 151 61
9 195 36
160 132 99
155 117 49
153 39 8
83 113 45
199 149 18
156 72 73
49 179 72
95 66 6
17 146 12
102 177 83
16 138 56
118 34 29
33 54 69
81 143 38
74 116 89
116 69 89
192 127 31
58 82 95
147 198 12
46 146 41
128 107 51
150 27 18
19 69 17
113 83 12
56 149 86
176 135 18
91 168 58
40 118 62
12 191 39
146 58 3
112 141 38
17 67 58
115 30 7
192 174 28
62 113 89
110 180 55
15 26 35
47 94 3
68 88 97
154 18 47
95 86 32
144 84 66
159 94 19
48 53 12
30 100 53
8 6 99
60 51 36
162 63 20
17 21 62
156 137 89
81 14 37
120 64 14
91 97 27
136 143 31
164 21 21
5 143 78
87 153 22
101 113 39
52 140 33
37 16 13
64 154 73
34 191 48
66 136 4
162 26 34
138 146 67
14 172 90
177 157 99
116 62 23
182 108 6
164 113 72
127 146 40
8 195 53
21 87 74
114 32 13
160 132 14
113 54 41
67 30 71
109 56 25
79 62 36
75 178 48
36 62 35
129 81 26
61 145 12
196 68 90
23 146 95
29 144 77
71 66 56
176 117 42
14 43 75
36 87 12
180 185 43
115 161 83
79 200 63
53 159 13
68 22 64
156 162 36
51 165 38
190 48 86
134 168 91
151 78 14
122 179 65
1 96 54
60 148 26
17 13 57
13 197 40
6 77 54
70 99 15
152 74 38
129 25 24
149 10 6
97 125 21
184 156 22
14 129 98
172 121 94
129 27 94
125 158 51
55 105 66
9 37 57
26 107 61
21 76 52
77 106 1
66 136 21
164 176 40
115 170 25
150 27 18
75 184 96
197 19 12
180 181 96
42 50 49
6 8 25
23 181 7
153 51 59
118 134 84
34 191 78
156 106 98
83 113 45
113 54 58
104 55 89
172 174 58
156 86 10
135 59 8
18 85 65
68 119 7
179 164 31
120 8 42
46 70 49
126 185 50
167 185 22
81 128 34
74 180 47
106 162 73
137 149 43
133 88 50
2 41 65
95 19 48
47 185 100
66 171 14
114 32 13
66 171 96
55 73 88
152 85 16
101 77 58
117 114 54
200 45 67
89 193 12
44 161 51
3 98 95
150 108 8
92 89 21
109 56 25
38 174 6
68 75 22
36 170 45
19 110 72
155 130 5
43 182 81
125 194 2
194 78 75
40 118 2
142 24 18
153 147 29
129 133 19
82 81 96
13 86 85
43 94 16
99 58 49
83 2 37
155 142 7
29 148 94
163 76 19
53 113 26
35 190 17
107 95 44
114 122 34
131 20 93
153 21 79
80 117 48
68 86 3
75 128 84
176 52 82
83 195 81
177 95 66
16 143 88
162 103 31
99 143 6
119 106 3
151 53 27
16 9 19
89 126 42
193 7 75
44 103 39
52 188 38
193 195 40
5 135 12
89 55 46
53 28 73
36 87 12
168 27 8
35 130 34
96 121 35
147 171 48
120 61 84
11 9 83
137 146 91
144 167 82
106 162 73
184 156 22
142 134 2
192 68 79
124 41 21
22 54 84
58 175 30
159 8 41
8 149 80
57 1 92
200 124 1
94 127 78
116 10 56
98 191 28
102 177 55
77 198 76
91 74 82
32 51 83
80 117 84
165 151 77
107 144 85
97 189 52
35 100 28
107 33 17
77 111 93
52 59 19
189 156 81
181 89 37
114 132 72
10 157 33
84 37 24
39 152 63
97 59 6
136 117 83
145 182 71
84 181 79
18 156 52
81 108 63
29 31 53
87 194 63
195 105 34
1 96 54
181 51 38
114 122 98
117 114 60
12 157 85
63 10 51
109 93 94
154 76 81
192 47 82
110 198 91
140 174 17
97 34 28
14 43 75
115 2 74
118 134 84
19 134 73
82 81 60
169 163 12
158 48 47
135 126 49
118 144 47
17 5 65
62 15 15
67 48 24
13 86 85
19 175 11
177 44 5
1 86 77
177 103 27
12 36 25
4 181 14
110 78 34
125 10 69
153 51 59
87 130 17
194 175 52
7 44 18
190 48 36
120 160 79
150 108 46
91 16 72
98 67 92
120 131 68
111 184 19
12 157 27
36 57 9
170 17 84
121 195 35
100 161 87
107 68 5
176 84 87
89 126 42
71 16 45
137 111 85
14 88 74
1 86 77
106 131 20
18 1 6
191 50 3
147 37 35
21 135 53
45 127 39
188 2 8
120 192 26
57 30 17
26 187 61
199 37 9
45 104 99
58 152 11
177 90 100
25 185 12
84 11 39
25 107 98
98 169 69
136 45 41
132 180 66
168 184 95
164 176 23
95 19 48
62 38 86
136 80 32
91 51 80
79 200 86
186 62 71
58 128 30
61 29 34
147 169 8
99 143 21
30 130 6
12 175 87
32 13 87
5 135 76
122 134 61
35 61 3
21 99 86
192 68 76
147 102 18
10 34 15
103 118 33
111 175 73
12 47 80
177 95 66
172 155 59
62 47 1
133 8 52
21 41 79
84 95 49
155 76 11
1 29 3
43 114 11
57 143 7
16 132 10
54 146 50
127 94 77
180 171 61
121 58 27
158 86 77
166 95 28
29 31 3
177 171 93
54 44 90
11 52 37
85 24 22
94 106 53
125 10 69
85 24 22
104 26 13
68 88 80
19 191 23
84 12 65
84 95 49
8 185 16
22 24 66
103 118 94
108 117 48
178 32 61
113 134 41
73 59 87
75 15 65
126 185 95
13 126 93
37 181 45
30 27 11
199 9 73
99 138 12
120 160 79
146 16 2
20 181 45
40 126 97
99 58 37
133 137 87
168 161 74
131 141 21
186 45 17
75 89 10
71 132 68
178 151 35
111 188 82
4 129 74
184 162 71
24 104 22
110 180 55
1 73 66
161 29 62
66 174 25
125 94 95
184 21 78
101 169 25
45 118 99
98 191 28
14 16 9
149 10 6
79 98 77
171 165 9
19 134 99
23 181 7
99 164 99
117 33 43
19 110 72
94 190 94
176 135 83
72 74 66
3 10 51
154 168 80
182 29 72
181 51 100
17 145 12
188 2 8
17 152 41
57 158 1
75 89 10
151 78 14
134 120 4
141 47 80
172 176 52
109 182 98
158 151 36
27 40 2
17 152 77
55 102 94
186 6 11
113 48 45
63 10 96
149 135 84
66 86 63
79 45 34
77 59 53
183 26 56
66 10 70
188 41 86
191 42 95
62 140 17
68 71 13
4 134 74
113 147 45
97 179 31
65 105 54
186 153 59
155 194 56
141 61 15
162 6 32
167 62 86
156 96 90
41 57 15
182 58 67
53 117 16
179 57 81
58 109 29
134 108 54
23 136 95
186 182 62
52 140 33
6 158 47
185 78 67
25 138 37
5 67 10
184 191 44
47 196 47
9 105 63
169 117 41
27 40 47
61 157 5
121 44 11
145 59 91
8 133 73
46 127 96
43 126 28
147 21 61
181 61 83
200 124 85
25 51 29
143 34 51
30 27 11
59 159 30
134 120 4
19 93 77
49 130 14
173 9 4
94 127 85
60 11 71
48 68 67
107 137 88
142 134 2
120 8 42
97 59 25
95 130 91
122 175 7
80 133 68
108 125 45
135 156 54
35 170 86
45 118 82
15 107 44
174 79 83
106 131 20
131 76 19
35 100 67
137 175 48
42 64 35
144 84 83
69 8 43
168 7 17
51 144 99
142 24 18
92 157 38
71 126 53
68 138 84
127 188 28
16 34 18
125 33 45
32 153 53
186 49 46
54 105 43
15 142 64
153 68 12
139 40 14
86 174 73
22 99 32
27 163 11
170 132 73
110 76 22
38 182 55
58 109 14
65 91 62
168 27 8
186 107 68
32 20 20
123 143 61
182 36 29
188 51 57
126 146 56
169 172 80
149 121 49
28 191 56
165 118 13
173 68 61
17 5 51
68 119 7
137 127 79
57 1 92
3 199 21
112 150 17
58 152 78
172 39 32
41 57 15
156 106 88
122 179 53
105 74 17
81 143 96
177 90 90
104 55 38
49 179 72
90 10 43
92 89 22
113 161 57
132 9 9
139 40 14
19 16 77
86 160 32
81 51 100
138 146 67
179 53 75
53 50 60
113 161 58
80 84 12
199 38 98
151 77 37
137 94 48
44 78 39
102 75 60
110 38 72
102 181 69
173 185 60
141 43 79
179 17 97
18 72 74
68 156 23
84 30 47
131 141 99
64 18 71
113 83 12
47 196 47
107 95 33
165 64 35
120 18 78
138 152 12
26 21 41
179 164 16
181 81 11
98 141 35
54 200 18
100 146 27
79 98 95
112 150 17
37 181 45
110 20 85
198 170 83
130 71 72
137 127 67
21 81 65
194 119 45
152 53 69
26 12 32
1 95 81
72 119 64
144 55 42
53 116 52
154 168 80
45 59 71
180 181 63
10 181 55
