200
184 197 14
148 35 33
22 136 100
148 128 31
195 31 65
6 41 54
128 11 100
86 164 3
142 24 58
175 94 80
198 54 55
99 70 100
101 54 34
165 140 89
84 107 98
167 91 31
156 36 34
118 5 18
104 196 49
163 171 51
200 78 23
152 133 64
77 117 51
130 150 95
96 137 47
145 48 95
159 41 5
131 80 81
69 92 45
195 138 37
135 191 28
170 140 30
40 11 83
162 80 13
127 145 16
122 1 7
81 129 89
27 55 1
193 146 97
69 145 72
145 6 47
138 112 52
161 157 86
26 84 28
67 9 25
92 171 25
66 58 54
36 186 77
64 166 53
139 192 44
42 6 62
113 157 23
137 61 63
34 23 83
161 149 59
52 145 68
21 19 74
52 111 99
199 104 23
31 54 77
4 109 49
193 87 74
66 110 8
4 38 80
101 60 75
103 36 78
160 147 28
120 51 5
122 80 22
5 28 50
24 176 14
101 186 5
54 153 91
5 117 50
156 130 34
156 130 29
53 66 76
190 175 54
193 146 96
138 140 72
82 87 46
192 31 65
4 112 47
30 144 48
122 25 28
7 105 15
17 151 44
178 145 11
77 16 69
170 78 27
143 65 98
144 103 51
12 175 10
51 116 44
57 109 25
96 137 41
118 145 80
158 54 62
177 165 78
79 31 13
158 66 8
7 196 60
75 129 97
69 145 74
19 30 66
31 193 39
166 72 29
28 125 95
168 19 63
167 18 6
89 160 99
101 167 72
11 141 28
25 90 50
9 150 33
11 141 43
68 87 8
134 13 61
83 194 42
167 73 5
115 191 36
53 81 56
161 149 70
77 172 16
39 143 44
185 181 82
1 158 80
197 153 37
141 45 14
17 36 75
159 18 57
12 175 100
54 95 88
19 109 4
72 191 39
184 24 25
9 151 3
82 98 68
6 79 66
45 43 40
51 116 51
174 110 64
55 46 40
176 151 55
186 78 67
53 127 50
158 54 1
102 33 50
63 37 30
103 35 37
12 185 8
81 46 33
11 185 38
117 103 73
116 54 45
97 64 83
148 112 87
29 58 24
9 145 26
81 162 48
66 130 35
113 48 65
62 33 63
124 153 30
78 155 92
6 135 52
95 154 23
179 51 61
98 152 29
119 84 70
103 44 96
61 67 77
93 91 11
180 56 75
15 78 72
81 45 95
189 43 7
128 41 23
43 33 41
87 195 48
122 1 7
39 83 14
77 123 73
55 83 16
146 120 99
92 150 38
52 187 74
51 200 13
81 80 48
166 84 23
27 18 81
104 147 75
21 55 58
193 141 26
82 83 13
126 35 20
13 194 81
178 145 43
66 89 65
187 122 72
156 33 2
184 46 50
140 146 80
101 167 78
80 91 42
80 115 73
55 83 3
144 82 46
50 198 6
166 72 21
187 23 74
109 106 71
57 109 25
24 175 92
34 141 31
38 85 72
109 184 45
45 177 84
73 72 38
21 55 20
38 124 13
191 99 72
18 189 96
143 135 8
84 42 77
153 23 82
30 77 37
77 16 69
9 23 2
91 28 96
2 157 62
51 184 61
7 200 96
103 35 37
41 104 86
198 121 22
142 195 4
77 175 8
21 63 34
32 125 45
140 7 86
151 48 96
176 194 29
17 93 44
6 162 2
149 86 90
53 127 10
139 132 63
168 136 22
54 114 70
98 25 83
189 155 20
167 141 14
55 96 4
98 47 50
44 39 64
122 54 40
60 62 43
6 41 54
27 85 58
145 105 79
23 197 47
99 175 25
48 59 31
199 105 13
54 94 69
138 36 70
28 142 72
10 5 8
138 36 33
190 21 43
135 165 97
195 48 13
174 200 71
59 185 47
131 109 88
22 136 25
200 157 19
59 98 16
5 187 80
46 37 89
150 78 16
97 176 97
147 72 95
193 184 25
32 125 45
154 34 91
3 100 50
13 41 38
97 107 29
116 78 2
177 42 1
153 8 70
116 78 2
148 195 21
45 177 84
86 77 63
164 62 39
159 21 44
19 181 65
68 16 44
66 89 65
176 172 17
95 67 52
103 9 41
42 83 15
135 165 97
118 191 3
181 54 45
83 95 15
139 41 38
127 78 48
106 33 22
141 45 14
54 90 6
31 87 28
29 42 19
43 78 99
137 146 92
18 155 40
150 196 51
180 56 75
110 195 98
189 95 88
27 184 67
48 32 87
102 33 50
32 158 74
163 171 51
41 104 90
121 16 41
51 170 1
19 165 42
91 28 82
50 19 69
116 102 10
19 109 4
7 196 12
95 6 60
156 139 77
136 89 49
137 61 63
22 47 96
145 49 16
11 185 38
118 3 69
111 34 34
123 28 64
21 63 34
199 143 29
139 19 76
170 188 81
195 81 84
139 196 21
52 48 35
177 1 69
78 159 35
40 62 68
121 200 19
162 157 73
115 160 33
59 127 18
22 131 51
19 30 66
102 198 82
5 87 40
120 6 76
136 23 19
38 72 88
21 108 59
127 16 47
7 162 57
154 1 44
146 184 55
49 178 94
10 136 23
59 57 61
70 128 23
90 76 45
83 199 28
111 160 4
145 49 40
78 71 78
30 193 42
49 50 59
184 24 57
16 14 39
150 43 42
63 196 9
18 142 98
40 51 23
152 159 97
174 160 33
43 26 27
44 65 14
63 11 80
37 149 95
12 101 63
16 11 70
6 188 62
29 58 99
165 109 26
86 53 59
85 72 52
147 52 69
51 199 14
180 22 57
192 96 29
59 153 69
16 11 70
161 196 74
188 187 36
23 67 62
45 43 40
72 57 60
91 29 89
5 162 16
77 137 11
117 34 89
160 139 88
49 147 70
135 42 92
50 19 48
188 154 23
148 147 64
18 92 70
85 1 19
189 110 67
30 183 65
68 80 3
17 93 44
185 99 87
198 54 55
166 47 26
28 189 44
23 17 90
140 120 98
170 186 60
88 163 99
141 138 59
191 166 12
85 44 38
178 118 16
58 99 69
197 82 78
170 198 86
141 138 38
42 175 43
108 79 6
7 200 96
121 97 75
125 141 13
4 106 10
16 23 44
59 65 60
12 101 33
54 114 69
164 13 65
59 185 19
99 196 96
171 59 3
40 191 70
111 197 69
82 98 69
48 158 29
141 109 2
64 24 48
126 62 57
33 155 87
79 198 42
69 25 20
95 152 29
10 57 91
176 194 72
123 32 64
97 105 49
91 36 25
115 143 44
42 175 43
136 23 19
19 131 57
152 2 5
126 122 18
66 58 10
148 137 92
173 96 26
183 172 75
168 134 78
64 24 48
172 185 59
25 90 50
93 187 64
200 156 54
51 55 42
174 33 71
51 199 60
71 82 95
121 195 1
131 32 50
31 193 39
14 105 13
43 37 77
158 109 1
68 52 82
7 159 79
81 127 47
136 101 8
183 1 16
143 135 8
191 7 54
110 142 98
47 116 26
60 133 26
33 147 41
22 160 76
105 157 2
160 132 40
191 99 47
42 41 80
152 190 36
31 55 7
30 10 28
144 50 88
72 93 84
53 110 64
152 133 74
54 91 41
175 120 93
58 94 89
39 178 57
95 128 97
49 178 85
139 117 66
38 72 88
58 37 55
154 1 90
38 147 96
58 71 44
104 47 45
196 10 23
128 173 21
18 37 42
187 100 87
74 104 32
60 29 57
115 27 61
69 43 97
19 128 23
89 198 97
51 200 53
120 144 10
144 82 78
126 194 41
63 69 12
126 158 3
25 4 5
120 144 10
47 133 42
101 186 5
131 55 95
98 25 83
165 147 43
121 16 61
153 175 71
82 128 81
28 142 72
14 148 10
22 10 60
178 28 53
110 195 98
66 2 38
66 2 38
62 145 18
140 56 24
79 199 26
193 142 100
154 34 91
5 28 89
15 36 43
141 73 55
135 110 17
92 47 26
99 179 50
147 52 93
24 131 90
15 36 64
48 63 58
145 20 20
34 42 79
198 118 41
167 18 6
189 145 2
28 189 44
85 72 2
152 72 47
88 27 73
16 72 11
3 147 60
6 67 55
122 25 13
141 30 15
145 6 47
167 91 31
86 136 92
153 46 36
114 53 75
75 116 91
49 15 9
2 165 96
94 150 41
11 97 39
148 168 41
137 4 21
54 33 38
22 6 58
194 41 95
40 138 6
141 48 16
93 48 89
113 9 25
160 138 92
6 103 94
122 54 40
78 96 71
100 95 16
93 91 29
46 148 90
140 56 77
13 79 33
52 111 99
189 43 7
115 66 77
43 37 74
74 179 76
166 84 93
140 187 69
44 109 61
56 95 5
164 170 84
120 54 88
191 73 43
137 13 83
121 60 38
93 164 97
158 122 44
63 89 68
128 22 50
34 73 50
112 42 41
71 173 58
18 92 70
177 117 37
61 39 15
11 139 15
23 197 47
174 90 7
188 178 56
147 72 80
32 29 65
131 109 88
174 187 32
44 39 30
190 94 18
146 88 85
161 89 31
89 36 13
95 23 4
47 10 39
47 24 87
104 43 24
165 3 10
86 164 95
199 15 22
84 21 47
85 86 52
54 108 63
28 23 10
176 82 50
85 37 98
183 85 43
14 4 71
5 17 36
110 13 77
150 152 54
4 194 90
61 41 69
196 2 76
187 177 59
6 18 56
101 197 15
5 145 24
83 199 6
55 65 33
140 106 72
110 5 20
103 141 41
68 80 3
85 119 31
104 47 12
56 95 5
167 141 14
14 17 19
181 50 96
48 45 62
183 1 16
143 65 43
77 184 19
121 200 19
82 189 70
94 81 32
70 128 23
15 67 91
138 162 38
58 94 89
178 54 34
54 104 12
54 33 38
165 109 95
48 45 61
168 134 5
118 5 18
58 37 30
114 138 85
89 13 84
148 137 28
85 37 98
177 11 19
48 122 33
128 22 50
38 176 63
40 138 6
123 28 36
196 80 22
118 191 3
8 168 48
33 110 83
88 27 81
30 10 28
81 129 89
147 53 10
156 58 71
122 168 12
86 77 92
85 86 52
96 54 92
109 78 36
32 55 49
113 197 62
55 104 68
95 129 88
121 3 91
71 82 53
110 172 25
54 104 48
95 197 49
114 95 94
149 97 2
144 168 12
69 92 45
102 198 27
115 185 88
37 111 58
45 129 1
103 194 87
92 3 95
99 179 60
37 149 95
35 44 20
5 116 56
6 67 55
15 78 39
187 147 39
92 98 8
22 160 76
148 181 67
68 102 5
85 49 79
139 28 70
77 184 92
188 32 45
92 150 33
171 102 85
40 11 83
134 196 42
16 14 39
139 117 66
198 96 75
128 173 21
115 185 98
72 60 92
105 140 88
116 62 91
160 83 22
148 112 56
127 62 87
51 119 99
61 10 39
67 9 35
147 53 10
2 118 30
10 5 54
96 118 43
198 164 68
124 26 32
31 54 59
148 168 29
134 13 14
20 68 9
72 10 28
175 120 48
101 60 33
156 62 45
175 39 100
180 123 26
102 13 51
54 90 6
18 155 40
138 128 90
160 28 67
9 101 9
71 130 77
186 177 96
101 32 54
154 58 5
29 52 60
74 58 89
93 48 89
37 111 58
5 57 34
72 165 21
200 156 54
125 141 13
72 191 39
25 48 32
137 13 69
99 143 4
62 127 53
191 166 41
193 31 29
129 162 1
130 145 46
26 82 75
20 68 98
200 169 53
197 55 76
16 25 41
3 189 69
95 1 18
84 21 47
158 122 35
131 80 81
172 185 11
155 136 57
77 71 90
109 140 92
33 67 3
22 79 8
190 21 20
126 121 55
133 155 77
55 96 4
140 102 93
185 182 63
88 10 75
185 174 22
170 19 44
147 183 71
152 26 23
165 52 39
134 130 54
184 46 93
4 116 37
29 21 24
44 27 72
1 44 66
13 9 80
112 42 41
187 135 41
82 87 46
71 130 81
12 56 86
176 170 95
36 94 17
47 116 26
59 174 96
91 179 100
103 82 45
121 3 33
151 78 78
6 193 67
126 183 46
152 181 84
148 128 34
127 71 26
81 162 48
131 196 61
1 124 48
86 176 77
90 5 54
150 113 38
161 107 52
3 109 74
92 147 39
164 116 59
126 164 35
193 184 13
195 138 93
30 39 38
139 102 22
187 100 30
108 79 72
95 141 15
24 67 68
72 60 90
140 7 86
12 197 11
98 3 98
22 6 89
131 55 12
127 62 87
27 18 93
28 125 95
170 19 44
18 173 93
139 159 19
122 168 27
54 153 91
45 101 99
6 103 94
144 165 72
4 116 37
13 55 36
88 10 12
178 155 78
198 55 64
199 104 39
151 112 44
85 33 80
62 65 20
189 95 92
73 147 54
152 10 69
104 196 49
21 25 57
10 26 46
27 85 60
95 23 29
28 174 5
188 178 56
153 46 36
152 190 8
110 13 61
34 23 83
188 154 7
149 86 90
27 42 52
50 14 81
69 89 10
125 155 45
56 28 38
134 130 91
88 163 74
40 62 68
131 171 49
49 14 46
174 200 47
180 22 39
55 104 68
124 80 15
152 2 5
15 122 8
61 41 19
58 130 45
125 155 45
181 142 70
153 23 82
65 22 8
182 49 49
151 130 87
9 101 9
47 24 87
7 159 79
104 43 24
158 66 8
121 60 38
24 22 75
124 160 95
192 24 79
54 36 8
143 123 3
23 162 16
136 168 21
17 6 93
174 160 9
190 175 54
192 59 100
198 164 74
