200
121 90 99
92 11 16
19 114 65
9 143 10
45 182 41
77 113 92
121 192 6
149 39 83
32 185 67
76 137 6
58 135 71
131 46 95
119 27 20
134 105 65
43 200 44
92 28 58
150 55 70
74 67 30
49 151 38
46 52 17
36 2 71
110 60 57
159 20 59
9 162 7
38 125 59
29 161 99
27 114 57
5 86 8
120 62 43
191 55 73
104 113 66
111 151 89
64 9 61
122 171 48
74 64 37
83 140 6
130 4 2
94 136 79
61 64 73
94 56 10
79 126 54
106 146 95
163 152 36
186 177 32
44 52 67
91 37 35
39 104 36
106 103 30
199 37 47
73 109 95
43 175 82
189 11 87
151 91 24
38 137 32
80 70 80
97 77 34
138 22 28
14 95 36
7 28 17
199 151 48
90 15 44
11 10 2
187 47 47
145 181 91
58 145 97
126 13 36
90 12 40
149 39 83
111 99 37
78 69 74
119 39 48
92 52 36
183 186 13
199 40 19
150 105 21
58 135 6
9 137 54
83 165 68
47 106 73
167 162 41
39 142 76
154 118 26
118 38 38
16 13 57
26 34 87
42 183 30
164 67 6
197 182 46
16 13 57
116 52 31
178 63 40
121 189 23
156 179 10
78 196 36
132 143 93
123 128 22
173 53 42
70 9 26
64 113 76
167 115 55
52 80 3
80 175 99
134 97 59
37 35 60
109 54 29
160 192 35
55 1 89
68 111 69
43 2 69
18 55 27
189 111 71
193 71 20
119 27 93
84 81 51
158 137 84
34 161 25
29 186 57
99 172 65
17 122 64
65 135 16
190 9 54
178 157 17
136 61 35
67 29 5
31 29 86
49 151 24
109 102 34
193 75 80
126 123 31
145 181 91
142 165 13
14 154 26
26 13 7
83 131 67
70 191 3
76 78 22
11 179 41
138 182 42
95 55 82
15 8 56
181 60 33
8 170 45
75 4 2
139 136 52
90 166 34
93 119 28
26 81 41
90 21 18
27 49 52
145 154 27
140 71 37
18 9 49
170 11 50
22 61 59
38 81 62
80 86 67
11 40 6
26 110 4
168 28 78
41 123 32
119 39 100
169 31 5
183 135 33
121 67 33
52 140 70
83 81 1
42 1 17
122 194 37
129 59 75
65 4 31
63 166 44
8 129 85
126 100 95
105 197 74
1 198 94
151 94 20
54 86 5
53 139 93
187 17 27
180 15 2
66 10 1
155 53 80
86 79 39
13 135 94
34 125 20
41 86 45
197 18 88
197 59 83
186 95 12
140 21 2
4 30 99
12 138 76
76 36 15
187 69 49
172 75 23
156 122 78
182 33 60
200 108 26
38 49 6
97 47 69
182 146 30
84 34 5
15 8 42
111 125 100
175 86 40
74 72 56
37 161 37
139 127 71
103 179 24
83 40 83
106 104 45
189 11 41
42 1 17
129 60 81
87 151 32
106 75 28
164 123 95
118 66 56
101 61 6
3 60 64
50 143 4
110 35 45
29 186 86
154 120 41
189 184 78
35 25 22
1 66 18
140 55 8
73 188 51
74 64 37
46 99 59
65 164 5
80 86 52
185 124 87
68 86 36
35 27 97
2 49 64
120 98 83
87 68 66
166 194 43
156 174 48
96 42 50
155 50 21
173 190 83
179 79 39
34 161 75
30 87 96
76 117 42
22 84 76
147 65 86
184 123 17
88 191 86
27 175 2
95 143 40
44 52 61
63 175 35
94 135 100
180 41 74
106 146 95
35 12 94
194 20 34
124 56 95
107 156 35
112 82 83
151 53 32
122 17 77
66 101 18
181 59 18
11 119 25
46 101 21
108 125 91
124 173 91
183 135 33
62 56 53
93 168 67
80 141 8
69 82 22
121 22 97
94 84 95
16 128 65
192 38 5
66 140 14
22 136 98
104 183 76
127 17 26
183 186 13
66 106 36
174 181 95
196 68 4
44 1 93
151 53 52
85 146 2
54 86 5
16 52 36
88 54 100
172 169 51
91 56 16
142 126 30
135 93 50
197 92 72
160 98 5
185 30 31
136 16 11
35 61 85
5 53 84
3 114 48
83 3 97
14 154 24
85 121 86
12 43 31
120 169 67
16 172 26
37 45 20
35 166 18
62 25 88
157 135 45
20 7 30
115 162 30
152 64 70
120 189 50
176 59 81
157 25 33
150 88 30
49 133 58
136 14 12
75 136 29
121 196 51
134 69 37
75 129 54
194 22 1
109 88 45
29 159 72
55 74 50
189 55 6
182 24 26
122 195 68
19 200 3
33 123 85
64 47 68
94 32 26
188 75 92
130 116 64
91 22 28
40 153 73
102 24 72
122 61 5
122 73 55
25 75 35
182 24 26
166 162 11
21 104 27
13 81 92
59 61 97
26 102 26
106 79 65
122 175 15
101 61 6
191 131 13
184 77 29
59 196 87
139 136 52
137 93 22
174 160 84
102 109 12
41 184 15
149 148 99
13 140 79
44 198 41
4 30 99
177 102 77
199 128 81
169 48 80
14 28 97
151 143 58
125 156 65
109 187 63
189 55 6
122 145 32
31 159 9
106 188 77
43 169 40
5 69 97
8 170 45
178 123 50
40 89 29
11 151 3
51 146 96
189 131 85
12 82 35
58 147 40
21 26 72
180 176 71
52 118 89
83 9 59
74 81 21
76 142 33
130 19 56
147 13 18
178 200 10
75 10 7
61 64 65
90 139 3
100 164 98
65 26 92
48 77 83
62 25 88
115 198 69
2 170 58
172 83 27
175 12 40
91 198 75
157 161 83
174 160 84
28 186 6
185 87 94
55 74 50
53 173 56
110 130 97
119 61 65
51 81 100
184 77 25
99 79 5
75 17 92
139 37 1
191 56 16
122 194 37
156 166 79
76 145 28
13 140 79
26 34 49
76 36 75
75 10 39
94 145 76
142 126 30
51 31 24
197 92 39
16 43 80
20 177 51
85 129 15
166 84 71
163 200 100
195 152 26
129 8 89
67 80 1
198 23 37
146 153 73
109 88 45
8 27 25
18 105 24
104 137 53
59 190 61
77 50 15
70 150 40
120 137 58
163 84 63
118 150 90
1 146 43
164 12 51
39 22 63
60 2 56
102 29 63
154 120 90
52 85 60
200 108 48
106 12 71
114 53 80
197 107 92
150 19 11
118 150 6
182 34 100
128 48 31
25 75 35
16 127 8
104 164 79
66 10 1
18 9 49
173 79 65
46 23 86
35 27 97
196 177 83
73 130 79
20 199 61
114 29 11
139 145 92
45 131 55
124 96 73
103 67 50
136 13 25
120 133 16
85 142 81
29 49 27
172 46 97
111 193 23
97 49 4
99 131 74
164 67 89
29 105 5
147 145 28
51 146 96
144 136 52
44 130 33
60 168 93
86 79 73
137 93 43
199 40 19
159 91 5
118 77 28
2 200 53
92 11 16
197 18 68
178 157 17
199 166 9
71 55 83
115 162 30
148 114 28
7 179 40
85 4 16
41 123 28
109 187 5
43 181 7
9 84 22
43 175 41
51 62 30
102 198 35
141 140 80
32 123 44
18 105 24
74 72 56
37 16 72
176 196 82
144 167 81
59 172 59
22 48 11
167 160 84
157 47 21
99 50 93
197 59 76
135 83 77
147 13 23
184 187 80
113 42 97
14 46 68
125 1 67
46 99 44
62 107 15
11 50 79
195 152 45
50 10 91
185 87 94
122 61 51
188 2 54
195 3 31
6 29 61
139 145 62
135 180 8
26 157 50
90 21 86
148 109 86
134 105 25
81 119 19
92 169 35
116 172 50
29 49 27
106 75 28
61 122 85
27 128 66
58 116 38
141 145 44
105 120 35
136 61 35
156 100 16
91 16 94
41 61 94
96 165 35
195 131 21
63 48 93
86 184 6
92 73 66
14 54 37
128 48 93
195 42 4
187 2 77
131 186 56
103 67 7
141 35 91
154 135 89
105 106 1
181 60 8
39 26 14
156 40 31
183 158 54
41 184 15
46 101 21
160 164 7
12 104 69
47 58 12
107 13 49
76 61 8
91 198 14
105 197 55
40 4 4
187 69 49
101 93 13
22 114 35
32 4 52
180 41 74
70 150 40
157 135 45
192 162 92
59 61 97
90 15 20
77 63 29
109 148 60
188 196 92
172 2 28
195 3 95
78 83 76
157 25 33
109 51 96
189 178 44
11 165 25
21 74 91
155 53 16
197 189 55
176 59 81
76 196 22
104 113 66
177 102 13
92 54 32
101 158 47
59 172 82
111 169 1
144 39 41
1 198 94
76 142 33
49 159 56
75 129 71
133 182 5
173 187 86
22 76 40
145 154 27
64 9 61
100 164 12
120 115 14
122 145 32
108 125 34
49 141 58
180 176 71
129 99 13
53 173 100
146 153 4
2 200 12
70 149 58
52 85 83
182 34 24
4 181 14
184 123 61
32 4 39
7 151 61
165 9 48
151 13 70
145 105 70
126 77 67
187 2 95
111 151 89
102 165 100
60 66 61
75 17 92
173 190 83
7 28 17
44 130 49
11 33 64
142 78 86
137 84 49
90 99 82
47 5 36
137 25 14
9 53 61
52 118 89
101 148 5
100 124 13
29 188 73
90 135 5
66 119 14
14 46 50
26 13 8
81 33 2
79 133 4
55 81 22
21 104 27
69 82 22
187 41 69
43 139 97
121 196 41
96 15 56
175 6 42
111 169 1
174 106 90
1 100 2
188 137 4
158 16 16
133 56 3
53 139 93
120 62 44
3 11 34
74 67 78
118 47 86
123 148 7
191 193 17
118 77 28
79 133 99
178 184 11
40 153 73
77 170 52
197 158 52
158 16 16
70 191 3
82 148 90
63 48 93
3 159 72
94 67 18
152 123 58
130 19 56
129 8 40
22 114 59
84 81 51
38 125 57
119 93 30
155 4 66
59 196 35
116 172 30
106 39 70
182 171 60
82 100 75
81 119 4
54 114 13
46 110 12
111 66 96
8 129 85
128 140 56
49 133 47
116 74 65
71 105 89
91 22 55
85 129 15
76 196 36
22 126 63
77 170 39
43 190 2
92 73 66
58 69 41
59 164 58
39 40 34
83 132 90
39 142 76
46 113 34
172 200 98
192 32 86
108 137 67
37 161 89
166 162 37
41 61 97
57 69 62
126 123 84
105 183 24
77 182 30
121 151 97
181 169 68
60 2 6
166 194 43
146 41 99
169 37 60
119 61 69
18 62 66
34 133 34
137 46 10
130 116 64
199 164 48
16 140 3
173 43 40
87 151 25
26 65 76
10 59 5
169 104 38
27 19 77
31 159 9
178 150 35
76 143 55
24 1 1
58 145 13
60 30 16
44 59 20
180 15 2
70 149 58
3 11 42
88 54 45
64 46 50
101 179 53
58 147 78
96 47 38
100 124 13
95 55 39
188 75 12
158 96 23
66 119 14
19 62 94
157 11 44
123 194 32
66 151 76
122 179 36
120 137 58
58 116 34
42 53 100
94 7 60
53 117 93
139 195 22
80 84 24
162 96 91
28 104 54
47 5 36
35 37 82
163 152 53
122 171 3
127 156 67
29 122 33
172 76 43
3 71 72
18 27 90
66 101 18
121 22 38
90 12 40
186 149 100
111 73 37
137 82 60
151 126 50
148 41 33
93 177 36
15 191 36
89 60 52
68 12 79
94 32 17
148 41 33
128 193 32
191 193 3
152 80 65
83 156 47
60 30 16
64 47 30
47 159 95
50 136 49
69 31 9
91 56 2
78 196 98
172 75 21
69 169 67
142 121 10
141 140 42
41 115 85
22 78 28
96 52 38
97 77 45
27 114 57
189 193 36
164 123 97
84 63 63
130 166 38
90 57 55
92 25 67
147 164 9
198 152 59
174 190 16
13 135 94
62 56 69
19 62 54
174 24 87
83 98 63
197 154 57
15 191 56
67 98 65
108 73 58
191 131 13
59 190 82
110 35 85
150 105 21
68 40 93
122 73 34
82 168 62
92 168 36
104 164 79
121 192 11
96 15 56
35 166 79
114 17 62
92 82 19
54 171 67
26 103 43
111 162 78
160 184 85
138 168 70
175 158 36
68 199 24
163 62 79
174 37 90
52 184 82
175 39 42
121 68 72
66 135 54
192 64 53
26 102 26
184 15 79
67 172 67
167 115 55
133 110 29
185 76 54
151 91 24
21 26 72
29 105 28
77 113 92
47 159 30
165 42 35
152 80 65
91 37 81
82 168 62
134 69 31
36 185 70
175 6 84
112 75 96
110 175 73
42 123 48
152 167 63
33 39 17
100 103 11
150 185 81
167 162 41
73 103 27
191 66 68
101 93 13
14 95 36
156 122 7
135 19 51
189 131 85
189 154 96
74 82 19
38 77 90
90 87 32
156 166 79
108 137 67
91 88 67
114 90 19
186 61 73
60 86 19
164 35 81
177 65 65
82 183 47
98 183 42
25 74 29
70 9 29
128 47 77
82 6 56
198 167 71
127 12 57
16 52 43
109 102 28
123 128 22
58 69 95
146 122 69
187 47 47
74 95 1
175 72 90
163 84 63
25 179 9
1 66 56
83 156 99
93 20 70
37 159 59
22 78 28
170 31 40
24 196 17
103 138 67
29 77 27
66 140 35
103 128 30
160 192 35
193 79 49
105 87 73
149 78 83
182 2 91
151 157 64
50 143 19
105 41 68
33 99 10
189 109 83
4 17 62
11 165 25
83 131 67
189 193 36
3 159 72
54 47 7
164 10 91
76 143 34
43 26 63
159 31 49
196 68 5
66 105 28
164 12 51
38 77 90
184 187 80
168 137 74
195 6 52
102 133 39
200 100 45
176 78 92
106 188 77
52 184 94
184 59 100
112 75 26
127 12 57
189 188 55
29 77 81
136 14 77
116 74 65
161 187 99
109 148 87
178 154 50
78 123 37
93 17 35
135 93 16
106 12 71
43 139 48
