200
84 35 70
133 103 65
130 56 14
70 165 74
63 142 76
72 143 77
187 106 26
95 29 65
168 74 59
128 185 94
27 177 25
81 188 67
197 63 39
5 111 3
81 65 94
172 142 74
127 149 8
109 148 47
53 130 49
99 158 56
46 185 85
132 119 26
108 169 56
22 189 64
68 115 84
104 143 36
197 14 2
161 160 25
111 103 29
71 47 36
122 12 29
161 25 14
194 191 4
174 15 1
77 145 52
196 111 37
164 185 48
38 31 46
22 189 64
29 134 27
91 92 79
33 88 92
143 67 84
89 175 74
106 63 9
168 166 68
135 70 94
197 140 1
104 114 30
190 19 64
179 185 65
102 18 35
175 193 97
14 190 6
42 10 43
143 140 15
75 54 43
99 22 43
31 167 95
118 113 82
87 31 16
13 167 14
157 175 24
67 100 20
113 161 71
47 102 89
7 55 84
29 158 74
185 52 89
140 187 72
83 37 49
187 55 63
92 100 20
2 27 95
68 103 90
6 169 44
59 11 48
182 101 16
73 171 16
158 16 43
64 171 82
123 13 79
69 63 98
20 3 38
112 95 65
55 97 14
162 100 46
147 99 16
178 12 22
3 92 77
22 123 46
129 101 31
106 121 14
69 63 98
99 76 93
80 61 100
3 101 60
2 199 45
191 169 13
86 98 48
123 99 3
74 156 2
16 89 31
114 11 88
197 173 70
183 82 66
73 191 45
29 172 49
148 54 66
47 25 55
173 79 78
33 82 91
199 152 46
10 9 30
182 38 79
137 105 78
150 191 99
37 9 89
107 155 88
171 189 46
188 124 44
196 41 99
169 157 39
68 4 2
3 101 72
58 31 51
106 162 47
146 5 41
162 100 46
200 74 82
200 100 34
28 95 20
9 53 59
51 46 55
15 115 15
23 31 19
17 117 27
67 91 49
87 80 49
30 48 21
77 59 47
38 24 43
171 129 85
119 145 78
29 97 76
58 64 70
8 158 49
114 188 43
42 190 52
180 184 74
27 6 58
42 197 100
48 117 5
181 148 56
37 30 32
92 148 98
24 100 6
31 81 21
68 115 34
98 116 100
39 52 56
25 77 66
99 124 21
184 145 72
104 39 24
128 197 52
91 64 69
101 11 38
197 63 96
47 18 40
2 43 7
52 145 52
44 88 75
80 143 33
139 20 85
167 99 13
86 32 71
9 148 95
186 66 25
177 68 27
157 73 46
151 177 47
191 115 5
32 86 7
64 135 26
72 68 68
88 78 58
53 121 56
132 195 90
160 157 66
92 106 54
171 153 58
199 152 13
147 125 80
163 35 31
187 41 20
21 148 32
16 5 26
109 79 31
87 121 50
164 192 42
158 138 60
168 111 25
95 85 29
14 93 33
6 40 90
186 22 69
100 27 39
29 90 7
157 37 46
32 119 70
106 63 88
7 102 32
117 128 71
93 31 42
48 139 34
33 159 58
38 31 46
77 168 59
98 151 23
106 43 31
121 32 56
168 139 28
119 105 25
98 125 18
131 175 76
70 12 5
25 72 5
80 95 74
5 103 8
150 71 96
36 149 85
5 74 32
92 32 34
8 158 49
98 113 76
129 139 61
153 59 85
147 137 79
144 44 11
47 20 85
30 48 21
64 40 38
114 178 82
131 109 55
105 169 74
22 184 46
200 74 21
59 3 1
172 11 24
130 170 37
16 5 91
46 130 24
105 149 88
160 85 92
177 34 74
98 77 43
173 46 25
181 146 34
109 79 72
29 155 72
70 96 68
171 136 38
70 165 55
84 195 74
176 184 92
7 81 86
34 37 11
158 1 54
132 153 2
47 142 41
84 186 48
114 133 1
185 169 61
123 163 57
155 139 39
18 61 68
20 177 87
165 195 87
84 109 47
141 134 87
91 21 15
109 56 24
17 130 59
176 19 26
131 109 5
114 156 94
168 166 28
184 49 94
46 84 80
190 68 55
184 185 61
115 30 87
190 19 71
22 110 80
149 12 85
61 153 86
72 21 25
34 1 57
123 13 79
159 17 50
156 68 49
3 193 33
44 91 72
16 105 77
200 84 54
63 176 95
105 183 81
123 168 4
153 89 38
146 38 81
5 103 8
47 150 88
177 156 21
41 153 50
9 129 83
199 114 19
43 122 43
13 176 44
158 159 63
90 74 46
93 27 37
117 167 24
173 118 18
9 112 59
99 64 88
164 90 91
21 39 78
156 178 75
35 67 10
184 185 42
173 40 18
136 189 31
118 199 88
130 150 78
70 12 5
145 108 64
187 89 22
3 10 85
120 132 39
29 149 60
199 174 48
18 131 15
124 112 58
12 48 45
24 140 2
128 27 6
184 49 94
36 190 39
148 139 46
131 147 29
11 154 13
57 153 30
124 111 73
182 38 77
51 40 35
115 40 20
89 27 83
120 179 63
71 47 36
103 125 45
20 166 7
99 193 4
166 31 30
172 142 21
50 83 23
2 179 96
51 169 27
178 55 89
149 12 59
88 100 75
120 141 6
112 104 86
178 112 84
86 98 21
167 100 59
118 145 63
129 101 97
10 144 27
154 54 91
126 71 95
42 10 43
13 63 74
110 22 50
43 18 95
72 68 68
156 96 93
180 80 23
32 119 87
29 90 7
77 168 74
70 161 44
92 160 36
138 103 37
169 5 45
50 112 49
74 156 2
87 38 3
30 3 65
46 130 22
42 106 57
36 190 39
141 11 10
100 61 83
173 142 86
42 109 71
36 110 31
197 158 69
20 50 13
183 18 11
29 81 91
38 173 68
127 146 65
164 113 24
155 99 34
80 143 33
191 91 38
17 130 59
15 94 69
50 56 73
155 89 93
182 130 16
142 9 62
137 186 2
126 3 43
89 50 89
186 20 35
16 161 73
119 105 25
127 74 42
184 154 73
92 148 98
91 167 13
29 104 31
184 67 61
92 66 65
176 18 25
185 142 28
114 133 61
19 172 80
51 169 27
43 18 88
89 86 81
82 158 13
50 83 23
78 24 56
77 6 39
102 74 88
176 19 26
47 166 92
92 160 36
155 139 38
170 37 15
93 27 63
197 33 35
3 129 96
14 38 4
6 76 47
142 9 85
159 58 66
26 84 81
125 26 25
48 5 69
71 90 53
126 93 22
173 114 76
170 9 58
24 181 87
49 186 99
120 150 93
158 32 38
111 2 3
1 51 86
18 131 15
137 181 98
18 61 48
150 137 41
115 132 40
47 150 88
71 117 47
37 91 15
156 96 14
70 96 68
154 45 39
44 68 89
91 31 87
151 177 47
53 121 56
188 189 15
13 197 38
184 102 74
40 91 92
180 80 23
158 8 40
127 151 3
187 120 10
25 76 40
128 185 94
148 130 91
94 136 71
133 114 2
61 77 31
3 38 8
164 4 16
191 72 2
170 127 68
25 187 90
24 100 88
22 25 44
76 133 45
148 62 85
82 180 73
181 146 46
103 164 60
112 52 20
90 74 92
17 197 40
166 180 41
25 76 20
3 10 42
158 48 73
17 57 93
30 160 32
106 127 14
74 36 80
149 108 68
120 165 52
7 114 5
108 110 77
62 4 32
52 151 83
55 97 14
141 136 32
50 104 64
22 130 35
91 64 67
7 41 47
104 143 36
92 78 2
31 72 85
120 42 54
78 81 46
115 30 87
168 181 85
139 20 72
7 183 26
100 111 76
172 33 100
137 151 98
135 119 70
60 70 71
71 24 87
157 155 100
168 125 62
68 4 2
115 166 52
105 15 19
193 188 38
4 115 18
10 116 1
19 172 66
144 133 89
182 147 38
119 35 33
99 63 12
130 25 34
5 111 70
149 167 14
141 150 10
36 195 59
113 174 77
8 117 12
71 152 33
14 90 32
171 136 82
16 176 69
40 10 49
13 11 2
122 51 74
171 196 78
16 105 77
22 110 80
138 25 17
141 98 77
142 4 13
52 144 78
118 11 83
83 49 57
195 130 74
65 99 91
105 183 81
7 84 89
52 145 98
111 2 41
148 59 20
11 74 32
42 117 45
31 100 75
30 16 10
140 176 14
154 153 15
34 108 7
75 54 14
51 124 18
181 5 42
36 58 20
74 129 7
28 39 19
71 126 94
78 98 83
16 89 5
104 172 50
40 32 61
29 167 96
82 158 13
43 104 18
137 105 78
115 83 28
9 148 23
72 107 53
119 39 7
190 157 83
180 86 1
79 81 57
186 25 100
159 71 45
33 66 2
134 19 62
160 138 36
65 34 30
180 63 48
46 156 37
77 87 88
61 32 84
40 61 33
67 117 7
20 177 87
113 60 70
65 37 37
115 40 5
155 191 5
125 26 25
46 97 18
134 160 78
116 141 33
113 56 81
171 129 16
3 67 20
13 176 44
79 124 82
160 10 53
64 68 72
91 113 30
85 117 60
168 52 78
2 162 23
98 159 42
197 33 35
103 164 60
104 107 53
31 137 28
161 2 31
185 30 57
39 52 56
107 145 37
13 197 22
187 55 63
85 17 30
76 118 38
90 93 79
171 153 58
82 180 73
10 136 47
113 9 48
46 84 80
174 159 11
124 190 95
120 132 39
147 28 42
2 16 96
164 90 91
44 144 82
82 91 40
144 133 26
45 62 86
96 32 35
198 43 56
183 51 38
139 3 29
162 168 53
108 81 60
20 166 7
111 66 4
145 114 24
164 113 24
128 27 6
36 156 13
92 66 65
101 57 78
200 84 54
123 168 11
44 151 81
126 71 95
98 113 76
113 60 71
91 18 32
4 10 5
5 149 55
150 137 59
62 4 32
190 157 83
144 44 24
113 33 6
168 74 59
64 171 82
3 123 41
25 170 81
68 133 88
106 38 43
176 116 11
158 1 24
106 7 94
101 163 18
146 48 95
11 130 55
77 6 65
184 145 40
141 134 87
4 171 48
31 12 40
106 127 14
86 90 48
6 101 97
125 160 27
164 143 44
179 123 49
112 146 64
34 1 86
173 131 86
45 150 89
14 90 86
55 184 23
28 187 79
16 176 69
127 183 97
106 43 31
87 49 100
85 148 86
44 68 89
80 50 82
17 117 27
95 29 6
5 72 49
112 104 66
150 75 54
126 23 34
155 20 72
176 83 7
46 9 100
19 99 83
162 49 91
35 125 77
131 147 66
37 6 65
37 9 89
137 89 81
113 95 6
124 27 81
50 116 25
77 59 47
7 16 65
60 38 4
145 1 45
148 141 28
176 116 11
6 169 44
102 18 93
108 169 37
183 176 14
190 23 32
118 16 7
113 190 72
96 190 51
196 119 26
57 84 32
156 68 37
200 36 42
155 19 15
100 190 7
108 118 53
118 11 6
73 86 65
54 168 6
149 152 12
50 112 49
177 156 27
167 62 11
12 135 72
41 87 18
61 32 1
36 70 6
7 102 32
92 106 32
159 115 80
168 125 62
17 77 65
128 6 77
161 193 99
140 187 57
129 172 60
57 145 69
61 3 34
38 6 96
101 163 18
11 74 32
141 136 5
69 61 46
39 22 82
145 168 26
162 120 61
147 125 80
97 25 45
30 3 65
92 125 60
7 16 32
87 184 83
17 81 18
26 199 55
29 104 97
130 163 12
115 122 75
33 41 83
137 186 5
199 41 84
67 117 3
45 49 39
135 70 6
13 43 86
30 105 25
143 177 87
92 147 47
34 108 33
37 191 52
52 13 49
158 32 38
104 102 38
30 97 31
106 92 1
112 52 20
29 93 88
130 56 16
16 19 71
64 135 55
92 125 60
179 17 85
90 149 8
15 94 81
36 162 83
87 2 62
73 90 98
100 5 82
65 34 30
158 8 40
104 172 50
158 54 32
141 83 99
153 16 85
107 152 9
38 40 39
200 160 17
80 95 2
115 193 47
176 184 87
39 94 16
29 134 65
146 48 95
109 56 24
4 185 81
154 54 91
136 51 73
141 19 73
46 97 13
98 59 13
111 126 2
91 31 87
103 125 45
130 131 84
130 150 78
195 130 5
148 62 85
44 8 2
159 36 30
187 157 4
19 99 83
21 148 41
16 7 97
73 86 90
141 150 10
43 122 58
111 126 2
47 25 55
53 10 74
178 109 96
159 115 68
120 1 29
71 126 94
36 68 27
59 11 48
138 9 63
119 160 75
162 168 53
25 145 60
56 96 84
7 55 84
134 122 1
13 63 93
149 143 20
148 141 28
91 21 15
120 15 65
53 10 74
113 95 6
142 74 58
85 181 79
131 124 69
115 15 13
156 178 75
191 169 13
113 190 72
88 81 72
110 68 56
195 101 48
185 30 57
5 74 32
11 68 56
49 128 21
106 103 67
25 170 97
90 189 44
196 173 5
13 104 83
186 25 66
133 60 54
113 33 54
99 112 53
73 100 86
33 88 92
24 196 58
126 23 79
9 12 51
124 59 8
27 18 43
183 156 48
52 192 95
161 57 12
84 90 19
59 47 98
85 163 48
188 136 69
195 157 17
34 135 29
37 7 13
184 67 32
200 100 34
37 30 32
159 58 66
67 91 21
110 55 77
178 55 83
95 122 18
32 26 22
186 22 17
89 86 35
120 165 52
161 58 89
188 84 90
52 59 84
158 16 43
114 15 90
95 162 11
195 176 91
188 136 47
191 79 36
13 91 24
84 186 48
190 81 87
94 7 70
105 106 52
143 95 59
200 160 17
176 198 28
146 5 84
40 32 43
40 23 36
86 19 8
105 149 10
10 37 99
25 77 44
173 125 15
98 159 7
29 26 64
103 115 7
103 160 91
180 50 97
190 68 55
61 3 34
37 7 13
172 190 47
180 184 93
74 53 53
160 85 92
47 166 92
112 138 57
43 146 15
61 153 86
26 53 49
27 111 26
108 118 23
70 103 65
100 143 81
83 49 99
110 73 4
7 41 47
73 94 81
57 84 32
33 41 41
