200
68 26 92
1 172 91
96 58 60
84 120 1
15 139 58
78 165 2
125 97 85
153 40 22
149 154 14
148 174 43
72 162 26
54 47 48
193 191 50
31 150 27
17 72 38
195 180 50
167 196 42
68 30 14
192 54 79
69 43 23
69 124 64
5 108 9
110 180 75
48 81 12
141 164 52
135 63 21
42 55 44
165 154 100
112 197 38
155 69 73
19 120 80
83 90 84
139 122 94
135 96 34
46 8 73
79 89 98
142 166 37
109 39 66
85 26 65
150 148 10
133 84 31
5 3 85
168 200 20
162 138 21
54 29 5
185 148 96
182 150 81
10 154 40
7 64 48
63 154 96
91 196 55
101 48 86
64 183 1
68 11 97
84 172 42
91 28 91
33 92 27
143 56 66
57 147 39
134 150 63
59 12 6
84 1 83
182 125 27
73 181 90
131 170 100
33 92 92
20 68 38
95 76 10
168 151 96
17 24 64
195 41 25
133 167 63
55 196 73
19 83 82
13 174 76
124 105 91
126 147 71
8 18 51
154 104 2
171 56 3
154 12 22
194 86 99
116 19 57
180 12 26
87 12 93
76 51 36
22 177 15
137 159 91
173 64 14
155 95 61
95 6 64
61 141 78
163 57 73
182 145 22
196 13 86
87 70 23
65 25 16
6 21 75
84 130 42
72 176 96
39 153 29
104 143 23
5 142 84
70 60 70
57 179 48
134 133 26
198 127 81
8 65 35
138 199 8
21 172 64
144 89 55
170 93 81
130 114 68
67 164 79
118 199 60
62 28 51
8 11 87
78 165 4
136 175 38
195 41 88
122 103 15
37 175 34
157 164 91
170 60 64
115 164 46
144 21 28
88 72 67
2 44 27
106 186 97
28 144 1
120 194 43
16 163 74
154 47 24
146 148 96
10 21 49
187 169 12
154 147 95
173 107 25
96 18 3
195 196 86
170 36 83
18 163 50
51 177 31
4 92 15
121 156 73
4 81 74
18 103 13
182 110 81
171 22 18
24 185 65
108 13 57
102 154 60
190 57 11
116 67 87
82 83 44
68 29 66
133 86 3
119 79 32
109 126 19
181 146 79
185 107 63
23 83 14
108 16 58
69 164 51
60 107 82
99 19 91
51 193 46
171 159 8
116 153 97
37 92 50
110 46 28
85 154 11
19 27 79
87 188 81
79 96 6
24 98 61
197 41 55
184 183 64
22 184 37
193 13 25
166 84 40
106 109 25
173 64 26
8 38 54
129 114 62
127 1 8
123 66 98
16 163 46
94 47 24
19 7 87
137 13 46
163 180 10
7 9 69
28 50 91
149 8 97
86 3 28
13 163 25
34 83 40
74 153 23
131 197 53
136 197 15
108 6 22
127 137 6
112 197 23
162 109 49
57 151 92
77 36 1
153 68 46
175 173 80
141 87 58
146 148 96
110 187 10
19 141 92
12 174 84
178 64 16
78 70 45
177 165 50
72 95 77
155 176 6
142 40 45
195 197 23
21 40 14
89 27 38
35 130 62
172 139 10
181 148 57
116 198 45
150 197 73
87 181 50
55 16 90
69 43 23
95 66 80
185 107 63
138 106 46
60 36 13
92 40 59
19 7 87
154 164 68
33 175 20
65 25 16
160 34 33
98 88 54
187 144 19
72 94 7
8 11 87
5 90 36
43 54 28
75 3 66
168 151 45
169 12 82
44 144 24
165 161 36
47 90 81
18 77 33
191 102 94
81 143 23
16 167 25
137 123 41
66 30 85
186 135 13
113 132 26
101 48 86
2 57 91
135 63 34
117 111 74
193 135 92
157 154 4
10 71 28
170 3 68
119 63 100
11 9 8
118 120 37
42 71 68
185 178 27
68 163 20
26 95 17
124 82 94
13 174 76
27 155 60
31 73 4
153 90 94
5 52 13
62 177 48
186 30 69
50 75 22
189 150 90
198 127 51
60 100 26
76 118 77
56 146 78
174 63 65
27 47 29
169 153 44
182 150 81
162 61 44
79 161 19
21 123 71
134 167 52
198 185 25
23 172 95
136 57 32
183 121 30
59 161 36
125 178 11
99 121 58
84 61 27
27 195 14
133 177 2
55 6 32
69 178 62
164 76 70
149 124 57
188 180 35
185 148 96
61 154 66
196 194 36
200 102 27
164 76 12
75 117 4
129 114 37
105 100 70
149 161 29
139 125 91
14 56 45
11 1 73
93 86 91
145 98 19
39 37 54
19 89 28
74 95 29
181 190 64
154 164 68
159 98 61
199 51 27
112 137 27
37 92 57
19 95 65
4 109 83
141 110 51
166 150 41
47 45 15
186 135 13
171 80 44
127 170 81
53 103 92
125 10 91
34 47 89
110 148 69
176 6 87
123 66 98
84 55 53
127 6 85
122 103 15
88 72 67
182 165 78
33 159 16
122 13 65
41 32 21
71 25 9
116 19 43
18 103 13
87 64 81
102 136 8
101 41 29
159 1 53
11 51 2
109 34 70
112 137 27
53 3 36
11 58 92
52 199 43
48 9 42
97 194 63
177 12 48
88 150 58
191 173 76
85 176 67
178 103 94
56 11 7
153 168 38
162 149 57
142 40 61
59 54 3
166 129 10
6 26 15
49 117 69
97 60 19
111 18 88
188 76 85
200 42 88
159 68 42
84 105 70
121 199 67
106 54 17
109 19 75
128 102 83
146 139 86
188 180 59
153 43 12
132 89 54
147 3 13
174 63 80
195 149 72
166 200 74
31 138 31
82 83 79
183 164 83
58 93 9
12 105 79
129 21 92
85 9 96
28 80 32
109 113 95
40 198 67
181 148 15
190 197 74
50 78 78
139 147 7
46 98 98
33 138 77
108 22 73
69 146 15
188 145 1
41 126 5
41 87 55
22 177 15
20 184 75
109 39 66
114 139 30
57 36 19
47 113 13
196 13 39
29 76 37
196 194 54
52 62 77
27 195 14
40 93 56
35 119 24
200 117 91
100 178 42
81 171 56
40 151 82
116 78 35
149 138 90
17 24 57
13 26 57
186 51 53
164 81 91
129 16 37
38 26 46
78 14 5
131 197 53
31 73 78
174 179 74
34 151 76
115 194 26
102 154 60
86 120 79
84 58 3
5 90 64
181 190 56
9 31 64
40 126 36
149 161 11
119 61 69
161 172 20
160 6 97
126 117 75
75 117 4
187 19 91
21 172 64
4 92 15
181 183 2
34 157 71
199 48 67
166 57 46
129 162 38
163 99 54
52 71 12
20 99 6
162 65 69
172 43 71
32 41 50
41 62 54
44 78 78
11 9 8
143 65 97
26 95 17
8 174 92
135 8 24
7 64 15
179 147 5
85 96 99
114 153 18
140 24 12
54 52 96
108 171 78
95 76 10
55 108 36
188 145 1
159 1 53
154 115 61
84 105 11
160 6 69
78 77 37
84 30 57
171 56 1
78 164 17
142 99 15
19 181 91
125 8 76
153 6 13
155 152 82
73 79 17
50 21 84
138 50 10
67 164 79
162 182 36
60 107 31
109 192 42
103 147 79
20 163 31
87 12 58
85 8 78
33 127 7
199 72 92
61 28 73
65 14 96
31 194 55
27 89 76
76 53 46
67 96 64
137 123 41
62 191 61
46 32 2
13 163 25
91 196 55
181 93 44
102 136 99
190 57 54
34 170 30
17 72 19
75 63 7
86 3 90
129 149 57
22 140 80
50 21 35
170 31 85
86 162 18
167 76 32
114 139 30
172 31 92
31 26 49
135 40 40
178 26 87
105 147 79
187 144 19
113 88 26
40 126 39
38 33 84
155 152 82
133 177 44
46 88 74
2 57 91
183 143 52
85 179 61
179 127 91
160 195 72
144 177 5
95 79 48
174 160 37
161 43 86
52 199 13
157 116 49
163 167 23
132 122 33
95 20 50
153 40 22
154 16 55
56 140 39
14 46 33
137 86 47
134 2 68
170 82 36
184 104 70
4 109 83
188 48 26
117 62 49
135 96 34
164 95 41
106 102 32
108 122 63
105 176 47
178 33 38
130 149 100
154 104 7
163 167 23
31 122 19
41 101 69
180 98 48
78 145 65
95 66 34
160 38 2
58 99 14
151 33 2
117 60 99
13 175 53
78 14 5
97 60 12
198 5 78
157 164 91
94 182 84
77 75 20
29 76 37
187 145 76
170 93 77
76 19 36
130 158 56
143 140 16
166 48 67
133 195 24
59 142 5
76 95 87
92 1 67
113 173 42
65 199 38
48 133 80
199 72 92
185 85 97
73 160 53
192 160 68
197 41 63
109 16 28
90 168 3
130 57 20
76 118 59
27 89 4
62 164 6
197 136 54
161 109 54
88 192 11
5 111 97
34 163 72
183 158 77
66 119 92
22 184 37
12 95 67
119 125 65
70 55 10
69 164 68
83 40 44
61 66 49
79 160 82
39 37 43
45 63 87
120 8 38
180 151 70
63 192 24
91 126 49
16 167 25
30 178 29
93 46 11
63 141 76
3 165 14
29 12 93
166 57 80
34 151 63
26 143 76
131 170 100
132 159 70
197 189 51
63 128 1
30 178 64
73 155 73
81 143 12
102 156 16
157 116 49
184 104 70
111 18 50
13 134 93
71 164 18
152 157 92
66 184 72
99 200 58
163 178 16
48 170 49
182 145 22
20 149 92
108 17 13
42 71 62
129 155 94
42 121 100
160 26 87
60 100 26
190 1 85
176 84 61
115 15 47
193 8 92
179 59 96
117 62 49
34 47 89
46 32 2
165 33 99
146 153 1
185 5 98
31 122 19
190 197 39
176 84 61
57 3 70
36 39 52
66 9 92
127 9 53
135 79 76
146 139 51
8 65 35
169 153 44
108 135 3
193 200 4
106 109 37
173 110 67
20 99 32
71 164 90
120 8 38
81 171 65
54 84 32
143 140 16
60 194 30
94 47 36
84 106 84
170 36 83
11 36 35
31 150 27
121 73 90
91 106 100
72 162 54
154 68 39
109 16 87
151 140 27
61 155 94
73 181 90
113 30 36
105 100 2
94 104 52
29 108 29
178 110 86
122 72 54
67 7 100
20 29 68
34 101 60
66 184 72
73 79 31
122 72 89
165 161 36
10 6 80
20 141 8
132 71 57
154 12 22
153 90 94
60 36 13
189 154 22
101 142 47
7 9 82
157 180 87
128 8 49
93 46 91
184 148 44
28 50 52
102 74 46
55 32 72
36 39 52
47 155 47
83 80 27
91 106 71
118 120 37
132 193 34
68 29 53
161 90 46
167 76 44
141 110 51
141 24 71
110 46 28
172 24 50
178 53 14
84 1 61
57 147 39
89 148 52
51 184 56
81 92 45
108 6 22
173 36 11
183 121 30
167 78 91
85 8 78
52 36 31
112 23 76
134 9 7
61 154 66
109 113 95
3 179 5
19 141 92
141 24 71
30 42 94
48 152 56
39 62 34
58 93 16
134 133 52
154 147 95
81 88 2
86 154 5
108 16 56
8 183 11
155 65 2
192 167 85
18 142 61
113 88 26
126 182 49
105 125 58
81 179 33
143 42 64
145 21 46
62 164 6
84 76 67
86 115 97
143 56 66
20 129 87
79 133 11
145 116 16
171 80 32
106 186 97
63 195 74
200 62 66
176 14 23
115 134 60
76 19 36
93 151 78
35 92 88
197 136 98
79 160 82
47 35 15
70 61 77
144 25 36
33 99 51
96 199 36
164 139 28
35 130 62
172 2 94
33 138 23
157 194 5
159 9 41
168 45 49
84 172 50
183 104 37
44 129 29
102 74 46
14 160 81
167 189 26
192 121 99
163 57 73
196 177 11
59 54 3
48 81 32
81 50 31
182 118 23
146 38 93
78 77 37
97 128 80
180 71 35
166 48 85
126 117 75
140 24 73
192 54 20
118 199 86
69 178 5
168 45 49
86 154 5
87 34 8
5 32 16
37 36 46
69 101 91
180 98 79
162 61 66
149 95 7
113 84 21
6 100 66
110 152 66
97 80 67
11 1 73
126 182 35
51 117 17
76 42 52
143 65 97
153 191 63
144 137 74
170 3 48
161 90 46
126 188 36
78 31 83
84 55 53
88 170 31
132 159 70
191 102 94
4 129 15
64 162 37
82 84 34
87 188 81
54 52 96
15 48 34
196 177 11
189 198 89
94 104 37
133 131 66
193 135 45
75 22 59
112 148 6
117 131 13
70 150 7
84 52 74
18 77 96
3 165 14
102 151 19
42 121 100
153 6 13
194 73 65
154 47 43
4 19 54
90 185 97
50 1 24
187 138 38
49 117 70
89 148 60
37 175 62
197 95 71
5 142 84
33 175 72
78 141 83
58 196 57
79 88 71
63 128 1
68 163 20
177 44 22
111 168 28
27 47 98
82 84 34
45 93 5
141 106 64
169 5 1
182 118 23
13 73 94
43 54 28
171 172 89
3 96 75
34 138 94
20 123 66
55 32 72
169 120 71
102 44 7
69 66 38
26 185 100
132 98 43
96 114 38
165 2 93
105 122 54
59 161 36
38 26 46
155 150 80
21 40 78
84 130 42
75 133 68
137 149 49
80 167 17
7 2 97
44 45 92
73 174 9
114 50 64
105 127 19
129 35 34
84 200 29
42 28 11
60 1 53
61 108 65
30 91 41
53 136 82
155 65 77
141 119 61
7 2 82
184 118 51
40 194 60
162 24 50
154 16 8
69 79 79
76 96 71
67 45 74
191 140 15
17 161 7
163 180 36
135 40 40
162 182 21
59 178 34
23 83 14
174 158 79
3 96 95
72 176 71
121 73 90
8 103 64
176 104 86
21 123 62
78 141 18
4 148 26
195 197 23
125 97 85
182 110 69
183 158 77
11 51 2
119 79 32
110 187 9
70 74 7
83 176 80
192 47 11
14 4 13
142 166 22
62 28 68
138 50 24
183 104 37
28 83 89
144 89 55
75 149 44
181 77 43
157 180 87
138 199 8
165 33 35
