200
134 1 70
144 41 31
49 183 60
181 113 28
174 123 35
170 154 58
63 90 40
90 126 54
36 74 26
32 108 12
146 171 40
67 200 95
189 52 75
104 173 86
96 186 7
158 145 47
12 152 8
31 130 92
71 183 52
152 188 63
26 5 62
101 29 99
137 96 50
123 97 59
100 37 88
6 51 100
94 111 32
180 147 96
24 152 90
181 175 86
91 78 50
128 164 64
178 111 31
82 100 35
55 150 20
178 132 73
194 154 2
58 79 33
192 40 1
113 111 100
178 50 99
13 93 61
108 2 23
24 62 78
118 159 21
54 114 84
112 175 26
32 96 1
35 128 77
79 118 3
178 32 23
125 131 61
141 57 60
17 19 69
129 19 41
59 75 78
68 78 19
4 181 20
9 27 13
73 48 6
2 54 66
146 81 55
47 110 31
45 14 17
177 53 71
22 166 37
179 90 31
136 165 72
80 27 56
194 1 52
167 9 93
85 19 94
78 27 87
106 49 24
59 75 78
92 132 55
37 72 12
200 38 27
68 148 75
199 36 26
178 102 59
3 120 23
52 146 21
29 59 72
16 87 3
99 71 99
102 117 10
9 148 51
95 75 80
23 180 72
177 41 76
11 96 55
135 179 98
128 199 80
178 187 70
159 148 18
75 117 12
126 5 31
9 27 13
190 85 48
84 23 37
67 80 50
4 47 90
14 22 34
176 42 7
157 99 78
54 179 82
190 50 79
48 55 82
63 33 97
86 11 57
95 179 76
155 113 83
143 153 90
150 120 10
176 45 99
43 142 75
173 200 43
83 3 64
95 76 71
97 92 68
191 44 25
119 117 97
42 79 96
45 196 9
114 71 65
38 97 53
42 100 25
100 112 35
116 110 33
82 15 56
74 18 11
79 52 61
181 132 52
106 186 15
26 154 75
106 129 88
23 121 82
70 90 91
132 196 70
45 14 17
46 71 65
62 77 27
54 76 73
55 88 1
148 146 20
167 121 30
170 34 19
71 146 9
194 78 81
85 162 28
7 5 79
120 53 6
149 184 75
198 56 46
91 194 43
170 89 46
134 99 96
52 4 80
45 99 78
22 95 99
76 132 33
7 184 78
38 150 62
91 143 13
135 179 99
191 29 38
16 147 15
161 11 33
106 49 24
151 122 71
65 82 47
91 9 100
180 147 45
117 16 61
16 147 15
31 110 64
9 63 86
56 192 8
133 114 41
59 150 97
137 195 90
61 59 73
145 1 64
115 32 33
16 105 93
168 182 1
68 157 97
17 100 31
122 101 92
163 113 71
76 120 28
173 172 77
130 11 7
93 91 96
172 85 22
31 85 93
32 108 12
174 79 3
60 112 63
83 139 11
15 150 75
58 9 60
162 15 8
87 31 26
62 8 43
176 53 39
59 116 54
6 199 2
123 130 84
178 176 48
82 147 39
2 156 9
27 17 5
6 100 51
140 36 44
162 123 12
80 134 5
167 1 53
63 64 56
142 169 18
189 135 63
176 148 64
169 196 77
181 27 28
8 76 43
119 61 88
146 20 70
148 195 48
191 151 52
76 106 77
131 4 87
200 38 27
102 1 65
19 137 12
193 30 31
138 146 79
11 25 100
118 114 85
200 158 54
14 34 39
136 60 14
93 160 33
34 57 92
49 10 14
31 108 42
4 19 1
158 45 37
55 79 2
157 94 39
112 126 47
95 55 6
167 149 17
2 24 61
50 59 10
195 54 54
138 116 53
55 136 17
104 173 8
59 112 1
51 131 72
108 102 53
173 187 1
25 169 13
131 195 48
11 25 100
84 122 69
120 63 89
44 119 81
127 44 56
141 164 22
11 38 73
170 91 92
116 51 65
139 119 2
28 171 59
112 175 9
135 182 48
41 135 40
158 139 30
156 76 24
174 40 9
192 173 23
102 44 23
99 71 90
40 179 46
50 8 25
183 62 42
189 52 75
44 99 40
139 17 79
45 47 94
170 34 19
68 22 94
130 181 11
146 164 43
37 72 20
112 126 74
83 139 51
13 174 3
79 181 5
24 174 66
41 82 98
160 147 49
189 33 27
88 159 52
120 173 54
143 174 17
199 170 58
191 22 64
42 143 42
60 195 54
16 127 38
135 191 50
93 91 59
127 26 57
109 171 83
121 155 50
23 7 7
10 196 68
75 173 3
11 137 67
56 194 5
58 25 85
123 91 73
34 144 50
171 85 52
72 132 93
65 169 86
52 146 21
163 109 47
81 165 33
168 98 15
71 150 84
2 190 37
153 63 31
179 101 33
156 191 100
104 58 76
153 16 73
185 192 8
168 79 84
150 118 5
192 173 23
1 163 86
199 170 90
2 194 94
59 118 69
187 2 14
177 53 89
49 185 7
178 102 59
3 129 27
127 143 65
179 120 32
16 54 18
100 12 50
114 119 79
115 111 87
34 166 17
28 18 36
28 67 88
56 197 55
146 128 26
200 158 54
170 12 94
51 16 50
55 41 39
153 16 73
172 148 39
175 198 15
6 51 100
27 33 90
148 188 98
168 64 6
8 173 88
199 180 34
68 22 24
60 162 99
165 14 3
28 168 47
65 39 79
161 17 6
9 94 19
20 103 64
7 96 89
89 101 23
154 140 91
200 113 77
169 179 36
27 133 68
183 126 79
86 74 4
176 151 20
26 141 56
122 69 8
159 199 82
62 194 67
139 198 3
127 49 28
182 158 29
24 180 29
53 162 51
93 2 46
86 108 23
95 187 84
153 87 24
146 20 87
158 43 93
100 112 5
128 164 66
44 99 67
122 63 9
94 73 51
102 120 37
127 26 58
106 186 15
44 21 19
80 162 2
18 46 76
68 113 88
96 132 21
93 138 31
73 65 18
178 111 56
133 39 39
119 74 88
190 50 79
183 150 93
116 24 21
17 9 79
82 15 56
81 102 9
185 92 23
92 119 98
64 115 72
167 144 45
195 91 16
119 10 89
46 6 91
65 81 15
22 61 19
159 181 24
118 184 9
198 1 12
200 194 41
102 117 10
184 9 88
170 123 35
148 188 12
77 139 43
79 119 98
17 46 10
80 72 77
14 106 98
195 59 35
108 161 16
176 139 96
120 105 7
67 200 14
106 196 21
81 102 9
76 149 65
9 74 3
42 64 31
34 120 50
73 44 18
25 80 32
17 157 73
191 34 7
98 67 23
196 87 95
86 12 80
57 162 48
151 153 3
32 159 22
68 162 19
149 2 20
96 186 7
9 66 66
167 26 36
104 55 52
105 45 37
37 90 29
143 82 37
142 43 18
79 154 58
61 79 68
96 172 34
148 195 48
8 173 88
55 136 17
50 177 83
62 140 25
146 171 38
123 104 1
170 123 35
190 21 35
182 41 28
126 19 58
179 146 34
43 142 75
92 95 18
136 115 7
191 5 18
112 24 61
76 3 73
174 59 31
14 106 98
197 26 58
113 105 17
127 1 21
52 74 6
199 149 93
159 29 2
79 119 42
176 72 43
86 74 4
170 35 47
52 42 60
157 68 25
78 51 18
174 46 15
34 120 50
46 71 65
177 183 79
10 131 50
9 96 25
110 142 32
68 157 97
150 120 15
132 71 29
188 102 9
121 90 17
119 74 95
123 83 28
144 109 27
89 101 23
71 146 9
136 115 14
24 32 71
1 28 8
195 177 9
62 74 88
78 27 32
122 104 81
49 29 65
174 192 79
45 99 78
88 166 55
74 18 11
97 25 44
43 181 69
137 139 68
9 63 86
15 2 4
188 190 47
141 90 1
124 193 67
29 11 44
142 132 41
112 164 96
124 156 54
28 67 64
31 1 96
111 68 71
83 195 46
73 65 38
169 124 82
177 100 1
120 69 41
146 58 44
165 1 54
160 137 27
199 180 34
1 73 28
70 63 41
69 21 44
114 96 31
114 126 100
183 162 94
95 134 78
122 198 24
112 43 25
44 114 39
58 9 40
140 118 67
38 71 84
2 152 90
1 73 70
81 173 94
9 150 23
129 39 14
112 91 37
40 128 27
90 122 70
129 155 81
115 151 22
176 198 53
135 114 65
53 15 5
179 6 32
41 68 62
44 153 22
122 101 92
161 190 83
171 33 100
44 21 14
3 125 25
47 109 84
19 52 66
170 18 6
20 117 50
133 39 81
135 143 52
133 63 14
63 33 67
101 29 99
109 115 29
56 194 5
80 134 5
13 64 69
117 141 30
1 138 61
179 90 31
180 93 44
134 158 17
61 59 91
20 87 16
86 12 41
15 2 43
14 22 15
109 64 1
91 108 86
45 47 40
94 47 29
11 186 31
122 90 24
170 186 35
20 15 83
50 35 49
153 87 24
21 164 25
43 141 93
172 130 20
113 4 67
176 45 99
50 8 27
184 104 90
41 139 11
18 54 15
112 149 50
38 105 57
79 34 16
120 105 7
122 75 27
95 74 78
185 162 21
78 155 37
25 58 93
134 89 53
87 39 13
64 10 76
26 4 8
116 24 38
82 147 3
93 96 54
186 150 22
112 24 61
68 162 21
170 18 6
131 101 61
174 105 47
75 2 88
141 164 89
79 194 98
181 18 65
62 74 6
168 98 97
47 28 69
143 82 99
192 101 82
176 81 100
195 182 40
26 141 56
126 63 13
79 24 79
184 104 34
169 179 36
45 36 50
45 36 50
167 26 36
21 104 21
154 81 25
20 94 36
88 95 80
167 158 18
102 125 27
123 104 1
163 113 72
188 187 98
80 27 56
22 131 46
153 171 76
10 131 50
80 34 39
177 46 22
11 38 66
139 105 24
195 50 63
199 54 46
124 66 19
7 96 89
58 6 46
196 87 47
188 187 98
7 16 18
139 39 51
140 118 67
34 57 92
129 131 95
177 79 21
158 103 24
100 37 88
40 159 71
32 96 94
65 60 45
80 113 83
93 156 23
159 143 31
123 59 29
22 166 94
137 20 10
7 176 61
132 78 31
142 43 95
174 105 47
146 29 7
32 143 49
149 179 2
74 165 23
24 180 45
193 169 14
85 65 60
162 189 4
194 1 52
91 13 17
34 130 87
92 95 95
73 16 39
46 99 99
173 187 15
141 121 34
191 22 64
122 104 81
52 193 20
79 34 16
126 94 57
87 31 42
46 153 6
79 52 61
24 62 73
52 42 58
197 184 54
42 117 8
25 6 39
179 146 18
78 51 18
141 200 89
94 25 50
115 84 43
44 15 12
105 115 34
71 183 33
48 130 83
141 81 12
93 160 33
132 71 29
45 64 1
143 184 22
85 162 28
154 30 43
60 162 95
98 114 22
188 87 23
4 47 90
172 129 5
105 45 37
154 30 43
139 83 82
149 179 2
30 166 24
46 123 22
10 75 3
123 65 40
184 167 86
199 36 50
167 107 85
173 26 3
120 173 69
59 112 1
171 33 55
50 35 7
117 21 74
32 142 16
101 116 56
19 182 42
189 54 71
151 153 83
185 162 21
109 168 44
80 34 30
149 2 17
48 10 23
40 128 27
5 49 31
117 35 16
172 130 80
171 85 73
16 54 18
179 6 32
121 125 13
147 181 27
135 165 65
149 184 37
112 143 56
170 186 96
1 58 91
33 197 96
162 6 22
24 59 42
165 14 3
56 192 81
117 126 55
2 54 66
95 55 46
157 171 2
86 108 23
25 58 23
111 93 20
158 139 30
11 56 90
196 5 71
35 128 77
169 108 87
24 59 42
105 115 34
65 25 74
121 155 28
180 156 55
109 64 46
185 85 94
133 13 25
40 129 65
182 114 69
150 1 56
117 60 68
47 28 69
141 81 12
21 33 90
177 79 21
195 54 6
154 58 99
89 79 30
89 79 30
6 78 3
113 189 89
40 135 95
22 61 63
70 90 40
157 69 97
30 161 100
134 71 25
107 45 30
157 183 77
136 165 82
6 100 30
60 95 71
67 9 28
77 139 43
7 93 92
61 96 48
128 85 17
165 25 90
174 199 93
29 79 33
185 56 20
66 154 64
114 124 83
138 169 40
185 56 20
42 64 31
102 41 89
68 78 99
92 156 2
132 133 10
90 146 60
45 196 3
106 196 21
91 194 33
177 46 22
161 78 67
144 125 57
15 150 22
55 198 65
181 182 32
139 134 12
135 191 48
99 9 32
13 164 55
27 33 8
26 61 5
10 119 90
142 24 74
46 35 89
21 167 9
111 29 26
178 50 18
97 25 92
19 88 85
9 148 23
90 162 33
73 115 18
8 92 3
138 180 22
117 60 57
155 36 73
118 159 4
28 18 36
177 187 18
7 5 54
142 97 29
134 68 52
98 114 57
1 54 22
55 88 1
170 89 46
187 160 36
46 47 39
14 128 14
194 28 82
44 114 59
174 199 11
95 1 92
187 108 49
47 110 7
118 171 31
152 188 63
195 50 72
95 134 78
67 9 28
17 193 67
139 134 39
58 65 43
89 5 31
189 54 71
139 199 59
174 59 31
168 64 6
108 111 16
91 190 96
166 108 5
113 4 100
129 39 14
176 72 43
61 96 48
119 64 73
9 127 12
17 9 79
179 120 87
147 161 54
42 58 13
182 180 44
175 167 92
124 87 70
81 66 22
97 92 65
57 3 95
158 83 56
59 197 58
155 15 55
130 11 15
138 169 25
30 127 75
156 158 48
116 51 98
9 54 49
49 183 1
183 93 32
6 41 98
31 74 72
188 102 9
33 138 3
38 42 99
161 78 67
154 111 20
