200
89 133 46
24 105 13
200 58 55
19 179 45
200 154 2
165 16 82
131 171 77
194 197 54
2 34 41
175 181 90
188 180 41
94 139 63
116 122 56
87 185 15
118 72 52
137 39 56
99 12 31
14 164 58
155 171 31
148 62 95
135 171 34
55 98 65
171 148 94
31 117 40
6 97 3
166 161 3
178 38 2
50 36 72
50 8 62
116 182 71
158 38 14
148 62 95
87 155 46
148 198 20
117 106 11
129 81 65
86 162 70
177 195 78
108 1 59
168 35 9
179 14 37
84 80 77
115 161 36
115 122 61
37 88 93
124 45 61
188 100 81
17 200 54
96 164 16
186 26 54
34 147 52
100 82 30
13 163 6
54 23 77
22 23 21
170 91 14
160 89 74
53 179 19
15 181 46
59 154 23
169 54 19
132 154 72
157 105 23
78 154 76
76 101 25
16 21 51
100 82 63
63 137 18
177 56 99
27 69 57
88 174 92
177 109 66
120 42 89
42 128 69
195 162 56
195 95 65
191 27 30
89 10 52
189 195 92
194 28 85
15 179 3
5 199 30
81 52 50
120 138 50
161 192 85
199 151 50
179 1 76
24 116 11
81 23 4
196 145 79
194 31 73
9 74 50
174 146 58
177 197 55
190 111 75
16 170 59
9 135 40
99 59 52
180 115 42
58 186 61
66 189 58
199 143 79
193 53 64
19 80 84
98 194 30
122 124 71
92 101 70
103 35 51
190 198 10
35 146 29
11 113 23
101 90 39
107 174 87
118 170 84
14 139 24
57 189 59
147 189 52
83 36 39
146 96 81
26 140 50
25 152 10
168 197 95
126 17 10
15 95 80
152 55 9
89 168 80
180 10 23
157 51 24
21 160 80
28 191 81
56 172 97
60 77 70
156 118 22
97 85 68
194 105 41
134 67 42
59 31 99
106 174 8
117 6 87
58 5 34
137 167 69
189 177 39
180 176 23
54 112 74
183 76 7
156 116 77
153 88 74
101 19 81
92 4 24
70 84 55
151 160 88
73 74 57
101 106 80
88 174 92
32 2 40
87 43 42
7 103 24
141 106 42
41 27 48
102 178 17
155 33 93
179 1 25
133 194 17
47 188 86
54 83 78
22 193 26
150 63 40
89 154 69
104 41 59
116 114 39
108 119 57
97 159 35
11 10 15
129 29 62
73 196 14
86 123 97
175 99 87
132 31 22
112 57 58
21 3 48
21 160 80
65 16 25
130 184 69
118 98 85
27 39 51
130 94 63
182 152 52
148 8 16
195 45 27
130 61 36
188 180 41
152 2 44
42 185 74
172 173 77
101 71 66
18 48 34
157 183 27
21 171 4
2 32 6
70 193 51
2 152 73
88 154 13
144 186 18
75 97 76
132 12 44
103 76 36
149 18 94
50 199 36
145 58 21
92 27 18
167 62 11
56 49 33
129 43 7
199 147 36
13 163 6
185 166 25
109 191 37
97 9 68
192 60 1
157 31 71
128 46 100
168 90 27
199 50 41
129 43 53
146 197 18
52 11 87
60 19 83
169 74 17
38 169 43
31 77 84
26 140 46
78 119 70
104 199 67
42 21 63
46 151 91
117 12 41
37 116 86
169 54 19
175 113 25
146 51 28
25 89 39
191 51 13
167 60 38
115 16 91
17 66 38
67 187 17
156 50 42
181 172 65
7 155 67
108 4 99
50 31 93
165 32 67
198 190 46
172 20 92
9 74 5
50 57 99
169 200 92
52 191 62
44 136 65
175 167 12
170 91 25
112 196 12
105 52 13
65 147 14
111 170 92
158 54 90
173 195 24
46 151 90
144 27 97
77 45 71
168 183 88
91 100 99
93 65 58
81 106 52
70 25 77
105 66 12
192 138 88
81 110 17
59 78 17
11 158 82
47 118 73
39 182 56
88 28 58
127 156 57
155 181 34
186 157 14
42 128 69
170 52 41
96 180 84
113 124 44
172 152 21
180 115 42
142 109 91
31 71 75
87 43 42
111 75 28
52 6 4
158 153 52
157 159 67
107 58 2
62 82 6
154 57 85
8 130 73
67 142 60
194 105 41
81 198 11
90 151 52
7 101 8
162 28 13
140 146 13
181 37 93
143 160 87
79 14 55
199 50 41
188 163 95
132 10 65
88 35 79
115 112 60
106 39 49
184 84 29
77 117 9
160 191 54
192 100 24
182 38 74
86 17 23
162 28 13
36 167 68
9 196 17
100 93 35
63 6 30
36 74 90
143 197 18
144 49 39
182 171 30
91 173 20
54 98 98
176 178 85
147 8 30
88 188 54
107 58 35
79 26 34
154 70 20
60 180 32
177 160 50
34 65 93
4 175 51
30 123 25
52 126 18
2 29 25
137 173 42
80 28 14
33 53 49
50 77 19
173 3 11
155 171 31
130 71 85
182 2 4
115 187 35
166 150 12
54 112 52
196 132 30
91 13 99
88 179 74
190 185 59
33 5 99
17 55 29
145 58 24
199 128 76
140 196 34
32 200 27
17 66 88
148 154 17
59 78 33
86 127 50
37 183 52
22 132 9
124 144 26
33 53 49
18 40 75
178 170 4
93 170 22
191 113 46
131 30 64
107 154 79
80 28 14
11 38 11
39 117 42
85 111 93
164 166 47
25 199 81
32 30 90
142 129 92
167 62 95
2 34 86
40 139 73
22 132 14
121 52 44
19 45 48
151 96 2
122 170 7
131 40 22
22 23 21
134 75 41
148 198 18
183 155 80
53 122 46
177 147 88
15 116 83
63 137 18
181 8 11
153 129 67
124 136 52
126 17 10
113 42 91
58 14 28
56 168 8
64 35 25
189 133 49
76 87 9
199 147 36
165 99 8
46 112 39
123 112 82
80 43 86
93 34 15
113 42 27
142 46 64
175 96 29
81 114 39
141 14 70
185 198 66
171 115 38
64 111 13
111 15 93
188 5 52
111 27 50
120 199 58
144 27 97
95 132 20
28 42 75
76 145 44
146 51 28
24 116 11
178 38 81
86 134 78
9 53 62
39 117 46
169 111 78
149 18 94
81 52 50
76 89 29
10 124 89
24 84 99
74 51 85
99 94 63
21 72 60
7 90 69
77 121 48
68 52 64
77 117 2
193 112 4
3 175 16
53 128 69
84 187 25
30 28 82
44 110 59
157 159 72
56 172 97
68 152 12
107 174 87
118 98 86
21 101 24
1 95 54
53 4 64
53 50 41
10 124 89
33 147 58
91 188 19
44 88 18
83 171 40
117 107 14
74 21 56
5 72 11
183 129 77
122 98 82
144 119 56
90 145 64
2 131 38
113 3 18
15 117 14
126 196 40
34 78 87
158 47 99
60 188 43
140 146 7
97 180 88
157 31 23
151 145 56
12 176 21
73 74 70
186 152 1
63 142 94
187 48 29
50 8 6
196 147 70
121 6 82
147 121 17
112 43 56
164 39 68
100 27 18
26 34 10
96 144 30
81 15 14
185 198 66
88 28 58
18 146 4
144 126 23
180 174 95
133 154 81
91 124 32
49 16 19
37 129 99
189 133 49
168 35 53
35 146 29
82 39 57
144 113 75
91 93 25
80 117 32
4 117 54
124 10 36
144 186 18
85 187 20
134 53 65
68 165 52
145 92 96
43 187 11
177 56 99
70 132 34
46 196 94
101 43 6
134 75 41
32 78 51
144 118 85
180 176 80
154 191 51
48 11 27
19 111 8
104 199 31
17 124 83
13 64 61
29 154 84
137 150 27
34 147 53
44 120 18
39 63 24
81 106 52
104 152 25
195 21 41
104 7 4
86 17 23
71 174 90
109 8 14
192 89 68
200 33 88
63 77 72
196 142 45
32 111 2
86 65 12
72 28 1
135 88 78
37 116 50
138 48 57
151 95 37
17 83 63
51 3 62
69 136 70
112 44 30
8 165 48
139 199 90
186 46 72
153 88 74
50 142 25
100 187 82
106 167 64
125 46 64
128 150 21
102 72 28
80 121 54
115 84 88
195 45 56
1 19 21
170 139 55
19 144 73
168 7 20
17 124 83
158 23 37
190 192 52
105 72 67
163 123 91
63 187 91
5 40 1
157 51 24
115 99 13
191 51 18
96 117 97
138 108 97
81 110 64
92 187 82
48 11 79
116 120 58
86 75 46
157 172 69
166 84 95
176 101 62
92 27 69
50 77 19
81 189 18
33 196 75
148 165 34
124 136 33
69 158 7
190 137 32
188 100 100
24 49 26
108 100 63
11 158 82
169 117 66
105 24 38
37 129 99
166 100 25
199 128 76
152 111 13
36 74 47
70 137 77
92 176 63
108 76 10
142 125 18
65 93 77
41 12 99
9 53 62
173 43 32
3 131 6
17 194 29
25 199 42
37 115 22
41 131 38
158 54 90
130 53 10
131 71 98
169 85 67
152 112 31
125 46 65
48 140 11
172 168 90
193 163 46
137 112 38
103 56 14
156 127 98
41 78 53
114 62 4
7 4 15
98 196 54
177 197 55
177 195 22
147 31 29
67 90 77
98 194 30
17 18 22
20 122 30
145 46 25
160 19 16
125 50 74
125 25 35
146 101 24
170 84 12
189 195 46
112 90 11
12 56 28
21 171 4
111 170 92
108 194 80
138 30 41
113 3 55
180 52 48
163 77 52
88 52 48
183 99 31
85 187 88
50 171 3
104 138 87
134 172 5
157 2 60
17 24 68
2 129 15
81 198 29
123 118 45
184 84 29
93 156 57
6 64 83
130 61 28
168 40 57
200 58 90
131 59 3
44 120 70
154 131 46
101 118 48
20 122 30
190 11 38
142 129 42
145 62 17
45 39 33
65 167 60
17 56 83
84 83 83
7 151 1
13 129 28
24 198 86
164 79 35
182 171 25
73 29 34
50 171 3
24 96 48
105 60 59
120 177 87
99 12 26
123 152 34
86 65 90
152 189 14
145 46 25
19 45 6
140 157 15
30 28 82
145 146 73
72 40 61
8 14 72
94 141 78
44 110 62
124 183 59
162 145 45
175 3 13
133 176 18
172 61 96
34 173 30
193 53 76
100 190 20
186 26 54
129 29 62
107 20 62
79 130 90
168 183 69
163 141 74
157 179 30
31 100 82
52 6 4
133 154 81
169 16 28
185 191 23
126 127 26
50 36 81
85 109 31
110 21 48
43 100 66
25 183 1
192 89 68
73 135 34
67 180 36
197 18 2
132 183 76
8 69 67
117 106 11
105 52 98
99 62 96
176 95 8
72 71 10
4 117 76
168 7 20
138 77 54
34 8 92
190 49 76
21 57 52
140 158 16
59 37 5
97 85 68
13 191 66
94 155 21
95 6 49
131 123 5
169 14 30
33 5 27
67 90 73
152 55 71
100 93 35
4 185 70
36 43 89
125 81 79
17 83 63
135 59 99
138 181 67
119 81 3
68 141 71
35 57 100
129 93 28
16 21 97
109 8 23
17 113 52
34 80 48
32 200 56
104 166 71
157 46 13
60 169 60
178 199 23
165 32 1
190 137 32
94 189 9
57 102 59
85 125 90
144 113 75
163 87 69
67 49 67
186 152 1
164 35 80
138 44 81
80 110 52
124 14 87
123 167 52
102 178 17
29 110 7
103 35 51
31 71 75
154 131 78
47 57 8
114 101 20
5 88 37
41 96 57
33 174 90
171 115 38
153 147 68
137 121 50
124 144 20
164 39 68
58 179 79
7 54 67
34 18 68
142 21 73
44 192 40
195 74 22
5 32 39
30 193 78
86 27 82
46 112 39
97 43 49
86 155 9
11 15 82
109 16 21
5 72 11
156 118 27
126 69 19
183 99 31
47 118 90
34 134 52
164 178 3
183 87 47
172 168 90
154 29 99
35 140 26
125 84 32
142 140 68
77 17 21
35 57 14
134 120 37
138 48 10
85 111 93
15 114 68
175 189 83
123 167 52
51 158 96
34 69 6
118 47 22
165 42 25
105 24 38
146 72 93
154 178 33
88 52 43
9 135 12
145 151 70
5 126 11
125 40 93
24 49 98
135 9 4
132 27 7
182 152 52
175 181 90
84 187 11
195 14 82
36 40 60
148 181 25
32 23 67
159 17 91
105 173 79
131 30 75
111 96 28
124 111 100
3 14 57
147 152 74
137 150 27
79 174 66
38 159 31
113 124 56
105 60 90
102 180 90
111 96 5
17 24 68
24 62 19
30 37 54
29 110 88
132 106 74
103 55 3
106 174 8
156 116 41
87 141 62
89 148 24
116 119 78
89 154 69
162 144 84
147 121 31
5 192 13
189 32 27
1 157 79
195 21 41
85 84 43
97 43 52
35 133 89
189 12 84
155 105 12
89 168 80
88 65 19
174 161 28
100 83 75
108 22 25
35 140 26
60 95 22
108 194 80
57 32 78
175 14 30
131 40 33
104 138 87
51 5 51
87 141 62
178 27 99
123 69 97
109 168 23
164 166 51
84 80 93
155 83 32
180 143 9
176 95 8
98 107 16
132 27 7
74 42 85
190 11 26
29 143 99
195 172 5
67 180 25
137 166 66
130 184 64
78 35 24
55 102 83
120 14 69
172 69 95
70 137 77
175 31 92
3 175 43
108 180 2
42 185 74
186 146 54
156 173 19
123 148 72
149 47 79
125 81 79
176 12 99
33 196 75
130 94 1
118 200 19
78 154 41
140 158 45
199 151 24
169 14 71
24 105 92
95 190 7
33 68 95
116 161 34
129 18 67
171 85 66
169 28 78
89 192 86
116 166 57
112 67 28
165 62 60
70 64 48
111 107 69
92 4 24
116 161 12
88 179 9
38 159 4
119 194 59
132 31 16
34 148 39
118 82 19
76 63 87
177 122 95
34 106 82
27 60 42
134 43 10
49 115 64
3 13 11
51 190 71
128 139 94
17 74 82
10 64 58
122 149 61
3 13 11
97 29 94
72 71 57
88 154 51
196 19 13
19 95 81
80 161 19
72 40 61
57 174 49
33 1 69
85 84 43
66 177 66
146 101 24
3 131 90
59 56 21
24 62 19
95 7 40
194 46 24
181 37 54
15 48 54
80 117 32
75 126 23
90 151 36
138 74 83
54 93 2
153 3 43
44 88 18
124 14 41
102 61 77
19 174 14
104 178 70
176 12 99
157 117 88
82 46 100
8 171 72
180 127 53
129 161 4
81 189 71
134 144 37
131 130 27
19 174 14
165 83 8
36 167 98
90 193 24
54 26 88
110 21 48
46 31 20
36 43 89
21 101 24
200 33 88
127 139 80
85 125 77
53 4 64
195 123 26
26 8 15
96 177 7
179 14 37
139 161 96
49 16 86
125 25 12
161 192 85
166 105 29
143 160 87
185 191 9
44 136 65
108 162 92
186 142 31
27 170 1
34 119 85
147 146 74
33 101 44
81 142 31
74 86 96
21 104 59
172 20 48
82 170 54
79 54 84
95 6 82
58 100 35
122 98 82
34 106 82
101 106 80
