200
112 193 89
66 23 97
6 99 96
148 121 35
178 186 75
108 69 20
67 71 17
73 47 90
123 3 28
7 164 98
96 139 59
34 48 70
87 124 34
7 200 60
133 69 88
77 142 88
106 64 27
87 124 61
30 118 90
97 69 51
98 153 3
52 138 33
39 136 39
9 4 66
124 195 44
172 159 67
143 166 44
82 1 68
143 106 20
200 70 74
33 52 6
1 62 28
92 139 37
78 141 16
96 3 100
1 45 84
58 193 22
54 29 17
151 115 78
54 36 30
11 109 71
21 150 94
185 178 88
87 91 65
29 110 58
165 90 84
22 122 95
55 115 61
98 41 84
109 182 74
88 84 30
7 118 42
54 154 84
177 23 4
60 156 27
21 150 84
69 3 96
120 186 20
52 104 89
127 72 45
30 12 89
18 147 31
34 48 4
20 14 49
186 9 87
11 122 3
158 73 56
85 131 3
67 194 20
7 21 44
32 169 60
42 82 30
192 31 41
61 160 27
75 42 5
71 168 8
152 10 99
17 15 52
58 18 40
125 36 52
82 2 9
120 150 28
69 79 31
100 125 96
117 25 27
180 169 6
89 184 15
68 85 4
19 21 76
100 144 70
40 10 77
7 161 38
195 174 4
20 14 49
163 4 19
38 119 60
140 196 27
158 186 4
19 4 57
89 159 5
139 60 89
72 95 63
59 47 5
138 56 18
179 37 86
52 160 31
27 98 39
4 157 5
170 162 7
22 100 87
199 172 41
22 8 86
105 26 91
108 22 56
22 194 35
166 184 24
35 4 23
185 125 60
152 190 83
41 53 33
108 59 15
161 46 98
195 81 58
191 150 82
166 173 47
11 165 67
154 155 53
147 148 32
161 28 92
147 165 82
116 124 59
105 39 91
7 199 63
105 55 94
65 34 47
13 104 38
155 17 2
19 125 5
43 25 50
109 90 88
73 103 61
44 176 65
97 150 35
45 125 23
96 139 72
148 151 31
125 36 97
98 105 78
37 32 44
105 172 43
17 113 15
113 24 31
118 67 20
173 61 76
140 133 10
194 20 95
41 57 72
149 76 21
184 109 66
111 96 65
85 53 64
36 95 54
1 47 22
10 143 31
199 190 30
102 101 34
66 158 53
180 102 69
123 113 19
105 173 82
5 79 62
167 100 91
181 31 68
136 17 47
15 69 40
29 110 58
192 10 26
148 32 50
161 187 89
112 194 25
22 105 36
149 168 40
66 90 32
29 14 18
109 180 50
123 175 90
167 100 91
74 47 72
95 2 36
173 183 5
27 91 82
133 82 73
172 140 30
124 71 31
190 97 74
31 187 21
178 68 76
25 77 52
109 36 74
34 187 88
123 128 84
116 103 91
158 181 56
23 77 26
82 105 91
103 97 79
113 37 14
55 61 99
153 58 54
81 89 77
3 151 66
132 67 55
77 71 25
80 40 1
17 53 44
151 135 58
144 199 72
36 15 95
38 138 67
72 192 56
102 148 47
12 156 92
53 43 6
56 184 19
23 149 89
118 94 33
154 88 60
162 91 30
116 117 100
131 54 3
112 122 57
83 140 24
147 26 69
67 47 76
170 77 35
82 172 3
65 105 77
100 144 71
65 191 19
148 100 18
150 61 77
54 135 64
114 51 2
171 52 10
26 196 12
178 122 41
174 154 24
85 63 42
94 44 43
1 139 21
148 14 98
23 149 46
14 48 42
126 80 37
91 127 33
183 69 13
82 118 75
106 114 17
85 42 46
61 97 26
70 22 48
36 9 3
69 51 83
174 191 88
159 68 80
162 91 30
39 58 81
1 86 43
119 103 27
27 110 58
177 40 89
160 109 29
177 89 63
62 135 84
121 95 60
120 103 67
145 9 15
60 3 7
158 100 44
111 161 12
106 81 83
96 3 100
57 163 77
150 27 81
181 31 45
5 24 54
93 170 63
194 182 44
83 126 74
147 82 13
153 127 58
182 104 21
8 114 28
39 19 26
133 185 47
150 104 6
153 139 52
149 77 64
84 80 87
80 172 27
59 64 4
44 61 100
102 128 82
131 197 54
170 162 9
145 78 35
109 170 96
114 124 55
158 63 74
163 133 85
45 165 98
15 194 94
161 141 26
75 175 32
145 194 7
31 67 35
141 135 65
200 175 56
12 134 95
19 38 46
16 120 43
167 86 43
194 36 81
158 125 27
29 145 42
8 62 70
159 85 75
183 69 13
42 97 85
178 180 56
125 8 41
69 3 8
183 38 50
32 116 20
34 53 90
164 16 48
31 102 61
189 158 31
79 75 10
191 156 66
134 26 57
157 102 78
4 157 5
188 62 65
190 178 61
116 70 52
140 196 79
55 165 94
92 174 6
173 124 59
92 155 69
26 166 74
134 87 51
32 10 19
82 172 3
180 97 77
194 182 36
81 91 60
103 9 79
194 165 26
33 176 4
141 191 92
157 27 81
127 81 5
86 129 34
1 24 77
89 184 15
97 50 35
93 53 67
102 145 74
150 174 53
100 125 51
160 90 53
77 113 45
158 143 75
118 186 34
85 131 89
32 184 91
200 112 45
101 162 33
171 136 29
102 105 3
22 122 95
144 117 36
21 82 57
53 155 93
65 110 86
129 29 23
4 54 48
74 185 42
55 111 45
144 9 13
152 29 77
200 70 75
56 30 26
111 127 32
174 21 2
129 132 87
192 117 13
173 61 28
11 25 26
195 28 97
17 52 50
161 187 89
32 19 19
11 109 71
11 144 75
182 22 2
77 191 28
35 5 87
117 82 95
175 97 50
51 118 84
193 7 15
60 126 18
125 98 22
85 168 32
137 81 58
12 153 29
66 119 83
33 110 78
142 131 25
55 61 99
47 74 20
118 68 74
32 187 8
176 130 89
128 122 98
169 3 31
4 196 99
159 165 88
27 120 85
158 188 67
90 1 66
10 53 83
84 122 37
147 84 42
148 44 14
13 104 38
131 73 15
45 75 55
102 69 71
195 62 63
59 64 67
75 52 84
46 149 18
18 183 40
82 46 99
60 142 20
168 115 50
143 69 50
176 187 40
42 97 48
167 149 45
91 155 71
35 176 20
141 35 91
147 26 70
33 67 42
59 83 43
182 146 87
16 35 75
60 126 96
183 131 49
167 23 89
181 170 32
167 188 5
58 18 2
106 145 23
102 128 82
88 55 25
159 58 65
52 104 57
197 51 56
144 86 53
77 71 100
125 22 32
146 100 72
139 68 31
71 128 68
5 66 75
94 69 24
197 16 93
37 167 68
199 55 16
63 7 56
105 92 10
21 181 36
35 120 95
86 129 36
100 112 72
158 38 89
32 24 21
41 9 4
19 38 36
44 45 65
10 143 31
38 168 18
163 52 39
15 134 87
162 81 40
62 192 32
98 145 13
158 111 45
32 24 93
22 90 78
95 2 36
44 176 75
156 133 21
187 102 85
126 61 37
21 82 71
98 95 9
172 159 5
144 117 36
125 139 23
90 59 69
196 71 25
41 122 54
103 194 72
160 136 66
101 154 31
195 26 44
43 37 11
19 112 94
16 92 43
49 116 21
139 68 31
109 180 50
2 160 56
58 83 13
37 92 55
5 84 62
61 174 39
170 39 61
16 13 17
71 174 95
194 172 26
32 169 97
184 27 62
184 12 29
24 196 30
65 191 19
28 101 45
24 172 46
24 104 94
70 26 85
1 42 31
115 35 83
67 77 76
171 28 26
100 83 37
136 197 43
22 168 95
97 69 51
55 111 45
188 73 96
45 38 31
194 165 90
197 185 55
104 121 68
167 86 90
178 52 1
66 158 43
97 43 57
120 186 20
169 156 85
59 105 53
161 138 51
52 198 71
185 50 26
181 174 29
122 169 37
115 154 39
1 62 91
80 148 26
155 17 4
64 81 22
180 121 77
81 63 11
133 79 79
59 165 25
38 119 60
143 168 7
116 124 59
95 4 55
91 25 84
4 54 48
94 51 69
191 150 82
7 200 60
3 159 19
108 189 86
14 88 69
70 26 85
150 104 6
5 24 32
51 50 73
173 124 89
1 86 23
16 35 75
113 143 32
181 189 98
67 195 50
64 123 69
114 128 68
81 123 69
37 136 17
130 83 11
24 26 49
180 121 89
37 88 72
68 96 59
147 148 12
150 174 4
177 173 100
71 20 36
30 185 84
18 76 76
141 75 19
132 155 8
56 184 67
13 31 76
114 149 58
135 175 72
70 185 53
179 37 86
141 191 92
79 12 23
6 63 51
92 174 26
88 26 8
74 3 79
168 182 21
56 98 22
41 43 100
10 53 36
42 177 40
149 126 50
145 194 67
149 1 94
39 197 28
32 47 74
77 191 28
197 185 86
168 115 50
181 189 98
131 194 54
174 170 45
139 149 98
31 163 47
180 82 51
181 174 29
159 2 100
67 47 15
91 170 13
8 161 71
53 1 11
198 174 16
191 2 95
158 181 56
123 95 93
55 83 44
144 156 95
63 68 84
160 47 16
195 196 91
72 52 73
61 198 77
38 33 88
144 98 95
179 118 57
134 130 41
41 57 72
34 187 88
79 185 72
111 127 28
121 95 100
130 43 19
180 169 36
184 146 3
88 55 74
182 104 21
163 52 39
126 18 63
187 138 89
9 108 78
165 139 8
66 119 43
126 144 36
71 133 4
109 90 54
157 83 62
162 20 32
45 116 59
65 76 17
105 92 87
65 76 17
50 48 68
114 124 34
94 118 93
146 68 67
190 191 43
169 156 62
94 69 24
131 73 29
98 145 13
186 147 29
64 134 43
167 42 17
99 168 19
14 37 73
142 111 33
58 138 96
40 49 66
124 195 44
130 153 63
174 101 68
38 11 23
48 120 82
133 10 41
38 33 88
154 42 11
58 4 50
169 2 85
106 64 27
169 189 82
36 9 3
189 148 40
92 43 39
131 133 3
142 131 75
118 186 34
171 42 20
4 188 39
200 112 79
109 78 70
7 118 3
93 170 63
94 51 69
25 164 2
29 136 47
199 8 22
12 153 52
197 16 70
136 169 83
100 112 51
33 32 14
92 15 65
181 2 91
46 146 57
188 62 15
171 28 26
94 80 3
180 54 56
132 18 83
173 105 39
24 196 30
75 45 89
146 106 39
176 107 91
19 51 49
88 91 71
21 12 91
51 118 40
35 120 78
48 193 77
154 194 6
183 38 50
68 96 31
31 187 93
150 81 54
66 37 4
192 139 2
31 197 63
139 60 43
74 3 79
7 142 34
171 52 89
17 32 24
45 183 33
15 117 13
146 143 5
178 52 1
100 156 9
102 145 76
194 49 49
135 175 78
169 79 27
23 169 50
112 33 82
24 172 23
179 100 45
41 154 28
182 8 36
91 191 97
30 111 85
125 22 32
123 95 93
5 190 16
22 198 19
19 131 9
154 48 41
41 117 20
189 148 40
155 109 33
134 87 67
101 154 31
180 70 63
107 98 84
133 185 47
163 4 19
60 3 94
168 184 30
137 162 60
79 75 10
45 38 31
82 30 7
45 127 28
164 16 5
172 191 94
97 23 85
145 9 15
116 131 92
199 89 52
150 27 81
94 150 20
179 79 8
194 20 56
158 52 99
149 200 3
35 144 98
105 80 21
35 132 47
105 172 52
34 19 27
7 199 63
165 139 85
56 46 89
99 91 74
112 150 67
163 89 43
199 8 5
120 103 67
38 92 20
38 154 62
181 2 91
8 48 69
89 159 5
27 26 71
71 174 95
102 105 3
140 159 72
112 7 98
93 53 67
116 117 100
192 63 65
43 12 18
61 160 27
48 97 47
142 98 95
106 160 42
174 81 83
175 97 50
162 62 46
169 189 82
56 130 13
122 21 34
105 33 7
45 165 98
78 188 64
114 128 68
159 182 6
113 24 66
107 38 44
46 11 84
144 199 72
145 78 54
126 144 98
40 50 67
104 171 52
23 75 69
54 55 23
22 100 69
27 120 90
55 115 26
43 52 9
71 6 21
45 75 55
156 133 7
121 40 13
185 50 26
184 108 44
115 149 29
141 185 82
198 174 16
5 66 37
139 149 98
124 71 18
37 158 9
159 187 23
126 18 15
73 92 96
186 147 5
99 46 67
158 38 64
35 25 71
99 168 36
197 21 87
136 51 4
29 14 49
33 52 89
22 194 60
174 170 96
160 90 53
13 84 32
185 125 60
154 155 65
167 33 11
127 130 49
16 29 7
69 162 76
58 97 41
147 82 59
92 43 84
50 97 28
106 95 19
116 16 86
95 122 91
38 92 20
137 121 96
113 15 54
123 3 33
176 92 74
85 192 90
178 169 81
167 33 60
114 149 58
64 16 29
24 169 78
158 63 74
167 149 60
158 73 56
38 138 48
141 185 82
178 180 60
107 38 47
192 51 19
32 38 94
66 90 72
175 168 5
52 160 6
8 114 28
28 130 76
136 51 4
144 11 77
82 1 68
158 188 67
109 36 45
140 155 54
172 140 71
102 101 60
121 97 85
133 79 79
81 91 53
9 40 45
9 199 84
26 196 12
88 103 58
131 194 78
169 13 97
58 135 87
42 78 99
167 75 58
91 155 82
13 156 8
162 105 88
106 92 83
63 149 48
37 141 31
45 125 38
129 106 34
109 170 96
21 12 91
100 83 36
68 103 18
116 103 67
130 12 75
174 66 15
40 49 14
51 194 38
66 13 21
185 200 21
47 74 64
14 189 64
114 176 87
113 15 54
135 16 75
26 93 87
180 44 90
56 8 85
76 10 72
147 165 82
194 49 38
88 93 41
54 154 84
167 42 17
95 122 24
179 79 4
193 54 47
140 91 51
175 53 26
84 122 37
88 26 92
64 123 69
22 198 19
32 102 64
67 77 76
121 81 77
102 110 64
123 128 71
193 80 25
101 162 36
25 164 55
80 148 26
86 186 12
16 92 43
146 106 39
36 15 95
40 100 22
88 103 58
35 5 93
133 83 38
192 53 60
71 14 67
165 84 16
82 46 99
138 32 27
147 106 82
112 122 23
58 61 96
109 78 30
128 18 78
27 200 17
128 51 21
22 105 77
148 5 44
168 114 67
77 113 45
15 117 5
81 123 31
20 21 46
116 131 92
164 125 59
144 104 48
87 94 30
162 140 72
161 141 68
197 51 56
71 119 20
144 104 48
15 194 94
146 135 32
64 81 22
159 58 65
14 88 69
154 122 43
45 20 59
53 155 8
158 106 65
35 118 89
103 9 19
198 90 32
90 14 42
86 132 54
174 66 15
136 72 65
