200
49 72 55
137 108 41
125 21 94
92 108 10
14 196 50
131 15 37
60 192 13
69 172 31
67 2 30
10 2 99
12 64 39
87 14 71
132 155 35
169 195 39
26 44 89
62 173 34
195 95 13
80 58 88
178 191 59
116 25 4
55 199 52
168 6 51
182 129 14
72 120 22
54 187 56
194 182 64
91 184 50
111 143 6
144 57 40
19 118 24
1 191 66
182 132 80
110 90 13
137 82 95
181 60 76
90 51 7
36 98 82
19 115 1
96 47 56
56 90 55
17 58 62
88 164 80
122 97 97
45 11 67
134 185 35
3 175 2
66 64 75
176 51 93
76 38 54
26 156 64
79 57 96
53 197 89
175 27 70
89 87 15
147 56 29
21 135 85
182 97 99
71 74 34
169 67 68
165 44 97
170 3 10
54 41 83
135 185 30
176 144 22
171 102 14
178 18 50
16 34 71
130 109 25
62 150 99
70 174 65
151 126 10
200 175 99
82 176 37
77 13 35
70 169 27
67 6 81
170 49 10
110 15 99
98 127 11
15 121 87
104 129 35
47 110 42
120 96 41
168 193 62
2 68 87
138 116 55
162 34 75
62 199 43
165 7 85
14 90 46
181 109 3
132 107 46
100 44 53
131 173 78
129 121 92
125 61 79
2 145 94
179 129 56
51 21 56
116 25 42
64 55 74
84 125 75
92 50 81
197 132 8
120 184 76
113 189 9
72 6 85
38 55 27
66 157 48
143 147 14
144 93 96
167 38 89
78 95 35
155 67 41
143 47 3
137 99 9
183 59 48
34 31 26
66 139 16
59 148 2
84 182 58
73 95 27
22 74 12
56 180 61
18 57 71
60 104 76
113 142 19
9 81 56
156 142 79
171 170 15
157 29 74
59 19 31
56 43 54
46 124 54
195 32 20
156 33 15
125 4 99
35 58 53
45 11 26
80 54 44
132 110 87
21 92 56
91 105 4
98 8 59
95 33 3
172 188 15
175 134 10
85 45 58
124 188 62
5 18 74
120 103 74
88 100 22
66 194 7
19 24 97
95 33 3
113 64 80
22 50 4
101 124 61
5 190 88
151 140 35
184 30 28
69 80 40
164 145 38
130 194 8
25 2 85
194 152 4
54 107 32
186 119 64
12 25 60
118 110 40
1 190 37
82 2 37
160 94 65
124 165 25
99 72 40
25 57 23
150 111 78
14 196 43
163 66 37
161 109 22
10 9 28
159 168 15
22 169 24
70 186 59
65 166 93
38 41 98
93 149 71
144 58 89
141 5 29
25 14 12
60 58 76
140 161 72
2 52 43
38 62 43
108 93 84
51 143 60
92 50 81
176 51 68
62 176 2
49 169 59
110 153 48
130 40 9
81 62 83
135 147 93
134 148 70
157 165 3
48 113 53
4 45 20
104 80 9
139 32 31
152 127 31
100 46 53
97 38 66
65 135 6
11 21 31
59 153 85
170 116 64
148 101 37
31 160 54
190 28 51
101 60 49
60 199 88
112 55 95
182 38 89
127 78 4
174 141 89
71 171 1
154 9 40
109 72 24
133 10 5
104 22 14
80 49 39
38 55 27
191 170 95
114 94 36
130 116 5
5 100 85
165 7 85
45 36 72
77 63 27
182 17 59
49 72 55
186 199 62
110 154 29
177 7 45
138 154 14
12 25 32
61 84 10
44 58 95
110 188 58
126 56 13
125 4 99
45 25 27
61 144 54
163 86 10
196 19 82
30 102 50
154 141 60
83 162 54
36 98 82
61 181 65
59 109 21
109 134 18
191 170 95
150 102 38
119 11 41
130 20 93
59 18 10
18 54 6
20 61 95
43 109 47
54 72 85
1 25 13
117 107 84
67 130 39
199 24 57
86 147 88
54 115 17
10 195 80
76 109 33
54 115 87
70 104 51
59 109 21
5 46 25
150 76 96
36 112 12
5 17 75
162 34 52
110 64 72
58 199 8
146 114 48
151 142 50
22 13 77
36 28 95
148 103 61
151 126 61
152 7 48
34 158 42
138 30 6
196 110 66
132 64 40
117 33 16
44 58 98
14 17 85
10 112 69
20 61 51
9 165 62
87 116 18
102 65 25
196 33 87
67 101 86
133 6 47
128 96 79
38 24 19
58 96 31
106 151 7
46 172 44
139 188 12
79 7 10
161 151 51
14 45 19
61 84 10
24 187 56
159 86 72
6 123 99
141 122 68
166 23 38
129 121 57
50 199 52
98 138 99
43 162 1
38 37 93
19 115 28
96 108 80
100 21 59
165 92 65
6 106 71
4 45 6
191 80 7
181 185 96
127 149 8
112 188 99
120 193 71
71 80 24
161 132 41
33 98 100
154 93 10
133 165 14
110 138 51
10 144 74
172 101 74
125 182 32
55 199 52
188 57 52
82 196 48
139 84 65
72 166 61
151 79 31
132 11 87
148 66 38
11 33 6
110 114 47
103 92 95
76 109 33
80 136 79
73 159 90
44 19 54
117 153 82
78 150 92
67 139 26
161 151 16
160 49 23
185 22 96
16 41 75
132 191 13
142 130 52
173 49 49
64 55 74
128 161 34
130 56 63
123 49 9
124 58 20
1 43 57
39 75 73
115 76 74
192 47 72
64 33 98
185 137 35
43 162 1
171 85 50
51 62 27
100 102 42
176 106 38
122 137 60
71 198 37
102 61 94
197 140 50
29 21 4
88 73 53
144 58 33
74 4 89
79 162 93
36 153 58
15 88 88
43 192 54
58 109 55
20 134 30
6 194 32
177 105 66
70 96 20
185 93 8
128 195 65
199 61 100
200 48 84
117 95 22
33 158 99
83 165 93
195 18 44
171 45 94
186 14 31
178 199 71
33 194 21
58 131 55
67 130 39
139 13 54
22 74 50
54 107 60
86 18 34
80 85 64
181 60 23
43 159 3
35 7 3
3 162 89
192 118 20
96 99 24
52 80 55
147 89 18
135 89 46
50 175 41
181 178 54
28 39 50
174 182 30
27 171 92
161 109 22
57 99 62
147 27 90
77 115 60
56 41 6
92 2 53
16 133 51
126 61 26
171 85 50
102 144 3
16 113 1
130 163 85
93 164 74
72 147 76
80 185 60
166 106 41
108 97 39
175 52 68
122 14 90
90 113 92
42 200 43
57 100 51
147 114 43
117 107 74
5 17 75
148 66 70
107 50 16
75 113 93
146 114 48
172 188 88
27 171 44
83 153 29
88 164 80
195 18 12
120 12 95
61 181 8
28 31 56
69 107 60
141 42 18
151 76 52
110 15 99
96 12 61
76 68 20
51 27 42
107 50 74
7 85 25
196 90 72
39 193 74
19 21 27
23 20 86
48 113 58
84 115 6
19 118 24
38 184 40
56 43 70
88 3 47
165 56 86
158 111 87
155 163 30
108 1 30
42 85 90
102 65 75
160 140 26
165 130 56
199 109 35
70 186 59
98 1 11
36 140 13
69 75 49
43 95 4
30 77 42
72 166 77
2 195 67
164 128 96
79 60 30
37 121 78
173 140 79
19 149 74
99 82 11
26 106 73
143 22 49
124 141 2
117 95 68
16 78 13
22 64 53
36 89 15
25 57 23
172 157 13
196 90 33
114 188 68
157 189 48
39 174 41
62 109 65
69 172 31
124 58 20
104 22 14
162 196 99
44 19 54
105 192 67
54 41 52
146 62 75
70 169 27
69 80 40
185 174 100
185 27 27
76 38 57
104 114 21
62 124 61
82 44 9
30 177 69
155 67 27
157 174 9
194 152 60
51 11 89
196 95 28
14 45 19
171 76 97
43 95 51
182 82 60
6 194 82
73 50 85
89 176 85
19 184 43
164 31 68
102 52 93
192 47 100
142 22 65
193 199 56
98 8 2
174 21 15
127 170 17
49 98 6
125 58 72
20 11 59
76 148 40
79 60 30
36 121 24
137 54 56
73 159 27
16 113 94
69 13 27
155 8 74
28 76 88
51 21 95
67 167 81
35 7 64
17 90 5
12 104 41
82 81 2
29 82 31
6 83 88
16 133 51
111 143 52
141 136 92
158 160 43
73 95 27
18 54 2
112 188 99
53 6 74
95 53 98
73 196 89
90 149 90
132 191 57
96 61 45
26 60 80
100 44 53
49 48 66
144 93 21
56 17 95
118 154 21
159 158 99
159 41 91
75 159 54
6 83 13
156 50 17
53 193 90
194 186 44
150 41 85
60 199 72
123 175 31
130 163 17
53 146 35
182 38 87
120 34 46
189 56 7
74 147 65
168 6 51
99 86 39
42 200 74
90 196 83
77 13 93
155 161 77
160 140 26
169 46 4
14 90 46
118 110 40
153 80 83
85 23 84
67 2 28
176 177 90
118 154 14
18 57 79
180 13 80
135 190 40
115 101 47
23 149 38
2 145 94
55 139 21
168 43 37
183 193 71
82 164 96
189 59 34
195 101 29
100 21 59
28 143 1
187 163 1
37 156 74
131 167 65
33 98 100
107 110 42
120 18 47
18 77 38
27 114 32
144 57 40
199 109 81
196 74 86
159 136 32
196 19 82
63 21 99
173 49 49
171 139 55
151 76 51
176 184 93
157 77 79
11 61 62
28 41 43
112 54 29
93 157 94
168 180 13
58 168 74
59 196 26
191 62 100
56 180 83
152 1 78
139 85 11
23 176 78
107 26 92
148 48 66
111 181 77
155 45 60
99 86 39
54 72 52
161 122 10
168 180 13
101 124 31
116 127 4
10 144 33
200 78 89
38 10 60
28 55 53
104 195 35
76 148 40
25 113 21
87 24 43
127 78 43
128 146 51
100 13 86
175 22 6
107 168 83
51 11 89
102 52 93
54 78 88
23 75 20
28 31 56
95 53 26
34 144 23
170 136 7
163 74 82
65 166 7
71 198 85
149 100 13
2 150 18
146 69 81
179 129 56
44 33 89
166 189 62
29 82 59
50 175 41
27 114 32
40 111 47
175 3 99
69 123 73
184 30 59
187 163 6
194 18 68
157 9 62
88 33 93
12 123 57
103 151 33
28 175 65
120 193 71
96 123 87
155 161 28
180 160 42
120 171 70
154 153 82
127 138 78
79 134 58
89 74 20
193 77 43
151 130 40
160 64 89
191 171 20
30 67 40
6 163 52
53 189 3
122 64 89
135 200 9
200 196 92
33 198 42
78 199 87
182 97 11
200 78 89
82 65 71
164 128 4
72 6 85
30 177 67
152 193 92
123 115 92
180 129 48
143 47 3
102 19 38
141 179 58
146 69 81
56 90 66
157 194 92
97 48 73
157 43 46
34 101 100
93 170 66
113 66 54
155 17 3
196 49 10
31 57 22
36 112 77
90 196 83
114 94 46
88 144 79
62 176 2
28 14 28
32 110 85
130 194 8
36 115 43
139 189 44
146 62 20
165 56 86
41 57 86
42 85 90
93 164 97
49 98 6
26 59 82
85 195 91
17 102 12
51 178 39
141 100 29
62 2 59
37 188 17
72 31 5
30 67 40
11 31 86
181 26 54
195 102 37
22 89 47
142 50 57
1 190 90
130 67 86
34 31 93
144 33 67
160 180 40
97 176 70
42 13 19
119 11 67
135 141 31
189 56 26
130 109 75
97 28 38
148 110 23
157 107 72
69 85 16
111 158 19
141 123 68
40 39 100
1 43 98
130 128 31
196 16 98
107 44 99
26 173 82
80 136 30
11 31 86
130 20 93
165 179 1
73 196 62
137 188 89
96 61 43
117 51 88
90 148 100
104 80 24
137 41 33
17 166 64
14 134 17
79 7 10
116 48 6
185 174 100
59 111 72
96 134 62
86 75 6
2 195 67
72 199 98
104 109 51
45 41 30
76 68 4
78 185 11
78 95 35
67 7 41
46 36 2
78 119 74
2 150 18
93 170 66
100 13 62
183 174 44
182 129 88
72 199 98
181 178 54
97 38 100
20 190 85
70 104 51
31 154 86
180 198 31
173 161 38
55 189 23
174 141 18
78 103 44
50 94 13
111 141 37
195 101 38
177 152 19
126 89 6
42 29 47
55 121 45
160 49 100
105 166 44
141 100 29
63 116 86
77 182 51
112 50 54
126 61 69
108 93 26
82 2 37
97 176 70
122 105 97
184 34 51
33 198 30
63 116 37
150 41 1
88 3 47
90 10 2
82 176 30
105 184 5
35 64 63
182 82 95
29 78 73
115 76 70
170 3 70
176 184 11
71 144 2
23 67 33
156 50 18
92 179 89
154 141 94
88 15 43
43 41 66
96 80 68
96 12 61
110 188 58
175 33 54
120 18 47
127 138 78
145 30 71
162 100 22
36 128 6
11 61 68
169 105 34
53 197 13
16 34 33
77 126 44
175 57 50
186 23 17
196 110 66
150 91 80
22 13 80
62 173 8
166 23 38
35 58 53
26 59 30
107 45 40
48 140 3
3 87 94
168 43 85
4 189 44
52 133 36
40 58 10
157 77 94
105 137 20
169 168 32
112 55 28
38 41 99
17 32 90
31 57 22
137 41 51
118 190 34
186 49 12
186 23 17
170 192 8
99 110 90
139 20 31
194 182 47
184 34 42
109 72 52
12 104 43
176 177 90
43 196 59
71 74 76
140 2 77
10 2 43
112 103 33
132 149 59
69 75 49
77 126 44
185 137 37
185 27 27
178 191 70
173 98 17
162 10 5
141 195 64
44 33 89
124 172 39
139 84 65
124 165 25
162 10 96
83 187 2
60 192 13
172 44 99
155 45 60
25 62 83
86 18 34
9 108 81
62 68 90
20 157 59
49 158 61
29 182 57
184 160 85
72 181 65
73 87 41
42 29 18
127 170 17
91 105 4
156 197 56
93 10 20
102 61 94
168 69 6
54 141 78
