200
100 68 33
191 132 4
33 187 80
192 145 60
42 61 92
141 120 48
18 181 23
105 138 86
141 149 1
8 141 39
66 42 80
188 45 8
61 92 24
25 32 18
153 193 51
167 11 38
4 111 43
80 185 24
148 50 32
125 143 91
133 53 53
61 34 49
135 51 14
123 80 86
30 98 17
130 111 41
79 177 70
192 200 73
141 158 79
12 49 42
15 143 44
23 53 52
131 150 64
190 67 31
122 15 94
39 87 25
111 117 10
73 114 93
136 148 40
54 43 13
82 25 80
26 162 99
59 167 20
8 149 26
134 190 5
38 149 59
77 86 60
170 71 98
13 88 60
47 39 3
138 187 100
131 200 94
19 121 30
93 117 87
25 32 67
130 23 36
91 31 2
63 160 33
59 167 20
106 97 39
141 100 91
80 39 58
108 91 42
183 62 29
49 132 98
70 180 45
68 108 55
77 160 51
145 85 19
117 123 76
53 83 100
150 10 4
101 158 100
197 18 73
98 111 48
105 190 35
169 92 39
154 11 12
178 85 95
118 7 27
183 142 67
183 142 26
137 30 21
29 153 22
150 84 30
76 190 53
54 131 42
141 109 28
10 182 39
149 190 41
186 180 24
133 39 43
113 182 56
69 20 80
157 37 28
198 4 92
59 83 35
68 108 55
165 166 74
132 167 23
42 185 64
64 90 73
100 12 29
193 47 96
139 7 94
30 41 69
108 175 7
50 169 54
78 82 43
11 127 42
6 11 56
188 6 73
81 74 31
85 28 69
183 131 60
108 73 79
38 108 9
137 37 72
133 91 41
117 123 76
51 145 97
4 12 1
131 59 65
55 182 20
102 89 81
57 75 30
48 148 97
177 179 1
128 23 59
53 49 7
143 182 22
4 54 29
29 52 82
83 78 85
141 32 38
81 74 49
144 40 3
94 123 20
198 126 14
115 184 58
178 94 20
136 32 53
32 180 73
51 102 43
185 193 57
176 41 95
186 134 6
53 56 69
159 95 59
188 4 6
111 149 17
111 1 59
57 174 44
71 133 28
137 27 7
112 75 99
16 163 83
106 91 47
160 92 98
102 121 35
176 89 15
110 101 9
52 102 8
62 49 21
49 140 17
16 2 57
53 169 88
111 1 88
19 98 31
34 181 24
54 67 81
70 126 67
20 102 53
96 68 70
2 169 55
120 134 39
198 126 89
65 90 73
78 64 89
144 40 3
120 10 11
130 18 87
5 114 10
8 147 23
156 200 88
192 25 54
130 163 60
171 93 69
161 20 5
135 146 80
63 164 78
119 54 11
66 84 36
98 111 23
58 56 89
192 73 80
170 71 98
140 93 81
66 178 79
190 113 34
114 33 17
26 140 41
75 191 20
27 6 86
179 97 29
84 56 68
65 154 71
105 3 78
124 76 69
190 40 47
58 44 13
16 147 30
113 147 93
67 170 22
159 183 46
102 26 46
185 127 9
10 195 9
64 47 61
68 190 77
181 35 51
66 187 74
184 178 84
130 73 56
169 46 79
39 146 37
103 102 35
67 87 21
63 27 58
145 163 99
117 150 53
46 89 69
53 96 45
69 93 46
23 173 5
172 87 83
119 81 91
80 17 14
12 30 25
135 131 93
41 78 48
93 58 89
4 156 50
130 111 28
33 187 36
110 101 71
95 112 71
149 5 57
67 28 27
126 97 78
141 23 53
64 90 97
7 133 91
200 141 44
149 190 74
74 100 60
159 121 82
132 141 86
27 91 31
133 88 76
25 119 22
33 86 27
141 100 91
41 68 89
148 25 72
106 98 24
160 20 32
6 32 23
38 149 62
141 106 25
102 39 58
35 180 84
180 156 11
163 88 95
190 34 88
84 29 96
79 176 84
121 11 1
114 195 68
76 188 41
193 110 12
121 10 1
58 26 23
135 51 44
116 199 92
140 87 79
130 39 72
88 92 92
38 156 3
153 87 31
79 6 34
93 12 4
181 64 67
100 197 84
199 185 80
97 120 92
124 76 69
1 57 71
105 160 17
111 197 21
175 159 25
195 196 98
100 187 8
26 162 99
2 30 35
188 67 75
35 55 65
64 37 18
176 35 91
4 139 66
161 25 90
159 161 65
67 103 2
188 161 73
190 34 88
77 99 84
107 5 28
68 80 45
160 186 13
178 109 99
175 159 92
14 183 19
98 133 85
36 10 46
28 169 61
128 23 59
4 111 2
87 103 67
160 186 18
200 141 80
51 93 23
51 94 8
195 155 14
177 179 44
33 86 20
31 110 38
145 163 99
78 92 52
72 113 26
86 120 12
87 10 1
156 108 5
85 17 86
200 133 4
77 99 84
18 37 73
169 178 67
73 8 59
120 77 62
188 161 73
108 16 34
195 127 79
85 28 21
120 13 72
185 116 32
158 159 75
51 145 42
128 126 58
194 120 10
35 55 15
29 52 49
180 143 36
184 147 18
39 146 77
113 84 63
150 121 4
141 103 44
17 33 58
172 79 93
142 88 29
120 167 74
103 102 86
199 176 19
95 132 41
83 173 58
23 53 52
137 63 63
19 108 83
108 159 10
87 34 1
24 53 82
157 37 39
112 190 86
133 110 23
199 69 78
84 29 11
153 79 42
1 148 1
19 108 83
89 198 25
171 65 60
30 168 80
48 160 60
54 72 53
88 200 31
91 60 67
114 32 67
96 54 51
141 91 93
149 81 71
133 124 90
102 121 35
7 133 91
97 120 35
182 59 6
93 78 67
159 183 20
30 146 8
128 187 66
111 163 49
101 69 31
172 151 70
38 108 9
130 147 67
56 91 50
146 21 15
81 99 47
49 9 59
80 27 94
93 50 33
114 92 70
51 92 45
185 60 72
133 91 34
48 20 61
173 11 10
96 132 80
142 10 64
26 20 17
7 96 97
79 85 70
116 65 72
179 175 5
49 140 17
129 29 55
159 76 5
31 186 7
10 8 66
68 165 24
117 150 40
142 101 15
29 195 25
55 182 20
137 63 63
1 76 60
159 155 24
185 170 22
83 159 89
165 84 64
83 87 25
87 188 42
37 135 94
27 99 94
185 145 10
1 46 18
151 35 1
195 67 50
148 30 73
92 147 13
13 104 61
34 183 97
98 26 50
96 54 51
99 69 93
133 137 82
186 3 83
124 190 77
186 3 61
141 103 44
161 20 28
169 131 70
58 122 19
43 100 97
31 110 98
78 92 48
3 65 23
192 154 73
152 157 26
79 117 68
52 79 26
75 167 88
31 143 33
6 178 19
69 93 46
49 28 35
163 131 7
35 93 30
130 120 98
76 79 73
138 19 74
191 192 85
107 175 94
144 154 70
112 137 57
148 16 64
195 3 6
120 14 19
106 91 93
121 164 82
170 148 99
104 93 51
7 132 76
98 84 58
79 84 39
35 89 27
76 186 39
186 110 30
27 86 46
128 36 76
121 69 60
149 169 89
94 5 100
80 17 8
14 85 39
43 157 95
100 193 79
47 67 80
158 72 72
19 138 39
68 157 69
44 100 5
11 2 62
82 106 46
180 156 68
125 156 63
18 21 28
179 135 46
31 118 93
195 93 94
106 97 39
91 129 35
129 50 6
102 88 50
138 175 98
39 152 29
54 131 93
136 32 36
70 53 68
167 120 35
176 77 52
165 52 88
167 120 90
183 28 20
71 186 88
148 25 72
89 143 67
76 171 95
37 173 49
12 124 22
47 39 37
33 141 51
20 51 22
160 61 59
90 192 6
42 195 17
27 155 64
68 183 79
60 73 24
80 196 43
106 54 35
5 43 17
163 190 4
76 83 73
3 21 65
127 108 34
170 122 12
130 123 91
67 28 38
200 65 68
129 17 91
104 148 33
4 156 50
107 175 94
1 57 84
42 190 57
81 99 82
165 84 64
38 55 42
160 66 24
77 86 58
4 54 37
100 18 42
118 50 17
109 5 75
196 180 46
31 118 60
84 46 59
196 105 29
136 148 14
105 147 34
152 157 26
83 78 57
191 192 85
190 40 47
122 117 7
25 119 7
184 159 9
139 32 58
112 58 71
42 185 7
142 34 93
139 32 58
168 172 93
44 73 62
99 63 83
111 163 49
200 12 81
129 184 21
196 180 47
63 160 35
6 19 9
66 29 83
45 189 81
173 99 38
129 13 52
74 166 3
30 65 86
178 97 83
108 159 10
93 50 33
116 65 72
83 31 44
45 12 84
82 26 7
88 42 48
164 120 76
34 13 58
1 146 17
46 194 26
32 143 89
172 127 64
34 192 56
80 185 26
100 124 86
142 176 98
45 60 67
105 151 51
135 131 93
44 200 34
47 94 18
69 92 57
179 175 5
93 117 87
46 86 34
43 100 97
93 54 20
195 137 50
66 27 66
197 18 75
125 178 80
171 144 31
185 193 65
181 115 40
182 44 65
103 10 30
13 88 27
178 97 40
68 80 65
1 46 18
150 84 83
144 154 40
43 145 77
97 151 62
94 40 95
168 51 86
161 8 87
178 94 22
114 180 46
10 131 71
185 14 16
31 119 17
195 32 48
74 151 84
34 192 56
70 190 50
160 83 50
135 169 37
137 172 29
11 144 8
83 75 86
167 180 51
173 32 33
104 136 25
119 83 75
152 40 30
141 196 68
76 186 39
113 182 93
63 27 55
38 70 61
126 38 66
191 194 31
125 156 63
142 130 83
199 176 19
72 139 14
124 190 77
14 120 10
83 187 79
195 64 94
16 2 42
179 94 55
31 186 7
199 72 40
128 126 58
18 37 73
180 143 88
68 165 55
171 71 76
52 117 99
1 148 1
75 58 11
104 125 79
88 80 49
149 169 89
141 52 50
127 7 64
129 30 16
74 100 60
120 167 74
97 179 66
96 35 29
3 159 43
115 67 97
86 157 32
114 92 70
148 82 83
6 178 26
120 77 62
28 117 80
185 116 32
133 124 90
48 10 86
56 121 26
138 120 76
159 154 21
111 145 51
167 180 51
130 137 60
66 27 76
76 190 53
16 56 58
99 195 40
28 82 75
33 115 50
103 63 19
163 88 95
188 132 58
195 43 70
65 154 96
176 35 59
66 178 79
87 10 45
188 4 6
10 195 87
82 106 56
59 83 30
97 191 90
91 200 83
7 192 97
103 10 12
122 165 62
130 24 70
99 172 14
64 175 60
75 191 90
182 187 86
66 7 37
104 125 53
193 110 12
100 68 33
4 12 36
104 93 74
139 147 96
129 29 67
105 180 76
127 108 11
104 124 90
158 72 72
176 77 13
43 55 1
27 99 94
132 166 86
161 187 77
173 32 33
12 124 42
171 40 13
138 19 35
140 98 33
43 145 16
146 21 64
54 67 50
57 82 19
168 84 79
153 105 46
129 74 79
130 163 60
102 88 9
186 134 6
87 188 71
182 41 15
24 194 33
116 199 18
110 116 6
4 188 22
24 195 48
188 132 58
198 4 4
42 80 46
3 65 61
168 3 11
158 124 81
91 31 62
185 14 49
138 176 56
163 12 72
193 53 51
186 139 47
190 79 60
83 31 44
33 141 51
6 139 47
71 186 23
79 85 74
127 111 63
69 131 46
52 150 54
91 200 36
23 110 90
27 147 47
18 2 35
24 53 82
167 179 82
107 110 49
114 32 67
186 139 47
74 120 19
167 179 42
45 60 1
97 197 46
6 139 97
99 2 17
182 41 15
24 31 84
42 195 99
56 16 24
170 164 22
17 108 11
45 12 31
116 143 38
143 61 58
59 119 38
87 157 57
11 194 63
198 142 2
106 98 24
182 168 63
109 82 99
38 147 94
92 158 46
41 78 6
88 141 17
159 120 13
82 25 33
130 47 72
18 52 74
23 139 18
156 146 50
90 37 14
47 101 19
63 23 76
79 6 34
34 15 71
105 160 67
38 147 94
19 121 28
190 79 60
78 64 89
54 138 69
152 151 63
86 157 96
56 91 51
50 15 1
92 150 12
113 14 61
36 99 71
84 46 59
66 84 33
159 95 38
68 144 71
75 135 24
20 178 90
163 190 4
8 63 23
34 181 55
73 37 31
41 13 70
43 121 92
157 33 46
187 135 84
6 93 57
105 190 62
113 147 93
153 79 39
138 42 33
28 82 25
168 61 77
138 176 56
38 62 53
107 156 52
96 18 70
71 133 60
182 59 6
114 139 78
133 53 70
57 35 53
2 70 53
130 73 56
97 38 69
97 184 25
200 65 68
120 119 36
110 29 29
5 195 81
57 75 30
162 172 53
29 86 35
163 12 72
140 124 91
99 69 37
74 166 41
132 167 23
156 179 14
82 183 25
127 160 82
52 159 59
169 178 67
11 2 62
72 139 74
145 38 66
46 89 69
44 100 5
120 118 28
190 159 22
118 50 66
141 32 95
148 9 62
5 195 53
179 94 55
130 72 95
149 5 49
63 86 37
167 86 61
195 32 39
16 163 35
177 185 24
128 187 31
85 180 1
193 47 22
111 23 24
184 147 70
32 162 53
194 120 10
7 192 2
130 137 60
142 101 54
119 59 32
131 59 65
