200
30 187 13
58 4 39
18 63 86
163 100 32
183 112 84
93 18 59
132 3 52
155 39 99
123 33 15
82 197 71
170 128 22
37 106 20
155 2 67
149 87 88
52 180 35
19 105 45
48 119 61
50 188 4
22 27 23
106 165 43
9 186 43
11 190 10
39 136 70
140 80 82
182 118 98
30 183 63
38 150 91
68 43 90
143 7 100
172 65 94
29 194 69
183 65 29
130 124 28
23 19 91
31 167 53
66 126 74
119 70 100
38 46 50
151 9 5
189 40 73
177 86 98
30 103 32
136 122 68
78 2 96
121 39 88
145 13 71
108 86 61
70 161 54
71 140 39
171 199 85
76 12 60
169 162 77
37 65 64
114 172 86
185 178 40
81 171 64
182 118 35
92 145 59
158 13 50
82 94 60
107 168 41
111 199 39
60 18 71
68 6 51
158 97 40
13 154 94
108 99 13
123 40 12
97 6 26
177 86 41
86 9 43
115 21 16
140 180 71
170 128 78
162 172 96
17 60 7
74 111 7
122 98 5
165 105 97
18 52 11
37 195 47
149 52 27
1 31 32
44 72 44
179 156 71
121 191 44
139 34 47
191 138 72
132 127 100
30 156 53
155 2 67
89 68 30
188 120 36
46 61 84
80 121 13
128 194 76
15 8 78
14 16 9
77 94 76
29 120 76
148 135 46
78 54 45
69 126 21
139 178 10
166 11 35
95 29 29
179 104 68
30 66 4
96 47 26
57 180 80
97 124 12
29 89 7
31 6 54
119 151 66
121 147 15
95 151 26
57 137 92
50 158 61
108 181 64
79 161 51
76 187 45
44 29 25
194 4 10
118 25 68
29 46 77
182 27 36
3 94 1
15 97 21
80 196 97
12 198 6
7 23 75
7 167 99
54 96 33
4 156 48
108 147 97
195 98 43
95 102 81
3 84 50
173 183 72
26 119 17
24 94 22
125 167 98
153 141 77
190 101 54
70 160 54
2 22 27
54 19 75
61 152 8
191 173 36
30 150 17
106 177 47
38 200 13
175 189 43
40 193 85
6 46 20
167 19 11
151 6 53
200 139 4
168 187 41
134 121 94
112 40 74
3 7 18
83 111 63
26 140 27
47 93 3
30 183 52
198 143 10
40 41 57
156 70 54
177 116 54
48 200 54
95 158 94
30 115 5
153 98 78
81 181 12
50 70 34
120 178 69
60 135 77
170 33 72
9 72 37
23 17 67
56 50 50
136 89 22
30 156 26
111 130 26
20 134 69
169 45 8
44 160 99
7 58 1
117 188 90
188 105 36
60 176 10
33 106 21
1 31 60
63 25 24
6 136 73
42 161 30
122 82 20
15 97 21
41 42 69
70 161 68
35 170 52
152 153 76
83 76 47
15 177 79
8 155 85
112 198 23
156 70 54
50 47 92
44 57 44
147 45 90
115 172 52
161 101 30
168 169 6
15 130 52
1 172 59
38 166 59
145 17 47
152 174 56
8 155 12
156 165 94
63 36 96
94 19 1
53 92 99
149 71 15
57 180 46
11 138 84
100 83 58
37 58 71
47 174 97
76 187 45
53 187 1
12 97 69
56 172 73
199 132 74
47 89 7
107 93 32
138 141 89
52 75 34
116 120 25
135 154 6
84 67 70
173 136 56
29 120 47
121 171 92
121 171 92
129 64 87
167 128 31
67 49 70
158 59 42
154 92 52
95 109 13
78 100 66
174 176 61
167 146 7
128 71 9
40 77 7
194 92 40
191 13 47
5 173 30
112 40 74
102 161 14
145 41 10
92 95 76
155 104 5
155 124 85
64 39 68
141 78 43
96 191 69
94 92 50
40 77 14
161 101 30
88 148 15
128 165 7
180 129 59
176 69 63
105 16 5
107 93 32
94 109 46
103 77 94
90 120 88
140 180 34
38 138 80
44 29 25
20 93 13
127 107 77
141 105 66
108 85 99
199 29 58
176 69 79
108 162 10
68 118 49
190 95 89
108 37 53
141 78 73
143 55 20
143 190 74
146 2 61
108 85 99
60 57 42
26 111 29
53 82 24
90 64 91
80 118 22
32 153 61
182 22 32
25 35 76
163 25 38
44 57 44
146 22 63
60 144 66
52 180 94
102 44 54
119 147 21
24 154 89
78 96 36
148 99 45
143 190 74
167 194 50
78 169 8
47 89 7
46 196 8
122 82 20
124 192 34
103 139 67
142 136 80
63 37 92
61 83 25
92 50 61
65 97 35
50 151 52
71 173 54
35 170 52
59 13 92
152 166 35
182 156 17
156 146 10
37 149 66
36 62 39
145 148 40
138 104 6
48 185 9
12 79 11
58 174 5
140 123 76
49 25 40
130 112 50
136 44 30
165 110 87
4 100 82
195 4 27
139 7 84
30 150 17
115 74 46
180 129 59
41 79 7
118 188 20
100 4 26
33 55 89
104 122 28
36 111 79
108 146 18
117 178 25
12 198 6
170 29 79
13 17 41
119 131 13
63 95 97
33 157 33
197 9 33
149 71 74
48 119 42
62 26 18
178 10 70
196 50 73
156 130 16
108 162 10
152 174 56
26 64 44
49 25 40
114 81 53
12 172 50
3 53 6
10 4 67
124 49 64
79 161 51
118 56 58
14 128 50
183 123 9
64 76 26
153 152 10
15 130 67
78 100 91
131 55 9
1 130 79
150 170 98
72 183 91
41 39 79
164 19 63
57 113 35
89 159 19
183 160 64
183 122 92
71 46 1
93 175 5
167 120 23
161 148 90
62 122 4
67 193 38
132 3 52
182 136 23
6 44 39
19 101 83
91 43 19
26 140 61
132 57 86
16 45 99
180 185 30
127 19 9
53 187 12
117 188 17
187 74 49
2 11 79
95 102 92
45 154 21
97 173 72
184 176 92
95 109 77
39 197 76
82 56 34
182 22 32
4 155 64
199 198 62
58 174 5
185 170 66
159 83 3
181 163 21
194 101 12
199 182 95
58 98 64
12 76 92
147 34 72
34 166 51
94 57 98
99 156 93
15 153 52
91 199 12
139 40 76
18 130 62
17 108 62
186 88 48
160 180 29
36 111 79
60 106 18
153 134 65
154 121 63
70 195 95
177 54 66
102 11 85
195 50 12
102 44 54
159 45 19
153 194 82
89 130 84
133 192 25
76 171 99
11 124 100
177 116 54
82 79 19
153 22 53
106 115 60
119 193 89
174 93 81
115 29 93
65 199 92
66 126 50
168 72 37
141 121 92
181 101 33
54 96 93
84 67 98
134 92 87
4 124 46
26 64 17
84 50 100
47 148 37
32 95 70
15 153 52
173 55 81
5 166 12
175 154 20
153 73 99
131 141 87
138 141 89
94 109 46
57 166 82
126 109 49
87 149 67
128 48 57
125 57 84
72 154 82
62 152 81
115 195 92
131 116 8
150 161 4
42 190 90
110 20 61
55 87 78
199 29 31
22 12 82
5 166 12
17 2 57
123 81 18
60 44 95
87 152 28
199 152 60
166 173 24
37 114 72
169 45 8
1 135 86
82 197 86
189 175 7
56 116 5
84 21 53
132 127 100
187 173 44
191 85 26
86 108 41
48 185 9
194 92 74
54 19 64
28 67 37
183 122 92
134 92 87
155 141 64
90 143 74
111 41 53
66 197 61
114 161 50
188 172 67
189 175 8
5 7 42
170 131 44
153 22 39
170 101 37
58 4 84
43 162 62
50 70 4
154 66 77
176 122 59
70 21 87
140 93 53
190 97 78
172 67 3
131 141 79
129 136 24
38 150 72
135 154 86
181 50 77
31 146 80
64 130 81
33 24 25
191 178 24
44 58 22
94 90 16
194 177 79
38 166 59
161 142 45
89 127 36
33 172 5
81 181 12
190 95 89
164 136 85
72 148 69
10 60 100
89 150 99
123 194 3
156 152 60
5 171 15
66 18 28
60 5 25
132 87 82
40 41 75
155 124 85
86 99 81
182 51 58
5 173 30
30 95 16
5 79 4
85 159 77
126 21 61
63 14 88
33 28 62
87 33 23
115 134 87
30 104 96
104 132 80
195 59 16
16 112 93
40 199 53
126 59 44
53 5 75
12 76 92
68 118 64
166 92 52
107 196 18
94 138 42
115 165 27
73 16 57
87 35 39
26 17 46
6 144 84
66 118 13
82 33 53
154 123 45
120 24 84
104 122 28
95 105 87
156 66 13
75 56 23
9 72 37
76 184 91
6 144 75
126 75 49
118 191 57
37 114 84
31 189 83
150 42 34
169 16 73
122 171 20
5 28 47
62 152 31
76 4 52
194 42 82
129 61 24
132 87 82
171 47 47
97 72 57
33 32 14
29 108 18
122 57 73
127 107 18
128 48 22
76 4 8
46 133 77
82 129 21
131 134 69
35 156 78
181 78 42
164 40 81
146 185 17
134 99 74
70 160 4
38 138 93
134 99 90
117 156 49
89 68 95
4 63 70
113 73 90
118 161 25
105 82 52
119 8 43
113 110 32
8 189 100
105 122 1
198 172 83
184 32 59
135 158 97
67 103 59
117 172 27
176 122 59
4 124 46
18 130 62
65 199 92
109 174 70
120 178 69
61 152 22
182 15 8
190 4 27
79 158 58
165 105 97
178 62 3
183 160 64
72 148 1
19 177 6
22 136 91
5 33 82
139 143 24
56 4 76
136 50 40
41 79 98
109 62 94
50 47 92
124 26 10
87 68 87
15 177 79
73 49 89
29 89 54
150 161 4
53 43 25
194 21 20
56 105 67
82 56 34
118 161 39
190 4 98
132 122 35
42 90 85
188 68 13
101 6 75
64 108 28
108 122 45
7 143 45
109 115 49
155 104 88
34 166 51
170 143 68
12 86 63
194 76 21
2 22 27
119 125 88
42 141 48
182 15 8
180 185 39
135 163 41
151 35 67
47 167 58
2 31 26
172 69 60
85 159 77
123 40 12
39 108 55
11 124 61
80 78 7
73 49 77
156 11 21
113 110 84
90 120 54
120 10 50
39 197 76
29 16 27
110 20 3
128 174 73
132 122 47
69 126 98
31 6 45
143 97 61
171 170 98
84 12 28
70 11 27
17 170 74
71 46 53
42 99 17
142 80 45
89 115 29
152 192 57
199 104 13
7 143 45
67 183 93
131 42 2
184 110 88
33 192 74
92 50 21
126 109 10
89 111 18
167 146 98
35 77 21
128 71 33
3 118 59
86 14 71
112 64 47
96 191 69
60 144 66
113 3 52
3 118 59
15 8 88
81 177 3
186 119 82
58 90 65
145 156 77
164 28 64
187 121 91
117 194 24
85 103 90
56 152 61
155 80 26
147 194 19
152 6 17
26 111 69
74 32 75
94 138 42
36 137 3
136 44 20
40 191 20
2 109 59
63 14 18
169 16 73
184 45 28
68 72 56
170 143 68
120 44 37
101 138 50
95 29 85
191 95 48
95 151 60
32 168 96
128 95 66
116 165 60
12 172 50
189 40 29
180 5 91
129 57 24
153 141 77
79 97 64
91 115 25
31 193 62
126 32 75
181 78 82
182 79 100
66 18 28
175 79 18
55 140 92
83 44 59
119 171 83
80 118 85
29 116 36
175 89 70
179 104 68
87 88 79
31 146 80
153 152 10
128 95 73
42 96 97
145 40 9
157 162 73
145 13 71
181 164 27
146 2 61
54 112 23
160 180 46
29 108 18
115 172 52
31 193 100
144 184 28
6 136 73
92 14 44
144 105 88
173 136 56
179 138 33
92 197 29
111 130 2
60 135 77
195 50 26
53 92 82
81 22 98
71 172 86
41 42 69
76 171 75
80 196 97
178 10 70
14 79 82
156 165 94
194 149 32
195 4 32
140 71 14
68 43 90
174 93 99
47 148 48
85 103 90
56 154 24
48 153 4
174 119 38
183 112 25
21 24 63
148 176 45
12 11 77
123 81 18
150 83 17
171 170 54
197 1 78
30 187 94
161 142 14
158 13 24
17 74 25
40 193 44
29 114 46
47 165 37
187 41 25
63 25 24
187 169 68
55 71 13
96 117 27
58 26 82
17 83 26
56 154 24
28 67 37
39 136 70
131 55 19
146 31 73
85 69 14
132 179 74
147 34 72
146 22 63
171 47 51
139 7 51
31 189 85
195 129 26
115 200 73
27 116 48
46 196 18
169 3 15
68 45 37
82 79 67
61 184 93
172 67 42
11 36 40
104 132 80
83 44 59
194 149 32
73 78 6
109 73 68
58 70 72
153 134 65
100 79 24
68 158 38
11 1 10
144 184 9
112 108 10
66 70 50
172 65 94
43 130 37
10 4 67
194 177 44
81 171 64
22 68 7
196 175 75
164 77 52
89 34 66
44 161 14
170 137 2
44 160 80
24 154 20
3 200 67
35 108 22
155 80 26
87 106 26
94 19 30
190 97 51
38 46 50
23 141 29
41 87 79
17 83 26
143 27 93
180 161 1
149 180 34
92 14 44
53 181 81
61 76 63
19 96 16
81 177 93
150 110 95
134 112 63
18 52 11
197 24 86
32 153 58
73 18 41
72 183 89
58 6 76
21 29 25
65 97 44
145 40 1
24 180 87
43 147 59
114 161 50
15 140 77
143 98 97
36 184 87
92 74 14
37 149 66
88 148 15
112 108 10
30 95 16
76 12 60
33 24 57
64 108 5
167 6 78
10 147 55
90 58 14
193 69 39
117 89 15
146 31 73
198 143 20
191 178 32
21 29 83
49 143 11
34 74 35
195 59 16
187 22 55
16 112 2
148 159 7
5 115 45
41 39 17
90 191 7
168 169 6
100 55 18
80 70 86
73 86 88
7 198 98
148 99 60
5 111 49
136 101 36
92 197 29
7 104 4
143 131 88
140 93 53
147 23 16
5 113 98
141 121 26
10 20 83
122 137 27
22 170 5
101 68 41
55 71 13
143 131 39
27 174 52
51 142 67
100 104 72
145 3 46
26 72 69
190 101 54
80 121 13
115 16 64
194 69 1
51 142 28
161 85 50
19 105 45
74 146 11
13 154 37
159 53 1
188 105 36
158 39 95
124 146 3
62 156 100
108 49 92
178 47 13
145 17 47
16 7 59
184 192 16
134 112 87
101 148 18
42 190 90
167 128 66
