200
47 37 72
37 148 42
60 54 4
153 150 6
54 97 97
56 40 100
112 148 21
65 19 30
16 168 35
104 25 76
130 22 43
85 11 10
128 103 80
53 163 59
69 77 59
187 148 65
110 66 29
183 112 59
170 136 50
191 116 31
184 67 19
110 72 54
139 72 65
154 131 63
26 131 74
196 96 77
47 90 90
64 191 92
153 135 73
35 190 45
9 37 100
139 72 65
8 102 55
161 109 77
58 90 39
47 38 45
87 63 25
7 68 93
127 51 22
55 138 91
127 183 90
195 10 58
172 36 29
20 21 42
53 163 7
196 96 76
11 48 75
104 19 78
114 135 4
88 136 28
78 114 68
94 186 20
123 151 84
119 125 32
141 65 44
69 76 92
92 113 20
70 1 11
77 71 32
194 123 29
41 127 50
80 163 53
132 60 100
166 59 26
152 168 16
179 188 67
99 68 4
80 34 65
197 12 4
30 17 36
57 187 87
90 119 22
107 180 91
59 164 38
120 144 60
170 29 64
96 108 39
18 57 81
179 162 23
183 127 46
141 76 37
43 194 90
103 136 86
180 142 68
26 120 98
41 134 96
149 84 65
149 26 56
163 155 16
199 144 14
3 95 15
183 40 16
27 135 62
167 113 77
7 136 35
55 38 57
105 197 44
149 185 65
146 110 9
65 14 32
195 125 54
171 166 89
19 140 25
109 186 77
12 100 76
182 144 24
48 195 83
83 193 3
54 14 69
119 133 18
66 31 32
34 81 63
187 158 28
118 41 45
90 161 89
171 65 29
43 185 54
18 165 97
127 4 65
182 9 73
128 12 10
172 65 47
170 22 21
186 193 61
188 33 47
110 151 10
176 53 51
65 6 84
177 100 54
111 99 44
136 103 84
77 171 85
32 46 100
67 113 44
184 61 89
192 90 19
188 94 1
152 93 87
28 171 82
150 105 80
145 60 72
23 150 36
189 69 68
67 97 89
167 189 13
29 151 49
138 2 81
137 159 70
117 78 76
32 46 100
82 62 54
14 106 17
25 31 85
165 111 58
27 1 59
150 21 78
172 17 80
47 181 45
169 63 100
40 162 91
177 159 46
120 124 36
84 106 84
75 170 74
181 53 67
135 104 34
170 60 94
177 141 8
180 163 99
177 100 81
103 187 16
155 157 96
128 20 13
160 187 86
37 165 42
22 4 15
101 119 1
75 142 88
124 48 41
58 67 88
192 115 85
158 10 75
60 100 87
154 183 39
59 91 9
163 174 9
190 142 27
26 140 9
69 84 86
154 183 3
70 1 11
138 60 99
92 107 26
158 19 14
72 57 3
13 130 51
104 113 66
41 13 22
143 73 71
169 193 83
87 10 18
117 40 83
6 121 75
194 126 66
26 33 30
192 78 67
82 161 56
48 30 93
55 16 1
16 140 84
148 179 67
122 4 70
182 104 81
126 83 100
87 10 16
190 178 6
141 70 39
193 37 13
101 176 82
161 169 84
92 98 28
42 119 37
20 47 44
27 156 35
114 183 48
94 131 75
102 71 86
193 101 86
70 62 39
179 192 64
187 18 41
168 152 59
21 126 6
109 172 94
55 119 86
59 164 38
79 38 82
95 130 65
117 77 21
35 32 24
151 83 9
11 68 45
46 184 43
147 196 69
23 70 7
186 144 72
95 9 7
195 17 74
163 32 52
166 130 5
20 61 1
199 144 27
134 43 10
19 140 82
12 176 76
34 81 93
146 183 98
197 47 17
58 68 63
77 197 36
123 41 48
87 20 90
146 195 97
177 10 88
105 77 16
80 65 43
75 142 88
1 16 95
183 55 27
188 199 27
129 116 53
110 169 26
168 60 76
129 34 32
70 3 4
7 38 81
70 34 6
59 93 62
4 3 30
153 195 3
183 179 42
20 61 22
78 181 60
191 128 80
110 151 58
104 82 57
73 45 46
139 135 91
42 106 52
69 77 57
169 92 68
175 63 70
38 67 53
7 136 68
10 41 12
162 78 82
76 83 63
182 158 23
187 18 41
80 65 38
172 97 66
65 72 56
199 27 1
123 4 62
52 164 46
24 95 26
174 30 36
84 106 4
106 44 50
137 134 9
15 158 74
93 71 28
61 117 2
73 45 46
20 78 70
13 80 92
7 76 6
22 33 54
63 153 43
30 186 56
147 196 39
61 59 23
30 186 48
146 34 73
140 22 89
2 98 87
98 130 5
76 72 64
113 158 72
14 106 60
87 54 97
121 178 57
178 78 10
85 49 55
150 105 80
101 82 66
119 162 39
43 2 39
178 78 9
180 33 13
98 31 90
24 25 44
118 36 66
119 182 39
105 162 60
50 80 54
90 180 53
79 72 48
163 83 10
108 21 79
12 100 76
30 80 92
122 190 64
16 125 94
117 118 53
170 47 71
119 133 18
118 165 88
76 72 64
153 175 34
50 84 37
48 200 61
25 2 79
78 184 27
120 63 67
43 111 47
131 77 40
193 37 13
118 134 72
24 78 91
87 53 91
22 143 48
162 78 3
54 20 85
11 79 68
27 1 59
160 113 88
41 139 7
86 193 71
70 171 4
40 64 31
71 187 70
20 4 16
19 3 97
37 199 15
86 193 56
68 141 24
17 145 67
48 153 81
34 36 85
115 29 36
41 13 22
118 134 14
69 37 63
45 92 40
32 91 70
33 189 83
198 10 5
168 171 69
123 151 89
197 130 90
54 20 90
108 163 10
91 57 33
154 28 71
105 197 88
112 12 72
99 22 69
157 168 6
133 148 22
80 93 48
56 186 82
43 111 39
179 192 64
193 101 78
64 53 25
153 131 39
69 56 52
74 90 46
69 40 75
117 26 12
179 161 55
20 47 44
158 86 23
180 145 15
189 29 38
22 171 79
65 71 95
1 137 59
162 74 2
78 57 98
14 154 69
133 147 83
35 86 90
146 195 97
165 42 33
147 22 2
63 133 48
68 13 15
195 114 79
191 146 15
53 169 66
37 141 81
182 154 65
116 121 68
130 8 30
117 64 63
20 78 70
163 138 51
33 199 19
12 68 40
154 102 67
127 162 12
4 87 100
84 50 87
54 154 90
59 91 9
56 186 28
159 41 63
139 113 46
12 71 52
91 57 33
195 59 96
22 176 65
156 200 15
175 140 73
142 180 66
127 177 76
114 180 9
48 174 70
68 127 51
78 57 98
47 31 37
81 165 64
95 154 33
68 186 12
171 31 12
109 116 88
78 154 54
112 87 94
188 146 76
133 184 73
167 189 13
78 175 65
196 146 1
143 13 89
143 13 89
47 57 53
32 131 49
147 22 2
20 5 79
78 4 98
31 24 11
10 29 50
22 119 1
112 19 35
173 26 85
37 51 1
122 33 10
188 185 39
140 115 17
78 34 56
49 101 1
6 45 58
97 173 98
197 130 90
69 40 75
197 178 22
126 83 22
23 167 94
12 84 45
142 31 65
199 81 48
182 154 38
147 84 93
196 116 96
144 160 79
168 164 1
86 113 99
184 185 48
154 115 66
193 25 69
38 67 53
66 31 55
150 63 80
58 38 71
49 119 46
171 57 38
33 31 86
27 140 22
92 162 12
141 76 37
107 11 64
52 100 21
81 24 5
190 197 63
15 158 79
48 30 93
133 156 6
78 123 83
33 49 81
90 180 85
59 125 73
53 180 24
176 99 14
122 94 57
80 162 22
64 173 82
160 118 95
73 180 48
3 68 24
81 24 5
127 4 65
60 28 44
50 130 9
195 138 49
141 32 43
154 69 9
173 69 21
182 158 49
195 59 96
16 125 94
157 168 6
154 131 41
130 182 29
8 126 29
23 70 98
169 109 52
115 40 28
155 112 15
73 170 17
57 37 39
70 171 4
180 145 15
141 165 23
64 127 14
58 68 62
40 64 31
25 2 79
108 103 6
29 151 79
130 69 7
45 92 60
120 56 58
132 73 17
50 84 54
113 37 33
1 137 59
169 109 37
149 100 72
174 96 95
149 89 62
117 195 40
139 112 44
12 191 92
166 169 81
6 45 58
160 24 53
73 146 77
42 57 11
170 151 38
4 3 77
50 99 70
187 170 90
117 195 40
175 140 95
10 41 12
150 21 78
152 26 58
62 47 50
103 25 59
148 36 42
59 93 62
170 29 64
122 4 70
76 18 100
51 66 75
48 195 83
166 142 65
60 168 27
90 11 31
29 55 72
176 99 13
13 107 91
98 83 85
84 50 87
97 149 92
121 56 46
148 56 29
40 172 34
30 162 44
131 77 69
166 78 20
29 8 23
131 57 40
56 187 55
143 85 59
18 155 82
127 167 75
186 193 61
114 52 84
24 100 26
142 117 50
14 154 67
88 90 20
42 68 26
90 150 49
103 200 75
177 141 8
19 51 48
163 121 1
64 173 55
162 100 65
103 25 67
141 200 72
187 24 75
166 169 30
9 163 86
53 118 97
128 137 75
197 12 4
144 2 96
121 149 97
122 125 32
172 17 80
136 168 73
12 88 43
175 62 10
37 44 8
57 37 39
47 31 37
117 64 63
34 151 63
163 2 5
37 30 80
122 125 95
68 25 25
148 49 22
2 139 21
177 156 71
180 142 68
45 172 30
108 103 74
108 88 87
66 13 91
158 155 18
55 38 57
171 57 38
52 100 2
12 71 46
74 90 46
176 72 77
137 104 16
101 103 1
117 147 77
144 18 18
39 4 75
103 136 42
69 68 55
71 110 23
171 166 89
165 1 80
69 185 89
54 115 15
87 32 50
176 53 43
129 75 53
174 100 93
48 200 61
121 151 35
163 138 51
101 82 71
129 50 87
152 93 26
167 93 70
137 104 16
59 17 40
32 9 6
87 32 50
73 103 72
148 8 80
144 18 46
133 156 60
143 85 59
71 110 23
68 13 64
6 129 80
141 62 1
28 60 38
188 185 53
183 55 27
163 121 1
139 110 45
39 180 69
200 18 83
11 173 54
79 72 48
21 126 15
88 73 36
179 26 98
54 197 10
168 171 69
139 113 46
65 6 71
108 97 51
103 16 79
151 155 14
90 150 49
107 97 59
158 19 14
56 11 79
197 77 66
33 199 19
37 91 47
45 186 70
81 165 93
193 17 46
68 141 46
55 119 86
60 190 42
140 53 94
161 88 40
143 187 6
165 71 12
99 130 34
159 138 90
80 163 22
146 110 9
131 49 40
146 88 70
20 67 5
121 28 85
136 167 47
162 45 24
168 97 25
182 9 73
73 170 46
179 19 39
172 4 24
77 182 13
106 146 61
33 49 48
126 149 94
132 73 17
123 32 5
198 50 9
62 154 75
127 51 22
42 35 47
1 106 72
132 44 91
183 127 46
139 135 91
179 162 23
184 60 78
187 158 26
6 188 35
122 147 48
63 68 94
114 51 22
151 29 40
52 69 83
20 163 84
107 131 63
14 19 65
79 12 80
24 5 46
156 81 72
171 9 41
165 111 58
104 19 76
30 80 92
179 76 50
32 104 100
179 188 27
192 115 85
105 129 26
120 144 60
40 170 29
32 199 64
35 86 90
37 51 1
170 136 43
181 143 53
92 98 28
69 185 65
66 11 67
94 113 62
78 181 42
107 88 38
53 88 36
87 63 25
113 55 7
50 91 20
80 93 48
8 183 8
159 41 63
143 29 49
85 49 55
169 3 96
188 120 85
97 6 3
175 165 66
146 143 49
185 82 80
122 24 25
137 159 70
42 106 52
13 162 72
75 74 20
59 134 51
62 154 75
118 11 45
166 150 61
14 19 66
78 175 49
129 51 25
125 87 47
8 57 38
129 182 69
165 78 32
130 22 43
117 77 85
87 54 97
95 93 71
56 122 28
32 91 73
9 123 59
143 29 49
190 197 63
99 68 4
179 166 77
43 137 91
30 162 44
74 38 99
20 4 14
103 187 92
54 160 94
165 78 37
81 3 1
4 57 9
8 129 86
42 119 26
141 140 30
27 147 8
53 182 4
195 199 69
72 57 74
170 22 21
195 138 31
145 73 32
35 11 72
115 34 88
35 73 71
84 38 67
9 163 86
98 83 85
58 67 1
35 11 72
26 131 74
4 95 78
13 130 51
40 161 6
8 183 89
91 155 22
65 72 56
37 44 8
192 196 84
9 93 33
154 71 43
103 19 45
40 88 42
114 23 55
55 16 85
166 150 3
126 149 20
117 139 90
85 109 89
108 88 92
196 146 3
42 21 79
152 143 4
119 162 39
188 33 47
17 200 92
45 172 30
149 4 33
121 178 57
153 150 33
3 139 7
58 139 42
30 84 22
11 48 75
78 114 68
180 150 90
129 50 56
170 25 21
21 67 99
53 44 55
4 95 78
169 92 68
168 97 25
67 68 47
107 11 1
97 83 27
111 16 74
133 60 17
174 96 95
161 88 62
66 13 91
5 187 43
124 42 60
27 135 46
80 35 95
141 83 36
136 167 47
53 19 38
167 125 40
1 156 87
177 39 91
53 182 52
31 127 60
170 198 100
1 59 77
26 33 50
37 84 35
176 70 53
193 139 59
50 104 58
184 61 89
