200
115 69 98
197 105 21
43 2 75
58 164 98
102 162 73
188 121 85
199 89 13
133 55 43
189 145 80
84 88 7
190 101 21
53 116 55
126 97 11
163 137 44
62 10 11
112 97 93
182 35 65
132 163 98
159 100 44
109 107 4
108 149 54
116 92 10
79 72 56
144 178 34
143 150 45
175 111 57
16 115 90
65 42 43
42 120 56
195 66 11
139 81 23
19 93 58
45 76 59
2 110 17
41 72 50
42 118 91
185 143 35
198 97 89
42 70 30
156 185 50
142 108 30
75 102 38
39 103 47
61 125 27
31 41 39
70 83 67
184 34 86
68 54 80
53 117 39
13 91 34
61 91 83
26 6 31
30 165 37
44 159 69
74 130 87
118 127 96
192 157 46
192 107 66
198 88 98
40 183 51
143 147 87
84 2 19
26 104 90
181 73 23
75 100 67
132 62 91
105 59 35
10 198 76
62 137 53
131 156 36
133 69 15
139 141 32
101 115 84
118 193 75
108 29 77
55 177 32
157 133 16
153 175 63
22 186 5
24 93 83
139 46 85
45 168 59
144 19 60
161 155 58
27 77 28
115 80 3
148 21 34
119 22 46
182 152 42
197 45 51
146 120 12
114 186 70
84 122 64
134 78 4
96 46 62
101 86 74
178 17 100
168 162 16
188 146 95
189 94 20
148 190 35
169 57 23
160 174 52
197 85 94
186 107 34
52 135 50
172 162 94
162 1 90
29 120 86
104 10 63
2 121 1
13 19 74
107 53 100
96 60 76
30 9 88
61 20 23
68 152 90
105 151 23
61 2 34
137 193 64
173 116 97
177 71 71
184 1 10
89 102 40
124 80 35
196 148 84
123 95 14
159 100 62
73 153 53
27 95 1
59 56 66
111 175 95
49 43 26
191 59 33
38 125 55
104 159 37
171 11 41
148 90 54
188 11 8
115 80 92
36 146 80
22 80 70
110 53 30
92 141 21
194 147 65
17 105 54
33 76 16
146 131 47
104 20 19
117 157 13
200 64 66
169 34 84
139 147 43
181 74 12
200 182 98
56 74 58
113 182 7
84 134 34
112 124 22
143 45 38
108 74 83
33 94 70
72 183 84
5 127 46
25 140 45
78 156 64
172 191 21
189 26 56
170 152 66
78 113 65
26 62 94
194 147 65
192 87 58
48 23 31
163 101 71
136 166 6
186 23 67
81 117 59
4 78 25
138 117 95
42 185 73
174 98 36
136 168 90
109 107 4
161 170 12
17 87 95
112 178 80
148 90 54
157 82 69
112 190 13
39 82 17
115 123 38
74 115 98
71 179 1
40 115 56
18 179 29
35 184 60
21 59 63
32 67 98
162 115 29
161 162 58
192 184 34
131 125 5
138 53 22
176 93 31
135 182 79
77 36 89
3 187 91
100 127 55
157 133 16
65 140 35
198 123 79
151 172 23
160 103 46
127 14 20
139 41 69
128 94 14
35 90 62
61 72 20
49 51 91
14 98 22
134 78 59
185 88 58
20 184 39
137 34 83
184 177 11
194 193 9
191 110 66
158 77 38
133 129 54
186 37 14
21 101 87
63 128 69
36 20 46
120 169 40
193 71 30
59 56 66
159 16 9
27 97 2
188 103 39
48 145 39
191 121 11
158 186 39
41 106 27
95 118 81
108 36 83
181 63 48
24 93 83
160 61 47
28 11 3
51 138 18
36 189 41
100 168 89
122 173 66
182 19 71
121 31 29
186 107 34
110 29 37
6 86 62
14 161 91
155 58 94
110 166 38
29 79 11
180 100 95
129 190 37
48 23 16
140 101 49
113 179 15
168 162 16
57 135 39
15 180 85
191 169 63
191 40 94
53 143 92
74 115 98
100 56 6
34 24 6
13 160 54
119 109 28
86 112 28
88 99 51
52 116 5
57 122 24
154 63 68
36 16 25
197 118 5
142 126 66
55 34 18
155 105 35
50 83 27
128 32 86
139 162 59
162 133 45
84 134 34
87 140 23
79 105 94
155 187 36
130 198 88
11 184 19
96 138 76
80 43 57
174 50 92
53 172 72
4 143 30
197 181 9
85 46 49
146 39 45
13 134 13
106 71 41
100 169 24
37 57 65
13 91 34
154 127 33
25 46 64
5 35 28
5 189 100
141 113 19
132 62 91
78 35 32
200 182 54
188 123 24
170 50 42
166 167 88
30 151 59
188 191 79
144 59 58
198 122 56
47 70 97
174 101 71
84 2 19
59 132 11
61 2 34
102 28 33
141 74 35
105 68 62
125 56 13
169 160 67
37 57 20
167 106 73
187 68 47
136 48 56
5 154 99
126 188 26
37 22 52
166 34 71
159 16 15
5 127 69
65 29 7
20 170 31
199 48 86
36 77 86
185 151 57
104 152 46
191 59 33
121 132 96
58 164 30
22 34 47
22 34 45
193 176 76
184 162 73
172 68 79
197 45 51
149 96 14
175 111 2
47 18 63
161 89 37
99 67 76
24 60 10
130 198 88
142 126 66
8 9 42
133 183 41
50 133 48
74 92 74
139 46 69
125 181 54
60 73 21
11 99 77
84 60 31
100 164 71
68 2 54
106 71 41
67 135 50
4 138 23
114 97 33
120 7 95
106 35 9
110 53 30
57 116 77
61 168 88
12 134 40
96 170 28
182 29 29
12 15 77
63 34 33
107 1 42
27 97 2
109 42 62
40 182 82
75 43 37
18 49 42
47 70 97
166 142 18
105 155 63
161 155 98
44 171 37
98 144 30
195 145 13
200 110 70
186 29 39
113 119 19
55 22 52
54 187 89
161 170 25
163 57 78
47 149 63
165 3 31
39 145 45
32 120 98
189 129 97
188 13 6
158 115 18
63 186 76
41 106 27
127 14 95
154 63 68
131 125 34
89 103 89
107 54 65
127 82 83
56 68 46
101 115 84
103 64 39
159 114 4
85 139 15
93 163 98
8 61 69
118 34 41
101 62 75
78 106 5
187 102 27
143 58 49
123 5 30
149 96 56
198 122 93
18 164 38
118 26 54
41 51 8
26 76 22
142 108 18
101 86 30
132 80 83
11 161 25
87 12 11
130 114 87
184 32 47
72 37 83
85 46 49
172 32 44
6 82 7
65 131 15
96 60 63
19 106 80
58 109 71
82 56 27
62 152 48
188 13 7
59 132 31
124 191 68
141 130 17
31 36 99
52 153 84
92 132 76
74 92 99
142 106 58
148 10 53
171 112 94
7 192 46
24 42 53
63 128 18
39 184 21
78 99 23
21 195 59
36 20 33
136 89 50
87 20 39
175 135 81
196 192 70
109 111 71
71 179 2
143 107 70
175 60 20
128 32 86
177 172 79
54 120 60
30 143 24
57 182 10
197 85 94
164 113 72
129 167 83
18 164 38
175 83 58
99 132 97
131 160 85
166 84 60
82 69 29
2 54 95
152 42 62
170 6 43
31 36 42
7 154 67
198 123 79
118 34 41
3 174 44
55 176 37
138 117 95
61 20 62
162 111 79
34 97 29
115 73 100
33 126 79
61 192 18
165 118 24
68 131 14
17 144 21
136 52 72
121 76 31
121 85 48
4 120 76
193 60 12
162 36 60
168 148 72
176 57 11
43 144 48
63 110 72
134 93 20
102 162 73
85 177 98
149 118 93
113 108 78
22 134 36
2 38 40
16 129 30
118 154 88
137 143 34
105 162 53
58 165 36
78 18 14
103 71 78
64 16 5
109 146 33
143 113 37
118 193 75
54 131 9
96 29 29
172 34 8
148 1 27
44 31 53
121 65 78
148 10 53
175 110 56
154 22 8
164 7 16
23 31 81
14 61 8
137 193 52
120 116 10
161 23 94
196 99 82
57 83 22
113 118 68
50 152 25
68 131 34
109 111 71
87 39 85
161 152 65
114 91 49
114 97 67
41 192 94
150 137 93
55 125 49
76 99 55
128 94 88
78 32 17
18 143 99
118 24 6
6 48 1
187 51 51
2 98 100
29 171 13
54 121 62
135 153 7
183 120 36
200 115 94
169 71 62
90 143 93
189 26 64
138 53 22
101 102 47
142 68 27
88 185 48
21 52 17
104 151 52
2 152 23
68 54 6
182 96 84
118 127 96
84 122 90
158 181 35
124 82 45
181 63 42
139 141 32
193 165 77
199 185 52
42 70 93
195 145 13
68 169 83
12 18 16
133 183 41
51 78 58
97 30 8
8 24 40
124 192 10
145 70 60
189 94 20
166 140 78
92 50 15
147 173 58
54 187 89
165 171 59
182 40 70
92 89 67
18 49 47
63 20 7
108 163 89
33 146 81
190 61 12
123 81 24
117 157 13
132 85 68
195 170 89
78 35 32
160 61 47
188 121 85
24 199 61
156 185 15
173 116 75
94 157 31
11 154 22
123 55 97
74 50 25
61 79 79
58 103 62
66 122 46
105 162 25
5 35 28
29 17 63
109 65 18
90 54 90
175 5 53
87 162 84
13 193 65
182 191 28
81 37 40
45 11 3
21 59 63
2 172 60
188 78 99
147 108 100
91 21 7
90 54 86
116 178 13
91 182 37
151 171 1
171 26 75
91 50 77
6 82 7
75 145 36
110 16 76
147 16 56
86 122 77
85 177 56
11 184 92
113 179 63
53 70 51
4 135 46
27 158 48
65 26 41
184 118 51
29 114 36
117 106 27
163 139 58
183 99 31
63 29 5
168 122 64
132 139 43
128 41 18
111 51 73
62 95 54
94 157 31
135 153 97
109 65 17
96 138 76
111 57 15
47 198 28
175 83 58
132 163 98
160 22 92
146 39 45
28 114 85
96 31 44
196 99 14
142 68 7
196 90 1
174 98 78
50 133 39
182 19 71
39 84 97
100 168 89
183 126 33
13 193 30
171 6 60
12 31 41
117 45 15
176 160 82
2 152 85
174 185 31
126 89 26
143 60 83
65 98 91
125 136 95
92 141 21
38 4 27
56 128 69
70 65 30
110 153 60
187 102 27
198 18 33
124 82 86
123 81 24
25 108 54
82 56 7
36 35 4
26 62 94
28 146 91
184 99 47
151 156 15
113 119 29
112 121 13
193 88 65
54 131 9
182 35 65
43 144 48
119 27 21
81 28 17
47 190 85
157 73 34
24 155 56
193 60 52
30 8 65
7 130 52
104 172 36
178 10 79
105 155 63
38 4 27
160 85 76
49 43 14
1 52 48
18 149 91
166 171 88
189 95 95
200 176 69
78 106 29
74 196 89
48 4 12
52 135 50
153 189 68
22 68 81
161 162 7
94 151 30
26 168 17
86 63 44
163 139 91
30 8 32
107 79 32
27 4 21
11 154 22
43 169 85
135 142 21
191 189 26
179 183 90
200 128 51
152 42 38
130 101 85
123 55 97
96 31 33
111 51 73
125 136 95
42 6 20
182 40 70
178 17 37
85 94 71
32 60 91
63 34 33
21 109 89
191 121 59
25 140 45
136 48 26
168 165 48
147 173 58
174 55 97
96 29 72
143 60 83
94 49 2
54 121 5
45 125 69
101 150 70
180 176 23
10 69 33
81 6 41
13 19 74
176 93 31
97 146 100
97 30 8
148 154 32
155 58 94
69 77 20
60 73 80
42 116 82
170 6 43
197 157 5
172 162 94
21 171 5
53 70 51
131 105 41
107 54 10
58 8 23
34 97 24
35 184 83
192 174 28
152 77 41
96 199 41
192 66 77
30 158 89
10 160 98
116 127 59
9 29 11
22 196 69
131 187 90
65 158 79
31 13 97
143 144 87
154 129 91
6 48 22
172 198 48
66 122 46
168 101 90
109 163 7
137 143 34
40 183 51
116 128 46
162 115 42
29 74 64
188 146 95
117 136 95
137 135 26
78 191 100
93 163 99
9 29 11
193 187 44
174 55 9
114 131 93
175 57 82
110 104 60
25 106 4
33 146 69
43 112 5
121 76 31
18 149 96
89 122 52
161 152 15
104 110 22
59 66 87
152 77 11
186 29 82
39 83 51
65 5 25
116 125 78
166 84 60
169 31 85
25 46 60
34 123 29
171 26 3
68 2 91
168 81 14
125 123 29
193 152 82
78 99 8
120 7 95
87 8 55
71 178 17
49 192 13
46 157 8
12 18 16
146 120 60
92 148 10
17 105 45
186 23 67
49 192 13
11 137 28
42 129 11
101 56 32
84 5 71
200 128 51
168 122 64
104 48 64
57 40 100
127 111 33
180 100 9
92 20 51
48 192 28
171 11 95
88 185 51
74 61 81
113 75 42
43 169 35
63 110 72
172 37 98
81 131 71
112 121 89
104 48 33
39 84 97
86 122 72
164 175 48
137 197 32
200 146 63
87 179 92
44 171 64
197 48 30
17 87 70
31 13 1
148 190 35
141 29 18
24 60 10
74 130 87
147 81 59
95 60 24
61 79 79
39 145 45
26 149 20
95 118 81
25 37 79
104 17 46
109 146 33
120 169 40
75 6 8
22 80 70
29 79 83
10 9 28
50 97 92
100 164 49
193 62 65
148 21 34
169 29 31
160 135 45
91 196 84
147 58 12
34 123 96
77 11 52
117 45 15
83 143 47
60 65 72
172 35 55
47 135 57
128 81 51
50 152 12
11 137 64
139 3 7
118 88 62
85 139 83
146 76 44
45 168 59
188 191 79
93 121 47
14 55 52
113 37 37
53 116 55
57 83 19
75 97 29
190 45 11
83 71 74
146 109 37
17 22 2
75 106 65
143 144 75
102 96 38
89 50 40
188 120 86
98 144 30
188 123 52
83 71 74
56 7 47
75 161 35
121 68 71
22 54 82
65 29 66
36 189 75
62 90 72
146 36 85
40 158 92
124 67 61
127 19 14
133 158 14
200 79 24
81 6 41
2 147 23
62 151 16
150 44 90
116 34 84
17 71 54
95 33 18
101 102 47
197 193 75
45 27 37
42 6 89
168 165 48
173 190 75
157 114 48
37 148 83
52 116 2
185 151 38
197 118 72
129 190 76
49 97 87
72 37 61
31 139 75
87 140 23
93 39 18
37 77 46
59 83 98
62 152 67
200 110 86
110 170 79
129 167 18
94 137 61
200 54 22
141 19 6
63 42 27
