200
69 130 51
71 78 13
121 137 47
121 94 83
96 70 56
160 168 52
47 91 64
139 150 97
89 52 48
3 12 47
160 59 50
138 96 96
138 38 30
27 136 15
180 108 70
101 126 93
58 23 14
6 166 42
148 51 9
131 142 34
85 143 85
39 5 2
72 24 33
94 131 26
199 155 94
91 80 71
12 88 99
131 74 15
149 160 48
147 154 96
88 159 98
175 152 38
15 61 33
125 3 60
19 46 80
175 31 45
194 88 93
162 181 4
58 93 72
179 18 36
17 61 41
115 71 58
14 103 42
7 94 97
9 188 53
161 46 19
141 123 76
157 187 34
193 179 80
119 51 13
86 174 79
55 147 78
169 140 44
103 51 30
9 117 59
131 118 51
173 16 53
159 32 4
84 92 3
170 197 74
152 143 88
45 25 38
31 176 37
154 39 44
31 129 6
88 20 8
67 45 87
4 150 59
180 178 10
19 60 95
189 135 94
37 24 88
94 10 85
122 94 17
150 65 60
115 71 58
16 73 54
195 181 29
97 46 54
11 131 38
141 123 76
87 96 9
35 78 14
82 30 67
67 44 76
181 131 21
3 192 59
18 32 60
38 11 65
191 62 61
14 141 59
71 62 28
20 153 73
191 117 50
49 40 31
59 48 60
119 117 79
163 120 4
63 4 91
167 136 23
130 162 67
106 15 13
184 165 87
62 108 72
45 190 17
75 77 31
117 30 50
91 23 53
182 178 8
82 134 69
102 145 83
135 106 94
118 53 63
39 73 99
146 162 13
157 144 63
124 100 48
182 12 20
144 187 46
78 63 79
142 79 59
112 170 78
122 36 22
124 171 83
125 200 32
45 82 63
38 33 9
107 44 65
9 19 90
35 78 14
52 78 38
191 18 34
79 103 61
32 22 27
194 192 93
88 54 61
135 73 74
69 4 75
61 124 32
200 137 77
172 20 38
122 6 37
131 183 38
58 93 72
42 117 9
109 118 20
162 194 37
46 173 31
147 172 72
7 72 52
188 131 26
194 83 6
164 102 24
185 192 4
30 23 39
138 49 4
158 175 40
116 76 55
71 128 46
80 106 60
125 157 71
17 126 39
96 14 8
70 3 68
170 60 92
163 40 85
53 28 34
78 63 7
141 150 64
167 186 60
200 19 79
62 23 52
91 89 49
120 168 48
132 112 81
132 22 4
36 7 10
32 149 25
10 69 86
30 58 99
15 192 57
124 73 97
9 55 66
181 103 35
37 162 82
106 110 80
136 186 34
135 25 82
39 10 16
189 34 64
106 146 99
24 21 73
106 15 29
178 189 50
2 189 11
186 58 55
31 177 21
153 15 91
86 161 65
178 98 95
7 94 97
160 59 11
119 118 51
73 11 36
184 170 94
124 100 59
100 70 2
95 130 16
175 8 77
7 162 97
94 183 63
179 76 87
156 12 47
118 11 38
60 62 53
33 47 19
111 125 88
82 30 67
112 192 52
62 154 68
5 132 70
18 194 39
54 190 68
83 128 11
150 88 2
69 107 43
55 51 96
41 101 79
173 112 13
199 96 22
93 74 75
4 189 80
173 174 58
142 98 49
173 27 32
14 73 49
193 84 32
48 16 66
141 120 11
130 82 50
89 40 67
65 48 21
17 169 3
166 66 25
145 106 4
97 46 74
178 113 66
125 4 37
138 200 34
175 76 17
120 168 63
194 64 12
73 94 81
91 128 11
69 188 88
121 58 7
199 181 31
168 129 44
6 135 43
48 18 17
16 99 75
27 159 21
198 41 25
171 200 41
16 74 95
115 128 32
182 175 4
25 176 20
146 163 89
61 97 46
195 5 74
166 85 65
193 90 39
120 158 72
166 34 63
64 75 53
155 171 27
7 20 15
187 82 64
200 68 38
130 29 93
45 179 41
159 127 23
106 24 72
37 188 96
143 44 98
108 111 73
37 14 71
50 120 26
37 104 25
28 27 88
108 63 31
82 134 97
111 150 94
38 168 24
43 122 41
120 127 56
82 51 21
75 111 14
166 39 67
49 34 34
86 174 79
32 14 92
198 183 43
15 192 41
82 51 21
53 16 65
118 46 59
102 134 61
24 52 51
158 74 35
195 35 30
105 107 54
78 73 80
26 102 38
62 188 79
194 38 21
101 159 91
12 179 16
168 142 37
191 24 82
68 80 75
178 56 56
95 130 17
159 37 23
190 8 56
4 16 23
187 118 78
70 24 96
189 30 20
144 169 54
84 92 3
106 146 78
19 160 78
192 71 70
141 70 93
182 54 61
35 56 30
27 118 80
53 161 79
39 119 79
169 9 14
142 157 72
189 128 24
79 103 39
99 195 48
198 54 46
31 180 87
80 56 50
162 129 77
195 5 88
168 178 57
107 149 76
56 91 89
112 149 21
79 37 62
97 187 53
136 85 30
182 175 4
102 124 53
171 38 57
137 139 54
77 89 54
20 153 22
149 160 46
126 179 73
147 161 58
72 103 70
169 105 6
133 181 75
162 36 81
23 124 3
178 70 37
162 59 74
187 118 70
117 179 10
130 82 50
123 73 62
198 82 96
189 34 67
78 67 50
8 62 46
93 176 16
153 124 33
24 47 22
65 150 1
19 91 71
124 5 93
186 86 35
39 157 5
121 58 7
14 103 76
155 93 49
178 34 9
199 82 81
177 13 30
145 162 12
166 192 100
118 166 63
27 128 81
16 73 48
194 192 93
194 38 21
132 118 55
161 155 81
193 160 73
155 171 27
62 108 52
119 132 46
138 96 96
121 96 15
159 2 84
56 61 19
3 69 51
99 82 9
134 24 95
191 117 6
87 174 66
58 54 16
142 117 94
62 164 39
46 173 26
120 18 81
93 100 41
195 47 57
39 157 5
91 55 8
167 57 17
72 65 70
36 25 58
153 188 38
42 177 31
108 189 31
127 104 98
156 166 55
142 173 98
157 144 6
191 13 11
83 197 53
192 71 72
18 170 65
12 123 53
131 44 25
102 145 83
185 54 54
178 113 66
173 49 56
34 94 30
80 79 32
148 94 1
175 131 34
171 48 20
159 146 56
118 53 49
39 5 93
38 54 82
169 140 44
52 78 71
62 192 66
148 60 50
135 106 99
61 132 25
118 179 33
87 102 26
26 110 56
75 72 74
140 68 49
26 7 100
33 108 34
92 33 29
173 127 25
42 177 96
156 161 44
11 131 38
98 186 96
71 168 52
191 13 11
13 53 98
162 9 66
78 73 80
44 60 25
165 122 14
174 3 81
185 86 59
186 25 48
116 134 94
10 28 44
116 180 84
93 16 64
200 81 93
126 150 67
55 143 53
61 139 23
141 70 93
158 164 69
82 152 54
143 153 89
86 130 42
28 27 14
154 39 17
118 11 38
99 195 48
138 100 91
128 178 75
33 78 20
19 111 86
163 162 35
1 9 80
26 17 17
17 169 3
197 114 86
107 44 89
39 73 99
44 48 84
86 25 41
27 13 58
138 1 84
91 23 53
32 48 17
194 83 5
48 18 17
140 68 83
196 11 39
85 21 69
145 162 39
112 145 48
138 90 40
125 157 16
141 185 90
17 182 64
18 32 60
157 92 94
30 121 83
142 80 31
81 75 30
27 148 7
107 158 80
194 115 42
160 164 93
60 170 67
119 51 98
60 62 53
88 54 13
19 145 33
34 28 4
137 166 23
132 10 58
137 82 88
115 128 5
62 154 68
107 184 15
150 176 96
14 73 49
125 165 79
160 164 57
9 19 90
171 68 8
166 187 31
132 133 65
181 157 48
96 87 16
42 36 91
109 11 72
18 137 38
80 106 92
184 72 68
179 148 80
141 24 37
116 102 72
137 139 40
126 152 51
23 117 15
101 143 70
118 162 25
70 185 79
34 85 14
143 140 85
141 24 53
131 183 32
155 131 58
111 125 26
141 15 4
27 118 15
116 109 33
192 45 77
158 72 3
16 109 30
179 21 78
142 19 19
193 177 52
166 153 68
199 86 7
101 149 87
6 135 46
123 10 56
108 21 78
107 184 62
116 145 15
22 107 49
23 166 41
160 106 1
31 151 76
125 200 24
146 32 69
16 74 95
146 32 69
81 75 1
200 99 41
173 64 14
150 10 4
72 65 8
87 53 45
102 72 39
122 149 73
32 85 7
54 70 8
142 173 4
118 122 90
127 154 89
194 115 62
5 165 13
191 137 49
59 48 24
193 83 63
78 132 76
145 24 14
122 36 26
141 174 60
101 102 74
86 161 65
191 51 1
103 51 11
157 86 98
155 168 67
162 95 86
10 62 69
179 95 73
64 75 53
7 27 26
170 46 12
109 36 6
83 127 97
60 114 100
26 7 19
50 196 59
139 34 27
98 139 89
101 46 40
156 130 64
185 23 56
72 30 66
128 66 92
159 186 16
4 59 28
72 24 100
67 44 76
122 191 72
53 28 34
122 94 52
52 159 56
152 3 89
95 90 25
189 91 47
152 111 38
108 21 16
42 76 65
109 36 6
160 62 50
179 148 80
195 35 30
144 19 14
60 170 67
196 162 43
178 160 92
110 27 68
194 120 22
150 65 60
103 83 74
177 78 92
73 113 16
119 134 67
19 60 21
95 121 27
123 171 50
137 166 18
118 188 75
125 3 45
55 72 97
128 191 87
69 188 88
166 149 6
68 156 87
98 54 71
157 130 56
13 145 61
169 105 58
108 111 73
97 192 24
108 195 48
133 1 55
185 118 50
96 11 89
105 170 67
36 7 72
155 131 58
177 114 16
101 143 70
139 74 69
198 156 8
27 54 76
5 49 35
27 38 12
178 160 61
69 189 33
62 164 21
149 146 50
26 110 80
27 136 15
141 15 4
156 45 61
144 3 81
163 40 8
54 22 24
184 72 24
57 94 16
157 177 19
41 101 79
1 9 80
196 11 23
156 161 44
88 185 30
25 24 84
91 39 84
99 92 51
35 143 99
26 93 21
177 88 36
131 45 54
77 165 58
13 36 15
178 151 20
136 195 55
125 165 79
83 169 11
199 97 71
97 102 44
130 92 32
194 120 21
32 96 54
130 170 10
125 144 67
124 163 63
164 35 2
33 22 56
132 41 56
198 43 81
113 119 84
58 54 16
162 36 18
37 119 2
131 187 23
128 64 70
11 189 25
146 163 89
137 21 37
56 53 79
135 25 38
152 143 88
1 126 81
162 129 77
97 4 71
50 41 52
39 10 16
103 181 94
152 111 38
58 198 32
129 186 92
35 61 28
173 117 28
180 108 70
106 87 96
187 23 42
199 23 8
9 55 35
38 54 82
84 1 9
14 141 80
61 51 81
21 44 50
145 152 92
180 123 29
160 168 52
59 57 33
164 153 24
164 51 46
189 7 38
183 100 85
68 108 69
2 149 51
122 86 70
103 153 4
149 57 69
71 78 13
105 45 1
54 22 24
16 95 69
7 27 26
118 160 35
11 189 72
182 12 20
98 60 10
49 40 31
146 82 68
160 7 48
114 111 40
184 170 8
42 76 65
97 199 79
77 151 71
135 8 17
92 33 79
26 100 43
116 180 84
138 98 70
177 78 19
150 10 23
127 117 65
10 62 70
89 133 53
29 141 11
149 95 8
67 109 50
98 60 10
176 9 27
46 68 47
66 18 31
71 128 28
194 64 97
163 140 84
196 179 15
73 24 70
103 144 92
173 16 53
33 134 73
162 9 66
89 56 12
88 15 24
153 188 38
11 107 35
186 37 44
12 88 6
117 193 4
95 121 27
40 166 43
131 18 64
71 168 52
26 17 99
32 22 54
185 118 50
184 26 89
85 15 53
110 50 11
184 82 45
67 45 84
157 161 23
176 95 2
73 199 98
43 49 18
162 95 58
9 185 18
144 112 17
72 103 70
174 56 38
17 146 51
77 82 64
91 110 44
101 163 83
169 9 14
51 13 51
95 69 43
80 56 50
78 32 95
37 104 13
186 86 35
156 45 59
137 5 73
37 140 72
129 186 92
34 94 42
185 54 54
134 36 72
162 25 83
110 43 41
39 88 97
22 48 13
122 198 80
18 67 40
17 51 41
173 117 28
130 52 12
144 112 17
132 133 36
11 144 87
184 82 45
54 70 21
145 157 41
182 146 7
197 98 22
118 134 9
61 97 46
97 188 94
109 11 52
75 72 74
132 118 82
173 64 79
80 79 32
100 32 72
170 60 15
23 166 34
85 140 77
87 96 9
61 132 33
127 104 98
74 152 71
191 147 41
151 169 56
39 44 99
98 94 30
42 36 91
120 152 73
121 64 78
186 58 55
65 43 100
168 178 57
96 70 56
85 46 30
69 4 5
70 24 51
106 110 80
110 27 68
5 49 46
94 40 38
136 40 85
117 193 4
189 124 64
117 49 25
90 113 98
61 182 94
178 144 28
40 49 43
115 139 48
173 52 41
59 57 33
149 87 15
48 35 61
39 48 21
3 12 47
118 122 32
23 126 33
45 179 41
165 87 92
61 182 78
69 107 17
63 71 97
7 20 15
127 95 54
43 49 18
87 53 4
150 16 23
95 90 25
108 63 64
90 73 16
171 100 45
111 7 63
56 70 7
51 5 70
124 98 73
11 85 20
181 104 68
16 197 25
87 199 60
190 8 34
151 137 62
109 118 45
165 87 92
80 102 56
31 76 32
175 131 34
181 103 83
160 22 99
111 138 22
146 153 88
46 68 63
148 51 74
47 138 91
35 143 99
27 159 85
151 168 57
180 178 10
10 74 91
62 23 14
61 139 23
56 70 65
27 54 4
163 140 84
141 185 90
47 138 91
91 55 8
191 24 82
5 132 70
1 126 81
97 187 10
56 176 72
67 93 61
59 114 27
35 121 7
38 99 64
97 188 77
47 115 4
36 113 77
141 2 32
90 113 60
131 44 25
29 169 35
182 54 98
126 3 48
27 126 57
17 60 2
162 181 4
18 67 58
193 83 30
156 176 3
55 147 48
64 49 85
93 16 64
159 127 92
90 61 73
177 149 43
20 86 17
94 10 74
124 73 49
56 91 89
149 87 15
165 89 25
163 179 30
49 34 34
62 192 66
9 111 75
171 100 45
173 44 4
182 156 69
88 112 89
2 88 91
53 162 83
109 155 61
146 24 79
98 94 30
110 149 70
189 124 38
31 184 32
83 127 97
163 120 29
19 174 90
152 164 45
102 72 39
32 48 17
120 141 31
6 84 83
116 76 55
177 149 43
157 161 23
165 155 88
57 94 98
69 189 33
160 22 99
30 57 76
37 119 2
179 113 12
41 53 74
109 73 53
200 80 69
72 167 32
12 179 67
