200
154 175 21
193 182 7
19 31 33
113 172 87
30 151 86
74 86 47
174 159 65
127 84 81
158 55 92
153 178 44
108 152 80
82 127 36
130 31 88
55 117 16
46 94 70
67 17 63
31 122 17
116 161 93
28 116 54
116 63 96
13 126 41
118 66 100
125 31 96
7 171 58
87 68 1
124 146 10
54 149 65
168 7 38
58 142 19
123 153 71
131 10 74
31 51 42
163 102 63
101 51 74
159 100 100
101 83 16
194 69 84
23 140 82
22 35 8
65 52 1
138 58 79
34 24 86
19 110 96
109 95 61
4 168 32
171 153 8
183 126 42
57 188 85
35 105 23
49 50 32
102 41 69
23 146 39
68 124 9
76 94 4
66 89 66
105 40 45
49 24 55
106 105 45
42 180 66
68 73 21
88 154 74
28 57 32
174 197 7
141 52 62
190 52 83
142 158 50
18 159 94
96 6 91
128 87 36
93 24 66
1 180 68
158 154 84
103 164 72
21 140 17
52 153 42
105 26 51
141 44 83
46 163 32
80 148 84
192 57 34
172 177 99
184 112 67
169 86 7
65 94 100
54 187 67
31 91 77
57 188 85
142 18 32
116 110 67
75 121 44
80 148 24
113 165 61
131 46 75
91 161 58
122 65 26
152 173 69
173 143 55
113 146 42
76 125 41
36 183 45
43 183 14
120 182 70
12 186 80
4 15 19
141 33 16
147 82 3
123 65 13
17 200 83
158 128 61
174 183 73
141 156 94
194 160 80
145 151 46
40 59 29
103 194 18
167 63 43
80 5 33
120 78 83
180 125 39
163 133 75
198 103 93
184 112 67
23 140 76
96 177 6
107 67 36
58 142 36
126 25 6
179 134 40
44 39 21
67 15 27
147 77 40
50 8 36
179 134 10
79 6 50
169 97 22
103 3 90
182 114 45
170 159 71
90 181 33
187 98 17
182 44 17
98 176 35
11 44 54
108 144 47
83 32 97
125 192 63
105 40 77
166 10 65
34 79 74
49 24 55
159 92 5
62 109 84
88 165 87
168 33 99
94 70 83
124 45 67
180 96 15
185 66 57
48 93 83
121 81 33
132 127 19
158 199 41
184 181 26
102 113 17
140 82 6
13 22 4
199 1 76
195 56 96
163 20 63
153 149 31
176 196 88
48 112 6
56 57 48
119 49 40
42 132 79
88 173 52
68 25 1
38 64 91
95 158 33
57 121 10
95 188 65
174 54 93
126 191 37
145 5 13
157 137 5
40 31 51
163 162 24
130 8 10
46 94 70
34 165 57
176 117 20
35 55 75
190 112 31
184 170 73
65 94 90
71 176 74
1 6 69
27 51 50
103 28 39
197 105 98
163 137 42
174 134 18
194 105 14
101 51 1
22 76 88
132 108 95
11 195 11
183 28 41
150 106 87
5 144 36
111 60 25
34 165 57
18 48 85
188 89 78
82 150 8
96 187 70
154 159 93
56 106 10
93 181 39
58 161 49
57 186 63
1 31 30
132 39 61
165 7 71
31 177 48
146 141 61
3 180 46
68 7 86
42 198 44
65 151 59
57 46 100
180 162 97
41 128 5
58 122 84
113 169 41
22 67 40
145 37 99
136 138 87
85 32 12
183 28 68
13 125 1
23 22 5
121 78 94
42 180 66
41 105 8
109 168 25
173 12 42
102 63 37
37 76 5
195 45 83
176 165 17
73 164 8
105 159 15
198 153 63
51 192 25
199 177 23
148 180 58
13 22 4
30 38 32
12 186 97
158 154 84
53 149 22
146 25 86
66 92 43
55 186 6
160 111 80
80 95 43
194 69 84
159 6 1
55 115 91
93 15 31
19 169 75
107 67 36
124 139 34
15 97 65
149 56 18
78 192 39
3 115 27
190 143 42
52 6 66
91 190 98
134 16 53
40 185 87
108 147 98
193 12 89
26 2 89
127 3 5
105 3 29
185 88 42
59 98 9
50 94 67
164 181 28
3 37 96
22 7 76
131 179 9
78 192 55
189 131 89
13 128 80
131 146 11
67 145 43
199 200 49
88 22 44
62 168 98
112 10 25
52 165 31
187 163 44
148 40 23
21 60 51
113 111 54
101 135 72
49 84 28
142 180 70
66 136 81
16 36 12
177 71 79
13 79 73
57 186 84
53 187 46
198 103 93
117 27 68
44 37 45
7 21 46
126 25 81
100 15 27
69 119 68
147 134 45
23 169 30
181 66 63
109 168 68
16 17 45
30 165 32
111 162 47
145 79 12
146 148 81
17 96 92
96 150 47
104 92 16
181 19 87
59 149 88
13 150 32
37 172 28
22 7 76
75 140 56
142 30 2
130 135 41
181 188 21
107 90 59
116 161 93
94 106 83
54 46 65
134 63 9
117 142 5
135 9 39
193 10 99
72 138 70
32 56 31
110 54 5
199 65 10
113 141 9
142 188 21
28 57 20
42 88 53
169 6 36
30 151 58
66 136 81
103 182 18
176 143 79
170 39 93
5 125 54
73 121 40
16 66 2
18 3 37
200 102 91
115 78 91
86 57 50
170 159 71
24 78 36
200 87 100
164 155 15
90 35 41
199 177 87
63 99 45
172 112 54
128 161 46
37 20 36
25 97 83
54 187 20
115 137 66
41 77 73
123 153 71
135 57 41
97 172 100
69 91 77
5 65 32
157 115 87
160 53 44
7 53 71
44 147 15
92 65 23
96 134 13
149 192 70
163 57 84
22 35 8
26 177 82
30 178 1
43 183 14
103 85 28
113 146 49
17 200 83
149 128 38
172 105 26
54 51 2
118 83 51
8 197 35
158 191 97
182 82 31
80 5 33
5 41 64
144 14 15
41 91 5
43 148 50
138 50 19
192 69 80
146 148 81
55 95 85
11 76 85
58 161 49
73 23 86
2 19 10
96 27 61
153 178 44
37 12 92
76 171 53
44 89 49
184 194 7
137 16 86
1 6 92
145 39 7
54 102 52
134 188 49
121 168 62
32 139 96
14 54 4
161 24 76
53 141 72
34 79 38
160 136 100
130 91 36
100 57 1
7 101 81
80 190 72
161 142 76
103 155 53
3 115 3
93 41 78
33 100 99
193 195 69
68 115 63
187 139 9
26 177 82
200 1 12
121 174 31
18 19 80
31 122 68
98 1 77
171 145 79
70 11 41
174 13 14
137 115 9
145 133 6
59 98 9
119 175 71
12 66 85
70 143 65
123 99 96
50 69 7
9 69 22
44 176 100
39 30 2
124 28 22
102 133 28
164 105 69
10 194 10
74 94 94
159 92 5
73 16 42
145 60 28
85 188 45
200 74 48
49 152 7
55 116 90
63 152 27
101 2 56
78 143 7
44 89 49
111 163 20
151 113 12
37 21 6
75 169 7
141 33 27
146 68 1
3 135 28
132 61 76
14 148 21
37 172 28
70 143 65
103 182 47
57 187 57
140 178 48
79 73 78
73 129 41
73 164 8
54 149 9
194 128 8
54 168 46
14 185 82
182 178 72
155 40 84
4 34 23
2 164 76
68 149 46
130 31 88
31 51 21
59 71 16
142 158 16
48 190 29
185 26 83
18 3 37
177 115 37
58 11 40
171 145 91
108 143 61
42 52 11
48 112 6
200 102 91
4 168 30
130 159 66
38 155 68
138 51 66
183 138 56
94 166 77
83 142 8
5 138 82
24 17 29
62 175 72
172 180 62
194 76 92
108 110 38
111 162 47
35 12 82
189 162 74
152 173 69
70 77 25
40 140 29
44 102 15
153 109 75
166 169 72
13 150 84
118 29 25
143 111 72
14 54 27
106 122 32
169 130 12
37 153 7
63 159 40
150 110 33
195 152 90
57 170 98
17 29 22
145 39 70
124 65 54
97 23 23
164 135 15
164 135 66
66 99 57
116 110 66
88 166 77
149 173 12
61 117 21
174 183 73
84 94 42
163 143 11
150 106 51
31 91 77
62 175 72
8 94 93
184 11 27
122 118 68
29 73 63
149 56 18
89 143 72
91 161 25
183 75 89
145 164 49
110 26 30
163 162 89
50 9 20
59 54 99
67 164 53
95 173 39
13 126 41
183 126 42
88 166 77
59 24 71
172 112 96
18 43 61
94 166 77
53 141 96
6 111 84
85 91 61
100 57 1
90 181 95
137 90 3
99 160 10
103 194 18
121 70 28
59 24 16
126 194 67
157 126 16
14 52 17
188 2 28
39 14 40
80 1 16
35 12 82
128 4 33
141 156 94
161 3 21
66 99 57
168 7 38
62 107 12
200 157 52
21 198 6
130 194 62
200 1 12
141 112 47
78 76 96
125 192 18
10 167 74
189 101 86
165 31 60
194 21 98
185 48 84
82 117 94
145 5 30
160 13 38
84 34 79
95 91 37
192 95 27
16 94 87
46 134 1
49 145 66
171 153 8
81 111 71
194 21 98
60 160 32
119 11 90
109 41 38
36 183 52
200 13 74
149 128 53
13 139 35
92 95 84
135 9 39
58 98 91
48 188 78
184 126 42
114 104 42
111 80 58
143 111 72
40 59 36
78 151 62
98 86 29
146 133 24
161 173 80
67 157 59
53 96 61
76 23 81
52 165 31
72 138 30
36 177 81
39 99 53
158 55 92
142 180 18
194 89 29
183 12 50
200 164 7
53 96 76
26 2 89
92 99 90
154 20 81
40 140 76
117 166 91
17 77 98
13 39 95
174 151 90
121 168 62
101 2 56
134 188 49
18 42 72
98 1 77
131 46 75
111 36 20
82 150 32
132 39 61
118 34 60
138 23 37
142 79 55
115 67 14
142 183 52
28 65 95
65 135 85
102 136 5
77 151 56
88 47 96
29 97 99
79 149 68
93 62 99
36 68 65
121 70 28
122 35 89
89 32 27
45 148 35
21 198 6
122 29 75
159 6 1
183 50 55
44 102 15
194 56 42
193 10 99
92 95 84
31 54 48
97 155 13
199 68 19
2 164 46
60 56 27
54 37 44
35 41 65
133 122 94
104 194 28
115 52 49
172 180 62
119 49 40
184 27 23
143 104 27
199 129 76
153 82 95
106 105 45
108 4 31
1 180 74
25 97 83
46 59 11
9 27 91
167 49 81
17 96 48
34 24 86
1 185 82
150 114 37
22 76 88
134 89 67
182 178 32
192 95 41
97 140 87
125 98 49
68 115 7
5 138 31
190 114 47
67 70 43
193 182 26
165 31 30
7 132 45
24 101 16
3 135 28
100 108 10
162 100 75
182 114 45
160 111 84
23 197 26
137 115 9
194 42 27
148 64 98
199 77 21
108 60 96
108 144 28
139 189 89
118 148 37
29 148 30
113 125 54
122 35 89
44 67 54
194 105 14
107 195 100
115 4 91
60 56 93
83 113 61
123 175 45
32 193 5
121 174 43
103 28 39
18 19 80
7 53 8
133 57 31
56 21 38
85 46 75
95 58 85
17 77 98
16 200 50
103 200 67
102 62 83
185 26 32
200 74 48
116 94 57
40 31 51
12 62 86
95 58 85
193 11 46
142 79 29
113 125 98
14 148 21
59 149 35
9 49 69
9 69 40
134 190 15
29 148 30
88 47 15
4 110 35
51 192 25
132 89 17
136 42 1
115 78 91
28 65 95
26 108 47
97 12 62
149 21 72
161 3 66
52 59 23
14 52 11
31 55 44
174 44 49
145 7 78
147 55 91
57 125 7
98 86 32
144 14 91
42 48 81
8 66 17
14 98 53
56 66 88
22 184 95
72 102 80
131 179 9
109 187 100
102 63 37
57 187 48
88 165 25
92 37 19
170 95 21
96 177 61
55 179 90
87 107 83
93 175 60
46 59 23
165 63 5
192 184 5
181 138 68
62 151 84
178 66 75
135 153 61
41 162 84
61 117 12
121 78 25
44 153 29
37 160 34
121 170 79
130 100 98
169 130 12
96 138 73
97 124 92
88 178 67
80 95 45
92 112 54
100 143 35
114 36 28
158 25 93
12 62 86
147 82 3
156 106 43
106 75 31
121 61 20
52 133 77
197 151 63
125 70 66
43 49 50
80 99 79
116 94 57
1 31 30
155 182 71
26 200 86
157 175 51
42 48 37
35 40 99
39 14 45
164 91 16
148 74 38
124 28 21
45 148 37
76 167 75
177 71 85
160 53 44
175 162 22
174 111 50
55 17 52
174 11 69
67 70 43
166 151 79
79 149 68
57 45 75
163 102 63
115 4 91
115 52 73
63 152 98
105 159 15
43 148 50
30 72 40
174 41 3
123 176 32
195 152 90
93 175 86
102 76 92
128 87 62
72 102 66
189 64 77
112 164 96
49 145 66
154 159 7
108 110 85
161 24 98
180 59 11
188 89 78
87 188 3
195 8 25
128 170 69
134 63 9
40 185 87
193 11 65
199 1 27
66 72 98
76 149 96
176 104 36
138 50 19
182 25 35
89 32 27
190 52 9
99 71 60
153 56 77
85 160 69
83 114 32
113 172 87
154 1 9
46 150 4
15 142 61
195 45 9
32 139 96
128 149 78
61 24 85
106 197 93
96 134 59
125 187 45
139 22 6
6 127 46
97 140 75
125 139 44
166 169 72
90 174 92
132 108 95
94 70 83
181 188 21
4 15 19
166 10 10
169 76 22
108 177 80
81 72 18
9 100 5
137 90 3
70 11 76
20 25 6
82 127 36
154 1 65
85 32 6
155 186 15
7 105 28
104 194 28
107 195 100
134 16 40
170 111 84
84 138 13
30 72 40
37 21 4
153 118 35
21 39 86
142 24 1
125 70 87
175 137 87
119 170 68
48 81 18
101 83 82
137 16 86
34 39 69
135 122 26
15 146 90
169 76 81
108 147 98
13 39 95
97 155 95
91 190 47
12 128 62
136 128 87
58 106 12
135 51 50
169 86 84
154 34 2
127 73 10
115 152 4
148 40 23
110 118 99
69 91 77
35 55 14
167 49 72
146 200 9
157 126 16
116 124 93
16 66 2
190 38 71
8 94 47
74 94 94
124 59 72
151 61 96
112 107 11
149 192 36
12 200 71
127 3 89
152 66 39
87 58 40
185 88 82
54 102 41
132 23 12
159 33 91
81 46 62
147 143 88
68 124 61
60 160 79
167 47 30
118 101 44
8 197 22
148 70 58
14 48 89
27 13 48
55 115 91
117 123 95
50 117 73
27 90 70
140 85 46
193 195 70
83 118 49
51 69 91
86 74 76
74 86 47
106 126 57
