200
57 125 32
167 85 24
129 98 22
43 85 57
1 44 17
22 117 58
167 65 38
178 73 97
1 10 38
35 140 76
125 5 45
29 153 3
112 200 26
198 110 36
2 65 81
53 173 32
107 153 59
106 162 8
42 192 41
162 170 89
177 52 19
110 21 81
144 31 69
126 103 94
34 168 10
62 40 15
35 141 49
111 28 30
11 96 99
66 152 28
34 164 3
10 191 81
10 191 74
126 160 4
36 76 3
98 63 81
56 184 71
126 96 83
67 139 33
7 61 4
167 85 49
191 76 1
58 114 7
172 168 70
139 182 93
110 27 61
80 46 64
68 130 56
53 120 43
69 112 55
149 148 31
39 76 65
177 71 97
149 6 64
35 72 77
175 13 24
178 186 43
56 116 66
105 23 76
87 127 17
87 68 3
127 184 93
119 35 63
37 25 10
12 82 27
25 72 76
105 20 14
117 90 85
147 181 94
172 186 59
179 34 17
83 81 41
101 104 47
55 154 80
164 83 20
93 108 6
178 154 65
170 175 19
128 15 88
95 194 13
160 6 48
115 15 70
18 56 65
16 4 55
137 123 68
59 162 59
107 113 27
112 131 10
57 145 63
67 195 30
173 25 39
88 83 81
20 198 76
27 48 43
6 24 56
82 16 54
156 115 4
135 109 60
145 177 64
65 195 58
86 35 21
65 169 68
169 122 93
119 112 53
154 85 46
187 178 97
138 20 99
60 171 31
113 141 26
170 45 62
137 32 39
163 12 98
32 40 15
75 72 35
159 61 41
170 3 28
27 72 6
38 151 80
200 118 47
131 189 70
166 141 44
9 84 46
181 62 90
3 182 33
11 42 81
122 13 52
163 120 56
150 140 58
192 166 85
39 124 71
186 86 40
125 180 38
29 63 61
120 185 43
175 153 48
70 30 59
88 107 65
54 188 25
184 9 20
107 155 89
38 45 92
195 114 30
92 179 53
48 1 58
98 38 39
175 83 6
164 165 75
97 47 50
68 63 53
173 25 96
7 171 11
145 24 45
68 66 84
69 170 2
98 63 21
71 124 99
78 193 19
157 106 51
167 75 37
9 132 36
128 188 5
47 192 30
167 75 43
5 102 21
78 94 54
178 73 26
194 181 44
148 181 10
197 7 88
164 165 75
149 140 71
22 17 91
168 65 73
152 178 40
29 63 63
98 143 61
149 6 77
170 3 20
98 6 41
121 154 21
162 35 37
105 45 6
68 190 25
78 9 27
175 198 37
137 174 9
181 140 61
56 64 68
65 182 11
55 117 73
62 200 72
52 95 49
118 182 89
105 103 68
61 13 67
122 181 14
19 102 98
138 77 94
182 160 80
19 102 98
23 81 78
63 167 75
78 6 56
25 183 45
187 108 87
5 189 61
92 96 80
120 49 37
109 124 72
57 125 32
129 135 58
139 7 17
92 96 32
198 89 48
162 142 41
113 99 26
18 66 6
81 107 17
85 165 3
125 183 99
94 135 27
5 72 3
194 148 71
136 21 1
98 186 12
99 144 8
60 8 98
76 182 32
16 47 18
122 190 20
94 26 85
71 90 7
9 84 28
187 104 7
161 147 89
16 142 90
166 62 45
136 180 11
126 58 54
186 83 76
50 90 29
133 11 64
142 196 88
80 126 83
143 170 62
55 79 24
4 174 19
163 164 32
164 77 90
27 72 6
127 142 15
168 188 91
171 100 20
15 51 100
98 6 38
24 193 85
187 37 28
164 85 54
50 39 35
115 15 70
126 160 4
196 58 28
176 33 58
22 178 40
22 153 69
177 98 70
137 44 19
155 193 54
29 26 46
27 114 100
56 184 82
112 161 92
59 148 62
186 83 76
66 197 82
79 49 85
192 110 70
112 165 4
21 186 59
7 196 82
141 22 35
55 79 23
175 106 41
93 67 39
154 10 32
130 13 100
172 108 33
68 7 56
5 161 62
182 76 11
167 65 6
143 173 21
181 117 56
180 82 24
11 200 91
163 126 83
197 170 38
27 146 85
89 150 58
187 21 25
145 170 79
107 28 32
170 96 63
185 92 82
110 73 87
179 22 39
163 120 56
28 83 31
7 154 60
185 172 49
148 19 94
165 128 10
117 174 41
61 13 67
143 170 42
197 86 14
5 189 67
5 150 82
45 47 43
84 180 94
92 179 53
169 95 7
108 104 96
99 130 9
77 190 99
11 96 99
172 194 63
139 51 59
171 197 4
14 136 76
125 183 99
181 97 67
192 171 35
68 30 9
119 118 80
183 22 55
76 3 54
38 45 92
165 96 62
75 90 37
124 188 85
103 69 29
35 76 46
197 100 34
30 165 10
63 59 82
197 83 57
42 28 42
105 196 43
155 82 59
178 126 7
2 177 100
128 12 50
17 173 79
47 183 6
46 98 29
36 148 17
60 20 34
72 15 33
109 188 3
91 194 71
86 60 82
35 139 30
90 82 94
137 110 46
12 13 75
35 83 33
36 128 64
42 48 27
56 23 67
57 141 74
89 84 100
93 108 35
130 94 81
55 154 94
27 75 31
124 197 48
111 28 30
88 18 96
18 66 6
199 191 48
93 138 28
180 87 41
113 1 22
72 58 97
162 81 85
167 139 59
119 129 95
71 90 7
79 48 29
132 17 42
66 197 82
136 32 58
79 82 99
164 192 64
121 186 91
61 107 37
196 58 28
72 58 64
131 155 86
14 50 30
75 27 23
139 29 59
198 91 17
96 143 62
185 8 2
64 1 52
174 62 73
59 117 78
124 197 48
19 38 80
66 147 34
70 28 14
28 112 77
179 112 71
159 182 50
159 40 9
33 125 47
45 100 37
174 65 67
61 157 38
122 182 55
137 31 29
172 114 19
135 132 71
165 128 84
31 83 7
179 111 89
180 35 93
191 166 8
146 87 80
156 179 31
94 80 56
188 187 81
22 17 91
44 120 38
147 36 96
88 81 43
28 115 14
172 108 9
162 144 89
103 168 88
36 128 64
108 104 24
40 160 62
183 94 61
74 103 9
168 70 62
58 189 53
183 111 43
64 41 27
82 16 71
28 196 4
77 71 85
195 190 16
17 113 87
64 192 43
69 35 86
134 143 79
42 192 58
126 100 45
99 56 89
6 24 100
18 56 23
183 94 61
35 50 95
61 67 34
146 92 43
145 177 34
133 193 24
135 7 4
63 132 85
13 168 57
105 23 76
65 27 86
113 66 13
122 190 20
129 135 58
178 154 15
200 41 14
162 81 85
66 147 34
48 105 21
70 175 66
181 124 39
187 3 41
156 4 97
129 160 4
128 12 92
63 29 20
129 107 9
182 76 11
183 151 84
121 43 57
77 71 85
119 99 29
163 52 76
136 32 24
63 18 71
19 38 80
140 171 39
100 59 42
90 54 61
37 155 49
46 97 74
107 155 89
49 125 84
196 37 51
61 54 87
7 119 98
107 28 72
55 44 59
194 181 80
165 154 80
151 114 46
156 4 97
107 72 56
186 125 62
34 45 76
50 60 37
127 48 37
85 7 62
146 120 36
7 154 36
134 132 28
24 113 41
24 184 81
94 26 93
26 31 22
83 3 48
108 64 37
96 5 46
93 148 56
113 66 21
10 109 31
164 77 2
27 48 20
83 62 54
103 125 1
94 135 27
59 53 21
39 81 18
124 158 29
63 18 71
88 81 43
14 83 96
168 65 55
160 28 48
72 37 76
112 47 72
158 46 75
117 174 41
130 124 47
19 9 29
181 10 92
126 77 59
18 90 28
139 7 17
95 173 20
118 182 89
11 95 44
34 168 99
128 15 80
42 66 12
32 79 98
47 84 97
170 83 9
116 101 95
178 199 88
57 145 63
124 158 77
73 197 92
57 17 82
128 74 60
135 146 29
15 51 58
199 43 85
59 56 24
183 22 15
118 31 79
120 65 83
32 181 65
126 124 64
58 114 59
57 42 33
14 136 37
24 184 81
20 136 97
17 123 64
30 165 53
66 111 10
118 166 99
194 182 37
153 121 49
174 159 6
45 84 33
15 55 55
82 151 39
79 82 73
5 72 77
107 30 47
137 174 100
32 132 67
190 63 27
180 164 64
111 83 2
185 58 80
88 59 55
24 35 53
174 185 83
13 45 65
39 112 64
187 3 41
109 162 28
172 38 76
37 189 41
76 123 57
73 42 35
43 195 78
27 172 32
36 166 35
28 196 99
64 35 54
8 128 17
125 180 81
195 190 16
163 101 81
144 177 88
54 193 84
65 36 86
48 105 10
78 84 53
20 52 70
21 186 59
110 194 99
134 143 79
154 20 81
200 179 29
11 145 59
15 55 42
105 45 6
101 64 98
137 32 54
87 82 38
179 112 26
28 112 76
2 74 15
71 101 87
166 8 31
148 131 42
170 45 62
44 149 40
45 106 21
187 37 28
126 120 52
175 106 41
3 85 22
129 171 78
128 188 17
107 56 4
31 123 84
100 1 14
37 25 10
164 85 54
68 7 44
139 182 54
20 130 93
64 123 59
150 36 66
112 130 69
126 90 20
70 30 89
124 62 9
46 173 59
43 112 96
64 1 42
123 48 16
183 86 72
40 150 73
129 98 19
124 128 65
147 98 49
192 103 86
190 25 37
64 123 59
113 141 26
123 188 8
38 93 15
154 66 42
22 20 13
70 159 51
60 182 67
27 16 10
194 148 96
85 165 73
87 68 3
5 161 62
10 168 56
30 55 30
84 145 78
33 59 29
165 24 35
89 144 31
175 20 77
160 131 69
66 74 23
126 103 23
134 38 89
75 19 27
37 155 100
4 99 36
108 179 15
121 11 50
176 33 58
47 86 19
65 27 54
183 111 43
96 5 81
70 136 58
70 28 44
109 124 72
192 103 86
129 171 78
141 25 54
96 104 23
141 62 87
79 32 86
153 170 59
59 117 78
55 43 61
24 113 35
128 49 18
98 169 19
190 103 43
25 183 11
28 51 41
79 176 29
109 99 4
136 180 22
46 112 49
90 139 6
19 31 71
1 38 77
75 90 37
161 117 8
17 179 18
2 164 10
199 43 85
108 183 68
128 1 54
185 58 80
52 121 17
146 145 25
2 164 10
57 48 65
145 170 42
3 145 73
172 168 70
147 151 79
122 171 50
10 44 8
125 83 37
81 18 60
53 94 25
150 197 56
63 57 95
99 134 84
65 122 42
121 187 43
159 6 75
180 179 67
29 109 63
149 18 82
187 178 97
38 20 46
176 71 69
110 140 46
186 22 100
33 45 74
170 150 99
178 126 91
10 192 98
50 90 26
120 65 64
72 109 73
125 167 42
67 133 72
156 66 1
113 99 26
184 9 20
126 58 3
180 80 8
17 173 79
21 22 82
131 155 86
56 86 57
1 13 96
148 106 7
93 182 24
48 189 55
96 22 23
186 22 61
67 195 30
28 110 4
18 158 57
194 38 25
11 48 98
110 194 99
39 112 64
125 83 37
123 152 17
119 112 69
165 56 97
114 22 87
62 132 39
58 178 13
54 179 42
55 191 45
111 22 1
155 76 64
24 38 22
7 196 82
63 57 95
149 18 41
43 92 44
26 31 22
60 119 73
43 85 63
30 70 12
197 7 88
71 154 82
26 61 95
88 146 71
131 67 52
159 40 14
118 169 87
80 46 64
197 135 63
45 100 37
162 170 38
175 100 37
181 124 39
23 159 47
192 171 37
131 34 7
47 73 12
183 58 51
76 98 25
84 95 68
117 40 6
179 49 90
176 34 23
20 136 40
29 26 46
1 73 43
87 75 51
95 194 91
13 124 76
8 4 9
57 48 65
42 51 32
70 196 33
103 24 3
103 12 98
141 133 45
31 99 50
177 71 97
112 165 31
187 108 87
43 25 91
121 43 29
35 140 88
157 125 82
170 175 19
78 174 93
95 118 100
160 28 48
154 10 32
148 86 19
28 15 99
150 132 66
185 8 16
118 108 97
138 77 77
143 67 48
50 60 9
137 76 72
87 103 8
16 132 40
113 59 2
197 170 48
78 51 51
40 160 62
76 123 37
164 83 20
190 63 61
16 153 52
30 34 92
139 32 92
156 125 24
6 56 25
16 154 8
200 10 10
113 1 90
198 110 92
126 124 64
68 130 56
49 179 77
130 129 53
162 91 1
61 102 92
177 62 25
79 129 17
166 9 22
15 185 96
168 70 62
175 198 37
175 20 77
93 37 54
67 50 52
61 157 38
7 119 98
109 34 2
194 24 19
54 193 84
83 62 54
29 115 28
98 59 27
1 13 54
132 17 42
188 22 87
76 65 14
117 148 7
9 57 10
124 188 37
196 140 46
76 132 41
89 144 31
43 195 78
17 179 18
122 13 85
70 132 81
138 163 59
65 169 68
142 163 46
170 67 18
159 95 11
68 92 4
33 59 57
7 78 83
59 56 24
147 181 94
149 148 64
175 100 51
90 85 48
91 65 17
138 19 47
186 87 59
111 168 4
4 127 77
116 1 51
78 6 56
136 21 1
121 149 25
27 16 76
160 131 69
70 132 47
19 32 87
45 71 22
77 63 59
126 120 92
116 101 95
65 195 97
21 112 42
179 23 99
40 180 45
111 83 73
83 3 68
59 52 5
2 74 15
179 23 44
139 29 44
18 158 57
90 82 83
102 19 22
5 1 3
25 106 56
63 187 52
170 96 52
82 151 40
60 20 36
147 77 12
136 34 89
181 140 95
88 49 19
82 102 18
97 149 7
35 113 93
75 19 27
94 170 82
79 48 29
142 130 40
85 130 46
107 88 37
181 116 92
57 46 32
97 142 90
125 7 13
181 189 44
