200
108 128 35
140 153 24
32 36 69
112 41 45
122 13 61
128 21 80
183 58 56
89 195 44
122 22 14
195 194 10
50 30 69
97 21 65
5 139 39
125 90 29
109 131 81
41 107 21
189 14 79
25 50 24
85 173 88
34 171 32
146 20 32
31 125 35
112 107 32
139 56 17
21 102 52
64 58 62
196 127 12
108 17 42
31 125 21
192 130 21
19 164 61
193 103 97
74 14 100
132 88 9
37 19 1
105 117 22
5 139 13
25 11 21
146 21 35
27 102 12
27 184 81
79 73 3
147 194 84
66 136 21
151 30 75
166 17 97
83 75 63
133 6 95
100 54 43
183 89 95
73 157 38
131 2 40
166 118 78
81 181 14
148 54 66
87 137 85
86 139 38
54 94 74
93 132 35
159 178 60
170 137 35
4 71 35
85 130 16
131 103 12
160 12 95
40 191 83
69 28 7
69 28 80
135 189 42
121 132 76
4 89 88
97 194 80
111 13 60
27 184 81
137 43 26
186 142 77
139 42 91
20 115 95
92 70 16
79 73 10
173 68 85
6 132 46
97 161 3
23 155 80
134 179 69
85 173 80
56 143 37
187 72 16
85 166 34
151 140 41
58 166 3
176 89 77
1 55 100
173 196 12
88 74 14
45 187 62
86 27 11
11 16 9
197 160 11
22 94 15
93 16 45
15 177 34
118 86 50
89 195 12
73 157 43
148 8 5
161 108 39
96 161 97
162 188 17
90 123 68
7 78 37
3 82 76
175 104 41
197 175 88
175 21 23
10 36 15
146 163 52
67 152 68
167 136 97
41 12 94
83 78 36
100 98 40
79 138 19
53 21 30
189 50 3
167 50 85
195 170 92
153 122 50
182 140 95
92 133 74
145 14 96
57 146 73
169 167 70
136 72 82
40 148 45
72 136 19
125 72 19
57 44 43
106 195 84
65 90 25
174 161 61
29 51 24
120 58 45
98 76 75
192 58 14
69 174 84
41 139 86
193 41 3
3 61 68
182 140 95
49 98 60
54 66 12
94 142 17
159 13 59
95 179 39
182 22 1
25 5 44
73 113 63
125 31 64
18 125 58
59 120 5
19 118 52
135 162 51
163 140 75
169 166 28
48 7 55
161 108 31
5 60 33
121 32 87
156 99 46
73 123 90
39 95 48
146 21 30
160 173 38
188 166 61
19 164 95
128 160 90
190 7 17
53 89 92
104 134 70
75 172 15
138 33 31
12 4 45
95 36 23
183 2 27
120 103 14
135 182 6
189 42 68
116 147 52
22 72 10
157 55 4
86 138 28
170 137 35
92 28 40
110 87 58
12 152 60
149 93 41
72 113 42
197 135 67
86 178 45
148 86 78
100 98 74
32 116 42
163 150 81
124 132 14
189 61 8
107 49 16
80 159 65
137 89 80
89 188 15
29 104 12
17 100 36
121 163 29
9 163 50
30 107 84
34 100 86
165 163 4
7 171 42
181 23 49
18 136 23
73 95 56
35 162 49
97 147 28
146 190 38
83 154 19
121 89 90
128 13 73
193 70 16
134 11 7
163 164 70
174 21 58
151 97 41
1 52 4
182 88 45
148 9 40
180 175 21
119 186 47
77 40 98
4 118 84
48 80 68
91 165 7
44 46 37
49 92 50
128 74 73
77 7 50
66 110 67
32 131 98
156 55 98
75 118 78
133 36 32
110 87 58
57 197 29
64 58 62
164 23 65
79 160 20
3 86 75
4 200 24
51 152 5
4 200 24
160 128 5
47 158 10
188 136 6
49 70 82
81 137 15
37 50 42
5 131 13
122 73 72
111 159 12
46 33 77
188 49 95
195 194 10
107 80 41
71 178 52
176 50 61
166 142 82
67 1 63
48 87 31
132 75 2
37 127 47
155 6 91
198 86 95
118 86 50
166 24 45
50 188 19
63 190 2
158 66 15
183 162 88
80 11 93
79 193 41
121 32 88
178 41 88
193 145 15
10 36 15
99 61 54
5 12 56
78 126 48
22 72 10
195 25 59
174 21 79
37 152 7
118 188 2
124 46 94
71 178 52
124 195 56
89 165 42
79 4 61
191 119 79
136 180 84
180 128 50
186 95 96
109 89 68
59 120 33
190 87 24
91 82 3
83 154 1
173 196 12
48 7 55
53 11 39
88 123 26
156 99 46
143 12 98
82 88 66
51 152 69
104 191 82
75 126 76
36 37 42
188 41 65
13 87 36
194 50 95
81 2 68
30 177 5
184 35 85
170 126 39
176 50 61
29 51 93
110 80 19
101 191 88
23 82 81
199 152 49
23 155 80
55 176 41
7 183 7
25 11 73
34 171 32
79 138 90
21 172 2
176 146 59
22 120 7
142 90 62
130 137 34
33 65 6
111 188 15
181 23 49
40 58 49
93 80 14
141 6 58
11 100 79
4 118 84
184 12 70
100 54 43
163 164 69
192 190 23
100 56 47
136 67 62
191 141 16
196 64 27
47 111 11
24 22 30
171 66 65
72 136 2
86 73 90
169 68 58
84 189 81
145 195 60
86 107 24
40 31 71
115 1 26
198 3 79
96 154 34
23 89 59
28 99 49
79 163 65
90 61 100
6 94 36
30 128 30
50 165 38
190 181 55
114 31 54
142 61 39
64 132 96
185 38 77
90 124 68
2 166 15
125 72 19
45 110 16
187 72 16
104 76 53
11 7 24
21 77 66
171 93 24
168 82 65
50 174 5
1 178 26
98 174 97
147 159 74
198 64 93
147 80 88
46 33 77
141 156 41
185 63 100
40 58 98
196 108 93
182 165 83
69 144 95
192 36 64
85 61 66
65 23 65
126 125 97
33 23 58
65 183 54
1 151 69
65 90 19
108 85 97
89 135 21
155 196 22
111 171 92
39 86 53
7 171 42
62 181 64
158 132 5
150 2 81
184 12 70
116 75 72
21 77 66
151 58 30
121 30 13
30 128 30
111 13 60
84 147 3
181 65 65
108 17 42
161 184 48
45 115 83
179 134 67
89 182 6
114 121 87
73 123 6
128 13 49
29 104 12
101 134 60
104 164 38
180 147 11
127 178 62
11 7 40
178 177 18
7 54 2
81 189 51
124 132 14
137 54 39
168 192 46
2 160 61
191 109 42
183 89 2
47 109 57
29 138 64
142 80 21
135 21 10
15 121 66
50 188 19
140 131 5
168 66 64
161 101 26
155 6 91
83 62 54
57 44 43
39 9 71
172 49 50
196 132 60
179 134 67
83 62 54
197 135 67
20 83 74
97 171 4
91 29 2
110 80 1
66 47 73
50 165 38
84 189 81
182 22 50
76 8 71
14 126 38
125 172 14
3 45 81
147 148 69
149 38 63
108 109 62
115 1 57
149 93 41
137 89 80
97 129 10
96 125 60
134 125 72
165 39 43
128 51 64
111 166 21
186 142 85
58 24 40
100 62 63
15 177 74
110 82 89
1 53 2
118 163 59
44 162 23
121 177 67
76 70 33
85 97 98
168 132 7
6 25 82
67 40 97
70 184 21
18 78 42
139 73 38
113 38 91
133 198 86
5 61 10
26 79 16
122 22 14
154 112 73
174 143 36
147 84 17
103 142 39
4 71 55
67 176 3
58 49 68
39 95 65
193 145 15
59 186 72
144 161 70
71 96 34
110 82 89
118 37 7
127 118 99
114 121 22
131 95 42
2 54 63
116 75 72
154 143 29
174 143 36
183 58 56
88 74 14
182 81 39
165 185 61
7 183 77
1 151 69
109 143 7
21 165 33
54 19 14
18 110 42
194 144 83
165 163 66
119 24 74
74 171 21
147 159 37
120 76 65
62 84 96
139 56 17
24 139 18
68 51 30
196 131 53
190 7 25
68 144 77
95 36 91
187 172 25
55 64 23
31 171 32
47 65 80
180 128 50
92 54 91
97 21 65
169 140 61
73 95 56
184 35 95
68 37 7
111 164 63
52 180 20
197 123 7
144 117 86
148 86 15
124 46 30
184 146 64
133 38 6
152 113 55
168 192 69
69 177 34
186 110 20
183 162 4
33 98 98
174 147 48
169 68 58
26 197 67
169 166 28
124 108 44
91 178 50
7 115 86
64 100 34
161 126 2
10 97 89
91 145 25
166 153 16
196 4 81
135 189 3
171 93 24
140 199 70
46 83 88
97 92 14
175 77 36
158 108 68
69 92 15
67 159 18
170 126 45
161 152 79
159 178 60
156 14 85
22 17 49
55 129 24
199 171 78
112 40 91
115 27 31
116 80 24
10 188 84
21 102 84
108 107 77
157 100 83
179 138 42
64 184 85
32 74 11
132 75 2
199 58 100
23 82 81
136 24 47
189 42 68
67 40 8
69 34 4
113 46 16
11 127 38
14 27 70
5 61 74
6 35 9
21 165 33
67 1 63
143 116 49
149 104 49
113 136 94
27 169 52
143 169 92
6 94 36
2 93 46
74 171 91
192 100 39
180 67 63
69 92 15
86 22 39
163 194 41
128 160 90
169 167 70
1 114 74
8 2 79
143 16 70
193 41 89
137 133 82
40 31 71
198 60 55
141 163 68
176 18 17
190 15 75
199 102 26
20 83 74
104 191 82
155 18 64
100 80 46
199 47 24
109 21 44
134 11 7
153 67 37
146 20 32
123 143 57
152 153 4
67 148 67
192 100 25
159 63 28
158 136 25
111 179 10
105 117 22
111 192 75
91 178 37
100 132 100
66 136 21
110 92 98
129 112 46
131 103 12
73 187 64
104 182 97
168 66 64
96 145 62
78 38 55
44 8 63
109 131 81
96 125 35
137 1 95
122 50 89
166 151 51
43 45 32
91 40 100
131 95 47
87 160 27
158 108 68
129 81 30
146 163 52
142 112 17
14 81 29
119 188 96
120 103 14
15 16 84
158 132 5
176 18 17
5 156 81
132 130 8
96 163 28
89 165 42
93 1 10
120 70 25
70 184 21
114 29 20
113 46 95
124 108 67
156 139 91
72 173 30
160 173 38
46 83 88
93 16 45
97 147 28
44 162 23
133 36 81
17 54 61
92 163 65
71 119 88
78 186 87
46 135 72
180 147 11
143 16 70
90 61 100
166 118 6
51 94 60
27 169 52
61 183 72
32 120 76
192 7 85
30 107 56
174 19 95
53 89 81
41 4 53
121 132 93
174 148 90
154 160 67
79 193 41
159 63 28
151 140 41
154 36 89
197 113 61
35 54 72
185 148 51
64 132 96
81 189 51
72 19 75
87 187 37
2 52 29
21 155 45
70 7 90
95 158 63
163 150 81
175 193 62
124 114 74
143 116 49
123 143 57
87 183 73
106 142 37
48 80 68
104 76 83
165 130 74
29 144 87
52 180 72
111 79 36
28 124 25
114 31 54
191 108 42
181 65 46
183 4 96
113 147 23
140 199 70
24 58 95
16 152 63
67 128 83
80 165 35
61 149 35
72 173 30
67 87 64
119 12 91
101 191 88
40 175 37
196 64 62
8 2 94
64 155 66
122 50 89
170 122 32
139 91 87
102 82 58
104 139 75
183 2 27
109 21 51
50 157 16
135 102 3
42 30 45
17 44 74
147 198 76
124 103 58
21 57 83
85 54 22
174 93 31
160 80 43
129 79 59
69 88 68
101 30 27
74 14 100
18 188 32
174 28 40
111 53 60
194 144 83
84 147 3
21 172 51
108 128 4
152 63 58
150 5 44
85 41 24
109 89 68
47 65 64
22 113 76
91 40 100
2 165 6
190 118 31
142 33 36
52 90 48
39 136 36
110 92 98
97 129 10
192 36 93
137 43 26
36 28 20
112 134 14
2 160 61
15 82 29
32 131 98
142 61 39
105 10 14
6 25 82
117 127 3
135 55 11
61 133 45
120 135 20
122 80 15
21 154 95
4 62 99
119 171 40
77 47 49
99 177 11
115 95 92
18 188 55
38 62 14
168 69 82
187 172 25
26 55 38
35 193 65
39 9 71
64 87 39
48 91 25
116 49 24
107 28 65
61 18 62
71 36 26
5 70 40
141 159 40
91 165 86
77 181 35
17 54 24
176 160 40
113 124 46
121 70 80
135 169 92
24 58 95
57 197 23
10 123 100
33 23 9
9 191 61
11 55 5
137 54 27
68 148 43
33 26 91
111 179 55
5 131 68
198 44 36
35 162 49
104 182 97
55 64 30
65 93 24
69 144 95
47 158 10
145 91 63
56 58 38
27 109 47
185 99 36
140 92 38
85 130 16
92 163 68
114 13 79
113 179 19
43 188 67
131 32 27
53 11 39
101 175 72
116 80 24
71 195 96
142 191 1
18 110 42
113 60 73
153 122 99
2 52 29
39 136 75
10 128 32
92 28 40
199 47 27
26 79 42
127 118 99
149 38 63
81 33 82
139 73 25
110 155 56
104 172 41
196 182 25
128 170 67
94 4 90
73 113 52
84 180 27
132 10 1
35 54 51
67 176 11
32 120 76
60 24 27
126 125 59
193 36 2
22 113 65
145 68 36
2 194 61
184 56 98
170 50 4
65 183 56
139 136 16
59 126 1
147 81 88
195 84 77
144 69 86
191 108 52
85 181 31
33 65 6
25 35 64
67 152 89
153 67 37
24 161 35
28 64 59
15 119 79
176 89 59
79 160 56
45 187 62
122 20 77
196 137 73
69 174 84
33 26 91
152 153 4
38 16 62
71 75 43
104 62 59
3 61 61
37 50 42
33 119 57
116 26 60
142 34 76
45 195 33
195 25 42
71 80 96
29 138 64
64 184 85
137 199 14
9 191 94
71 195 96
75 22 69
15 82 29
10 134 45
74 107 50
50 186 39
164 132 78
174 28 82
65 23 65
72 44 63
163 90 16
190 181 53
76 159 69
170 114 19
151 30 37
75 27 73
77 55 49
69 34 4
96 163 7
198 1 34
180 100 2
85 41 24
26 55 38
133 20 35
81 186 87
93 123 84
137 51 77
28 169 74
118 144 63
161 76 45
15 16 91
170 50 47
111 171 33
