200
167 161 69
128 140 57
48 80 53
103 92 98
51 60 53
60 70 70
150 100 41
2 152 76
22 95 59
21 14 32
20 86 53
176 109 98
91 121 9
174 21 95
106 103 56
70 129 6
184 50 79
74 195 57
32 65 61
193 184 46
47 14 36
141 142 10
183 71 54
15 84 59
93 8 5
169 37 86
60 154 48
170 65 47
42 4 77
66 71 92
59 65 49
6 136 82
46 76 44
44 177 96
181 120 72
147 171 87
180 127 94
167 151 16
125 192 36
66 64 73
22 94 73
186 168 69
103 63 12
184 50 79
90 95 100
194 86 23
7 191 6
124 154 89
12 186 59
150 179 96
145 104 96
66 3 88
13 140 18
152 38 88
45 179 91
69 114 34
114 179 21
143 198 85
164 159 77
172 105 85
44 168 31
41 101 61
128 182 62
169 197 78
1 28 75
108 183 16
148 197 29
158 47 87
134 74 29
141 30 64
177 2 46
159 103 80
174 15 22
77 45 99
35 47 63
63 116 6
187 155 71
13 122 2
35 144 33
93 121 4
24 193 20
34 11 72
102 169 21
49 18 73
125 170 76
163 33 3
5 94 36
169 37 86
73 32 47
52 162 88
179 92 72
162 72 1
167 107 74
64 18 8
113 35 37
102 168 40
111 71 41
104 96 79
131 77 51
16 51 70
157 72 50
78 105 84
143 184 57
14 91 47
98 48 39
170 71 37
193 125 3
92 190 24
122 13 81
180 42 34
33 6 98
55 146 65
121 172 82
131 7 52
129 59 93
133 186 25
111 98 19
66 48 42
119 77 4
77 45 99
137 1 95
15 97 81
140 107 83
74 161 54
75 73 2
180 43 78
73 9 35
192 95 22
124 109 96
76 182 74
62 85 40
24 177 95
117 17 69
15 97 81
19 110 91
198 166 10
169 135 74
48 28 52
176 136 73
75 197 82
116 30 20
83 91 69
44 83 6
51 102 83
82 124 61
98 108 35
148 195 5
9 18 55
61 59 40
63 103 60
57 145 29
36 176 10
16 36 82
151 17 85
131 56 9
67 57 54
38 15 80
196 168 72
10 81 15
131 186 61
107 154 74
128 140 32
80 45 48
102 175 24
166 8 77
85 44 10
22 171 89
170 113 77
187 160 43
195 107 85
187 154 55
131 45 49
59 152 92
22 120 22
199 43 71
9 157 68
119 79 11
45 109 66
109 40 97
12 113 86
128 2 86
168 138 16
164 59 88
49 183 22
132 163 20
34 11 4
171 145 48
180 8 71
90 164 52
15 69 13
156 102 40
67 14 9
173 103 6
180 8 12
78 33 40
182 194 98
67 142 86
66 150 92
179 39 37
54 32 19
93 71 37
198 184 95
126 171 13
64 173 62
128 116 6
119 13 80
118 180 21
62 33 32
120 103 17
170 113 77
184 178 81
57 82 60
59 168 57
20 3 79
61 23 6
46 88 66
4 65 29
44 168 48
30 133 97
83 84 13
24 167 38
178 198 3
185 62 99
150 200 84
11 118 40
96 152 45
131 186 61
12 147 53
80 139 24
99 98 89
144 8 56
23 179 20
46 76 24
149 167 57
50 26 23
129 144 57
31 125 43
106 100 16
98 155 11
8 152 10
51 102 83
67 149 60
195 58 84
178 135 21
29 90 2
115 93 44
4 85 1
127 34 35
22 136 28
34 107 55
46 37 80
96 56 48
163 200 55
23 179 23
67 57 4
6 178 37
26 48 49
127 87 35
32 15 18
85 44 10
168 112 31
35 144 33
22 120 22
138 104 16
143 62 17
72 50 88
200 67 29
41 131 20
173 82 19
174 59 62
21 183 83
29 90 2
102 174 53
93 52 68
80 6 81
78 134 10
163 99 20
14 81 6
28 30 70
6 116 69
9 60 3
11 132 72
92 172 66
105 155 32
89 184 27
66 64 73
84 134 16
109 156 12
97 107 93
8 54 74
124 109 74
120 31 25
181 190 24
182 168 2
13 140 18
103 92 98
190 70 79
48 81 21
100 31 79
20 86 53
177 70 9
113 19 49
125 192 36
111 71 19
138 104 17
198 166 10
31 15 72
26 5 50
112 4 96
99 48 20
193 194 18
124 111 29
62 33 32
31 144 6
61 30 54
130 186 90
63 103 9
40 58 67
137 162 78
22 136 66
75 15 36
99 90 38
163 200 55
32 65 22
182 115 68
162 165 6
188 22 67
168 138 59
88 147 68
93 139 11
57 111 27
43 55 31
17 27 89
131 165 25
104 160 72
56 20 64
141 152 90
188 154 59
12 186 59
72 176 3
74 24 23
183 113 70
20 48 81
59 168 57
93 131 70
184 182 5
172 94 48
44 52 7
178 65 99
38 53 30
18 114 99
8 32 54
15 106 87
182 189 84
89 55 98
169 182 19
93 139 11
127 112 80
182 115 68
76 43 38
115 36 30
15 106 87
153 116 55
17 93 9
41 36 47
48 148 86
197 69 91
2 72 99
2 9 27
101 84 92
24 157 74
24 96 70
52 174 30
110 78 54
172 156 14
16 50 77
195 36 69
129 130 31
35 146 44
95 61 80
44 130 14
62 41 59
138 48 83
129 130 31
196 168 81
158 142 61
93 8 5
28 136 10
49 169 21
98 42 24
127 87 69
80 45 48
56 179 72
143 168 98
199 134 60
157 191 49
11 56 18
182 111 71
160 196 3
143 168 98
23 41 22
37 123 51
185 148 6
4 85 1
193 104 76
166 24 25
193 96 79
75 38 58
117 74 96
118 44 54
97 191 30
66 99 100
154 179 30
66 132 75
188 70 39
85 131 40
46 75 59
29 58 92
15 50 70
151 162 60
36 43 23
35 27 2
171 111 73
60 154 48
83 91 69
97 74 48
35 65 5
133 186 25
72 101 59
27 69 34
94 26 26
31 74 43
61 126 53
148 80 91
118 64 6
110 177 31
149 84 44
81 188 49
43 113 45
113 140 1
112 153 79
29 44 2
85 37 26
133 170 1
180 157 24
52 78 49
74 161 31
82 64 63
34 187 100
97 192 91
164 19 67
167 66 11
191 155 17
111 130 23
195 58 4
104 66 99
29 164 29
99 90 38
19 139 20
60 70 13
91 50 54
126 21 50
41 37 81
171 141 57
103 198 34
70 184 80
200 67 19
200 116 67
48 101 25
45 96 34
80 159 8
101 146 27
27 142 91
57 195 80
178 38 18
179 128 93
190 8 47
27 199 15
48 87 86
187 104 25
148 80 91
21 53 94
154 59 13
136 50 50
100 174 65
148 174 25
85 66 91
37 141 81
57 135 2
148 93 56
49 169 25
135 120 32
128 2 80
155 165 82
54 103 97
134 140 75
163 99 71
182 111 88
102 186 31
5 185 53
165 15 7
10 133 76
135 24 69
192 45 29
131 165 42
124 127 51
172 158 12
103 184 72
97 187 24
170 110 14
97 159 86
73 200 70
79 173 90
12 113 86
118 30 68
41 36 47
5 48 18
9 93 62
193 149 85
174 38 23
15 84 59
75 101 46
179 39 91
131 138 15
118 131 26
6 83 1
85 16 56
5 42 91
51 186 75
155 165 82
170 156 80
22 174 31
178 135 6
66 99 40
82 54 14
47 151 85
177 53 56
107 54 84
166 177 42
88 192 35
92 172 66
78 197 92
12 32 87
101 17 70
6 142 18
177 51 6
143 35 50
147 171 85
48 28 52
20 3 77
88 34 96
138 12 31
162 62 23
49 183 22
96 91 100
42 4 95
195 107 45
122 13 20
100 90 50
161 30 64
184 182 5
84 90 65
71 183 42
49 18 74
34 83 95
43 183 32
78 72 40
72 73 60
58 199 96
192 15 91
178 79 1
61 145 94
148 122 19
167 155 68
88 34 96
43 135 50
145 41 16
7 13 88
70 25 23
37 22 86
143 61 66
170 65 47
60 171 48
33 6 98
113 78 85
4 200 93
2 72 65
40 88 42
110 89 62
22 171 87
103 128 47
56 143 87
123 140 18
91 152 10
101 144 92
134 86 41
112 4 96
108 183 64
125 61 71
63 58 55
36 179 51
184 111 23
134 193 97
67 123 84
70 25 42
48 61 41
91 80 99
180 157 26
48 101 94
192 38 5
188 155 32
157 191 46
141 58 53
179 181 78
91 152 10
76 177 83
57 165 88
79 93 19
135 56 10
26 165 19
11 187 64
16 101 39
38 53 30
174 28 35
95 123 33
193 149 85
57 104 14
178 38 14
79 40 81
74 138 19
194 172 72
80 60 40
21 36 32
70 10 90
109 156 97
38 195 51
174 116 100
193 125 6
91 179 89
72 90 66
44 83 69
50 15 29
188 22 84
24 2 86
59 199 70
5 108 72
155 42 68
193 184 86
156 58 95
119 60 68
174 15 22
180 77 6
101 146 14
162 182 67
93 131 70
62 41 59
29 21 42
18 138 17
187 38 95
141 128 65
48 80 82
1 192 95
118 43 4
150 149 90
196 163 35
141 193 10
2 37 69
129 50 72
184 44 19
170 97 25
104 189 20
138 40 47
148 117 48
197 175 82
30 90 50
99 25 12
155 173 80
99 125 43
150 79 35
191 172 4
157 59 32
11 99 78
134 173 4
180 159 86
131 56 32
119 197 15
163 32 52
113 71 98
66 45 50
75 101 73
169 67 96
142 122 43
74 80 54
98 199 24
75 29 55
168 112 31
117 102 45
83 175 71
93 121 4
88 147 94
34 83 48
163 179 87
148 174 25
32 126 60
63 31 67
82 54 23
11 118 40
67 14 34
174 134 70
130 103 3
150 67 77
86 124 82
10 59 100
196 105 8
26 71 39
20 149 49
4 66 86
179 132 34
103 187 21
3 135 62
178 92 90
135 24 70
134 86 8
80 7 98
2 32 37
183 175 62
73 13 38
24 157 74
77 141 14
130 186 12
89 55 98
87 15 15
52 78 49
131 195 91
64 18 8
154 123 93
176 125 56
155 153 97
144 39 18
177 53 56
18 200 32
66 132 87
36 46 92
103 184 74
84 177 53
131 47 58
153 174 28
101 84 92
69 92 14
51 60 20
94 181 80
28 192 91
9 157 68
84 90 10
117 74 96
113 140 1
179 181 66
155 78 36
100 42 91
164 193 40
16 80 39
30 137 75
108 150 47
21 138 32
172 158 12
19 35 95
10 81 48
20 51 41
56 39 31
13 118 71
4 65 99
127 122 30
187 17 19
28 30 70
36 178 29
111 125 100
57 87 50
9 18 65
192 15 86
148 85 73
149 191 52
145 113 50
87 67 64
174 59 62
142 125 66
125 92 22
21 137 57
99 25 17
114 167 2
134 173 84
80 6 98
184 45 12
166 8 93
20 28 87
78 134 10
183 71 54
133 13 98
61 145 89
107 131 87
112 200 87
21 152 9
43 135 10
145 174 18
139 60 56
18 49 15
163 80 17
148 117 48
5 185 71
125 154 33
81 40 83
17 63 33
176 68 28
150 200 13
36 86 56
117 190 58
48 132 51
119 144 75
146 130 51
39 73 31
79 175 41
197 104 31
99 125 32
137 19 43
34 107 55
134 74 96
174 96 29
158 102 90
70 129 97
176 187 28
173 21 55
80 79 5
155 42 93
71 142 61
69 33 52
136 50 35
37 141 25
102 67 15
140 168 57
150 67 77
6 83 1
120 103 17
115 10 7
48 66 89
158 142 61
58 65 33
70 10 90
21 53 94
80 139 24
121 172 53
196 37 98
45 18 13
192 54 2
104 22 52
154 114 20
186 35 90
56 112 93
96 56 48
167 155 68
125 61 71
4 200 9
159 163 84
118 64 51
54 125 46
9 200 75
178 101 44
187 85 11
151 187 34
31 180 26
60 93 35
174 99 42
48 132 51
49 38 9
183 174 1
133 13 98
170 64 52
30 90 50
137 1 95
25 123 53
79 173 90
35 27 91
85 120 40
170 64 2
176 187 28
157 59 32
156 82 70
131 45 49
155 79 67
24 96 70
92 190 78
10 133 82
129 59 39
137 19 83
67 149 67
97 25 21
190 163 69
141 193 10
125 64 89
178 101 44
22 94 73
74 80 15
91 123 24
139 15 26
133 185 2
185 145 43
49 186 65
106 177 65
27 128 12
82 186 17
6 136 24
143 9 23
70 109 98
26 114 93
73 9 30
66 71 22
199 160 23
131 7 83
35 154 99
158 47 60
141 27 57
162 173 35
98 42 30
80 60 88
5 94 76
117 158 73
120 70 21
127 122 77
90 53 65
154 59 13
148 85 57
96 91 100
44 130 98
23 72 84
40 91 74
4 193 42
105 42 91
192 61 9
40 109 6
30 133 97
116 30 20
48 66 89
51 190 29
128 29 4
12 117 80
100 30 32
58 199 96
159 188 94
157 151 56
98 126 32
120 68 48
75 73 64
168 146 13
81 147 2
143 198 85
118 131 26
165 24 92
20 169 39
80 151 99
113 59 46
120 189 41
26 5 50
159 122 52
103 63 38
69 196 4
165 23 43
163 33 3
87 15 15
36 196 16
85 131 14
186 35 7
159 142 46
172 105 85
173 108 1
19 170 51
2 32 37
144 133 62
18 49 15
63 58 55
156 179 21
54 32 100
130 2 100
17 93 9
91 123 18
200 116 67
171 39 24
95 152 32
151 17 65
146 98 35
184 111 23
23 171 33
118 180 21
176 153 41
51 128 49
37 64 77
171 141 57
114 29 94
29 140 72
21 139 42
36 179 51
124 111 83
191 155 42
106 100 16
48 68 37
159 163 88
56 112 22
92 115 66
162 143 15
164 19 67
101 95 12
186 168 69
37 64 77
102 168 40
65 99 54
58 52 13
168 97 35
27 108 66
35 59 24
128 190 67
196 47 31
59 199 70
8 74 53
179 97 37
78 120 33
58 177 54
196 37 98
190 146 23
193 153 57
116 111 55
151 48 97
162 51 32
32 45 5
78 16 96
168 97 35
79 40 15
129 96 15
122 30 86
161 35 70
197 189 24
120 189 41
113 78 22
162 51 32
19 180 62
12 32 87
169 67 35
16 36 82
140 18 30
176 109 98
97 25 21
87 183 68
164 159 77
45 97 50
194 1 99
69 92 14
143 92 37
183 93 47
153 56 17
164 21 72
101 144 92
145 113 50
98 108 3
14 89 83
166 40 75
54 125 46
60 74 5
125 83 100
13 173 51
140 141 99
56 48 42
86 124 71
192 166 35
22 132 40
193 104 88
194 91 15
113 19 70
200 58 85
165 59 54
