200
79 44 39
78 177 1
135 101 97
105 110 20
152 143 74
32 179 6
51 35 29
46 135 72
167 42 58
137 105 76
76 67 68
191 26 47
15 92 40
126 122 24
196 29 65
72 149 63
191 26 47
91 50 45
169 95 47
114 49 52
96 103 6
115 153 22
22 10 96
7 44 3
1 20 38
46 165 80
120 26 73
175 170 98
108 118 9
188 139 40
128 181 90
194 115 69
159 148 42
75 28 96
46 148 61
157 181 66
133 168 85
180 185 7
102 130 32
142 19 9
132 50 49
124 185 100
83 124 31
176 193 90
121 19 58
66 154 72
46 135 72
46 79 99
49 50 10
157 90 72
111 28 74
100 194 39
163 199 84
157 148 86
194 136 90
68 160 30
18 151 76
69 16 47
3 65 62
151 153 60
96 171 49
117 55 74
142 89 67
19 32 42
44 26 12
181 143 89
32 197 4
135 125 24
6 129 71
105 110 24
96 4 28
150 110 50
29 7 72
105 170 73
138 84 62
38 182 84
72 20 58
79 69 99
127 125 12
52 97 61
32 179 57
17 16 22
31 149 44
86 200 99
141 87 40
70 9 43
136 140 93
164 94 4
126 150 54
145 116 33
150 110 61
144 19 87
179 82 82
15 109 21
150 83 82
183 107 96
191 42 75
183 118 18
151 62 42
187 102 16
58 143 98
76 13 77
159 43 37
30 170 71
94 54 48
1 38 92
193 13 16
11 29 28
200 19 57
56 150 94
173 57 95
145 43 26
121 98 33
73 74 32
158 157 96
181 26 24
164 7 68
118 177 82
139 165 32
7 63 8
84 137 54
167 134 30
11 179 63
112 124 97
168 2 12
93 36 7
80 29 37
50 18 78
65 184 60
67 18 83
175 59 83
151 64 26
13 146 74
180 3 85
116 39 84
197 172 94
12 170 99
111 151 40
198 35 1
179 61 5
131 124 5
45 115 20
125 24 4
81 64 24
191 194 99
46 193 94
156 89 27
136 191 82
178 183 95
46 165 80
76 117 19
12 31 72
57 129 19
104 12 71
192 61 25
95 68 42
91 61 9
104 113 80
52 32 2
190 195 27
98 192 71
121 19 51
30 152 83
136 45 15
81 137 58
171 161 68
189 15 54
94 143 61
157 10 17
1 159 57
158 4 69
183 109 93
46 19 1
113 121 65
147 150 60
80 164 99
78 146 48
64 76 71
112 167 74
61 188 96
70 168 34
133 137 66
133 172 23
160 67 79
41 175 76
195 24 68
121 173 85
61 157 55
200 66 95
135 72 89
3 77 80
81 12 25
165 117 38
18 93 93
144 110 85
193 33 75
66 58 70
53 153 73
70 48 15
113 165 24
55 17 1
195 126 51
107 168 99
152 147 42
95 35 59
143 98 32
125 158 64
158 5 26
90 134 42
173 180 56
10 149 53
134 52 82
65 184 6
91 149 54
132 187 35
91 188 40
12 18 77
141 175 20
2 193 76
173 131 30
20 199 29
6 88 41
72 20 58
139 37 79
152 12 20
100 153 43
123 5 80
78 80 69
26 56 82
38 154 20
8 51 98
147 40 84
117 29 96
177 22 18
111 54 92
134 52 82
160 129 76
193 143 52
145 96 48
36 163 60
136 14 2
175 170 98
58 132 73
159 96 81
99 26 3
195 139 91
169 168 7
95 139 73
135 72 58
76 122 63
6 23 44
58 62 86
92 145 79
55 17 1
51 9 69
175 61 8
12 170 18
29 198 21
83 63 80
123 186 28
197 1 63
122 159 37
141 175 37
71 52 89
84 165 45
189 178 17
126 185 4
96 171 49
158 190 36
176 49 13
190 49 44
26 146 51
66 163 3
184 67 36
15 23 24
7 97 56
90 10 87
176 30 48
110 133 4
141 87 40
85 80 42
166 185 75
72 195 89
88 153 80
177 143 92
186 18 40
59 3 50
58 193 41
1 122 30
125 190 25
130 70 10
154 103 14
48 71 84
88 153 80
64 148 14
98 192 71
192 99 74
2 15 43
36 115 93
153 39 4
22 159 86
56 58 91
172 15 9
177 150 63
124 129 28
91 22 54
159 96 81
67 190 22
55 121 37
42 82 74
181 165 44
101 131 71
60 20 21
119 3 43
170 147 36
69 147 6
14 59 78
50 113 80
90 85 9
69 84 20
95 104 59
194 25 100
153 142 21
137 88 12
125 169 19
163 38 27
41 142 100
34 131 38
120 188 35
152 12 92
147 77 19
69 56 18
135 106 80
113 6 78
165 186 18
185 32 71
14 180 9
133 172 23
152 147 22
151 38 99
92 112 50
174 123 61
100 91 57
111 36 73
69 147 6
67 176 36
50 18 78
196 166 63
141 16 44
169 150 31
78 51 94
20 178 66
189 178 38
143 144 93
50 108 56
35 145 75
72 9 41
198 80 44
152 151 19
193 32 35
95 35 85
89 53 77
93 36 7
139 37 36
69 84 94
35 30 66
195 86 81
130 164 98
120 26 46
37 108 51
65 149 46
152 167 96
97 3 90
44 110 61
142 89 67
154 22 85
44 78 84
121 104 72
147 29 70
83 63 80
45 166 20
19 21 39
176 194 53
4 67 99
23 172 33
191 99 14
13 146 73
161 34 45
8 151 8
164 77 64
10 187 79
167 124 20
84 138 2
126 56 31
159 148 57
128 119 6
111 106 23
164 143 45
52 97 94
96 142 21
192 121 41
171 123 67
149 192 91
140 169 68
28 145 33
125 134 61
59 27 25
199 146 74
183 40 1
114 163 5
173 103 92
29 194 69
191 24 90
89 146 5
41 187 100
99 100 24
141 31 46
166 87 85
200 183 92
175 113 17
181 26 25
79 117 38
193 183 62
68 32 31
69 16 47
15 152 49
1 11 18
154 103 14
138 84 52
34 75 64
124 14 48
197 1 63
67 176 36
44 84 10
195 157 16
80 163 13
31 180 9
43 159 16
189 196 48
159 29 49
54 170 96
175 47 42
27 132 58
42 121 54
163 121 74
177 142 60
24 176 9
52 122 53
32 131 34
144 19 66
78 65 27
132 50 75
62 188 38
67 4 88
125 196 58
157 90 72
156 124 48
176 154 54
191 105 47
102 130 47
81 93 22
87 22 66
89 74 70
96 103 33
134 126 98
175 61 8
42 136 52
117 177 23
58 7 70
62 60 4
159 179 6
28 81 83
141 157 64
99 189 79
114 73 51
18 58 98
111 117 8
200 5 17
110 87 100
173 72 62
89 193 54
75 73 83
95 139 44
195 51 31
152 28 56
189 37 42
168 5 45
114 190 25
182 62 20
85 67 75
7 8 49
146 179 99
187 160 94
180 108 63
113 65 7
18 167 9
183 107 96
68 125 40
183 189 40
79 59 54
131 90 87
27 22 22
75 131 62
148 100 24
150 83 4
23 194 62
179 126 17
116 200 50
89 193 8
124 43 80
136 45 15
131 135 64
51 44 53
163 100 59
123 5 80
36 115 93
74 112 7
167 153 23
102 176 17
71 179 100
188 150 80
15 92 40
142 52 68
91 76 85
55 45 67
35 47 22
26 16 78
31 10 57
45 4 21
198 175 74
193 19 23
115 17 93
196 155 43
176 154 54
181 143 14
191 105 47
167 130 39
42 136 49
174 152 62
179 181 43
81 137 58
144 99 18
140 129 35
83 200 31
147 40 27
78 146 29
181 46 95
78 51 94
24 156 94
108 128 25
116 39 37
185 139 85
1 38 92
107 129 9
99 26 69
53 188 36
157 33 25
158 31 41
111 23 27
67 18 83
45 108 58
170 134 89
157 29 55
8 41 64
110 43 20
143 33 95
196 193 62
44 84 92
132 176 84
25 7 58
32 73 97
6 36 78
14 130 47
158 5 26
44 110 61
132 187 35
89 165 22
52 122 61
125 5 25
91 114 59
114 135 41
29 153 53
86 43 32
48 155 34
18 40 4
176 129 46
154 102 44
12 40 18
105 71 24
200 20 47
65 123 78
14 169 9
122 177 9
189 6 12
173 175 67
26 16 78
96 26 99
120 173 58
71 17 41
195 157 4
95 33 11
189 107 54
1 122 92
102 17 75
153 93 92
102 136 94
15 133 54
21 38 46
59 109 49
190 153 83
29 194 7
43 184 18
160 93 68
185 56 34
72 149 63
29 153 53
63 114 50
171 161 68
53 65 56
131 135 14
97 185 1
164 7 12
158 4 70
30 157 16
48 200 15
34 166 77
24 46 36
124 119 43
134 109 77
135 101 97
129 114 20
70 168 62
34 131 59
14 11 92
124 121 42
197 124 2
84 157 82
147 84 2
168 149 70
179 126 17
113 165 24
178 34 80
85 80 42
43 37 94
98 137 11
111 28 78
94 194 72
23 186 55
100 70 69
162 54 59
157 10 17
122 95 55
52 170 16
35 145 75
159 164 77
192 124 77
103 86 51
179 130 15
124 143 18
137 105 76
155 119 6
129 137 37
191 23 1
192 75 53
6 18 56
72 107 66
79 44 39
28 7 40
58 46 41
54 23 73
43 62 88
118 130 87
18 9 44
34 166 77
61 199 26
129 137 37
102 35 7
91 188 22
173 131 30
106 43 77
106 108 37
18 58 25
63 113 53
125 190 22
47 176 47
25 187 94
177 127 19
133 61 64
9 32 2
161 186 90
10 46 57
171 139 33
184 36 12
15 24 14
44 78 49
100 153 92
173 175 74
79 33 30
151 33 17
188 178 79
159 164 77
31 5 34
175 59 87
51 44 65
68 65 6
20 178 66
33 6 40
75 131 62
79 112 3
71 20 92
42 121 64
188 28 34
76 15 74
39 129 56
8 180 36
151 192 45
68 26 85
49 194 26
132 176 84
65 149 97
20 62 17
103 86 16
157 132 42
119 51 59
31 181 72
166 93 20
69 124 97
169 63 94
19 21 39
25 26 33
15 142 44
193 131 41
79 161 74
200 32 67
151 56 67
60 85 22
185 150 68
70 9 43
123 121 86
55 127 20
176 193 90
123 121 86
169 113 58
69 56 49
199 60 29
94 110 76
198 35 84
166 33 2
62 60 8
18 8 60
176 72 56
31 185 12
35 47 10
23 41 88
186 81 51
104 132 94
65 72 7
157 27 95
154 91 76
180 185 7
113 145 28
125 24 4
38 71 23
48 114 46
23 85 89
116 109 19
45 10 99
199 146 74
48 114 46
157 27 35
179 54 31
25 81 66
90 82 94
175 113 17
156 134 9
157 148 86
165 18 38
18 74 69
7 63 47
178 55 62
25 111 68
69 113 31
79 197 31
190 84 58
171 29 91
11 29 30
154 55 50
43 25 90
122 19 21
1 6 93
93 85 59
35 30 66
177 142 9
110 43 100
165 186 28
94 105 50
180 173 7
154 139 82
31 5 34
195 45 63
137 184 51
140 129 51
82 2 87
195 124 86
199 7 57
15 23 75
156 142 79
176 163 28
164 143 71
108 42 61
113 145 28
18 42 89
105 196 75
124 185 100
184 67 37
67 190 22
163 93 75
143 75 100
158 157 96
41 142 100
60 37 9
90 85 9
160 173 56
158 47 39
24 155 54
10 30 6
148 100 63
25 26 84
84 157 82
111 23 27
154 55 50
111 198 19
143 75 65
10 8 14
6 83 6
97 148 74
26 2 98
142 19 38
6 70 96
107 41 69
86 60 91
105 87 73
177 114 59
61 157 55
84 133 52
129 149 12
198 105 60
91 93 9
18 56 59
108 42 72
117 87 73
46 193 57
156 126 62
111 108 63
157 138 94
104 12 71
122 103 82
159 52 42
142 86 89
1 11 18
45 115 20
15 152 66
51 117 83
58 145 25
144 111 2
186 18 20
177 116 75
56 150 94
58 193 98
86 168 56
6 132 17
152 143 74
96 194 33
56 22 98
23 194 65
188 150 73
131 62 49
101 177 79
118 106 75
92 61 1
139 43 30
132 72 100
175 71 29
114 190 25
83 178 86
195 139 91
92 61 48
126 192 18
38 21 85
52 46 2
105 101 66
132 86 82
110 133 4
63 114 50
5 94 94
196 194 89
132 117 30
170 147 36
13 197 57
197 21 58
185 150 68
139 43 25
181 108 36
193 117 17
194 136 90
164 93 90
7 97 33
94 110 76
48 200 64
102 31 29
61 60 58
1 159 76
118 132 55
41 187 10
61 51 5
25 187 50
12 181 85
31 180 69
33 99 39
10 74 44
25 41 13
106 1 7
133 140 63
154 139 82
198 133 56
36 163 60
135 82 71
136 140 93
100 177 49
126 192 88
188 153 35
65 92 58
151 64 22
154 9 3
56 55 35
114 73 51
77 55 17
157 132 20
10 178 74
13 195 29
7 31 35
91 61 92
170 146 89
68 162 50
79 161 74
56 180 79
189 143 36
102 8 28
117 55 74
30 46 81
1 85 14
14 59 78
128 198 48
180 151 7
127 73 78
18 151 49
112 47 30
180 173 7
79 73 30
110 42 60
12 30 37
90 82 94
188 178 61
149 192 53
62 28 55
27 71 70
106 1 7
107 85 51
171 180 99
160 93 49
115 19 35
176 190 70
96 194 33
142 80 65
143 66 36
62 112 60
192 121 56
86 168 9
187 13 65
57 141 30
69 113 31
25 7 83
191 24 90
121 199 40
192 61 25
159 123 82
184 134 97
43 159 44
164 77 64
25 77 93
173 180 56
138 49 40
55 113 22
117 29 96
120 188 32
25 81 66
94 54 48
24 46 36
124 129 23
1 73 77
27 132 71
45 173 23
84 13 71
195 51 28
183 84 9
98 56 38
190 153 81
38 21 43
196 29 20
134 126 73
116 155 97
29 53 2
150 76 73
172 82 42
145 89 98
5 94 85
120 173 51
118 130 87
99 189 57
65 92 88
54 170 96
136 69 36
156 72 48
67 141 51
169 190 74
72 107 1
176 57 34
12 31 72
91 76 82
193 13 16
60 85 22
14 130 47
156 134 85
72 9 80
10 71 16
145 116 61
12 18 77
16 55 45
38 154 20
67 178 70
166 146 75
105 181 27
63 43 73
123 119 19
192 99 74
61 188 74
200 20 47
15 178 55
189 57 43
81 93 22
123 119 19
23 186 86
156 142 79
124 43 80
170 73 6
96 84 30
97 3 89
172 33 71
25 78 11
65 195 4
181 20 75
157 29 55
137 132 13
61 199 12
94 107 63
174 123 32
95 68 42
200 36 31
13 199 74
17 165 94
3 56 50
194 25 24
2 15 92
97 157 14
171 39 22
112 65 46
18 8 60
123 100 90
125 164 31
163 83 90
113 6 78
74 120 37
90 164 43
100 75 20
8 41 64
187 13 55
5 33 82
195 24 89
197 124 2
14 11 92
92 142 31
188 151 82
181 165 44
31 149 44
62 112 84
45 166 8
116 200 27
192 176 79
118 106 75
8 25 46
35 114 31
74 19 28
157 33 25
114 49 47
155 7 80
75 28 3
4 181 76
106 145 38
59 72 27
115 153 22
