200
71 145 75
123 93 73
101 142 33
62 33 97
26 119 79
102 75 48
191 98 44
104 187 48
110 25 91
192 72 77
54 79 27
179 164 83
198 188 93
114 37 59
155 145 17
152 89 93
42 139 22
1 147 60
194 153 100
165 42 19
66 59 11
18 50 10
33 16 72
2 56 85
55 198 80
117 32 91
51 48 39
130 81 19
12 26 97
43 108 10
106 58 83
99 195 1
54 45 13
56 57 62
73 158 72
84 53 41
36 65 64
153 47 82
45 56 55
62 178 20
90 177 37
100 57 37
58 89 92
181 39 33
126 196 33
91 167 47
32 78 69
90 134 19
112 5 6
194 60 11
196 40 46
29 1 22
121 130 70
35 68 70
106 22 74
183 19 97
154 22 22
133 146 12
188 176 37
122 30 75
154 143 90
180 183 90
112 128 88
180 9 42
176 101 56
163 19 72
161 122 33
138 187 49
126 153 59
83 88 42
70 4 49
79 175 12
163 19 72
134 86 100
56 168 98
138 178 47
199 77 17
99 60 10
145 73 80
69 14 65
52 8 35
127 66 52
112 199 89
25 87 60
116 29 40
99 121 30
195 7 77
163 86 24
20 146 34
22 107 44
16 142 65
20 103 73
4 152 34
188 158 50
15 123 75
51 161 31
99 121 30
192 94 47
6 18 26
186 2 52
175 65 54
70 172 96
111 117 94
133 78 23
158 180 37
186 194 86
169 23 93
153 159 42
118 20 27
62 31 65
161 167 79
75 81 70
23 119 1
69 170 77
122 116 80
124 41 95
28 127 56
30 94 19
170 124 27
165 89 12
58 39 43
114 87 63
56 7 29
100 130 84
44 72 31
42 33 47
170 122 23
132 119 48
196 164 64
62 72 27
158 73 75
1 147 81
1 75 52
167 38 47
63 132 11
20 103 94
56 78 83
182 92 52
125 166 58
24 172 1
89 118 86
154 73 17
160 30 98
161 184 11
188 21 30
29 127 22
176 21 69
163 176 4
3 164 74
14 11 28
75 191 46
63 144 59
177 69 43
65 86 60
157 40 71
12 26 97
176 101 56
55 198 80
145 98 8
123 191 26
105 166 32
22 68 46
55 63 19
89 140 74
58 148 41
37 33 91
165 89 12
149 39 56
46 152 47
52 138 76
180 9 42
196 107 3
89 196 96
95 115 26
167 26 30
113 133 47
112 134 51
10 142 75
173 93 70
82 117 44
156 42 2
79 189 87
187 149 13
67 181 59
183 31 26
186 8 24
18 193 28
192 183 32
30 9 24
143 10 26
9 131 58
46 152 97
73 158 72
154 169 94
65 46 12
75 94 73
81 112 15
124 74 35
88 87 11
9 101 97
129 36 16
54 90 77
178 82 3
99 46 12
156 46 24
73 64 64
184 76 1
57 171 88
100 57 86
125 35 40
173 83 80
107 135 64
179 121 5
130 125 96
200 52 71
155 69 92
173 101 99
12 118 21
146 95 19
132 119 85
12 116 24
89 118 84
65 49 82
117 32 91
181 103 69
103 74 21
111 112 90
95 23 88
79 117 52
68 77 94
22 198 58
170 124 27
189 154 12
64 16 79
93 179 4
16 183 98
186 145 6
95 14 23
51 191 87
113 101 96
45 42 41
133 191 37
116 63 24
132 141 33
175 96 76
157 177 2
138 78 99
127 66 56
25 61 20
21 53 16
141 84 43
159 43 74
90 106 10
16 197 100
139 65 44
104 94 57
49 83 72
71 160 27
54 167 45
132 182 68
167 179 79
59 14 90
198 184 100
124 194 77
94 83 55
164 50 2
176 54 59
16 154 65
55 32 31
162 46 64
58 99 13
146 59 16
74 152 22
102 75 91
99 78 9
183 111 25
85 181 73
155 187 8
165 103 88
54 87 4
90 25 10
134 86 100
69 72 50
94 65 78
200 89 66
3 79 98
141 159 81
170 122 23
139 151 92
26 25 24
89 140 21
188 95 25
72 83 38
196 179 26
171 37 74
49 52 26
79 107 85
97 75 18
109 24 90
167 180 52
35 41 97
2 60 21
155 145 10
16 183 85
87 148 35
189 74 88
147 20 25
132 176 90
99 77 98
192 114 69
83 88 42
45 52 46
70 175 100
91 158 74
24 148 4
76 56 33
25 104 74
69 14 20
110 137 87
114 62 77
4 77 66
45 53 42
140 123 21
188 158 44
16 197 100
24 148 4
171 37 17
178 101 79
39 100 32
82 69 69
143 10 26
82 100 32
1 198 62
9 75 60
103 66 42
187 126 11
94 11 56
183 16 69
79 175 12
118 120 28
91 158 74
163 151 17
24 9 50
15 6 94
101 200 19
178 101 79
13 48 55
144 189 24
23 156 88
50 176 62
22 199 3
143 22 63
154 107 67
134 121 5
15 6 94
135 97 87
132 141 33
138 51 71
154 171 10
192 80 55
198 53 70
61 140 26
9 128 19
107 57 6
113 57 92
124 137 23
88 36 32
138 68 18
113 162 52
16 18 28
112 193 39
192 108 61
107 121 68
122 55 87
60 184 77
63 64 93
95 158 37
197 119 9
100 150 97
149 83 23
76 193 47
143 61 58
195 198 83
105 1 33
185 62 5
198 188 79
82 100 32
21 74 77
184 180 33
49 48 44
50 125 4
105 1 33
133 188 14
108 56 94
49 28 64
71 41 37
74 130 21
36 32 53
71 100 25
32 184 15
142 123 10
121 142 14
51 191 87
127 186 7
72 96 37
19 112 85
13 67 46
63 144 59
41 24 12
3 164 49
127 190 81
38 59 8
95 192 32
193 24 17
116 98 21
83 130 8
73 198 44
61 158 9
198 53 70
172 197 62
44 95 3
199 77 17
142 90 43
35 85 67
82 192 44
93 68 100
99 60 77
18 193 28
105 161 37
111 107 97
105 123 67
69 72 9
38 76 42
160 30 98
92 177 80
138 51 71
30 104 92
35 163 68
110 10 79
115 10 4
68 116 50
166 96 22
57 101 87
154 26 62
56 57 62
13 32 59
35 87 60
157 153 100
119 178 12
28 9 45
165 114 65
158 72 65
57 35 49
33 192 28
3 7 95
180 183 90
34 88 80
105 166 88
70 66 2
196 40 46
15 19 42
41 163 73
156 46 18
80 158 52
53 30 89
18 181 92
151 123 98
103 16 15
72 49 42
160 186 66
177 53 67
167 181 10
36 37 24
25 104 74
121 130 70
14 90 15
76 86 10
45 42 41
100 72 50
142 147 64
166 135 46
121 69 44
162 132 28
77 52 30
107 90 1
74 152 22
165 147 69
14 90 56
60 157 82
129 72 46
77 132 3
195 1 73
153 25 27
188 176 37
172 147 86
93 68 18
68 38 67
167 77 32
112 128 28
158 176 49
194 153 100
26 25 24
92 174 72
65 97 94
27 129 15
83 30 28
113 33 13
99 160 4
99 160 13
186 45 66
79 134 8
47 143 34
200 52 96
66 200 52
14 137 88
150 95 2
181 175 65
75 83 80
156 144 71
73 90 63
176 51 92
40 135 40
199 178 21
176 15 38
87 199 74
95 40 35
149 13 59
48 96 29
140 89 98
35 113 9
94 65 61
42 29 88
3 38 30
176 54 59
13 123 21
23 36 85
38 131 80
167 180 56
145 73 9
102 93 90
88 36 32
70 142 33
105 96 40
29 61 2
198 185 81
162 92 46
193 69 15
163 151 17
134 185 54
131 188 33
127 165 16
79 119 27
190 162 95
102 13 91
149 39 95
155 105 71
13 32 59
144 111 33
190 109 25
124 137 17
45 145 64
64 48 11
133 170 35
24 10 25
162 46 99
24 74 12
105 161 46
97 74 76
71 131 12
42 37 62
188 47 18
14 137 23
144 1 16
27 155 71
40 16 87
140 12 62
167 15 43
82 185 62
32 126 55
69 129 91
197 33 82
155 68 27
50 137 20
139 53 15
38 117 66
46 95 56
195 7 44
90 121 10
48 96 29
44 95 80
137 52 18
17 50 54
17 162 96
143 172 12
93 179 81
170 147 20
138 195 43
24 51 100
78 111 86
163 74 26
103 189 94
121 12 70
54 48 89
62 33 100
17 81 75
140 89 98
159 123 33
165 103 94
129 78 40
30 131 69
113 125 23
7 97 1
79 54 59
187 126 68
40 16 94
113 33 13
178 139 91
75 99 39
172 134 13
183 111 93
80 173 51
74 192 44
153 188 22
175 24 16
125 180 92
167 115 74
81 68 45
2 56 45
171 5 55
172 167 94
182 148 26
48 42 95
103 66 25
46 191 77
59 129 17
135 68 41
178 98 19
103 84 83
121 138 35
169 23 78
86 87 13
167 179 60
24 91 46
73 8 17
12 116 24
50 187 29
7 156 12
57 160 66
92 111 83
13 97 27
106 183 67
182 191 10
27 14 15
183 45 36
93 153 21
144 36 78
60 15 17
94 33 25
1 89 7
120 176 96
121 52 53
151 188 96
24 9 50
16 192 76
165 200 66
64 81 78
10 93 75
120 199 40
170 119 43
179 85 77
100 183 43
4 152 34
193 72 76
7 45 60
195 173 100
75 81 70
142 157 38
188 23 53
86 156 90
163 86 24
149 83 23
120 63 43
120 140 27
114 37 59
153 56 29
75 83 80
97 166 42
45 53 67
17 50 54
151 123 65
181 175 92
102 13 91
196 32 81
112 134 51
61 176 75
63 176 39
161 147 44
67 148 2
138 78 16
95 23 42
115 88 57
65 42 80
71 41 37
57 155 95
121 12 4
160 161 91
200 191 71
174 84 85
189 60 72
27 52 86
94 14 55
177 53 67
162 126 55
178 139 11
130 84 35
156 25 81
48 116 59
87 45 47
31 167 9
113 145 85
101 65 14
174 60 90
109 161 68
110 25 42
107 169 21
35 47 23
79 187 94
103 197 78
50 133 71
170 98 4
87 45 26
17 108 57
179 154 55
99 112 66
91 167 47
22 68 44
196 198 76
175 50 68
118 3 57
14 59 33
200 84 79
41 163 73
173 54 22
43 194 13
49 81 10
42 131 87
61 176 70
126 196 33
186 8 24
102 35 20
54 60 57
19 112 85
175 98 72
123 59 17
58 148 41
141 192 3
68 196 57
66 115 100
160 154 33
157 153 100
122 24 26
63 17 67
35 41 92
11 51 65
164 41 50
6 188 74
43 62 49
6 18 12
120 38 44
89 168 83
103 74 21
116 98 21
166 135 12
192 80 1
199 41 86
168 178 88
62 178 58
152 89 84
167 38 50
112 5 26
165 147 23
18 198 11
110 98 66
90 177 37
134 136 66
80 158 52
43 93 17
129 37 37
52 136 84
27 52 86
76 56 49
129 77 87
82 69 88
197 144 4
162 185 75
121 21 60
16 154 65
167 115 74
149 109 34
136 20 44
40 134 32
19 92 78
121 138 76
118 3 57
154 172 66
115 4 74
132 14 4
87 105 2
15 127 65
42 33 47
118 191 13
15 150 27
52 136 84
70 66 48
132 62 46
107 158 30
97 132 30
104 187 16
36 123 71
113 84 16
168 181 67
84 53 41
138 187 92
183 109 59
43 62 66
193 69 15
3 82 63
134 121 5
80 77 1
134 185 98
154 171 10
65 11 46
5 42 37
9 67 97
159 20 13
138 168 69
100 174 14
140 35 80
97 76 78
93 67 50
123 93 52
184 6 84
132 83 16
77 195 34
99 69 38
194 116 40
183 109 59
92 174 72
80 91 56
74 21 100
12 118 21
33 64 100
141 43 51
191 72 95
83 57 35
73 8 27
40 69 53
51 80 25
83 130 21
59 7 73
15 19 42
56 69 68
126 114 13
189 144 33
68 196 44
47 16 100
154 12 92
147 177 92
107 129 90
154 91 88
160 154 89
109 155 85
50 133 40
158 59 14
146 193 60
130 192 33
146 193 9
113 84 16
10 93 50
130 81 77
146 175 20
79 48 69
61 158 9
30 20 21
3 79 79
42 37 62
104 190 86
51 48 39
181 39 46
41 180 44
93 192 19
158 73 94
9 143 32
171 5 55
136 175 94
188 21 29
178 156 29
82 171 61
94 14 55
194 192 83
150 76 14
163 112 54
105 43 81
39 179 11
79 195 91
156 42 2
32 58 54
57 155 95
99 77 100
87 168 9
196 107 32
163 112 3
125 10 26
167 105 40
75 94 48
103 16 65
173 101 99
74 130 21
196 164 64
74 21 100
172 197 63
173 83 25
88 87 11
172 158 28
88 150 13
101 142 33
133 35 41
120 140 81
174 51 23
43 74 45
154 4 45
63 8 57
116 63 24
65 86 90
172 144 91
100 22 97
79 195 91
128 160 59
42 139 22
92 21 86
165 114 27
55 63 67
160 161 91
8 175 52
21 53 71
22 106 55
169 110 56
71 160 27
18 107 11
82 118 76
130 125 96
138 168 42
88 40 9
114 62 35
45 106 48
92 177 10
12 62 1
18 181 92
73 86 38
162 132 21
97 76 78
85 147 67
164 149 6
3 7 95
57 160 16
49 130 61
175 24 16
129 82 53
179 7 81
193 12 33
121 142 46
135 64 46
186 2 13
104 72 97
24 74 12
63 17 78
127 92 96
153 188 38
170 108 6
125 180 92
82 192 44
139 148 76
45 52 51
132 176 13
78 138 34
127 7 36
2 125 44
196 112 93
59 7 73
181 97 75
112 10 18
175 50 68
133 188 14
106 58 83
85 188 88
167 40 49
101 5 7
63 132 11
159 191 79
25 13 95
154 169 37
100 22 97
110 113 31
195 173 98
179 154 7
13 67 39
3 99 48
139 53 15
38 117 66
30 47 29
19 158 55
