200
177 10 58
78 36 64
79 105 37
30 142 79
63 19 19
47 157 17
103 18 83
10 77 2
187 1 22
57 95 57
116 70 97
8 150 21
75 36 100
170 166 53
158 62 26
76 187 8
195 100 4
152 164 32
179 190 5
64 126 90
163 195 71
21 14 58
48 135 46
168 154 93
39 95 31
57 32 41
106 137 41
4 42 62
190 5 2
183 129 86
162 19 62
130 59 53
74 28 33
33 148 24
83 27 7
151 120 46
106 82 9
150 65 84
66 156 15
187 81 65
182 25 88
172 167 34
86 96 39
132 121 56
167 33 92
163 112 46
65 11 24
193 175 20
168 50 74
153 63 29
143 2 33
41 155 49
118 35 38
57 82 51
13 87 41
65 78 92
41 26 71
194 86 60
94 97 88
125 131 87
10 188 67
176 158 73
185 7 81
6 87 60
165 108 29
99 176 75
12 79 19
82 5 49
17 147 28
101 40 7
27 195 51
105 117 73
23 26 34
130 59 53
133 189 85
149 59 65
46 71 83
51 86 70
166 121 30
133 189 66
103 127 3
98 80 34
77 63 90
97 131 21
124 35 21
79 136 8
174 55 47
7 133 6
109 27 95
37 190 42
67 31 58
143 2 97
33 24 80
108 24 60
196 120 90
32 5 54
66 114 62
118 73 61
93 116 22
142 45 33
159 133 5
89 184 21
112 59 95
66 52 4
199 130 17
193 154 41
154 191 86
81 42 3
165 63 2
68 98 20
189 23 70
39 176 59
79 190 70
182 190 70
115 58 93
11 78 73
7 86 50
41 127 38
98 95 19
86 150 82
31 14 33
169 64 19
48 159 12
1 35 44
63 78 70
101 131 20
129 128 68
139 87 80
78 36 64
77 114 39
114 175 63
143 112 79
157 127 60
164 18 2
100 148 46
91 111 91
1 140 70
166 52 33
9 147 67
43 52 21
112 119 80
53 66 31
13 81 4
50 39 14
114 57 74
53 31 46
65 64 4
20 137 12
141 190 20
75 116 63
122 154 95
23 132 22
77 121 19
180 77 35
163 76 16
55 107 29
34 45 87
169 121 53
155 42 60
124 35 21
98 126 77
60 111 46
168 167 5
164 55 49
11 65 61
167 70 33
23 187 26
118 31 35
177 151 59
75 94 92
156 139 13
76 187 8
97 198 46
130 181 74
180 77 88
137 3 38
83 190 47
148 168 88
116 200 46
77 122 25
126 27 38
170 197 14
11 193 74
199 126 78
50 181 8
182 79 86
182 187 8
43 83 58
79 173 12
55 88 24
182 189 67
61 95 77
162 140 84
180 15 80
157 127 60
131 133 74
158 9 12
24 123 63
70 147 58
95 98 99
176 14 48
24 132 68
17 165 4
45 65 4
2 42 53
140 102 3
92 87 44
135 163 3
145 95 22
161 185 51
15 144 100
162 21 37
194 86 60
200 173 91
99 100 72
84 82 47
69 97 20
168 154 93
46 56 62
114 130 13
132 32 54
24 181 4
91 85 18
67 48 74
92 76 88
178 8 54
101 66 91
47 157 58
193 2 84
187 12 29
160 24 45
113 7 98
176 153 41
67 117 87
141 191 74
186 62 23
58 193 77
130 181 12
142 165 19
66 156 15
68 90 23
165 75 33
196 50 54
9 158 96
59 111 63
54 10 48
186 64 18
103 18 14
51 99 30
148 188 64
50 15 24
96 60 52
197 173 93
37 157 46
77 25 55
8 102 58
129 116 23
92 197 87
197 173 69
110 73 30
171 46 44
134 159 4
46 77 48
72 111 1
150 15 30
197 81 57
172 89 69
79 178 85
26 156 1
182 186 32
142 182 75
43 41 14
50 177 97
100 107 28
83 51 87
182 3 50
108 185 62
192 136 26
116 119 55
85 21 14
76 90 88
167 33 77
178 118 1
196 94 73
61 97 67
79 17 83
102 151 1
189 100 58
64 8 69
60 18 77
176 158 57
169 187 26
76 197 85
121 131 96
86 96 8
59 123 9
198 51 82
113 126 51
82 102 18
118 31 80
200 95 61
144 91 58
72 20 17
27 160 86
199 136 90
60 118 27
27 124 4
150 102 2
191 96 42
96 60 35
188 27 83
122 161 23
68 59 56
108 156 100
164 55 49
181 175 20
199 70 27
77 173 100
29 96 2
77 173 26
83 59 22
30 2 35
129 29 42
90 19 1
128 38 26
199 123 72
115 37 69
4 32 40
117 64 59
191 5 98
144 156 21
72 82 29
199 123 72
14 61 40
77 47 56
198 175 80
132 32 54
91 85 18
190 191 46
10 77 2
114 146 71
191 139 53
165 9 76
193 175 23
174 173 42
14 3 66
118 35 14
21 14 79
36 64 2
154 31 4
79 136 8
46 71 83
133 145 5
25 29 54
199 167 65
163 82 15
155 146 86
7 165 66
55 96 73
140 8 46
192 136 26
196 198 42
124 174 44
80 28 73
192 131 69
24 181 79
58 193 32
191 106 57
24 11 1
139 9 1
61 6 17
50 195 83
122 34 87
56 196 25
77 63 63
153 63 29
153 181 36
168 100 88
141 75 59
74 35 38
192 142 88
78 159 3
166 83 52
159 158 17
92 197 29
83 170 92
77 160 14
128 124 42
4 126 82
82 83 58
170 144 50
2 98 23
135 77 75
116 70 86
149 96 54
131 99 83
2 119 58
190 63 91
62 77 24
190 52 34
13 70 20
46 98 62
104 193 54
83 188 73
125 40 65
98 200 34
38 137 84
151 26 13
73 5 76
170 98 37
124 106 4
137 182 14
106 103 17
42 5 92
139 180 34
176 65 62
67 81 78
64 126 90
45 131 94
66 180 3
145 199 60
160 181 33
4 32 67
154 31 74
177 31 67
10 60 6
195 192 67
199 126 39
67 117 66
73 142 53
89 171 13
111 32 72
142 50 90
165 196 48
30 105 95
168 194 95
154 138 97
198 110 35
21 39 88
73 86 8
95 152 20
126 27 38
155 26 35
172 120 9
54 85 51
112 64 99
83 110 53
59 154 99
112 170 75
64 42 30
46 42 43
9 44 86
189 98 59
130 174 52
133 26 27
124 76 70
60 4 87
38 60 39
87 191 81
177 105 78
127 169 72
159 126 75
48 65 44
43 52 98
75 198 85
143 112 79
5 28 57
28 185 45
69 119 26
162 134 22
45 168 51
169 151 61
60 19 29
48 178 57
22 63 7
94 7 99
195 192 33
172 89 28
170 166 53
165 9 76
161 63 97
128 195 86
9 147 87
50 13 34
39 79 12
190 191 29
186 67 39
179 198 99
86 6 13
66 52 2
141 21 71
73 153 76
191 180 17
159 126 35
179 22 46
64 118 32
178 47 44
62 157 18
125 150 63
6 87 60
89 171 13
71 171 34
133 77 65
199 48 50
49 127 95
165 186 40
140 68 35
109 162 5
2 14 22
186 51 61
27 22 71
90 37 31
5 28 4
150 1 48
61 126 30
198 113 28
99 152 57
194 46 74
174 152 23
59 57 83
46 64 3
69 158 19
110 123 26
98 178 23
41 101 67
114 146 4
165 63 55
69 116 29
78 42 71
44 53 57
38 199 40
137 64 27
64 118 34
127 4 26
102 77 22
186 153 78
13 36 96
186 158 64
119 68 6
110 136 25
2 14 22
50 119 3
190 78 65
119 80 74
141 20 36
38 78 25
87 191 81
98 80 44
103 60 23
191 111 63
112 93 55
12 169 15
18 42 79
183 82 55
71 168 32
32 150 84
69 158 52
9 166 54
15 170 7
136 139 75
3 38 17
191 2 94
150 173 70
139 87 80
80 101 11
55 135 93
96 153 50
76 105 52
51 127 53
85 43 41
160 162 93
87 128 45
99 105 31
84 5 6
47 137 48
165 108 29
95 52 87
120 64 55
172 24 52
192 37 53
3 84 75
182 3 50
35 96 9
190 38 33
140 82 63
124 189 98
67 48 97
25 158 43
76 176 6
89 108 51
14 139 52
53 70 30
75 16 72
180 15 24
162 12 48
191 42 38
30 2 10
28 183 26
41 142 26
66 138 76
103 60 23
101 36 72
19 26 97
68 121 66
7 26 73
6 102 95
29 195 26
60 157 59
97 103 36
141 75 59
67 81 66
94 62 53
163 142 98
20 48 89
29 195 26
81 159 46
68 138 32
9 166 54
106 82 10
104 132 87
6 65 71
83 109 78
165 126 86
27 124 94
172 120 9
200 16 13
175 67 18
68 90 52
71 194 45
19 113 78
171 183 73
116 119 7
47 18 15
54 33 39
129 29 42
91 102 58
52 150 96
32 5 54
67 195 94
23 137 81
105 137 99
116 10 67
58 80 90
182 150 44
140 102 57
80 152 28
69 116 86
165 154 15
187 52 99
81 67 24
200 129 33
191 2 94
137 24 87
174 124 3
153 16 65
25 15 30
59 111 42
103 189 80
17 42 53
166 91 51
98 131 89
152 200 9
71 81 10
1 26 76
194 5 49
130 76 64
131 133 38
99 200 70
63 78 30
89 184 21
42 125 34
50 15 24
28 174 40
134 165 51
119 47 40
133 77 32
35 96 96
107 135 66
88 154 73
105 16 25
46 191 55
154 191 86
139 66 7
140 182 27
56 162 27
86 174 35
16 123 43
82 102 66
102 30 88
55 88 52
36 63 10
149 96 54
139 66 7
163 82 15
66 6 22
190 63 25
120 36 46
21 39 7
153 181 36
89 77 65
183 129 38
25 29 100
167 157 53
14 3 66
176 70 15
120 57 16
163 196 42
199 167 90
129 87 80
118 25 70
43 63 69
98 131 89
140 107 60
112 126 2
151 82 69
56 174 20
187 1 22
14 43 55
138 165 25
179 18 99
120 64 55
95 72 11
18 60 96
117 127 5
62 33 99
155 146 13
104 47 89
160 24 45
15 178 52
118 156 80
140 182 56
153 1 70
8 150 21
30 85 23
196 123 14
105 135 87
95 52 87
92 87 76
57 27 52
86 6 13
28 174 37
13 81 4
101 36 72
57 95 31
120 141 81
48 65 44
23 26 34
23 114 81
72 20 74
189 23 2
144 29 31
103 140 91
85 109 66
195 6 82
145 11 10
191 106 57
25 164 73
176 70 59
36 64 73
113 195 99
34 145 24
65 78 92
121 133 53
122 83 52
38 137 46
124 116 14
37 190 42
74 181 13
200 83 79
168 50 61
194 46 74
186 64 21
22 63 38
152 38 62
15 173 12
124 192 77
86 174 35
167 175 63
56 163 67
157 136 52
119 143 40
68 98 20
115 114 4
10 25 13
130 7 9
162 91 69
48 178 80
154 127 47
112 147 37
57 49 39
46 70 55
135 45 73
79 53 56
62 52 2
130 163 87
171 193 5
197 90 87
77 114 26
127 8 96
58 26 49
145 200 79
199 136 72
162 134 22
196 42 26
140 107 60
95 4 32
84 61 52
137 3 40
149 59 16
191 139 53
186 168 75
4 177 42
137 134 32
167 156 78
118 73 61
75 94 99
120 141 42
100 107 24
135 75 34
132 93 20
150 1 48
59 135 79
5 45 7
190 98 67
129 87 80
172 167 75
110 73 30
32 195 92
149 103 62
132 93 29
11 81 87
50 39 54
196 123 17
144 169 36
199 195 97
132 173 6
200 16 24
182 47 26
36 40 54
132 62 84
158 33 91
147 199 24
4 196 90
170 194 70
26 125 77
191 192 85
83 190 47
104 24 77
28 60 30
178 130 83
18 56 51
79 173 66
88 102 18
48 97 29
184 84 31
112 126 2
2 136 62
196 50 54
39 95 75
174 55 78
96 15 62
140 194 89
80 28 73
10 60 6
44 181 60
174 152 1
86 150 82
42 114 45
56 105 47
148 124 12
163 3 97
124 174 95
191 192 85
32 195 26
19 113 78
8 41 57
199 130 40
145 199 61
68 73 65
90 139 82
72 185 44
50 119 22
179 22 57
154 19 22
182 150 82
92 146 98
6 102 95
74 152 70
17 199 87
185 7 81
41 101 30
59 176 86
13 198 85
152 200 9
77 121 19
190 15 5
95 147 79
138 89 47
182 57 91
56 105 47
179 198 26
163 195 19
39 190 41
97 49 86
124 192 77
91 162 93
26 163 33
129 116 77
114 130 10
190 5 74
112 59 95
146 133 62
86 111 12
103 150 45
176 125 11
68 73 65
20 33 45
122 83 59
182 79 86
57 49 46
162 19 17
182 189 67
139 180 27
114 161 46
107 69 57
46 166 22
169 68 16
28 165 67
125 6 1
119 80 79
113 200 64
191 180 17
39 172 21
102 40 37
98 150 18
50 96 61
147 93 80
158 9 12
66 49 35
44 24 47
135 164 36
147 79 80
131 191 21
13 198 85
93 175 89
80 149 31
102 151 1
121 131 13
49 143 43
162 56 50
46 77 79
175 143 37
83 76 64
52 150 96
113 195 12
70 8 72
50 195 79
31 14 8
19 13 33
134 183 20
28 154 61
150 102 2
66 114 9
32 93 24
76 197 96
50 177 8
121 188 87
135 75 34
48 97 29
88 102 18
24 11 1
92 146 98
98 95 95
139 120 36
176 5 26
189 132 63
32 150 84
154 10 78
169 64 22
135 163 69
74 152 95
165 196 48
64 13 92
68 138 42
96 171 91
150 26 32
166 97 1
147 140 59
38 60 39
112 170 75
1 35 91
102 77 22
170 104 78
44 24 32
101 181 71
11 193 74
79 141 58
43 55 58
156 139 13
56 196 40
151 26 13
167 38 90
114 175 6
102 93 41
186 153 24
176 151 13
139 36 54
105 135 29
179 18 55
192 130 63
17 147 28
122 28 26
186 147 71
35 76 14
104 95 75
109 177 22
54 10 47
177 31 48
1 96 71
6 79 51
183 82 55
167 147 6
26 23 49
140 194 7
6 9 55
104 95 75
88 39 60
27 50 56
20 48 25
95 197 43
185 162 86
57 27 52
122 131 79
26 125 83
197 81 82
182 187 12
2 184 87
196 52 37
28 185 49
144 156 21
171 183 47
84 86 53
39 9 74
149 103 76
90 139 11
163 192 17
99 152 63
148 188 64
138 165 32
3 148 8
83 170 3
34 56 50
41 145 46
180 60 82
60 111 77
119 68 6
30 142 18
166 121 26
