200
71 54 8
128 1 96
183 60 77
8 96 79
129 117 14
191 17 45
45 25 58
19 188 8
162 57 26
58 170 14
102 74 54
170 132 66
79 9 27
1 96 87
74 141 76
51 91 97
120 61 54
49 48 82
163 14 44
179 135 43
60 51 26
100 158 3
47 69 63
112 199 73
54 51 48
48 105 1
101 155 57
97 198 63
46 55 87
179 147 67
44 135 56
73 114 85
172 148 40
63 92 10
142 116 75
49 194 39
191 109 88
117 192 11
38 16 30
153 110 45
168 190 12
68 167 52
155 199 49
1 34 61
29 40 48
36 182 6
174 194 77
178 111 29
102 44 51
196 74 56
112 144 90
182 154 21
133 182 27
45 9 82
34 76 28
188 144 40
121 194 46
140 5 21
140 55 48
144 55 95
63 175 50
95 140 81
195 40 99
132 99 71
197 140 79
181 154 98
184 32 9
132 99 92
78 127 89
181 139 88
3 46 72
70 190 19
30 150 88
68 186 65
32 115 57
5 106 43
3 7 94
86 94 79
108 180 24
35 85 34
148 184 23
174 48 62
171 157 55
122 19 68
41 193 72
25 133 4
86 54 74
56 97 7
181 111 6
106 134 4
77 52 78
199 103 37
155 26 5
200 108 91
30 163 60
12 119 19
37 30 99
31 184 18
192 88 17
89 100 100
9 126 56
178 107 73
17 195 84
161 5 91
1 26 48
123 67 98
139 61 31
142 189 3
37 79 3
104 116 54
14 71 62
140 162 39
174 136 69
71 7 58
183 157 73
45 133 86
83 55 57
60 74 16
172 25 55
59 156 53
184 32 9
56 134 3
186 58 2
9 143 40
137 112 29
134 180 67
160 33 75
79 189 79
65 199 30
186 141 5
122 92 38
96 47 88
47 69 16
75 132 79
134 127 31
159 87 71
30 164 73
193 79 93
161 28 13
36 29 6
67 199 35
35 79 87
99 164 54
53 34 82
47 140 97
89 182 42
190 23 66
69 103 16
121 115 11
35 141 72
16 144 24
5 128 42
195 16 66
98 190 57
44 136 97
51 168 5
164 182 10
136 177 62
80 197 82
190 64 36
32 108 8
80 55 48
19 143 29
46 55 87
35 194 38
129 27 40
175 186 95
149 162 64
77 200 95
58 198 5
58 165 56
180 62 67
172 148 2
174 107 89
144 6 24
198 146 45
164 153 60
31 43 7
147 186 53
12 92 80
15 116 42
16 179 99
187 62 100
121 166 98
105 76 68
49 27 7
35 112 44
35 166 78
37 154 26
191 36 66
66 89 73
12 171 57
104 116 24
73 71 73
37 191 7
13 147 21
47 102 72
118 151 55
116 92 96
53 161 52
50 63 52
58 36 75
8 92 7
43 131 60
103 119 89
45 8 84
178 84 86
8 80 73
2 160 68
195 85 71
162 59 45
190 64 26
119 168 55
155 60 12
107 137 87
57 108 99
152 167 49
33 23 76
55 190 79
31 51 84
190 173 88
126 189 60
152 67 29
31 59 33
12 139 8
178 107 73
190 34 1
101 15 46
167 20 97
178 188 36
175 164 71
56 107 8
13 23 45
73 161 34
117 192 90
121 195 77
117 134 5
194 44 18
157 197 61
21 129 8
105 175 35
120 199 69
57 116 27
110 54 52
184 134 53
41 116 9
20 131 41
19 185 100
12 50 1
3 177 57
30 90 10
159 62 38
129 13 38
38 78 72
176 64 13
42 35 38
63 1 35
86 124 85
193 170 73
129 27 40
74 149 93
162 152 87
191 56 16
134 198 69
78 130 68
60 79 11
135 140 56
77 16 1
114 140 91
144 65 98
35 164 76
112 152 33
30 49 59
35 3 61
119 168 55
65 199 84
45 138 72
119 21 62
61 140 53
101 127 56
184 30 28
94 45 42
127 8 57
153 101 78
20 131 41
182 62 9
167 69 86
146 117 73
200 53 56
29 75 1
82 145 34
163 193 41
168 190 88
186 26 53
62 31 50
142 116 8
153 89 6
89 180 17
136 52 18
137 150 73
38 134 45
35 155 41
15 151 80
188 20 81
9 140 17
73 12 59
144 6 24
169 161 69
195 10 26
56 125 2
178 123 15
37 79 30
177 196 76
102 147 12
42 31 14
165 39 28
187 62 100
190 1 23
198 161 40
173 184 23
19 143 29
60 79 14
102 163 54
185 162 34
99 140 40
146 100 18
146 95 8
169 44 4
61 14 47
77 141 2
49 27 72
177 87 77
109 189 66
177 116 65
166 45 43
122 11 41
117 144 45
116 138 22
121 195 18
83 107 65
180 143 27
128 172 66
106 60 74
121 115 11
56 130 58
179 147 36
13 62 69
67 168 4
174 115 81
140 108 52
107 84 32
103 195 33
40 70 12
149 53 84
134 180 67
43 82 55
40 172 93
16 130 93
114 186 66
191 23 67
95 63 65
37 118 24
18 193 5
172 56 55
128 5 38
86 168 1
158 79 96
50 132 48
198 139 24
96 122 19
100 111 63
107 84 32
72 41 95
114 140 98
35 141 72
197 96 16
65 161 58
132 49 78
112 108 31
113 61 98
105 82 24
47 107 3
134 127 31
152 144 63
61 9 36
144 55 25
6 128 23
13 62 58
86 114 24
95 168 18
86 94 79
78 109 96
24 88 49
124 96 27
179 89 39
44 154 61
178 188 36
99 164 1
186 26 53
135 140 6
35 69 79
52 154 27
101 33 52
183 56 76
110 50 44
11 141 99
152 67 29
136 130 69
112 108 67
159 87 71
67 39 83
24 88 12
130 181 33
67 8 95
120 199 69
49 194 88
44 126 36
193 168 49
71 174 41
97 198 78
23 36 3
164 22 43
107 9 20
82 31 94
4 189 29
79 174 8
159 178 63
1 198 7
141 179 7
140 153 19
96 43 5
12 119 19
38 148 89
114 176 22
149 87 51
91 170 50
58 36 75
136 6 51
174 194 77
133 115 29
69 103 53
41 130 31
82 158 95
54 135 93
105 23 67
156 151 99
89 180 17
2 160 65
42 41 96
82 145 14
13 147 21
122 118 55
107 57 28
192 155 45
109 47 88
119 115 76
193 69 27
21 142 35
134 74 82
3 161 6
132 178 56
26 157 97
167 199 57
104 88 71
59 28 54
195 152 68
156 55 98
176 64 66
109 189 66
189 128 32
23 36 3
109 117 42
133 157 94
39 67 56
184 73 76
100 116 3
56 125 34
136 149 69
42 56 50
124 51 1
35 128 72
165 82 86
121 14 26
28 73 49
42 183 41
22 27 73
26 96 94
191 109 88
1 3 54
159 61 39
116 100 96
141 189 72
140 22 76
165 125 59
153 110 45
196 169 26
169 44 4
56 27 15
120 71 33
41 26 82
111 116 13
116 91 26
136 177 62
90 4 7
79 89 4
137 112 29
21 175 36
193 170 73
99 170 61
117 144 45
76 190 68
62 9 45
127 78 75
106 94 21
135 46 47
163 108 21
38 88 30
151 149 57
191 184 48
13 190 38
121 132 70
175 57 4
66 150 28
122 146 7
170 196 72
66 171 81
38 194 91
95 10 66
121 166 98
178 14 9
142 187 32
147 153 39
102 147 96
31 51 84
36 126 29
109 17 37
177 17 54
94 61 86
85 127 69
152 189 17
193 69 27
56 173 52
8 80 73
117 193 49
100 116 24
27 7 22
128 5 33
37 25 29
140 162 39
122 151 97
99 90 50
115 194 86
90 4 36
28 73 49
186 58 2
162 57 26
60 182 19
35 194 63
100 195 90
44 154 61
57 118 39
166 161 99
161 166 66
106 188 75
12 198 9
125 67 25
55 181 81
74 91 91
5 7 90
138 103 91
17 14 51
22 104 59
159 44 63
170 27 92
128 1 28
198 22 66
42 183 17
188 181 47
44 111 14
79 59 86
3 36 97
63 167 23
92 158 55
9 40 18
68 94 17
199 39 25
187 115 97
135 104 40
116 71 60
24 54 55
73 77 92
174 172 84
138 11 89
109 136 100
87 176 43
90 179 87
120 52 70
153 98 13
129 101 67
151 66 16
43 82 55
144 65 98
180 152 24
105 178 3
76 15 45
141 95 72
180 62 67
105 178 67
86 50 25
61 176 1
157 167 75
112 138 82
169 165 19
138 11 56
143 65 69
16 199 33
180 94 58
127 171 29
17 43 86
14 127 24
133 88 72
1 34 61
107 73 97
61 32 56
174 136 69
181 154 98
99 170 61
70 66 65
65 78 8
77 200 42
190 34 80
151 144 10
86 190 85
3 7 94
41 179 19
157 167 16
86 149 13
183 39 5
115 30 59
24 25 10
7 100 36
156 21 74
91 62 90
44 104 2
36 126 19
95 111 19
182 19 37
9 140 17
178 38 41
193 125 32
187 146 23
29 150 62
188 151 70
90 89 59
15 191 99
170 34 43
63 167 82
116 138 59
194 63 62
174 100 93
34 149 67
183 128 14
168 135 3
181 40 3
182 19 78
88 31 87
134 198 19
170 138 99
119 21 62
135 16 61
71 173 85
64 82 10
55 77 46
39 26 74
45 8 48
14 93 73
79 59 6
76 181 92
127 80 2
39 108 52
55 181 81
11 134 78
45 133 79
182 154 21
14 2 39
59 28 40
199 159 27
94 142 54
172 76 73
103 119 30
108 153 26
187 123 11
30 150 88
46 111 76
189 62 36
15 191 80
65 161 87
135 104 40
169 167 60
184 95 36
148 155 26
158 79 14
121 53 89
170 138 45
199 39 25
111 127 40
63 4 37
86 124 85
2 93 85
28 186 81
27 152 69
162 137 72
178 38 41
14 10 42
109 136 100
128 75 69
80 77 27
30 189 9
196 53 4
172 128 34
17 33 42
168 57 49
197 188 26
46 17 87
175 159 85
15 31 18
39 198 59
163 108 21
86 168 17
17 158 78
51 63 10
38 88 30
18 24 87
158 46 48
65 78 8
144 167 25
76 123 42
159 128 53
61 32 69
87 68 55
135 90 100
77 42 49
167 142 74
17 43 86
66 77 80
129 48 46
183 167 3
15 192 65
188 42 62
175 174 94
4 122 45
110 35 38
4 189 29
16 159 87
163 136 70
127 30 14
122 92 38
55 33 82
39 67 71
45 93 75
160 78 12
200 53 58
43 50 61
156 21 74
66 171 81
158 51 34
174 65 15
37 30 31
161 5 36
156 55 98
76 15 95
167 20 97
98 119 6
122 183 84
50 99 23
78 109 96
58 57 4
82 20 1
18 193 17
153 55 64
42 31 77
51 53 15
179 184 76
153 29 38
114 47 91
185 162 34
146 95 78
26 19 63
189 29 71
188 181 47
50 59 29
156 177 44
13 60 15
123 147 90
193 125 32
106 46 49
89 151 36
77 128 70
92 56 50
64 82 10
38 194 38
153 84 24
3 36 13
25 121 59
29 114 63
56 173 13
45 184 25
149 87 27
29 40 48
50 63 52
35 3 15
48 83 55
100 19 87
78 191 5
93 145 89
186 11 88
35 69 79
19 188 8
24 56 8
170 50 61
33 66 52
12 9 68
12 139 95
147 186 53
79 8 12
188 159 41
142 189 12
91 143 89
113 12 1
31 124 49
73 161 34
139 123 5
108 153 26
37 25 29
49 115 11
68 106 93
58 198 5
18 128 40
80 164 20
74 149 93
122 114 67
184 73 76
104 88 68
40 141 16
137 40 39
197 185 11
157 172 13
152 144 63
41 188 44
153 55 64
8 56 66
101 38 60
78 127 6
180 40 16
187 93 97
16 20 16
73 12 59
26 58 44
26 19 63
190 14 24
144 199 49
8 56 66
180 152 63
99 200 40
167 45 65
22 27 60
185 29 15
29 142 21
91 41 86
43 131 1
91 62 17
149 100 47
140 60 27
80 128 38
21 77 67
82 158 20
38 95 85
34 137 66
164 182 10
78 1 28
12 188 40
11 3 95
122 151 25
135 90 31
54 37 43
100 84 44
53 104 51
147 153 39
183 60 77
78 194 13
178 14 86
186 117 27
178 65 83
102 18 55
15 177 9
63 92 75
138 25 10
51 176 41
121 132 91
18 128 40
121 21 46
152 131 39
127 153 44
54 49 77
75 81 53
69 167 67
61 9 36
157 197 61
84 112 29
71 174 41
99 165 4
108 191 44
153 98 70
74 91 91
168 179 43
43 178 32
13 60 15
180 94 75
38 148 45
15 192 14
84 147 22
106 94 47
124 96 27
61 176 1
17 184 39
48 65 97
80 149 71
45 93 87
187 161 1
14 122 55
77 141 11
163 136 26
100 168 43
76 123 49
14 141 21
59 10 76
76 79 6
7 100 22
196 86 82
27 31 7
172 122 8
188 159 61
53 138 5
160 33 75
19 38 18
79 97 88
109 174 86
92 56 50
112 135 46
156 13 9
18 24 87
59 34 80
60 51 26
140 142 73
79 74 2
17 56 26
108 10 85
17 40 41
96 47 73
109 190 83
183 136 55
187 60 82
53 104 51
46 17 89
79 174 10
68 167 52
41 101 11
143 65 25
12 1 44
185 144 6
191 10 30
8 136 35
11 123 6
174 65 15
74 8 95
133 18 52
38 134 83
180 143 27
82 20 1
24 52 22
91 86 7
67 96 34
42 119 81
99 200 40
152 184 8
152 167 49
166 41 22
12 68 52
192 88 90
25 133 4
45 56 93
99 90 58
92 158 55
101 84 23
21 142 88
158 176 50
44 30 34
45 56 93
99 26 84
12 188 13
116 71 86
158 176 50
62 191 67
113 167 42
151 144 10
128 117 82
112 138 82
83 93 6
162 54 36
13 190 86
150 162 18
36 146 96
67 168 4
196 86 77
144 199 15
47 88 63
140 55 48
