200
199 167 31
110 22 71
66 56 21
180 132 46
152 95 12
137 160 48
175 183 8
16 84 97
69 37 63
168 20 49
162 130 45
69 67 26
128 48 65
14 54 73
141 132 6
137 8 10
58 127 92
144 60 57
90 195 91
72 141 86
131 24 19
168 128 93
78 54 19
45 196 64
21 142 70
28 105 28
170 72 38
200 188 79
118 39 100
172 96 83
21 199 62
185 12 99
71 139 43
82 184 72
59 138 88
37 28 9
51 192 44
105 45 22
195 34 67
30 166 34
155 18 74
139 142 77
106 98 5
64 98 86
1 171 6
78 26 1
126 6 75
38 185 83
174 148 57
118 159 4
183 75 13
99 83 78
143 49 86
49 169 76
72 161 66
192 83 73
19 21 85
188 77 31
63 79 82
12 199 33
25 144 24
23 179 46
199 194 21
41 103 80
161 180 67
7 4 56
20 165 17
146 187 76
189 92 75
97 187 28
144 45 19
87 63 35
173 101 39
82 144 55
39 109 65
1 98 80
186 131 75
110 58 32
139 143 58
122 47 12
7 30 9
179 117 36
142 107 87
71 18 33
150 170 54
126 163 35
48 137 20
116 44 41
186 129 67
48 76 75
40 167 82
88 154 82
34 95 54
81 41 65
108 181 24
148 82 7
190 34 79
174 136 31
142 165 52
82 144 33
69 111 76
193 129 32
147 71 59
180 132 46
9 163 74
158 97 44
143 12 9
164 12 56
190 107 73
63 48 82
158 199 55
90 198 62
187 123 10
99 144 52
63 135 85
30 34 34
200 1 30
46 112 21
126 165 16
46 112 21
46 187 59
87 63 35
182 79 42
136 186 47
141 154 55
1 161 51
84 10 62
183 101 22
122 69 69
110 11 36
44 12 18
63 99 4
37 63 44
93 168 61
77 132 32
131 24 19
78 131 50
91 199 9
159 173 40
171 6 97
60 41 35
136 152 13
83 174 55
166 91 50
89 83 16
160 44 41
128 107 30
69 70 49
194 31 96
26 143 65
185 12 21
188 160 3
185 91 88
37 96 58
123 69 72
158 50 6
46 152 46
182 115 91
138 23 41
76 178 60
17 93 18
149 16 25
26 143 65
192 13 50
98 85 74
61 52 98
92 119 30
58 135 3
120 191 2
143 11 13
139 143 58
72 2 58
70 57 90
62 133 54
186 32 81
75 146 35
159 173 40
112 179 82
145 14 89
65 62 91
98 122 69
57 145 41
11 40 92
90 166 50
57 27 25
14 28 16
122 69 57
81 196 99
134 47 37
174 81 52
46 113 77
16 156 76
106 187 53
100 42 97
154 106 69
45 196 98
154 59 45
56 153 9
103 123 18
30 193 84
136 3 92
145 186 81
111 166 54
38 93 35
88 128 38
98 85 74
52 103 15
16 132 13
178 137 72
98 136 60
81 116 42
26 148 1
15 55 64
74 103 2
8 80 41
99 144 60
186 129 67
193 25 14
98 20 78
109 132 58
183 101 22
195 188 12
126 11 99
91 199 9
74 187 36
115 118 45
98 73 48
87 200 96
128 107 93
136 36 9
19 163 92
197 175 58
145 90 71
181 47 5
118 31 85
150 144 24
62 157 34
199 167 31
123 180 29
198 60 57
173 48 2
180 3 8
100 29 93
181 47 16
91 153 60
176 169 89
174 72 87
116 118 7
4 66 75
9 34 93
110 43 63
139 148 70
156 90 34
45 111 19
175 56 67
158 31 60
9 119 75
108 116 5
28 85 86
2 4 56
1 38 1
13 34 80
193 173 8
75 13 33
184 36 53
126 57 42
76 117 93
149 190 91
29 153 95
109 15 9
156 112 38
44 188 74
132 91 37
22 163 3
49 153 67
94 169 83
188 77 58
183 6 85
31 159 100
9 15 31
34 90 80
94 54 86
75 54 93
52 189 4
169 13 18
119 158 21
187 122 84
54 126 63
39 126 66
140 175 96
128 26 15
86 115 74
181 152 58
143 131 85
79 181 98
80 181 16
56 63 34
48 83 92
20 192 30
17 93 90
27 44 35
182 79 42
134 22 32
17 87 22
38 156 61
92 104 88
187 122 84
81 124 86
83 174 81
111 53 22
195 146 81
111 132 100
47 53 98
138 153 45
27 117 19
122 47 12
55 114 87
98 94 84
93 94 79
157 70 6
76 50 68
109 187 88
25 62 14
130 146 80
132 50 24
180 189 65
38 147 19
68 146 72
76 91 38
37 102 1
16 183 82
131 35 38
196 190 36
36 52 85
190 59 93
112 100 96
172 92 13
120 22 91
55 143 33
136 152 75
187 170 54
197 77 29
64 169 77
150 148 89
3 36 99
5 142 71
87 155 78
176 124 45
31 83 22
27 59 73
34 140 3
153 24 55
54 137 53
50 20 9
14 97 90
78 185 48
176 133 28
97 187 28
146 133 13
46 187 59
196 190 36
1 171 6
139 165 79
40 197 6
23 102 59
74 9 92
36 190 25
136 117 24
7 30 9
129 107 77
67 19 19
64 29 40
12 5 97
45 121 62
119 71 5
106 117 16
86 115 74
61 29 96
58 82 71
98 188 23
111 99 26
25 70 8
62 131 94
158 10 26
32 200 6
46 138 95
169 62 90
20 16 9
165 162 18
154 185 41
187 164 45
116 126 19
103 178 69
116 118 7
102 3 27
24 15 77
8 183 8
52 20 88
135 50 44
186 47 100
190 59 93
63 99 4
182 39 38
48 181 20
30 79 47
14 3 7
50 20 9
55 74 33
38 93 48
37 190 56
182 28 94
176 133 28
37 102 10
186 6 58
22 117 29
94 54 86
181 189 98
73 75 46
194 197 5
17 160 74
58 24 88
156 197 64
125 189 34
124 98 51
186 47 100
55 52 36
133 192 78
4 63 5
57 111 93
149 80 61
96 55 62
91 122 3
90 185 98
110 43 13
31 192 71
151 133 90
69 146 12
70 57 60
21 66 80
92 187 55
187 87 85
104 82 43
100 48 21
29 185 47
188 134 13
73 198 15
27 76 13
71 167 34
115 169 41
27 43 23
57 149 25
104 114 86
90 185 98
15 155 71
75 54 60
140 26 97
106 8 41
126 94 65
166 122 94
121 159 35
124 70 10
74 64 53
86 58 56
121 96 54
152 199 70
11 122 60
98 88 78
141 156 76
127 194 24
195 103 71
68 86 43
29 185 12
94 169 83
20 16 9
73 87 41
57 184 68
55 153 3
118 89 14
28 16 93
105 30 28
188 134 13
48 200 9
31 192 32
107 128 76
170 40 35
155 116 93
86 34 54
100 16 38
59 74 56
198 96 61
159 31 23
41 159 93
114 35 14
123 79 49
19 26 95
168 128 93
120 37 97
98 122 69
177 20 100
121 22 14
79 67 54
159 77 34
132 145 25
9 149 33
111 166 2
159 122 41
82 184 20
55 42 100
162 2 36
166 13 95
84 10 80
106 117 16
4 187 73
37 63 44
189 99 10
185 91 20
175 122 25
187 170 79
160 16 78
103 134 100
118 102 21
25 34 83
94 178 59
139 148 70
191 64 65
157 166 47
157 78 66
76 117 1
178 45 98
55 52 36
143 3 27
47 32 9
155 2 27
118 39 87
32 10 23
46 152 46
2 75 78
11 104 14
188 98 50
76 75 87
126 165 30
185 186 91
140 144 97
178 141 93
16 156 58
180 38 83
26 192 30
64 49 65
72 161 31
41 18 81
188 184 55
104 7 71
188 184 55
174 119 13
19 88 26
52 80 54
55 44 41
102 57 64
198 96 61
164 118 76
177 149 91
108 103 13
197 196 3
194 82 47
53 172 16
92 160 95
5 42 20
58 167 45
19 178 47
88 90 83
144 45 19
67 187 56
76 180 30
21 10 53
145 134 14
113 102 54
124 14 94
155 140 4
58 145 45
189 72 64
123 5 78
45 132 98
139 167 80
10 71 37
83 158 67
13 63 31
126 164 90
183 78 100
164 148 100
113 12 78
187 7 43
104 80 38
164 12 29
63 131 33
180 165 34
178 107 36
5 61 35
193 72 42
55 32 8
182 84 1
85 157 11
65 105 56
140 150 52
49 153 16
155 2 37
113 56 86
20 78 36
158 174 78
34 126 56
74 107 58
125 101 96
148 32 84
161 136 42
51 192 73
2 75 78
178 59 82
17 69 99
43 10 23
26 32 72
1 136 14
2 54 93
52 151 43
142 110 88
192 84 98
131 81 58
17 51 94
48 137 20
70 40 54
58 72 91
163 124 57
196 65 3
90 166 50
2 84 32
70 9 33
84 93 64
89 55 44
194 81 68
187 128 36
199 172 25
114 94 64
59 62 41
158 97 44
90 198 62
38 168 99
125 101 93
19 18 17
28 10 2
38 168 99
34 31 26
68 174 80
172 106 96
36 109 74
120 37 97
106 187 88
73 198 15
89 168 73
95 64 11
147 28 98
64 197 88
51 7 95
26 32 29
67 65 7
106 14 18
39 164 65
17 82 57
190 135 66
22 110 41
164 104 9
34 31 2
86 153 64
180 189 65
163 165 44
179 114 42
163 151 9
111 148 47
154 172 94
64 169 49
45 173 57
157 78 66
62 93 7
17 187 58
88 90 66
130 146 22
75 131 57
118 89 37
146 32 13
145 60 35
157 51 8
110 145 21
108 10 21
175 97 90
19 130 89
25 70 15
114 21 82
140 150 52
5 42 20
111 144 47
10 157 41
36 11 97
53 124 9
157 34 17
138 172 10
40 128 58
76 91 19
45 173 57
85 15 45
43 185 5
187 132 98
126 57 1
165 128 72
103 182 48
68 58 28
198 88 100
190 131 45
3 36 99
58 1 51
176 19 51
55 42 100
149 80 19
19 178 11
192 68 45
69 111 76
114 106 24
108 126 47
101 155 11
195 187 12
108 76 61
173 101 31
171 6 49
170 72 35
26 103 21
109 187 88
121 159 39
32 200 6
64 49 65
157 70 6
72 83 53
117 180 79
110 146 1
178 91 26
18 63 55
75 146 53
157 90 70
2 93 11
36 52 91
187 123 10
161 46 57
149 76 97
93 130 2
48 182 95
189 99 10
103 94 90
124 166 83
79 36 2
69 26 64
19 184 68
48 200 88
19 40 34
104 40 13
103 4 43
72 141 96
155 18 12
63 131 33
102 3 19
90 181 83
189 123 91
49 118 94
83 158 67
89 159 54
46 162 78
132 91 76
48 83 21
78 103 14
132 75 20
55 114 87
191 64 65
139 124 56
14 183 72
194 90 100
27 43 23
128 26 15
196 156 8
136 197 65
47 32 9
165 194 79
154 172 94
166 122 94
17 160 74
28 105 20
198 60 57
159 21 6
174 178 6
71 92 47
183 6 24
161 83 50
25 62 14
123 69 33
158 166 87
200 151 53
110 63 34
62 190 71
67 187 56
182 98 68
22 163 3
98 88 78
133 192 78
37 96 77
184 123 30
190 107 73
189 40 22
79 67 74
108 172 59
80 194 66
119 71 77
199 147 40
70 49 15
5 180 67
43 71 90
116 124 72
112 103 25
58 24 88
85 165 92
10 26 79
161 142 29
31 83 47
70 9 43
194 31 96
29 190 96
121 76 38
104 7 71
163 3 79
40 114 38
45 132 98
128 144 44
164 104 56
58 72 60
156 48 86
73 119 4
1 47 16
161 131 87
53 172 16
86 154 7
79 171 45
8 80 32
119 62 15
187 83 38
196 65 96
150 148 89
59 134 86
25 149 63
141 154 55
108 116 11
148 128 30
59 74 56
119 79 95
38 19 58
45 129 94
41 159 93
21 199 62
18 63 41
131 114 63
56 151 22
8 125 86
65 51 58
135 34 69
100 187 8
75 52 46
143 3 41
6 78 3
113 56 86
65 62 91
115 169 81
172 193 4
98 192 28
41 18 81
162 73 27
108 172 59
146 32 5
112 175 23
10 23 75
78 32 39
9 119 9
94 120 84
135 3 59
33 23 14
27 117 19
142 75 88
188 49 20
50 3 37
21 10 56
52 103 16
52 35 79
12 5 97
5 142 77
106 36 31
99 190 54
179 88 96
195 162 86
17 109 27
22 93 75
11 37 76
142 163 97
179 17 55
72 46 43
170 113 79
48 96 50
189 1 63
156 90 52
170 26 29
29 190 96
172 96 76
75 89 59
158 190 28
22 70 67
55 73 47
76 23 62
143 12 67
98 184 9
89 23 78
179 170 18
112 195 39
3 160 8
109 132 58
131 157 26
29 117 96
63 79 82
17 69 99
118 159 4
8 87 21
188 139 54
134 53 77
35 193 20
186 138 9
74 104 24
35 168 51
151 66 9
2 4 56
127 1 76
161 41 56
35 168 59
123 125 52
136 3 92
99 66 26
196 141 92
151 130 22
126 163 35
28 176 25
74 103 2
111 147 54
179 133 40
81 116 42
139 142 36
59 62 98
182 97 13
52 151 43
146 137 44
153 24 55
180 72 9
199 170 63
182 61 11
143 125 52
17 82 21
103 123 35
39 98 93
81 196 99
172 2 7
69 146 56
20 192 72
108 122 32
101 155 21
167 34 15
180 179 17
110 145 21
141 132 6
73 121 39
17 187 82
2 84 3
80 122 83
13 116 54
106 14 62
81 192 31
146 187 33
114 165 74
5 41 62
189 1 93
86 34 54
13 34 80
41 177 93
103 133 35
133 98 84
56 63 34
183 75 36
39 199 49
139 71 8
156 48 86
44 198 16
198 153 66
38 147 19
72 119 34
183 151 84
182 39 38
15 55 64
91 20 61
97 125 94
31 178 95
93 174 61
59 148 97
28 16 88
4 66 100
2 56 51
125 69 91
193 115 100
176 19 17
8 148 16
108 10 21
162 54 36
48 85 14
71 147 59
114 80 1
85 139 91
194 90 11
72 171 56
36 122 75
179 133 64
140 176 23
127 13 75
73 82 7
13 150 80
15 166 67
182 46 40
74 107 58
143 11 13
97 125 94
31 116 5
154 159 65
170 40 73
174 12 32
157 34 76
147 71 49
75 150 44
86 58 56
123 125 52
130 124 33
40 128 15
178 107 36
68 97 65
142 90 46
11 122 98
138 39 1
170 37 41
149 108 18
134 47 37
101 27 49
100 29 24
106 8 50
143 131 100
136 162 91
12 192 31
17 105 80
199 23 67
129 167 30
101 160 26
189 72 62
98 184 9
182 11 74
197 175 87
145 90 71
121 22 14
129 139 80
78 54 19
148 82 59
66 137 93
112 195 39
195 103 71
149 108 18
97 87 86
103 133 21
43 185 5
10 23 75
62 131 7
144 153 89
78 103 74
92 98 65
125 123 42
88 50 88
187 7 43
180 3 97
46 138 95
141 156 76
82 18 2
27 44 35
19 163 92
87 8 62
25 34 29
99 56 89
160 133 54
157 159 81
195 162 86
169 192 37
114 21 82
74 64 53
8 128 45
163 124 57
48 76 75
145 118 6
42 145 83
120 92 46
145 186 94
116 136 76
25 149 63
80 32 35
78 119 49
179 17 55
131 81 58
120 192 50
53 177 6
172 151 22
111 191 76
11 134 46
30 177 15
187 168 22
85 79 7
43 64 92
196 132 71
153 26 95
137 161 100
