200
97 137 58
153 127 25
56 35 79
191 54 73
28 135 52
20 83 64
37 96 19
91 163 54
125 82 53
109 97 11
116 101 77
63 29 6
71 2 90
79 183 20
39 154 2
77 91 76
79 95 82
22 40 3
29 160 27
80 106 98
79 20 39
142 6 48
165 17 29
99 35 30
54 195 76
28 77 92
166 32 100
154 65 53
39 184 18
91 45 31
196 119 29
127 104 44
113 63 95
83 158 60
166 32 82
10 47 83
87 65 32
84 69 42
125 185 25
142 4 3
184 126 65
30 131 78
170 106 1
128 59 98
159 140 15
56 175 65
182 184 46
75 179 67
75 55 72
10 31 65
13 89 64
129 155 91
132 89 96
38 106 82
119 47 71
8 45 17
77 108 56
187 198 64
176 120 81
170 34 95
181 145 24
40 117 32
17 130 71
27 101 47
86 97 25
69 12 67
28 128 61
133 174 16
21 117 59
199 141 60
141 144 19
79 64 74
50 175 17
154 103 89
116 20 47
36 85 59
175 196 84
187 190 37
181 148 83
139 16 29
3 177 35
42 171 61
77 108 56
9 94 94
106 48 95
118 166 60
124 114 24
143 53 74
178 145 91
129 120 85
87 96 42
41 73 90
114 192 65
70 16 17
29 40 24
13 97 18
174 61 78
49 181 10
121 163 56
137 159 25
64 36 44
105 34 10
68 169 18
141 99 7
45 181 43
159 51 35
127 122 43
80 92 48
164 169 86
147 129 67
46 3 67
133 185 12
25 195 7
149 102 15
19 86 25
9 169 32
95 135 41
107 121 75
154 99 42
41 72 99
110 133 27
42 67 44
10 5 79
197 58 82
128 66 93
30 131 78
124 170 40
49 9 55
42 67 26
165 118 94
20 15 56
164 24 93
3 116 99
86 12 3
68 103 5
120 52 89
86 36 57
127 150 54
56 28 69
164 158 79
156 81 95
11 10 87
128 59 98
157 67 10
173 142 44
29 4 30
95 157 70
56 35 79
100 70 67
157 65 1
134 90 98
200 111 97
3 185 67
111 185 2
149 196 7
54 195 96
187 100 1
70 46 80
145 37 84
85 81 76
40 129 26
70 69 38
133 185 12
99 163 71
121 35 33
127 182 58
33 48 52
104 93 64
142 24 24
77 116 88
196 83 70
125 28 67
20 187 91
64 36 55
12 159 11
12 6 42
130 129 24
57 71 6
3 97 14
90 144 100
36 73 1
160 75 58
105 31 65
130 138 27
117 173 76
24 80 63
145 94 84
43 183 98
128 172 83
20 163 93
132 79 22
28 177 85
194 168 50
144 63 88
124 170 27
75 12 9
175 121 50
20 187 91
73 39 70
155 33 59
64 12 45
124 87 81
170 173 2
94 190 71
48 92 81
127 104 39
100 113 93
107 9 51
188 134 49
92 69 24
4 45 61
128 153 96
171 198 62
167 14 19
66 116 77
9 94 94
173 199 77
53 20 46
39 35 49
199 136 97
117 143 50
57 45 48
34 191 34
198 153 68
195 19 33
173 149 40
143 25 18
145 8 25
21 173 3
122 67 67
98 111 6
150 103 62
122 114 6
63 187 40
30 1 68
37 85 6
105 163 71
110 63 55
192 187 60
55 147 21
102 57 35
103 1 60
108 110 17
180 128 27
93 126 6
194 168 15
95 161 67
90 104 44
39 148 99
198 88 64
155 33 72
192 187 77
69 12 67
174 77 92
55 183 56
83 158 60
189 78 65
173 62 10
146 2 52
163 104 58
168 86 14
104 39 11
30 200 94
10 5 79
6 181 14
110 79 99
161 29 98
102 57 4
84 43 26
34 94 4
70 163 9
170 176 42
4 81 76
108 80 52
66 39 8
166 58 60
158 105 23
41 73 90
79 182 29
160 116 73
138 168 29
116 136 12
16 1 90
141 45 18
9 106 53
149 56 23
119 132 76
95 165 67
50 174 40
27 193 95
116 31 17
19 86 25
135 171 77
94 143 53
85 189 57
23 125 8
105 166 98
140 91 31
144 106 86
102 79 3
59 112 83
19 99 15
28 166 10
198 97 17
147 25 4
161 133 47
138 43 34
44 149 30
168 99 99
2 72 12
84 79 50
50 11 5
182 72 79
123 100 15
135 72 43
85 81 49
153 40 30
47 51 20
70 146 84
1 133 85
39 29 50
41 27 88
52 15 87
138 179 94
181 148 83
121 35 33
88 101 66
193 141 82
165 37 52
92 162 1
28 166 29
9 65 85
188 180 45
127 122 33
72 85 39
160 47 73
132 40 71
81 106 95
147 11 97
149 70 30
44 136 84
182 148 63
60 54 57
175 74 6
162 39 1
25 8 6
51 56 96
124 177 84
23 138 27
11 33 67
122 42 22
176 120 81
157 122 98
158 105 23
93 138 73
165 108 94
105 29 57
104 36 78
115 113 96
182 72 79
51 56 82
9 169 32
160 72 59
200 1 22
72 4 62
177 112 31
71 80 71
4 45 61
81 187 50
115 85 27
68 156 36
112 162 66
113 180 16
146 70 74
136 165 52
73 39 70
89 186 6
49 175 84
194 154 76
154 130 51
133 174 16
166 122 25
188 134 49
111 126 4
161 87 62
133 107 7
90 144 21
14 37 47
49 179 76
196 69 7
178 50 89
80 3 86
63 75 3
194 199 10
125 195 11
6 141 26
94 144 5
86 68 64
122 42 14
72 4 93
159 140 67
94 133 15
110 158 37
166 174 17
166 187 2
59 112 94
173 62 10
100 181 5
91 117 61
116 41 57
75 39 53
49 146 97
42 80 83
123 150 56
158 15 34
190 29 8
121 141 16
175 171 8
67 149 19
146 70 82
174 101 4
199 8 65
76 71 4
130 104 84
94 143 87
63 50 51
149 102 15
24 178 58
40 129 57
26 99 66
9 65 71
55 1 59
95 165 8
138 169 63
139 16 87
124 172 35
153 81 56
138 168 96
78 47 64
161 133 47
65 184 35
122 49 4
35 141 19
164 96 28
158 143 78
81 86 54
139 24 57
87 65 68
39 5 37
124 195 2
37 96 93
199 99 32
141 101 30
58 188 27
44 89 90
11 153 64
74 70 85
90 104 23
49 69 83
80 169 29
32 93 70
62 147 22
158 40 37
70 146 25
199 8 65
112 138 46
22 31 58
12 49 19
170 85 9
23 100 18
199 99 10
154 65 35
181 36 8
135 97 8
163 88 20
134 35 3
17 109 4
155 48 16
136 132 44
174 77 92
11 52 60
42 173 41
132 119 29
158 157 22
5 52 100
16 111 61
53 61 43
175 56 94
35 19 100
156 43 57
3 97 37
68 149 34
164 128 100
154 63 62
19 27 55
72 135 56
35 147 96
101 95 77
56 78 93
177 112 31
174 10 55
49 182 55
112 107 92
104 25 15
176 112 10
15 191 24
170 34 95
141 100 2
40 62 44
167 14 19
108 153 6
162 143 79
189 126 7
197 49 60
136 66 10
115 82 70
185 132 24
111 197 35
92 69 17
149 196 87
145 83 87
191 126 93
34 138 20
114 178 94
52 112 40
143 25 100
160 72 59
45 103 62
183 33 15
175 44 93
168 139 93
60 118 82
12 159 64
60 67 10
163 104 38
115 143 20
104 12 96
168 174 17
155 158 11
18 33 18
82 144 95
170 35 64
191 131 22
155 48 16
18 52 89
184 92 20
179 189 56
139 5 53
22 92 4
98 117 89
182 81 16
154 103 89
147 129 80
100 70 31
100 52 60
69 95 3
161 109 16
17 64 100
155 197 4
25 98 83
65 60 71
45 142 82
27 55 25
88 101 66
55 112 6
3 185 26
174 89 81
12 130 87
169 141 86
198 25 93
14 37 47
50 11 5
192 97 80
41 175 28
5 44 80
59 57 46
70 16 77
128 158 74
179 133 75
165 37 42
161 158 46
45 95 62
185 149 28
171 64 100
28 61 94
58 152 25
193 136 98
43 165 24
178 50 89
103 166 10
83 21 32
68 60 95
191 186 54
52 171 31
97 170 19
102 173 26
5 62 55
111 159 25
197 25 74
6 59 73
31 99 31
87 178 29
106 103 93
114 141 7
108 80 52
128 172 68
64 198 14
33 48 52
111 135 24
192 146 70
142 128 74
31 99 90
36 146 79
126 47 51
71 80 71
42 173 41
46 72 100
13 46 81
49 7 88
40 117 32
153 137 89
102 38 36
161 109 16
177 27 2
119 47 71
195 29 53
62 46 65
66 39 11
84 155 17
56 78 93
107 64 72
134 147 74
56 131 90
108 100 90
118 198 95
50 70 5
199 136 24
85 189 57
192 48 62
34 138 20
54 57 37
118 103 52
158 124 11
164 128 100
121 163 56
54 118 75
160 126 66
87 94 91
99 22 47
134 77 49
196 9 68
52 112 40
81 91 7
46 87 77
49 70 57
11 52 6
118 31 90
41 89 6
67 30 98
74 44 15
190 119 11
103 162 45
162 27 65
48 92 81
85 14 45
55 126 98
152 190 13
191 126 93
25 184 10
16 104 97
81 72 4
147 11 97
33 154 99
163 142 23
75 179 90
32 183 51
49 167 47
22 67 56
75 57 84
200 178 40
111 23 63
59 161 30
133 8 91
109 19 7
90 73 84
171 198 62
73 111 43
9 194 56
145 198 17
5 44 68
167 74 96
189 78 65
49 181 56
128 152 44
106 103 93
35 141 34
109 191 42
135 72 43
110 168 57
144 63 88
182 104 51
194 170 31
129 48 75
141 152 42
161 78 12
74 44 15
31 74 18
19 109 37
118 68 39
65 60 23
105 29 57
33 89 67
143 61 100
99 163 5
80 149 54
188 18 65
188 48 5
82 199 55
116 142 80
55 183 90
105 163 23
40 182 73
195 141 27
30 112 57
103 166 20
157 67 62
72 25 61
157 122 98
188 173 61
139 124 84
67 187 12
132 89 88
91 106 71
79 119 36
44 89 90
44 127 10
171 197 37
94 49 23
99 59 73
111 109 55
127 89 55
115 85 91
107 54 75
80 149 11
110 63 55
52 16 19
4 6 84
193 136 48
132 82 41
117 172 73
156 123 40
31 100 15
113 143 4
123 171 45
104 136 71
110 79 80
114 195 36
99 185 32
81 95 83
150 94 52
68 58 28
118 54 73
33 148 32
48 159 7
1 133 85
119 132 85
141 99 19
45 142 82
58 152 65
84 79 50
173 149 44
145 87 73
13 157 58
165 50 53
111 161 28
162 41 4
40 161 84
69 101 77
153 81 10
81 187 50
153 85 21
7 146 42
194 115 77
80 116 41
42 89 45
121 141 16
200 146 9
150 199 34
175 156 67
15 191 24
1 75 29
166 58 60
46 131 44
33 57 71
160 109 13
189 126 7
64 194 27
133 29 91
185 150 38
119 46 49
49 70 36
13 89 64
166 120 100
10 31 65
136 1 46
82 65 62
139 71 79
154 99 30
49 7 22
197 92 74
183 85 98
47 139 26
123 126 62
21 137 88
69 182 69
52 193 30
41 6 14
181 36 8
139 6 97
47 3 29
191 17 10
110 133 27
111 197 35
21 44 51
129 45 22
160 19 49
132 40 77
120 10 58
148 40 87
152 143 53
67 140 24
194 76 86
70 46 29
59 116 95
171 172 79
166 120 100
178 62 49
149 159 34
82 144 44
27 55 39
89 144 10
194 137 28
31 119 63
92 162 25
196 69 13
69 182 69
76 71 4
43 161 81
195 70 83
32 183 51
180 85 4
99 59 11
88 120 21
114 178 94
131 85 26
108 110 15
11 160 36
182 104 46
43 71 11
14 155 62
146 129 21
67 140 96
104 12 96
44 156 29
189 200 25
58 27 41
175 198 19
122 49 4
191 186 54
12 21 54
116 101 46
133 164 89
160 75 58
96 103 80
146 129 29
47 51 10
93 138 73
55 91 65
39 149 54
8 81 8
170 35 66
115 143 20
13 113 94
103 74 18
17 95 78
88 127 24
144 10 82
73 111 71
85 14 47
36 41 49
80 92 82
166 174 17
168 49 95
197 188 9
96 88 35
115 113 96
64 198 62
22 110 79
147 23 4
132 144 39
82 53 15
70 69 96
52 193 30
186 62 99
192 93 90
178 119 42
21 137 23
51 110 50
131 91 16
20 135 14
187 138 31
116 136 12
54 118 75
132 79 22
62 180 7
143 98 5
84 28 24
77 71 74
166 125 85
129 126 50
190 126 66
19 193 66
141 63 26
23 66 32
94 144 5
169 12 73
69 195 46
147 52 57
13 157 58
108 152 54
49 182 55
156 124 20
108 100 37
72 135 56
164 158 79
37 82 92
83 80 86
189 101 74
47 92 4
142 195 4
154 88 91
153 66 29
63 187 3
143 98 71
151 117 3
17 95 78
105 170 56
18 33 18
170 176 42
166 187 2
176 158 98
155 158 13
134 90 98
169 168 11
194 154 90
90 116 86
121 137 9
163 80 45
194 77 17
45 181 60
33 89 55
178 145 91
17 130 71
67 30 8
143 82 95
130 138 27
145 97 56
165 44 60
149 159 34
4 81 76
72 12 78
101 121 58
147 26 86
87 141 49
142 6 48
200 1 22
139 170 72
100 19 78
164 169 86
117 172 88
104 136 71
185 4 83
183 85 5
86 103 11
167 74 96
192 1 11
45 40 45
22 31 58
98 36 78
12 16 57
179 66 29
166 92 100
106 48 95
53 183 88
81 171 14
55 105 56
39 35 49
81 163 24
168 174 17
91 163 32
156 181 9
129 153 98
42 31 93
132 119 29
124 172 57
102 173 26
58 121 41
176 158 74
131 91 16
80 3 36
60 163 27
74 122 67
27 63 79
53 20 46
86 103 10
50 174 40
5 177 100
65 73 72
104 135 55
146 155 36
152 127 55
35 78 62
149 56 23
150 180 9
122 67 80
133 33 79
126 36 40
139 24 31
160 4 28
15 190 32
30 147 5
90 108 5
86 4 14
127 41 27
151 115 59
185 52 99
43 116 13
82 104 51
148 40 48
124 78 13
123 68 96
36 35 34
199 130 67
154 130 68
125 82 35
154 8 58
58 16 73
45 41 29
180 125 47
107 54 75
69 164 94
180 64 67
64 26 74
192 93 88
188 71 67
114 104 27
29 40 24
