200
155 152 20
123 77 4
1 35 4
164 124 96
41 59 32
196 46 35
46 72 6
180 38 21
13 126 92
68 69 20
21 168 6
5 38 97
111 48 39
27 174 30
90 34 73
172 132 87
175 10 39
176 45 83
35 191 31
35 12 9
32 47 82
124 34 2
190 59 72
41 163 12
35 3 72
53 61 51
195 165 80
149 55 73
28 20 57
49 104 26
33 45 12
29 144 2
8 115 21
178 36 67
90 136 22
90 193 41
147 90 28
198 40 70
32 18 11
90 186 17
8 90 63
152 94 67
185 70 27
8 90 79
117 9 78
4 40 89
84 43 34
68 92 31
19 139 36
116 117 5
184 63 42
22 156 28
190 76 30
30 96 40
82 37 48
21 29 90
198 107 48
130 128 3
196 148 36
129 108 24
80 160 55
92 156 55
131 111 54
139 10 90
7 139 92
22 94 48
5 44 69
78 184 60
64 182 62
185 158 74
158 113 16
69 87 68
112 109 4
51 137 53
32 194 80
107 166 56
140 76 51
154 143 20
44 161 91
20 182 58
72 21 79
175 137 60
108 42 13
199 169 9
71 98 74
147 90 28
17 156 46
188 110 30
96 100 38
55 54 50
46 167 6
128 47 24
179 79 100
70 163 6
107 154 42
109 192 18
12 80 37
67 160 97
32 194 67
159 70 45
29 76 46
191 29 24
199 138 94
4 189 80
63 11 80
36 112 14
10 129 5
186 120 45
111 176 5
22 123 49
11 191 10
192 184 52
31 122 38
156 183 92
64 28 94
111 186 44
187 148 90
84 91 76
108 19 28
159 113 94
48 107 61
53 170 66
61 9 92
18 137 21
143 21 55
47 92 8
97 10 26
83 197 43
12 78 2
81 185 83
81 92 83
173 166 8
3 44 29
86 157 14
136 12 32
142 123 77
68 168 46
198 109 94
118 195 25
46 2 68
67 150 90
149 122 77
86 186 21
125 41 68
190 154 57
86 46 7
68 69 20
85 63 3
181 147 57
16 15 1
164 85 97
189 1 97
59 44 96
182 69 95
127 70 94
169 121 48
84 173 13
166 176 89
189 28 30
122 192 90
95 188 7
149 114 48
117 165 74
56 182 100
68 17 47
87 170 42
179 16 50
82 199 24
157 197 93
18 130 94
145 75 37
92 170 59
82 199 69
197 11 71
48 107 61
40 13 89
124 161 43
77 112 20
158 46 6
49 82 73
165 73 7
41 151 14
78 119 53
148 125 93
154 136 59
6 162 85
156 183 92
185 117 29
92 140 64
103 9 13
36 199 46
198 134 1
107 132 29
65 148 79
48 1 16
30 17 59
75 159 82
46 148 30
131 161 87
14 12 41
180 136 95
11 87 49
157 44 80
35 191 31
90 34 73
39 66 61
12 33 70
72 148 92
59 101 2
54 36 89
127 16 83
196 22 78
73 198 60
69 87 76
88 64 19
181 21 35
69 164 95
80 177 62
94 103 65
118 195 25
27 148 19
158 117 35
95 84 9
144 68 99
83 129 25
40 41 39
161 160 48
187 101 61
40 120 41
43 147 12
165 123 97
24 42 8
171 185 63
184 76 18
103 8 60
64 28 51
44 157 78
138 25 74
102 115 20
10 153 36
176 185 69
70 33 98
165 123 97
50 71 35
142 159 70
11 72 64
196 140 26
117 176 28
89 81 53
104 141 31
197 36 67
42 186 55
105 43 35
149 63 70
124 72 70
58 65 46
51 77 83
94 176 30
113 151 56
81 11 73
53 61 51
26 109 18
94 176 27
159 75 50
182 69 27
25 134 82
187 3 70
121 92 100
134 170 80
182 110 14
99 147 73
38 120 85
19 133 100
68 65 80
44 14 28
75 147 24
167 35 76
105 156 53
15 176 64
189 28 30
61 187 4
150 127 89
33 104 7
193 82 2
197 34 92
100 146 4
12 140 7
111 186 44
96 100 38
188 94 91
98 134 38
124 48 34
92 170 36
48 63 16
73 176 62
200 88 80
130 142 7
180 122 55
156 125 16
41 167 79
90 136 22
70 106 93
158 117 35
25 165 46
146 26 81
157 148 94
170 37 65
144 74 53
182 75 1
4 153 5
133 95 47
101 56 61
62 93 100
138 191 57
53 170 66
104 94 27
125 41 36
129 89 21
124 60 87
124 48 34
195 16 37
28 20 35
141 26 12
172 183 81
64 46 31
173 2 35
130 11 53
81 92 83
87 35 43
158 113 16
118 87 16
194 20 100
2 163 14
102 164 96
60 116 1
18 115 24
65 107 74
172 20 45
38 68 33
167 95 95
47 55 39
74 106 12
113 151 79
42 153 22
22 135 96
135 164 5
161 90 32
129 66 80
149 67 48
96 14 65
45 38 55
124 34 34
164 196 65
118 145 44
124 60 66
188 94 85
163 155 34
30 77 54
200 46 1
3 53 40
119 71 68
12 53 94
27 105 89
163 155 31
149 60 84
79 161 31
108 148 31
84 125 94
90 73 66
163 99 12
187 103 13
14 90 66
47 106 59
129 104 88
142 123 64
38 120 58
33 157 41
61 100 37
132 83 86
151 75 81
184 138 29
90 76 5
184 138 29
196 130 41
58 105 15
138 158 1
161 177 70
161 104 22
152 174 15
108 19 56
198 162 5
9 108 80
126 121 41
119 48 67
157 44 80
115 139 18
55 43 28
178 168 54
30 174 37
198 107 48
58 31 47
143 104 34
157 87 78
15 196 92
108 148 27
192 173 19
159 70 45
85 60 22
132 180 69
132 42 18
31 111 77
132 147 74
149 114 48
64 183 38
136 12 32
106 20 78
20 144 20
129 70 2
82 127 79
101 56 61
86 157 14
35 67 15
37 74 95
179 124 82
128 2 37
38 33 92
68 186 77
74 6 64
58 87 81
74 12 55
129 104 88
28 62 89
153 23 46
13 143 65
184 142 94
18 111 83
129 108 24
123 61 33
194 20 17
1 53 30
114 146 1
77 55 48
22 135 53
131 71 7
28 6 61
11 61 5
199 138 65
86 64 74
179 96 71
117 87 14
111 195 76
109 157 86
167 120 78
129 170 92
143 84 76
134 116 1
103 63 74
158 24 78
106 196 41
27 49 18
127 156 97
133 144 88
129 89 88
12 53 94
101 61 34
57 170 12
105 190 86
179 79 100
139 133 57
120 171 31
149 60 84
49 104 26
41 151 80
54 36 89
16 138 85
34 95 54
143 104 17
176 187 91
30 27 58
44 178 35
98 147 100
90 186 51
32 58 28
185 134 79
89 78 16
56 51 50
13 2 93
175 137 60
165 19 28
145 91 54
6 150 90
182 110 80
71 177 34
115 139 18
176 185 69
51 153 33
140 199 5
37 12 70
82 113 76
95 185 71
158 192 85
163 196 4
171 12 26
159 145 48
56 83 92
78 26 70
97 146 94
174 33 22
142 53 44
138 198 67
19 4 62
198 40 91
132 83 22
195 38 81
15 196 71
122 5 94
1 116 40
143 199 81
171 139 86
148 113 97
159 113 94
144 162 49
46 2 59
77 65 94
101 95 80
56 158 32
59 44 69
18 101 16
153 31 86
11 167 74
73 143 7
102 88 46
176 187 12
180 174 2
47 106 29
113 142 62
173 136 49
122 192 1
65 107 95
18 111 83
180 122 80
114 146 1
102 88 48
156 125 16
56 129 84
185 65 38
172 93 61
184 106 94
14 183 88
39 139 50
100 145 21
51 75 87
71 112 33
48 174 39
165 30 5
175 139 89
100 147 21
182 151 26
70 157 68
153 23 73
194 25 66
9 108 49
39 169 12
50 192 3
119 60 49
190 154 57
98 134 78
149 67 23
200 46 1
125 146 29
154 17 69
78 53 2
99 127 78
20 66 61
49 94 63
151 9 95
21 138 49
3 64 64
14 68 59
173 86 26
62 45 47
198 134 43
123 130 73
111 176 5
44 14 34
186 183 98
191 96 55
146 71 7
35 92 48
146 30 35
151 9 57
103 100 91
102 87 11
182 75 75
44 161 91
1 96 11
175 139 84
99 34 20
68 159 72
156 181 78
112 120 51
11 34 74
170 50 54
13 176 73
80 114 87
33 131 51
2 163 58
138 16 67
136 121 22
161 22 16
121 98 89
87 170 53
191 29 24
21 138 75
106 135 33
173 166 8
49 94 5
128 106 79
92 156 82
138 25 50
163 122 74
48 69 72
174 33 22
82 107 58
129 18 86
78 26 59
146 125 36
111 173 1
34 187 85
73 143 7
191 88 44
80 177 62
173 126 28
12 33 70
102 115 20
13 143 12
55 160 6
67 150 90
156 78 16
17 174 41
91 125 92
29 23 32
29 122 55
159 11 65
82 127 79
65 175 12
188 90 27
111 89 51
2 91 63
52 63 33
41 59 42
55 9 69
130 11 53
25 118 18
179 154 84
196 119 5
51 200 33
109 157 86
117 87 60
46 179 59
51 153 33
136 121 90
176 115 60
96 146 99
98 99 64
56 129 84
128 177 72
179 124 82
119 153 8
176 77 50
48 1 16
107 132 29
107 175 98
49 126 83
78 168 71
3 64 64
49 47 88
28 117 85
79 35 36
127 27 91
139 106 31
63 130 56
142 85 39
134 170 67
69 63 42
144 172 55
13 176 68
127 27 97
109 194 36
133 7 97
49 190 75
164 78 31
105 43 35
25 58 45
180 145 90
198 10 14
5 138 52
89 154 34
167 113 16
192 173 75
103 132 94
16 72 99
135 29 22
156 37 49
56 158 32
183 122 64
17 175 6
113 146 3
99 21 16
45 71 34
130 134 39
150 100 57
45 71 4
54 149 47
129 70 2
163 82 58
7 99 85
27 105 46
102 164 4
125 183 88
186 88 6
74 106 12
27 174 59
189 25 15
29 76 71
17 156 4
44 171 51
152 94 67
30 193 62
78 184 64
25 84 88
77 33 83
20 143 27
4 40 89
48 6 26
68 159 72
174 56 27
98 147 100
103 8 33
161 108 71
70 61 91
33 45 12
28 117 85
184 196 86
21 84 92
118 102 85
64 46 25
171 12 21
2 113 57
50 69 34
42 198 38
48 69 72
107 175 98
31 101 41
120 194 5
41 39 14
135 164 25
104 94 75
185 65 85
119 179 30
169 107 25
13 2 93
119 71 17
85 122 24
151 85 34
184 106 27
25 22 1
76 67 16
187 65 24
187 101 58
1 35 4
57 199 89
11 61 28
143 84 58
101 98 52
104 176 51
67 73 84
146 30 81
163 82 46
157 56 49
166 124 49
129 88 55
75 147 41
5 71 30
78 83 59
195 189 40
146 11 58
132 147 74
198 10 14
164 8 89
123 77 77
10 181 24
53 186 61
68 17 47
25 116 10
106 196 41
45 169 71
135 194 82
46 65 15
69 164 95
139 183 97
12 113 40
6 11 35
99 147 73
103 9 13
77 65 94
174 42 87
46 156 81
47 92 8
109 192 18
133 7 33
8 35 7
176 164 32
142 7 23
199 50 92
144 127 88
5 71 67
164 4 82
131 111 76
11 167 25
43 170 89
30 53 84
92 101 29
183 80 18
129 66 80
79 161 31
90 125 20
133 129 38
36 57 12
104 52 6
81 185 83
62 93 81
132 42 70
52 180 47
12 78 73
74 79 44
84 91 76
20 182 69
159 11 65
90 126 57
33 82 43
180 159 46
5 138 52
103 51 24
44 178 18
190 59 98
68 186 80
19 57 39
128 153 57
173 145 89
15 176 7
161 108 71
175 11 96
119 97 39
67 133 22
157 67 77
1 117 41
143 132 76
173 126 16
190 158 81
131 71 7
65 62 37
58 194 81
145 91 2
112 72 86
84 173 13
88 64 19
8 115 38
196 116 48
83 185 74
30 17 3
123 96 29
46 58 59
138 191 74
58 87 81
119 97 39
35 14 75
144 127 88
19 4 62
189 1 80
145 4 62
145 4 7
19 133 100
150 50 86
90 88 83
69 137 72
58 118 20
163 167 32
98 50 14
82 37 48
85 122 89
92 140 88
74 12 55
148 21 98
31 122 38
120 171 31
75 64 81
178 169 42
34 95 53
112 177 38
26 76 66
123 97 25
113 194 57
80 1 56
80 33 32
112 24 71
175 11 94
158 187 22
52 30 60
60 8 78
19 57 72
114 52 100
198 76 100
6 135 30
55 163 11
186 191 68
79 15 23
135 148 33
167 113 16
156 80 93
103 71 16
180 38 21
34 39 81
52 179 46
11 34 74
154 136 78
74 17 27
126 43 36
89 81 53
56 26 69
10 153 60
191 104 3
48 172 24
8 154 67
165 30 50
146 45 57
24 164 33
164 78 31
164 196 18
140 125 22
82 107 26
174 56 27
148 125 81
144 68 87
100 191 2
73 141 2
48 6 28
121 43 10
1 96 83
6 11 35
48 79 80
112 72 86
72 88 35
172 200 8
183 80 63
74 188 1
42 198 38
86 186 37
40 69 16
116 176 37
144 172 55
113 142 96
42 182 85
130 47 34
131 169 76
10 96 87
88 174 9
5 44 66
35 12 37
35 98 90
123 61 46
44 171 42
161 22 91
103 71 32
181 140 26
177 130 64
185 16 28
113 164 53
114 52 72
190 158 16
129 88 60
149 63 52
4 153 5
74 63 15
144 200 85
134 59 67
150 42 34
88 174 3
86 64 74
71 116 49
30 28 46
58 65 46
104 44 58
78 2 47
103 63 74
128 2 53
190 5 26
165 46 80
133 95 19
79 43 75
186 88 6
36 179 27
196 148 36
74 32 45
181 79 87
161 160 48
166 8 20
108 127 27
126 43 31
169 96 53
105 74 83
166 124 64
172 126 66
146 16 2
142 159 73
1 140 61
102 137 29
61 9 92
51 137 53
44 157 55
3 44 29
85 63 1
