200
45 63 50
165 157 34
125 140 63
187 115 25
121 82 38
157 103 52
155 86 48
76 48 69
79 19 62
105 161 48
52 115 77
77 19 67
125 78 19
188 46 21
48 95 68
193 64 82
123 134 18
156 154 32
192 10 4
102 190 26
103 180 79
48 197 53
88 41 30
184 159 100
186 103 23
172 96 1
106 82 10
182 4 51
2 24 5
45 3 28
185 193 20
111 63 38
33 91 76
156 68 96
93 99 34
117 183 63
132 8 25
62 165 21
46 200 17
20 15 43
89 41 38
155 110 90
57 26 48
141 16 63
200 113 82
52 59 71
119 12 100
75 194 23
63 23 81
196 147 34
26 161 33
47 10 94
93 167 88
57 149 16
189 180 45
185 71 56
173 55 5
190 174 77
87 41 83
179 52 83
196 62 34
44 97 47
154 167 89
60 159 88
150 133 63
36 74 81
30 167 54
146 94 8
20 93 30
88 18 74
105 188 80
31 99 72
189 164 59
107 154 48
3 150 87
102 68 17
34 200 42
200 70 95
195 28 39
150 109 55
41 15 2
184 172 53
49 53 26
19 88 98
168 153 60
65 165 69
70 176 3
174 80 13
65 135 46
152 10 42
156 67 97
162 192 79
49 13 43
172 49 45
181 74 60
132 102 10
67 24 19
30 9 19
181 7 15
40 139 34
40 191 56
36 164 81
143 27 5
142 24 81
96 192 21
77 173 62
187 26 1
19 58 64
130 149 89
183 134 75
59 106 80
182 133 29
124 98 41
56 133 91
127 118 28
37 155 30
108 161 62
10 84 73
34 115 50
115 141 87
179 81 45
89 107 51
10 55 67
157 108 36
68 79 80
130 165 41
36 89 89
113 2 86
79 88 36
22 87 57
102 157 3
47 114 9
99 83 45
161 61 95
180 183 73
47 87 44
38 42 74
10 71 3
160 108 94
78 57 56
5 72 47
126 59 11
55 110 12
59 127 8
140 24 1
84 89 53
77 101 97
66 174 79
4 107 98
55 48 57
119 136 73
43 166 18
111 171 81
102 157 54
53 14 76
48 165 87
52 75 88
168 153 70
82 7 80
43 166 18
112 159 94
54 1 76
61 197 34
194 32 19
69 129 81
110 161 5
8 78 27
38 193 8
79 52 85
37 36 8
37 78 97
102 170 80
35 127 53
153 172 95
43 42 12
132 8 35
3 82 68
104 17 50
171 186 55
166 109 38
127 63 97
196 194 30
34 77 63
3 57 16
72 80 9
165 145 11
78 126 81
190 147 54
46 144 57
86 40 74
106 198 7
36 116 98
36 89 56
101 97 49
19 7 8
71 55 49
121 22 11
141 197 72
64 70 41
193 124 61
36 94 82
157 108 77
125 191 80
115 141 87
196 62 34
136 48 22
142 164 22
110 81 94
4 179 2
37 127 74
175 35 3
156 199 91
42 41 20
46 60 89
170 109 80
89 18 33
156 129 41
107 100 83
87 56 79
112 145 40
31 179 57
134 107 11
142 35 91
103 87 45
160 108 1
27 13 35
22 87 57
88 80 46
176 62 34
46 69 10
111 55 8
143 19 26
42 40 50
51 83 21
132 140 92
199 34 59
141 157 47
74 116 76
89 107 3
174 179 83
108 188 28
70 120 72
42 153 91
43 123 90
40 17 84
168 45 19
89 184 6
115 183 83
186 110 95
61 36 78
48 135 80
151 180 38
136 31 83
55 30 42
148 173 67
69 17 47
62 150 97
107 174 54
106 15 43
141 64 63
47 7 60
192 144 74
43 54 94
129 62 72
62 88 54
148 88 97
43 21 53
65 81 64
98 168 86
129 13 67
97 118 3
129 168 88
86 96 73
38 164 29
108 8 61
12 143 5
38 100 51
84 188 2
124 165 72
92 184 4
114 13 77
89 133 55
11 196 60
35 4 53
43 7 65
102 148 11
99 60 41
31 179 15
176 49 41
100 32 97
183 134 75
28 38 94
163 106 3
164 184 23
106 174 53
131 112 18
165 7 53
127 10 89
99 135 24
17 108 96
155 110 90
115 183 45
18 80 18
75 49 84
42 166 60
81 65 10
107 111 85
23 36 55
134 47 80
111 171 81
173 49 2
121 82 38
5 53 9
28 123 58
158 105 22
197 112 7
94 135 11
170 60 38
195 71 42
121 101 48
53 14 76
59 104 16
86 75 16
126 77 56
73 160 15
179 52 83
172 89 98
57 195 92
10 93 66
93 98 44
32 99 29
91 182 67
56 31 2
103 164 14
7 149 83
128 11 5
60 73 91
162 192 83
106 82 94
42 41 20
163 132 62
189 134 3
29 10 29
76 80 55
128 14 12
13 132 56
123 73 10
122 132 30
94 135 78
36 94 82
23 36 15
141 3 15
177 194 96
38 123 98
61 65 62
165 52 55
145 191 1
88 18 34
15 89 54
82 51 35
134 111 37
37 111 90
45 3 32
174 155 38
178 152 60
146 116 53
63 198 87
126 100 50
7 95 72
166 12 51
12 143 5
161 115 45
115 77 1
70 191 25
159 176 56
77 163 29
16 119 71
66 145 13
158 105 22
62 170 50
23 9 90
173 162 13
103 74 62
109 86 17
192 164 18
166 56 3
50 52 46
28 9 91
14 76 46
197 112 7
144 76 29
188 136 18
105 188 80
181 147 55
60 83 98
115 190 67
10 127 70
90 163 42
166 96 85
161 52 2
46 69 10
178 196 29
126 186 11
70 120 77
20 173 88
39 66 63
42 190 73
147 60 91
61 141 3
110 164 61
125 182 32
40 139 79
199 68 71
175 37 59
33 82 96
138 25 56
6 134 28
160 69 2
187 119 21
35 53 83
14 76 46
82 83 100
148 88 60
169 69 60
41 15 79
54 94 44
107 100 83
34 49 36
33 129 58
175 2 44
71 55 36
86 111 46
22 45 80
165 89 5
2 71 98
26 84 54
182 126 25
177 6 32
194 1 81
78 39 27
171 43 65
184 75 90
8 125 73
161 52 97
131 183 19
172 149 28
38 164 29
123 35 4
195 103 65
73 178 69
45 33 18
44 195 4
44 198 89
4 86 27
171 164 3
129 160 16
85 185 61
56 39 51
16 178 41
177 194 58
128 147 6
55 103 5
181 54 99
125 137 99
82 199 80
61 87 87
40 65 7
49 138 37
30 108 29
189 142 42
186 11 20
70 76 88
70 108 87
68 194 62
195 102 23
38 103 79
81 71 65
57 54 8
107 191 90
39 48 54
104 29 12
194 170 10
62 195 88
20 173 53
167 83 50
86 37 20
19 191 90
138 128 100
55 103 82
77 163 29
97 138 58
182 197 38
73 57 47
187 26 62
176 62 34
163 127 10
34 69 88
144 104 43
21 185 3
137 56 87
118 67 1
166 96 78
91 40 54
131 107 13
137 101 94
41 144 68
75 91 56
186 91 37
50 198 36
29 66 59
151 130 10
124 85 67
189 131 18
138 152 66
180 169 2
52 189 58
184 5 57
155 60 27
128 14 12
96 192 57
44 106 80
20 96 59
191 159 65
31 172 69
35 53 83
16 59 29
7 75 19
60 122 17
68 84 76
43 38 52
170 118 93
40 180 83
175 75 90
107 22 99
119 133 54
146 112 17
139 78 77
22 128 56
119 41 26
25 76 75
62 134 78
46 98 3
74 89 37
123 121 88
167 131 25
118 67 1
93 152 64
77 200 11
6 153 68
179 77 62
25 174 76
41 43 98
139 78 18
99 83 71
69 71 77
125 78 19
40 17 25
23 180 82
68 194 62
122 176 70
128 176 6
140 141 48
68 119 86
57 40 65
19 88 48
171 140 42
196 186 32
21 185 3
156 175 9
136 181 79
193 102 75
84 185 81
198 78 59
195 58 37
18 164 74
95 59 17
144 133 79
196 32 93
68 90 49
15 92 41
43 54 4
65 103 72
120 98 65
199 52 12
113 2 18
171 140 15
179 165 51
38 52 12
174 162 66
163 31 98
35 100 37
4 179 2
50 12 16
128 59 36
87 56 14
156 48 69
38 71 97
147 109 41
186 106 74
102 71 95
165 52 55
161 137 93
106 184 46
145 195 100
34 200 61
98 67 4
22 10 59
66 2 37
60 14 55
5 72 47
61 168 48
86 160 89
69 16 38
138 25 56
198 170 61
121 3 68
85 34 10
72 80 23
28 38 94
111 95 67
193 38 53
9 59 29
41 43 89
145 15 52
123 68 95
179 34 80
90 50 83
63 23 81
175 23 65
78 39 3
45 193 86
5 64 89
100 18 6
173 164 73
166 12 51
171 76 96
135 33 38
181 57 99
193 98 17
79 5 6
180 74 69
163 130 21
14 7 69
186 9 20
83 71 8
36 116 57
141 19 100
111 63 79
60 25 16
12 193 66
196 186 86
151 189 67
78 91 44
46 60 93
168 141 97
175 23 20
182 124 33
172 49 88
146 116 76
37 155 30
91 129 46
69 16 52
41 81 39
103 87 45
128 11 20
188 136 18
40 180 20
92 43 67
195 63 61
82 137 99
30 37 89
24 9 97
65 135 46
139 146 69
151 99 88
93 99 34
122 96 88
42 72 62
144 15 9
159 180 12
185 71 19
93 38 73
110 72 19
61 168 22
174 194 23
161 117 40
134 107 48
166 139 32
161 137 93
163 58 31
158 195 4
88 41 30
195 200 77
142 73 13
136 181 1
16 188 38
25 134 96
194 187 64
47 115 80
95 12 50
106 15 43
3 157 21
180 18 97
155 137 86
45 63 21
122 40 80
110 81 94
55 160 41
194 170 96
149 51 28
70 139 14
159 71 37
7 75 19
17 111 58
143 180 55
115 190 67
35 22 93
13 24 4
176 112 36
7 11 71
136 129 20
163 161 61
41 36 60
165 157 34
112 46 36
107 106 76
178 36 85
177 43 45
60 159 88
145 148 63
175 37 59
159 62 20
175 2 44
84 39 2
73 133 81
10 95 44
139 171 24
166 109 38
29 104 65
12 127 95
152 55 100
5 103 31
1 114 77
162 72 13
173 49 100
92 66 98
116 134 92
145 163 34
136 132 59
57 142 68
48 77 8
99 41 26
45 193 86
84 185 81
36 164 79
115 187 76
184 14 7
57 40 61
72 135 50
90 114 97
125 126 57
92 171 17
183 118 75
104 66 97
113 171 21
138 128 29
48 3 81
168 45 42
186 110 95
125 169 92
80 138 26
184 14 7
52 75 88
140 151 91
108 197 32
30 129 4
156 108 87
24 122 20
69 43 26
111 55 8
171 126 63
26 159 38
68 119 92
52 167 41
40 152 21
60 118 4
193 38 95
158 82 38
147 194 64
1 59 19
152 166 85
50 52 65
166 141 79
172 89 5
15 89 54
30 72 40
175 50 80
25 174 10
112 46 36
108 8 61
105 132 44
1 104 82
189 131 95
1 59 19
4 38 93
86 75 16
115 130 54
86 96 73
22 45 40
149 117 83
199 34 59
20 116 16
155 137 86
35 4 51
138 152 24
156 199 11
93 152 64
71 110 7
198 78 90
34 49 41
25 134 91
74 142 64
93 38 73
79 195 37
41 8 67
107 71 31
39 16 54
195 2 1
58 98 48
199 90 1
191 20 18
74 89 74
186 128 64
132 140 92
45 161 16
151 99 21
90 64 37
101 179 19
188 46 21
107 198 9
65 134 85
109 86 17
195 46 94
122 22 58
184 41 24
38 52 12
26 96 44
169 175 14
85 185 79
192 159 94
179 81 45
122 40 80
172 96 1
119 41 31
90 50 83
46 19 51
78 57 56
111 103 12
123 73 10
197 59 40
16 10 20
7 11 12
121 54 71
6 61 13
198 170 55
28 2 27
10 93 66
41 14 89
10 95 44
5 103 31
195 76 44
35 10 12
145 195 42
71 79 25
28 29 15
113 133 53
7 196 99
198 169 76
158 195 79
136 192 66
42 148 84
117 96 68
36 103 79
199 90 74
167 95 100
165 177 93
36 103 79
195 71 42
78 126 87
97 138 58
163 58 81
56 31 95
91 150 26
2 169 93
15 194 85
31 199 48
164 128 42
79 5 92
136 31 58
52 179 93
95 15 27
173 162 71
91 182 61
169 94 58
180 91 40
61 181 97
105 155 55
61 200 46
26 159 82
179 165 66
148 118 42
45 2 36
5 61 96
5 53 9
48 114 2
97 14 56
70 187 66
166 5 68
107 154 48
30 108 43
47 10 94
22 28 7
184 5 57
180 169 2
62 170 50
126 100 50
174 58 47
101 179 19
117 96 21
27 35 29
53 79 73
127 182 58
77 101 61
163 106 3
8 138 58
98 83 15
187 119 21
70 13 98
136 68 6
43 58 54
78 118 39
50 198 52
61 179 98
117 87 29
172 4 23
117 115 13
89 128 34
25 136 30
104 182 36
147 19 13
167 11 53
106 135 35
153 64 16
199 86 13
28 183 48
175 50 18
24 145 75
172 149 28
48 4 84
1 21 97
6 61 40
92 66 98
42 72 62
127 118 21
12 127 73
180 74 96
110 181 15
84 39 39
81 65 47
87 41 83
89 41 38
84 55 85
62 168 53
107 129 42
71 101 32
61 36 43
137 70 22
12 193 66
126 112 64
136 13 7
130 161 17
61 65 62
166 90 35
33 44 77
19 72 47
98 168 26
101 95 12
149 1 37
158 70 21
174 98 39
167 117 49
105 120 3
7 95 10
136 192 66
15 180 49
8 138 58
174 162 66
51 92 40
131 57 97
190 151 44
156 48 69
53 79 4
50 100 40
198 144 55
34 164 32
194 55 88
180 91 40
64 169 20
40 191 56
18 80 9
11 94 24
98 165 88
87 124 70
163 150 39
51 83 73
28 29 15
188 104 62
186 69 28
107 111 85
162 197 55
125 92 34
71 30 46
24 9 48
40 3 96
139 16 88
151 71 50
10 27 90
30 72 30
81 72 70
70 94 68
70 76 5
43 38 32
16 188 48
40 8 99
146 185 40
37 147 92
114 115 3
151 130 10
33 200 85
73 66 40
18 17 8
131 106 2
178 14 90
132 102 10
61 179 24
84 160 35
181 75 95
77 200 2
23 9 90
49 138 17
137 101 31
70 191 55
62 134 89
182 165 99
197 168 90
74 142 64
16 10 45
11 65 50
89 128 37
2 166 30
114 13 77
33 143 82
43 21 53
94 194 90
52 166 23
71 57 15
103 2 86
105 155 55
60 66 53
54 94 7
3 177 94
97 121 20
37 111 24
123 61 9
4 41 95
104 66 56
84 36 75
29 10 29
28 56 61
188 140 73
139 171 7
81 72 70
10 55 76
39 44 3
131 112 58
154 43 10
182 33 42
150 167 99
19 58 34
76 110 37
192 40 76
186 69 28
127 182 58
6 153 18
93 167 59
115 149 83
116 151 69
111 194 75
144 167 12
51 98 78
4 38 95
171 115 86
73 50 68
114 115 3
127 40 64
48 4 92
164 128 64
