200
37 71 49
181 178 79
139 131 22
50 192 48
119 41 93
143 16 18
119 75 48
18 28 57
186 30 68
11 186 82
180 168 50
52 37 24
49 109 63
92 99 15
89 107 48
18 33 35
116 119 29
53 115 34
65 164 60
179 146 16
185 133 1
171 79 3
57 181 41
10 134 87
12 33 12
94 183 18
14 168 94
34 32 71
112 107 97
101 57 97
53 4 77
156 91 21
189 73 74
60 95 53
88 98 99
175 32 10
61 121 26
199 92 81
47 101 99
114 172 96
18 112 59
83 13 85
74 198 51
111 156 73
33 180 33
37 2 70
4 141 81
82 14 85
138 133 19
160 18 86
170 67 93
57 81 52
111 145 87
108 72 87
189 99 68
15 79 5
12 188 49
128 161 93
81 31 50
156 91 10
74 147 2
27 30 65
52 132 73
199 25 98
18 112 90
8 187 89
39 107 51
185 8 4
173 55 25
6 107 11
133 35 41
101 198 47
138 57 21
87 171 18
76 6 9
85 196 87
185 83 48
123 146 4
11 20 23
56 85 12
171 193 39
73 138 5
10 114 72
50 193 41
111 187 49
120 64 68
96 127 51
10 124 50
60 150 43
140 12 80
188 187 57
113 146 54
11 186 82
176 48 37
74 198 7
148 144 52
9 103 12
146 171 99
87 85 84
70 62 38
27 116 88
148 144 52
37 180 22
116 119 29
36 79 65
99 138 77
27 10 4
123 143 37
18 83 62
30 142 32
93 57 66
129 56 48
197 85 50
134 163 80
181 11 78
10 147 80
190 5 7
44 122 51
196 98 65
52 195 74
44 78 94
27 68 64
158 191 12
96 121 19
139 138 74
78 89 50
57 1 2
3 175 13
131 58 51
142 13 15
163 45 49
189 153 41
83 6 35
36 2 46
116 25 58
197 50 10
30 90 82
43 94 42
40 199 87
97 26 100
113 177 52
89 120 86
23 47 98
172 132 100
8 118 99
105 6 94
23 47 98
184 63 87
188 94 36
114 117 26
107 194 12
55 56 7
111 103 98
75 159 76
22 37 11
23 6 74
12 138 89
102 92 92
130 122 35
64 15 48
94 88 37
88 98 99
108 72 87
47 196 28
21 73 89
170 122 20
87 151 59
120 64 94
46 181 37
158 117 100
78 144 52
88 183 68
83 68 70
161 132 57
135 194 36
196 115 8
74 117 14
3 99 38
110 29 65
64 192 59
152 180 53
48 7 69
94 164 99
131 58 84
101 144 6
102 181 46
115 199 96
105 6 65
176 170 37
134 130 60
50 193 35
118 14 100
151 108 33
106 181 37
163 108 10
139 146 2
118 14 24
36 136 70
17 107 10
198 70 9
193 139 64
45 187 17
17 107 10
33 81 48
78 9 21
81 67 3
120 88 25
174 94 64
128 195 87
47 196 24
154 196 9
114 133 15
143 168 40
177 149 56
57 48 75
22 67 25
61 157 90
168 65 19
56 18 78
47 65 9
55 37 75
20 49 39
169 141 74
38 91 41
12 77 64
175 87 34
52 195 74
148 94 52
136 182 3
43 179 7
184 63 96
31 82 40
138 92 50
84 85 41
133 108 85
59 6 47
84 9 13
51 75 18
158 9 4
174 116 24
47 103 99
177 184 51
135 168 7
125 75 87
197 96 49
110 75 68
112 4 26
102 109 86
145 188 70
151 183 55
64 8 20
8 180 47
125 194 51
44 40 64
36 79 70
13 116 8
149 42 8
152 28 22
41 141 73
64 94 56
116 121 99
94 172 74
75 13 47
169 17 53
95 6 84
194 21 46
69 48 60
87 30 73
169 130 89
64 32 87
87 85 53
17 166 69
54 195 22
129 192 2
82 145 8
125 75 14
169 131 15
57 99 4
116 193 14
101 167 46
126 52 58
155 159 37
30 194 23
88 50 42
179 105 13
199 168 73
14 67 17
49 109 81
111 156 73
136 60 13
60 109 70
135 185 49
11 162 88
38 154 81
34 194 59
143 79 99
23 144 70
158 69 21
26 66 33
152 180 53
136 157 22
181 156 56
110 75 68
153 178 27
178 125 94
98 63 29
79 147 57
73 171 59
141 155 30
185 153 53
8 150 98
124 141 35
148 20 36
110 3 22
103 192 45
128 198 98
162 106 62
1 69 47
96 89 20
160 153 35
139 138 93
76 89 93
102 30 23
5 181 14
151 36 66
7 61 32
15 79 5
172 46 7
102 160 9
22 190 78
199 121 18
31 86 8
119 46 68
36 54 38
93 76 67
111 103 24
101 43 55
181 99 29
159 147 85
98 103 65
37 80 7
126 61 14
74 134 81
161 162 75
110 3 22
177 65 91
183 152 77
17 166 50
104 2 32
176 152 80
35 111 53
73 110 56
99 138 77
115 114 89
138 195 82
130 126 4
152 5 3
17 127 12
22 121 37
182 75 26
17 183 17
77 25 85
107 167 72
34 32 71
182 79 92
184 103 22
26 53 13
118 117 6
152 123 29
170 67 93
18 141 66
100 18 8
56 34 84
78 40 57
169 17 53
188 94 36
66 147 64
174 51 60
79 94 25
78 94 88
140 2 35
135 84 96
119 41 6
116 193 14
176 70 10
100 54 53
133 75 86
106 200 57
52 61 91
150 136 12
104 4 93
70 164 40
157 17 52
50 80 11
141 118 1
47 103 35
6 158 83
8 12 91
171 168 87
129 192 16
56 109 78
85 118 59
177 21 23
141 49 33
39 197 85
185 133 1
111 137 86
25 147 69
177 21 23
189 1 89
133 198 3
53 16 64
80 141 23
53 16 64
44 87 9
189 194 13
75 13 53
55 111 66
128 161 18
122 36 80
168 11 12
58 137 2
25 56 84
179 106 11
81 67 3
196 69 95
143 162 28
37 92 58
100 18 8
159 41 63
183 96 82
144 118 4
180 34 73
112 41 18
13 64 97
76 6 77
152 192 80
151 186 60
47 101 99
54 50 31
23 122 63
51 36 68
188 87 4
72 141 19
23 67 71
160 18 86
65 89 49
63 76 41
2 20 61
31 187 83
33 81 26
181 173 75
10 4 15
162 196 49
57 61 55
81 34 76
39 84 72
57 82 65
102 109 86
44 87 9
51 36 13
161 68 65
142 198 66
47 65 9
109 72 46
194 28 37
105 137 20
38 91 41
158 53 57
118 102 90
199 25 98
11 106 31
30 98 4
168 11 78
143 16 18
71 87 27
24 23 19
193 145 95
127 189 97
100 127 38
161 128 53
10 145 3
111 48 95
96 121 19
191 17 88
70 186 19
29 67 52
115 199 14
95 146 24
165 177 16
77 76 34
73 138 5
139 143 70
176 70 49
33 9 73
164 24 59
95 141 20
10 134 26
146 105 22
99 91 5
135 84 55
143 142 29
45 138 2
129 120 20
131 139 41
79 147 74
83 68 39
17 127 99
120 88 31
151 108 5
88 50 42
60 150 43
63 11 67
198 179 79
89 64 99
161 68 65
85 183 59
124 69 82
17 44 21
167 136 46
126 196 59
181 99 29
43 84 98
56 38 26
43 179 7
69 48 60
39 138 75
171 127 72
65 50 66
146 70 37
19 135 59
176 175 10
131 174 39
8 182 86
40 86 86
171 88 81
43 60 51
151 68 87
34 153 42
97 49 87
37 113 61
26 194 9
184 112 33
56 24 48
140 187 29
80 9 22
35 86 98
194 78 16
180 17 93
26 139 94
67 17 92
67 29 100
35 86 22
134 130 60
58 170 34
14 29 28
170 174 72
182 79 76
179 164 73
41 141 73
103 85 66
23 29 45
160 107 8
122 89 65
65 89 49
100 167 84
14 67 45
25 164 94
142 13 33
195 47 62
82 1 69
55 111 66
155 159 96
53 1 15
197 183 66
94 39 82
153 103 89
179 105 13
70 62 37
115 132 45
54 15 69
110 136 40
118 8 70
115 132 26
64 192 59
112 58 9
22 114 92
132 72 74
21 73 89
29 8 10
42 32 42
37 9 40
78 40 57
43 172 49
88 187 43
141 49 33
180 47 52
111 190 5
171 177 46
97 136 43
25 190 24
4 177 21
94 88 37
32 110 10
82 14 85
43 84 65
4 141 10
39 176 94
9 103 12
25 149 79
107 167 72
125 57 78
45 138 2
45 131 36
104 2 89
46 54 19
25 21 5
29 17 27
27 30 65
120 75 51
91 145 62
88 187 43
199 92 42
78 89 41
153 6 51
162 196 84
116 121 99
100 12 56
95 76 16
152 164 76
16 21 76
54 67 70
23 67 71
11 162 17
184 103 22
102 181 63
58 21 49
192 173 5
85 34 39
60 133 81
163 195 71
24 23 85
123 74 34
189 153 41
155 199 68
200 197 58
105 4 96
161 32 46
13 16 8
167 12 88
55 53 39
14 168 41
7 21 46
170 95 24
105 85 20
77 25 10
38 129 49
149 192 9
145 188 17
85 82 61
57 61 52
57 88 27
193 108 99
155 132 19
150 166 22
146 171 99
69 160 97
69 81 14
145 114 85
145 85 97
163 6 76
58 47 53
104 38 99
35 107 1
64 94 81
144 18 26
19 197 64
100 117 26
39 101 53
129 56 48
84 176 1
43 155 21
170 174 3
163 195 71
121 187 52
46 54 13
9 51 23
61 121 69
74 117 30
6 158 81
126 132 4
135 59 72
120 29 18
144 90 99
73 64 77
147 27 69
19 172 89
138 195 99
102 20 17
105 84 48
161 162 61
142 91 80
83 167 23
189 195 62
59 197 96
69 81 89
23 18 64
56 18 74
144 5 74
143 79 99
154 117 83
102 30 51
139 146 2
7 81 82
128 195 87
53 47 54
52 37 24
33 9 73
43 150 99
63 76 59
58 47 27
165 41 4
152 28 22
165 177 16
24 35 42
50 148 70
151 102 32
179 164 73
143 121 79
13 116 8
61 94 31
131 179 28
91 120 95
103 178 93
142 150 1
85 163 31
24 178 81
86 83 57
52 61 99
134 127 78
12 77 64
63 147 20
28 139 40
130 126 4
124 69 82
134 37 89
153 6 51
23 173 33
180 47 52
39 79 100
144 5 74
31 82 93
175 149 84
116 25 58
104 147 18
103 151 40
163 45 51
102 160 9
19 197 100
53 49 99
93 138 46
47 114 5
57 82 65
54 171 13
115 61 47
138 68 49
15 35 5
188 24 46
183 119 87
87 75 55
103 97 95
195 92 7
181 156 4
7 81 52
61 130 50
44 78 94
3 4 44
18 83 62
185 83 47
155 31 86
57 130 85
144 90 90
186 30 68
193 12 55
180 161 82
69 188 9
122 71 62
66 43 20
176 48 5
32 155 99
146 41 48
66 147 75
36 182 50
70 176 17
33 24 46
21 45 28
134 163 24
59 161 91
112 41 18
106 171 75
44 1 56
66 5 8
67 174 60
191 94 73
136 157 22
6 107 11
34 59 63
90 186 28
127 9 96
8 118 99
185 179 41
84 157 99
112 81 39
186 181 76
170 5 14
5 142 65
14 175 46
183 191 8
112 70 55
176 3 67
43 98 50
29 8 10
197 126 1
58 170 15
159 147 37
126 198 37
99 101 70
38 129 35
167 63 55
59 62 3
147 1 88
47 23 80
153 103 89
85 118 10
1 80 72
194 37 74
60 93 15
102 77 48
19 172 79
87 75 86
117 100 62
143 13 77
93 152 93
133 75 56
199 136 95
18 141 86
91 120 95
98 63 80
4 50 52
102 92 58
13 71 16
196 115 8
87 171 18
85 183 42
59 161 8
29 67 52
198 179 76
3 2 20
6 59 65
49 154 10
126 52 58
84 157 40
122 40 21
179 25 67
91 48 29
193 139 64
10 169 69
148 93 43
51 135 32
167 12 88
114 117 89
188 109 91
105 8 32
63 147 22
151 7 42
52 5 93
185 8 4
135 194 36
104 171 55
65 72 35
179 20 4
132 114 12
174 78 87
137 160 58
133 35 12
184 170 24
9 141 72
154 117 83
91 11 49
51 50 65
188 111 26
190 22 97
55 200 89
109 72 62
76 154 65
152 164 60
22 90 21
29 146 32
171 88 81
74 157 48
152 123 55
191 109 84
91 176 19
158 9 91
99 171 34
111 137 4
173 154 37
185 179 73
6 191 32
173 154 37
120 166 81
54 171 69
44 1 32
164 68 37
172 137 59
106 122 79
16 104 74
193 63 98
95 157 81
28 139 40
100 167 84
179 37 47
66 162 85
183 119 72
104 172 58
180 30 88
88 140 95
71 42 43
65 72 35
81 134 74
143 13 63
130 77 50
143 142 29
136 190 68
10 4 7
25 149 79
128 37 69
142 91 66
91 145 5
83 167 23
18 76 97
45 32 87
193 13 86
145 31 85
99 163 93
78 94 88
200 148 17
123 188 18
40 126 3
111 145 96
13 16 8
117 74 91
86 156 74
99 163 8
149 16 81
134 63 65
150 166 41
42 107 29
136 60 19
161 32 34
18 76 97
104 4 93
51 50 17
67 174 70
8 38 74
135 92 5
61 114 6
142 170 28
151 36 83
142 175 37
37 96 97
81 150 34
188 184 27
101 198 10
105 85 20
47 12 41
167 54 71
20 128 39
184 1 50
78 144 52
72 35 99
56 89 69
67 37 70
193 63 98
37 107 56
79 122 30
31 173 2
126 61 14
9 53 18
8 48 84
88 132 80
78 36 54
14 78 97
54 50 31
169 131 61
60 148 42
83 194 58
180 168 50
175 149 40
134 63 65
186 37 81
77 76 17
64 8 20
197 96 30
92 99 15
101 43 55
120 29 91
26 194 68
57 130 97
113 58 47
112 157 54
19 108 62
178 12 9
6 191 61
121 25 4
164 130 100
25 135 75
113 43 38
197 159 1
66 90 17
104 164 81
22 190 93
1 112 16
73 173 73
179 67 12
88 11 31
147 55 12
178 125 16
4 99 51
190 147 99
178 162 82
86 40 81
59 177 86
25 174 18
4 106 77
12 26 4
110 172 50
164 68 37
52 66 67
95 146 24
69 121 63
23 6 24
120 72 6
10 145 3
74 147 81
196 112 64
34 174 98
115 91 46
194 52 94
9 121 60
73 36 21
114 135 47
53 182 54
139 143 70
105 84 47
57 43 64
194 78 86
53 4 1
152 133 14
117 105 16
109 198 49
199 55 4
160 188 54
25 73 22
131 12 77
138 68 71
171 177 90
103 151 16
114 133 65
100 198 48
157 57 60
66 90 15
114 128 5
1 43 32
121 25 15
142 48 70
151 21 45
97 62 100
121 156 81
43 98 65
78 59 7
95 76 21
191 109 84
149 42 72
47 114 5
135 59 72
147 44 39
81 150 30
