200
23 96 3
50 12 17
21 73 66
9 182 79
43 93 94
86 18 2
3 12 64
33 100 79
186 8 83
96 83 54
127 43 71
56 185 24
103 33 32
26 88 48
142 194 3
58 76 98
94 196 52
161 179 23
107 165 57
171 46 60
50 89 97
129 167 97
179 82 80
6 21 87
37 97 31
174 127 17
7 156 46
19 1 61
148 101 19
27 28 82
70 189 36
158 100 77
189 111 22
74 8 72
152 157 12
15 56 59
156 38 84
122 195 27
134 109 74
83 34 4
65 174 43
99 41 81
139 115 86
146 30 68
140 19 30
179 171 21
166 113 67
44 77 37
11 95 86
171 130 43
54 153 94
94 43 52
5 15 5
104 10 47
5 155 30
123 170 43
172 134 58
25 106 57
129 177 71
182 150 85
75 15 89
138 117 27
51 21 71
156 149 62
187 56 12
3 186 55
173 1 58
91 131 82
59 4 52
154 83 87
83 86 93
173 112 96
82 102 72
105 176 81
101 62 15
86 18 34
121 146 16
118 29 18
186 69 85
186 103 100
36 18 57
164 175 46
157 103 44
137 31 35
66 15 76
144 49 22
114 40 6
139 200 58
22 65 66
168 188 13
134 172 29
139 157 42
2 49 59
191 24 72
9 108 42
144 145 13
168 19 17
32 77 28
183 165 86
35 30 25
86 169 56
169 64 70
70 189 36
81 97 59
135 28 14
123 4 31
153 79 37
9 100 23
21 67 68
158 7 94
8 86 42
171 163 12
168 188 50
64 13 39
78 31 81
131 125 93
160 101 3
65 89 67
73 141 24
106 133 2
181 142 50
126 195 3
162 112 98
197 31 49
27 157 51
34 22 62
38 186 8
91 88 12
78 137 89
112 192 24
13 39 5
89 79 30
19 7 4
184 123 34
34 77 29
49 74 16
122 86 88
60 171 52
96 153 11
132 37 77
52 53 23
191 145 37
119 144 57
6 33 54
145 126 70
174 151 80
159 35 89
27 127 71
73 107 63
77 144 41
20 156 37
75 182 63
112 49 16
179 111 73
7 78 87
143 30 66
194 75 37
117 48 97
79 89 76
13 17 42
166 141 77
200 24 81
183 47 85
73 28 75
23 194 5
72 74 68
131 111 77
121 137 90
183 65 27
143 3 79
49 81 52
181 81 48
137 34 46
21 191 17
17 73 49
164 175 46
35 82 18
69 118 83
173 105 61
70 35 30
146 106 27
150 9 21
84 77 67
193 120 55
142 15 26
37 51 10
13 10 43
57 13 25
45 67 20
139 38 23
146 106 14
57 41 93
82 1 59
136 34 12
13 172 76
123 121 30
39 73 49
55 72 55
122 119 1
116 32 35
139 1 15
55 96 9
113 185 76
79 89 76
150 143 2
154 100 39
128 81 61
70 35 7
98 43 57
153 192 17
81 197 77
29 171 73
177 35 88
34 151 76
123 94 21
16 85 18
107 17 1
136 182 14
197 82 25
153 98 48
24 57 11
109 156 1
75 108 67
198 17 12
134 152 28
15 33 6
135 46 42
12 101 34
125 119 87
167 70 68
54 121 87
129 137 78
130 109 83
136 58 63
95 84 4
187 56 12
88 166 57
142 84 79
44 113 32
81 190 41
16 106 85
169 69 46
172 134 38
174 176 12
179 185 30
135 24 76
140 65 29
40 65 99
77 70 16
91 194 68
98 41 26
165 164 52
74 107 43
48 43 100
137 180 53
56 181 81
71 95 38
175 170 87
112 139 62
112 25 84
65 89 50
11 116 11
184 123 86
103 85 10
172 9 50
19 76 23
56 181 33
30 190 15
90 96 46
131 86 86
11 44 10
164 172 17
119 73 89
163 62 61
122 66 99
111 98 86
154 10 89
115 119 42
137 169 97
139 115 86
148 101 19
119 76 63
76 169 58
26 36 56
57 7 50
108 70 32
154 62 40
80 84 36
55 96 9
49 84 34
167 135 81
129 46 22
136 11 61
25 167 71
133 137 41
196 40 26
8 146 92
112 79 26
24 31 69
13 196 22
18 185 19
147 179 69
71 185 68
42 149 31
66 187 74
164 38 70
194 40 75
140 189 9
31 102 100
50 107 89
54 153 94
20 120 41
69 88 9
40 177 39
174 176 23
74 8 72
13 18 68
49 141 29
175 127 16
41 195 78
64 8 32
124 121 89
2 89 63
6 40 65
51 139 68
155 198 95
72 120 75
117 153 47
50 118 77
102 101 6
50 107 89
77 88 6
145 23 75
139 1 64
97 185 47
35 60 55
198 192 23
182 190 20
149 72 85
151 159 43
119 154 77
165 146 29
91 10 39
3 162 17
1 36 24
127 121 31
35 30 25
7 156 46
73 107 40
24 118 98
61 23 28
178 113 21
81 193 77
88 166 99
7 55 78
30 69 16
115 103 7
126 25 91
20 69 6
175 169 85
182 53 50
5 64 3
61 189 71
90 58 78
58 28 4
157 103 44
181 2 92
187 184 46
31 42 59
54 82 96
44 176 93
98 43 57
79 121 26
51 21 68
143 101 14
101 62 15
197 82 25
138 197 95
177 35 87
34 22 67
162 129 36
3 141 90
125 5 36
149 198 52
118 92 53
80 172 16
140 119 30
149 146 30
162 170 13
65 177 84
152 157 92
32 97 31
165 67 11
131 132 5
143 110 62
27 157 51
82 177 10
111 28 88
175 129 46
24 177 2
34 193 41
190 16 60
114 70 79
58 131 55
143 110 81
145 14 58
64 13 39
140 136 17
146 182 89
133 127 80
34 54 74
68 41 45
59 139 20
62 42 55
28 19 91
39 107 57
163 62 61
174 110 54
42 164 75
31 120 80
146 30 30
144 49 34
13 10 43
13 18 68
183 65 99
169 84 97
76 109 60
197 122 4
107 130 11
141 194 5
17 31 62
54 82 65
92 64 20
17 13 88
3 186 27
194 75 36
58 53 58
165 138 9
15 171 12
69 112 30
72 167 73
189 39 16
185 23 51
75 19 54
48 36 60
91 194 68
196 143 28
92 64 20
54 121 87
86 167 86
112 79 26
160 91 25
163 136 40
132 134 21
147 83 40
37 97 31
98 41 57
139 33 9
115 53 58
118 146 49
127 109 16
153 197 33
123 112 30
30 60 6
21 114 74
84 77 89
29 103 39
86 9 74
179 143 23
196 40 26
58 17 79
24 86 71
163 10 24
99 79 71
192 177 77
69 21 67
72 124 45
147 83 36
173 90 97
85 118 82
27 36 34
84 5 88
85 17 82
27 28 82
142 84 79
106 198 18
117 192 31
27 127 17
57 7 50
7 78 87
61 189 71
182 165 18
195 161 78
138 160 87
75 14 29
156 14 31
150 182 89
123 81 50
45 134 82
19 1 61
61 142 1
60 83 10
50 118 77
56 160 54
134 195 58
104 119 62
15 7 34
90 107 92
192 105 70
78 67 100
25 62 13
151 31 36
108 12 38
62 144 12
141 99 52
69 88 9
178 182 60
74 34 14
137 112 40
152 108 46
124 179 41
71 95 57
48 54 79
14 71 80
161 138 27
146 116 89
41 195 82
192 1 1
131 31 8
32 13 98
7 138 92
200 59 84
93 17 43
31 8 5
200 105 69
188 35 45
140 136 17
152 8 13
108 36 57
119 154 77
179 156 25
157 140 19
145 14 26
66 182 24
72 69 28
34 77 64
2 136 76
134 152 18
7 195 93
7 195 93
137 180 53
63 84 73
167 26 24
129 54 29
6 33 54
171 156 93
66 138 45
126 25 91
192 177 77
110 180 91
139 141 12
52 44 43
97 186 65
112 34 72
41 182 36
103 33 32
57 13 25
16 27 56
102 106 46
158 100 77
152 108 46
118 8 21
199 200 16
95 84 4
101 19 62
184 114 9
89 139 91
125 5 40
86 5 81
162 112 98
8 116 98
192 176 62
163 10 24
192 154 18
130 35 27
120 165 85
179 111 7
170 40 95
120 100 58
186 176 10
88 51 63
31 53 4
129 177 71
5 34 59
16 36 97
150 161 65
38 198 57
112 73 66
45 89 9
160 165 63
69 187 79
156 92 47
74 144 23
71 136 55
70 94 63
69 118 83
107 165 42
188 109 84
122 79 8
12 178 3
26 88 48
110 131 3
167 22 60
82 68 16
116 79 68
95 88 28
12 146 34
26 21 60
7 183 73
90 6 98
3 153 13
108 36 20
192 176 3
29 100 72
155 106 12
143 93 40
84 28 88
135 66 19
52 121 100
25 23 37
24 73 80
19 101 58
28 77 76
171 156 93
175 147 41
117 48 97
53 120 75
75 182 13
97 12 13
189 124 72
44 119 94
90 152 51
4 25 51
91 10 39
134 109 23
69 21 67
135 28 95
114 70 79
69 93 36
169 179 10
95 181 86
107 92 77
77 88 6
79 94 76
135 176 19
37 155 62
122 79 8
199 173 16
173 90 97
20 156 32
16 36 89
45 89 22
60 19 42
4 38 38
81 117 3
200 157 57
120 89 93
12 99 90
132 134 21
59 95 61
63 84 73
37 167 56
163 102 23
60 83 10
3 111 56
49 75 30
102 106 94
74 144 23
25 98 11
197 116 97
177 127 30
131 180 14
174 110 54
95 169 84
27 63 60
17 189 100
186 103 100
58 53 58
149 198 52
177 51 22
50 12 17
92 134 32
85 52 25
85 52 25
100 44 61
41 81 14
136 34 100
134 21 25
24 196 64
60 87 68
71 44 24
106 69 30
171 94 9
121 70 26
192 81 42
102 79 33
128 160 81
37 93 82
135 30 26
140 169 20
24 31 69
114 13 93
128 20 61
36 4 61
22 65 66
173 181 3
78 12 55
116 32 35
183 21 26
153 171 18
59 161 12
179 108 26
34 151 63
143 3 7
20 88 87
90 112 96
178 160 75
89 64 84
162 129 25
146 71 20
149 18 77
52 67 45
175 191 49
168 139 37
46 19 63
131 31 88
178 164 75
92 34 56
110 77 29
70 199 80
34 88 100
198 192 23
82 199 25
46 131 79
136 148 12
93 52 69
168 14 53
1 160 89
52 121 15
87 82 61
116 162 32
52 195 52
64 81 81
127 40 30
42 90 27
179 181 54
150 111 34
97 45 33
175 191 28
177 133 60
122 38 42
93 90 31
130 57 61
166 195 16
48 152 65
6 16 79
89 64 6
121 91 65
9 127 4
199 71 21
188 104 20
129 197 67
97 163 70
18 17 45
164 130 49
185 179 1
28 127 69
24 21 32
75 198 30
62 47 83
157 67 82
45 99 100
177 127 44
4 25 51
72 69 72
154 83 87
146 182 70
99 9 50
182 53 54
115 103 72
11 60 22
5 22 20
77 144 53
35 120 74
75 14 4
189 135 88
44 70 56
199 135 45
139 38 40
74 149 69
173 181 3
8 167 16
193 140 78
12 103 46
65 54 59
119 76 1
105 168 2
154 100 61
35 41 9
65 177 22
79 72 94
3 111 87
40 144 85
88 10 64
164 19 5
93 20 39
131 113 86
193 90 25
62 144 82
130 34 4
35 82 83
159 59 81
118 92 53
46 48 11
103 85 10
191 71 53
4 137 100
65 70 52
73 78 10
189 118 4
170 42 61
8 182 17
181 94 54
57 41 93
15 31 14
18 84 78
98 157 46
175 125 29
90 62 6
12 67 21
28 14 26
20 88 87
43 8 55
169 69 46
145 126 70
5 64 91
188 104 69
6 109 39
41 92 98
99 79 71
88 10 10
43 8 70
135 101 39
56 69 69
22 178 45
192 137 42
19 152 8
45 99 100
113 185 76
13 71 26
152 8 72
103 26 64
22 155 91
121 19 7
60 42 51
87 124 82
7 64 10
76 137 37
111 55 84
90 96 20
175 39 76
136 58 63
56 69 69
86 169 89
149 106 73
193 114 33
61 146 57
115 53 58
55 156 25
106 146 29
133 127 80
155 166 70
65 70 52
73 141 33
26 36 39
174 127 17
188 35 45
143 93 86
191 145 57
134 3 22
189 126 44
155 106 12
59 93 73
7 183 73
75 44 66
20 24 18
41 81 14
11 95 78
80 84 36
41 182 85
55 72 55
140 117 96
104 22 54
11 18 96
150 182 13
17 189 100
46 166 65
199 191 33
41 37 37
61 142 1
1 164 89
65 114 46
130 174 51
189 135 88
100 44 61
85 114 73
193 83 78
93 90 63
6 21 87
92 97 71
87 142 53
119 186 84
149 141 93
64 102 20
62 139 22
167 22 92
124 15 44
115 82 92
167 70 76
40 177 70
107 24 95
150 161 65
82 38 48
106 127 17
66 31 86
66 5 13
11 18 19
171 106 91
15 33 6
90 62 8
70 199 80
173 112 14
44 47 23
134 172 29
31 53 4
116 141 43
191 180 47
114 46 35
122 18 13
128 20 12
171 130 1
178 86 20
107 24 95
170 40 97
43 9 62
76 30 65
112 139 62
103 50 19
5 34 36
122 88 82
13 39 5
200 59 92
161 166 64
22 79 58
71 44 83
168 14 55
121 91 55
63 86 44
19 101 58
74 34 14
58 27 85
18 185 44
168 139 37
124 179 47
39 108 51
70 141 73
150 9 21
111 28 88
72 64 15
89 79 30
107 73 24
58 193 73
161 70 34
186 128 72
148 58 90
93 133 45
47 200 59
193 95 89
81 197 77
106 198 18
103 26 20
61 43 35
143 86 94
1 36 69
153 83 42
182 165 73
40 65 39
106 105 47
194 135 43
78 127 24
62 10 12
124 8 51
63 86 61
163 21 9
60 19 42
86 9 88
16 27 56
41 92 98
110 154 43
36 4 61
94 43 52
76 137 84
41 37 37
175 129 46
42 90 9
178 113 11
77 2 59
149 85 95
50 134 57
82 102 72
114 61 18
64 120 24
199 101 90
8 86 82
16 3 67
144 141 10
122 119 1
167 135 81
77 2 97
185 22 67
8 139 92
50 78 100
17 31 62
121 70 26
79 61 17
43 93 28
97 121 75
23 96 77
123 170 43
183 21 26
136 11 98
200 24 81
142 19 57
104 43 93
125 119 81
88 51 63
12 67 34
12 103 46
167 14 86
187 71 40
