200
23 142 68
170 113 35
124 84 41
150 176 73
165 92 24
94 89 27
30 85 83
49 141 10
171 56 97
15 53 67
45 97 10
121 113 31
22 79 20
28 192 51
171 91 70
171 52 14
153 113 10
33 13 16
69 24 57
24 154 30
51 67 97
65 135 72
188 43 58
35 143 17
81 14 29
96 7 19
42 63 82
47 76 70
75 137 28
118 23 94
179 48 31
189 20 61
192 139 5
15 179 41
23 151 42
72 74 79
171 56 65
132 33 69
36 44 82
10 127 61
4 162 67
184 151 23
72 123 17
129 157 35
172 188 13
148 121 86
43 42 30
66 180 53
48 150 4
113 72 91
84 131 53
106 108 47
30 173 45
155 49 29
142 183 6
196 190 81
40 161 54
14 164 52
36 59 10
191 26 70
4 100 92
75 190 69
96 165 32
9 110 43
148 143 65
54 22 20
26 165 64
72 96 18
3 194 18
107 153 52
148 107 73
38 86 75
200 107 2
84 53 42
85 70 34
41 1 41
48 26 10
20 90 43
100 52 3
2 32 12
23 39 4
100 123 1
132 15 20
102 193 46
36 114 6
12 37 26
157 45 45
60 191 89
2 93 10
103 92 54
43 112 8
83 123 61
185 143 55
151 155 56
144 152 86
76 135 96
189 38 22
100 85 80
107 73 22
152 119 14
110 51 41
128 195 25
103 92 11
178 71 63
50 187 93
194 66 39
128 105 98
131 111 19
110 198 55
74 92 61
172 92 81
142 11 29
118 24 19
187 111 100
32 155 43
196 190 81
116 95 81
174 17 28
176 8 11
99 84 77
11 13 21
149 90 19
20 97 99
184 105 36
145 124 97
82 50 99
10 190 97
168 84 68
26 90 18
115 18 87
124 94 6
134 7 22
61 80 58
141 184 73
144 193 52
147 73 14
91 55 22
194 90 45
84 178 32
52 25 64
101 34 72
153 35 9
83 100 53
78 55 51
114 131 66
35 91 6
35 144 61
17 143 25
82 15 74
117 194 96
121 151 8
55 114 54
71 53 22
53 118 33
41 148 72
115 125 84
20 195 44
183 143 43
27 72 49
58 15 99
194 193 55
71 88 96
82 95 41
140 36 77
30 16 87
123 78 44
101 50 48
56 101 34
156 143 32
15 129 53
82 39 42
4 100 92
179 79 78
167 27 55
177 48 98
106 108 47
50 20 63
111 139 92
40 21 89
62 38 46
103 64 18
89 111 56
59 166 46
73 35 20
25 143 85
126 34 19
65 158 93
97 41 23
75 183 61
64 26 34
98 81 64
171 91 17
114 95 41
175 37 94
148 160 88
44 21 10
145 46 4
93 5 27
147 76 47
64 87 21
84 159 76
40 158 44
145 124 59
5 126 42
112 107 86
142 11 76
41 103 42
18 63 48
108 192 50
88 99 33
182 179 51
90 63 62
96 7 73
179 23 2
53 19 70
29 49 84
71 77 73
175 134 78
168 90 84
45 59 68
83 78 26
174 23 72
199 90 31
79 101 54
50 6 9
199 175 38
198 143 34
153 140 78
70 52 34
107 60 46
188 198 20
23 47 96
144 123 90
104 119 29
93 35 33
113 129 24
62 51 41
45 85 38
91 144 67
77 171 90
128 37 38
158 148 50
45 198 18
168 62 88
54 191 44
16 18 6
23 39 95
114 162 74
19 180 16
114 188 90
55 190 35
95 24 43
106 91 35
183 145 92
13 37 48
148 94 50
118 23 64
198 119 64
6 42 88
179 171 40
185 61 91
77 39 29
30 171 43
162 116 14
165 4 57
59 2 73
87 28 34
198 69 91
109 188 38
5 84 78
104 49 2
98 30 73
155 83 9
92 169 34
198 44 75
17 125 59
52 14 24
51 48 18
182 166 41
186 43 33
135 199 72
16 105 42
43 165 36
22 115 90
11 65 94
132 15 20
57 67 58
172 154 44
175 140 14
194 177 69
18 119 89
98 109 21
12 118 16
110 87 37
107 200 77
194 141 45
16 18 6
70 67 88
98 180 76
85 75 75
23 142 68
69 166 19
148 45 95
142 180 80
134 90 13
31 76 97
188 43 58
8 2 37
87 28 34
98 180 28
180 6 40
178 71 63
97 164 17
107 60 67
122 107 81
68 103 47
197 170 99
2 177 18
120 147 44
98 165 62
23 181 47
37 127 36
105 32 30
86 160 63
68 15 95
101 14 23
48 66 31
158 157 96
60 5 90
57 135 71
150 77 47
84 4 57
136 37 76
55 170 43
21 101 59
114 87 23
96 144 85
22 146 61
88 34 86
125 21 51
48 126 96
72 136 19
64 47 65
33 144 73
107 49 24
181 141 83
133 192 40
70 50 49
22 2 56
74 150 23
60 162 65
196 71 78
49 163 76
64 142 100
90 5 57
138 136 70
92 135 74
156 99 13
8 77 53
187 26 43
35 85 82
176 61 3
72 74 79
84 25 61
31 34 41
155 186 28
193 24 48
181 162 22
171 15 99
71 134 8
35 7 36
157 20 63
190 82 11
109 188 72
13 3 30
48 126 96
5 136 85
114 162 74
82 61 37
179 37 26
106 53 84
26 67 49
176 82 70
67 180 55
25 26 86
16 128 50
177 25 40
122 120 59
98 141 71
200 115 5
56 10 54
194 6 71
40 158 43
182 96 13
147 24 39
52 96 53
27 72 49
74 194 18
94 141 33
42 86 11
180 143 56
139 122 100
49 151 43
77 85 6
26 90 30
85 75 44
65 61 23
32 189 51
23 55 2
3 12 98
42 112 62
200 137 94
56 148 32
143 61 30
75 86 65
146 136 83
166 139 72
56 28 83
121 151 10
24 159 47
157 45 62
144 111 40
45 128 86
127 6 94
31 122 20
120 18 100
35 142 3
59 69 51
199 90 81
145 106 40
131 32 62
53 19 70
90 63 62
130 162 14
107 145 55
91 124 93
88 70 59
98 81 64
84 189 23
54 4 78
149 132 70
59 186 56
76 135 96
51 176 53
178 110 36
129 45 12
155 12 90
72 114 69
142 107 77
82 50 99
158 7 98
111 110 65
56 10 28
35 108 35
148 77 77
170 126 46
40 9 11
58 134 27
103 18 59
1 23 83
52 102 72
104 50 72
66 27 3
189 41 6
105 62 52
110 183 61
195 89 58
199 180 96
155 189 38
108 173 19
54 174 22
62 197 72
97 196 25
5 128 24
135 174 15
125 3 64
49 163 42
89 118 16
194 92 47
38 86 75
72 123 65
148 143 15
174 118 94
19 196 84
10 125 78
82 195 74
179 62 50
53 118 33
37 155 84
163 133 77
56 101 34
129 24 57
105 63 23
42 200 13
78 162 61
79 183 5
200 107 56
11 34 100
45 30 22
81 73 20
160 169 18
31 122 77
112 46 55
126 109 69
150 176 48
129 157 35
48 149 32
84 18 69
47 108 55
44 86 29
110 96 61
165 4 86
179 69 24
179 171 46
55 114 15
104 56 33
122 120 13
191 111 36
11 2 60
177 35 41
173 86 2
12 200 39
13 124 84
17 101 58
189 78 6
52 147 45
110 51 41
156 8 36
31 159 79
81 73 20
23 151 30
168 117 50
103 44 44
76 134 97
76 127 34
165 11 94
12 169 43
31 159 79
168 49 63
75 108 71
57 107 51
6 158 18
85 128 44
98 135 4
10 127 61
116 24 79
91 199 3
123 199 18
49 120 48
33 116 19
98 141 14
81 156 14
68 157 43
108 53 24
72 114 69
75 88 21
47 192 47
24 192 74
177 95 8
20 90 41
79 10 73
196 114 27
29 130 16
63 123 92
165 162 11
67 32 97
49 75 56
44 118 1
80 53 94
91 100 70
80 165 10
50 187 35
200 137 48
63 123 92
170 10 100
191 38 19
39 66 73
192 139 5
26 173 77
135 189 84
198 120 73
170 197 34
67 75 17
146 79 99
120 18 100
149 63 87
49 46 80
1 41 75
69 91 66
48 98 68
158 193 79
95 99 6
134 23 23
15 179 63
133 142 16
1 175 16
187 127 31
46 14 13
182 156 27
108 67 32
140 36 77
51 178 63
18 83 81
109 149 79
89 124 30
12 157 46
29 130 100
31 141 93
157 63 98
176 8 11
12 37 26
181 174 100
74 172 64
97 10 41
103 9 90
40 179 42
164 81 43
60 26 55
116 43 49
165 14 56
126 179 75
132 64 87
103 16 65
147 3 69
26 173 72
169 173 5
196 111 8
193 192 77
156 143 32
69 80 80
170 96 79
114 147 88
172 58 21
143 193 71
47 182 48
82 75 86
34 66 100
137 100 20
195 57 96
119 65 4
111 173 86
149 90 44
34 79 55
51 176 53
42 86 36
134 200 10
137 166 92
10 108 61
33 132 68
57 107 76
68 157 43
101 50 98
178 110 85
194 177 69
82 58 86
16 19 86
94 26 97
28 157 39
156 125 20
129 53 80
69 15 98
55 108 75
27 142 1
67 180 55
42 200 4
49 198 13
199 147 42
36 63 56
113 168 9
159 162 17
121 157 95
178 189 29
111 30 32
40 179 47
69 30 23
193 179 14
60 26 83
20 97 60
110 183 61
3 194 80
11 62 66
172 128 49
101 3 46
138 123 67
177 87 1
184 31 93
186 43 8
107 42 71
60 162 65
13 37 48
149 178 60
161 6 28
81 185 91
180 143 25
55 28 35
198 39 19
182 96 11
82 95 41
195 60 16
22 158 35
20 141 46
65 81 81
82 195 74
138 123 67
116 43 49
85 89 71
43 129 24
123 45 25
28 157 86
25 18 26
13 100 89
102 193 97
143 19 70
107 200 40
168 90 16
35 157 1
82 99 56
175 5 60
66 175 96
146 70 85
86 10 40
110 107 36
22 111 14
128 101 52
64 48 52
121 118 96
159 133 85
147 24 39
12 118 16
144 134 11
123 53 94
107 42 98
103 44 44
197 153 22
32 155 44
83 60 53
198 22 7
105 137 91
35 157 1
93 5 96
141 184 12
164 50 65
156 193 63
42 112 62
87 159 77
118 116 42
181 141 3
140 62 84
193 179 14
191 149 55
53 65 2
6 158 88
82 1 35
93 188 21
39 67 37
198 80 88
190 82 11
118 95 29
7 162 100
176 18 95
172 83 32
148 21 87
184 151 23
168 62 88
69 43 1
198 22 72
170 113 35
35 85 5
42 139 4
129 24 10
121 55 11
77 124 75
67 2 55
59 170 8
83 78 49
43 167 45
169 168 5
100 123 27
84 17 38
74 172 29
158 169 98
103 64 18
127 165 89
12 116 32
37 180 25
35 143 17
173 26 64
12 67 70
58 45 30
147 76 79
185 61 91
89 118 57
75 98 39
6 73 23
129 169 61
6 38 3
6 156 89
190 9 21
6 159 27
17 13 74
87 1 12
84 123 17
48 66 31
123 96 38
94 141 33
82 15 84
69 48 57
104 69 59
46 49 96
186 127 87
133 185 61
59 170 8
151 49 11
187 172 38
30 119 13
153 74 56
13 39 41
50 20 63
10 32 79
107 125 31
140 92 63
23 154 70
84 189 93
85 104 93
72 21 94
99 166 8
85 142 100
147 31 71
9 163 43
132 62 81
122 10 35
52 74 46
152 36 84
37 54 75
74 106 88
34 79 78
68 60 76
33 132 68
148 77 44
151 90 70
149 103 37
94 26 97
53 34 78
64 26 80
54 37 44
194 90 82
27 142 31
155 77 44
179 62 9
30 150 41
7 25 36
200 21 64
87 114 4
149 63 84
43 129 24
71 26 27
143 19 70
16 157 31
8 161 57
113 87 22
157 72 77
116 156 22
133 185 50
108 161 50
164 73 51
187 60 47
82 1 35
118 24 19
101 83 92
199 100 29
17 143 82
146 136 83
41 103 82
116 156 64
153 113 37
155 12 90
36 91 72
42 139 4
178 189 29
11 2 21
84 80 94
44 21 10
59 186 82
131 54 38
49 198 39
153 8 12
111 139 92
62 38 40
74 106 88
76 134 97
187 19 98
55 98 68
195 9 42
29 49 84
76 155 4
54 4 35
105 20 50
128 111 68
25 119 81
185 146 32
106 68 13
96 51 19
42 104 18
65 158 12
124 106 90
76 39 30
24 192 74
118 158 43
127 120 20
67 141 99
36 162 32
35 69 78
83 88 92
96 121 94
96 101 97
8 174 15
128 143 86
177 24 93
16 85 71
197 10 95
63 3 74
14 164 81
175 5 60
152 194 95
68 183 81
148 21 87
12 67 70
96 165 26
87 1 80
29 152 20
172 196 50
85 24 40
76 127 34
16 64 54
61 153 79
163 25 58
40 21 74
32 38 92
108 192 58
147 31 36
43 24 96
1 119 43
178 94 6
28 98 61
5 126 19
95 148 11
177 84 69
196 32 71
144 22 21
71 88 62
94 74 45
95 99 6
53 114 57
23 196 78
77 85 3
32 128 17
58 15 97
104 182 60
11 65 59
159 187 30
40 165 57
75 183 61
152 93 100
192 194 54
56 60 68
53 88 5
113 87 22
197 87 84
177 48 98
177 165 21
126 179 92
54 182 63
94 53 32
148 107 75
199 175 99
135 143 29
174 179 56
157 22 71
79 90 70
106 20 49
148 171 73
66 175 87
48 123 29
49 151 43
196 114 27
49 9 44
160 169 69
175 155 66
78 162 70
84 29 100
145 106 40
111 110 65
55 192 61
79 183 5
40 9 11
196 174 3
87 125 75
134 173 24
183 28 93
176 182 18
105 32 30
111 159 31
186 88 39
49 9 44
132 60 12
119 63 19
197 10 86
115 18 4
178 34 37
130 171 77
97 170 52
188 13 88
16 89 11
172 188 87
118 95 81
88 99 2
85 20 70
68 60 15
11 21 6
25 18 26
171 52 87
42 137 100
115 125 63
180 65 93
112 107 62
157 20 70
119 156 97
13 16 87
192 194 54
94 53 13
93 167 53
6 73 71
172 83 99
123 78 44
67 75 9
174 167 48
177 55 79
48 178 32
172 154 44
168 113 86
79 101 45
22 2 56
140 92 55
174 3 56
68 144 74
193 24 67
196 32 71
151 84 50
125 21 48
45 198 18
118 116 42
48 26 10
33 14 95
80 54 6
192 10 78
123 96 5
134 7 100
39 79 64
137 166 92
187 19 43
164 139 76
70 52 34
191 160 72
162 172 66
151 84 50
34 66 100
95 24 43
40 161 54
56 146 26
45 30 51
119 152 48
179 79 78
110 107 36
33 122 96
12 197 48
160 96 21
172 128 49
174 3 56
165 25 5
22 166 85
192 131 1
12 197 48
157 68 27
83 88 92
101 3 46
93 152 96
111 108 78
