545 2104
1 348 98
1 466 98
1 386 76
1 340 68
1 369 92
1 312 91
2 522 52
3 446 26
3 382 43
3 518 64
3 352 73
3 496 15
3 365 86
3 369 69
3 325 49
3 319 60
3 339 33
3 525 40
3 543 23
4 465 82
4 351 14
4 354 19
4 472 25
4 450 99
4 398 51
4 477 92
4 525 64
4 296 55
4 382 8
4 516 15
4 493 43
5 361 83
6 291 67
6 380 55
6 296 37
6 333 86
6 509 65
7 535 44
7 460 16
7 371 93
7 273 75
7 319 74
8 458 16
8 441 5
8 388 87
8 538 48
8 428 88
9 406 57
9 274 85
9 307 68
9 532 28
9 443 75
9 407 27
10 317 97
10 500 87
10 423 79
10 545 74
10 274 76
10 404 17
10 483 99
10 276 27
10 283 97
11 485 19
11 315 29
12 306 21
12 415 89
12 475 47
12 436 32
12 528 32
12 471 62
12 403 94
12 318 89
12 291 24
12 356 30
12 453 7
13 360 39
13 388 3
13 425 21
13 323 12
13 305 4
13 483 5
14 450 7
14 464 69
14 391 39
14 385 87
14 460 67
14 369 56
14 415 70
14 381 68
14 349 57
15 406 13
15 449 89
15 496 28
15 509 17
15 343 66
15 537 78
15 344 56
15 417 87
15 276 83
15 518 98
16 383 1
17 416 57
17 516 26
18 460 24
18 288 73
18 330 38
18 461 51
18 505 97
18 275 90
18 274 48
18 427 77
18 287 53
19 296 64
19 363 13
19 521 95
19 431 20
19 329 29
19 294 79
19 514 42
20 496 54
20 276 34
20 439 76
20 396 63
20 318 75
20 434 50
20 288 6
21 301 62
21 510 8
21 430 64
21 340 29
21 438 83
21 521 16
21 414 37
21 305 14
21 455 3
21 399 47
22 434 81
22 488 46
22 404 66
23 342 49
23 495 16
23 501 59
23 514 80
23 527 21
23 442 80
23 391 59
23 462 26
23 528 15
23 414 21
24 466 46
24 513 50
24 535 76
24 337 46
24 516 30
24 442 65
24 445 25
24 326 94
24 520 50
24 310 73
24 542 68
25 496 76
25 320 43
25 494 33
25 489 62
25 521 65
25 475 61
25 516 17
25 353 50
25 447 10
25 364 49
25 374 38
25 370 83
26 466 14
26 307 92
26 282 38
26 455 74
26 321 96
27 471 43
27 528 95
27 327 91
27 447 80
27 316 47
27 391 87
27 429 18
27 427 79
27 534 7
27 434 69
28 411 8
28 345 49
28 274 78
28 277 52
28 466 32
28 305 72
28 498 97
28 415 72
28 532 73
29 333 26
30 374 19
31 437 55
31 435 19
31 426 42
31 522 75
31 411 6
31 316 72
31 337 8
31 534 67
32 294 63
32 513 53
32 538 91
32 320 90
32 446 28
32 403 52
33 361 55
33 365 82
33 285 88
34 509 29
34 298 56
34 445 16
34 358 82
34 545 58
34 274 91
34 329 10
34 312 1
34 334 32
34 437 96
34 411 7
34 521 11
35 308 16
35 424 21
35 501 65
35 275 48
35 451 78
35 396 87
35 391 76
35 364 49
35 422 5
35 524 42
35 526 16
35 310 10
35 473 12
36 325 43
36 285 17
36 486 16
36 468 58
36 514 50
36 541 1
36 439 77
36 448 90
36 411 10
36 536 44
36 341 17
36 522 11
36 409 36
36 532 96
36 298 27
37 475 33
37 429 74
37 538 74
37 312 75
37 285 2
37 294 56
37 448 48
37 316 33
37 455 27
37 515 42
37 440 50
38 359 65
38 319 78
38 465 34
38 321 83
38 345 86
38 290 41
38 277 6
39 394 70
39 514 16
40 525 75
40 333 94
40 405 43
40 286 81
40 510 96
40 480 30
40 475 21
40 532 6
40 404 76
40 339 48
41 321 38
41 369 43
41 317 90
41 433 49
41 517 16
41 304 30
41 382 68
41 442 40
41 285 9
41 544 56
41 373 95
41 322 83
41 362 88
42 344 17
42 292 1
42 450 35
42 392 98
42 528 56
42 543 26
43 507 57
43 532 76
43 285 5
43 525 65
43 426 81
44 483 52
45 526 39
45 528 32
45 308 92
45 323 78
45 409 71
45 544 36
46 276 43
46 457 56
46 318 78
46 518 4
46 463 8
46 498 75
47 444 29
47 425 18
47 283 54
47 315 19
47 467 1
47 439 96
47 460 15
47 298 21
47 413 91
47 421 6
47 342 26
47 417 81
47 360 61
48 305 31
48 454 64
48 364 79
48 296 19
48 445 72
48 333 34
49 338 78
50 498 9
50 366 97
50 521 76
50 289 97
50 538 76
50 346 61
50 282 37
50 352 20
50 399 53
50 279 28
50 361 10
50 406 13
50 514 93
50 383 60
50 360 69
51 467 38
51 500 72
51 388 39
52 527 75
52 538 8
52 457 50
52 531 61
52 516 60
52 276 34
52 499 6
52 495 11
52 291 18
53 468 40
53 428 71
53 359 63
53 284 37
53 363 7
53 373 70
53 463 29
53 444 66
53 305 32
53 339 42
54 535 56
54 291 42
54 353 40
54 294 59
54 445 94
54 485 67
54 526 64
54 482 95
55 411 14
55 351 88
55 446 1
55 451 62
55 290 27
55 505 7
55 455 80
55 535 96
56 535 26
56 392 28
56 333 48
57 507 37
57 356 43
57 478 91
57 319 65
58 293 44
58 532 97
58 398 49
58 296 89
58 467 90
58 321 4
58 537 42
58 520 64
58 376 94
58 510 38
58 344 96
58 336 17
59 286 96
59 435 36
59 299 48
59 390 55
59 527 93
59 454 96
59 539 38
59 403 92
59 463 23
59 474 17
59 397 78
59 316 45
59 493 56
59 352 57
60 330 10
60 543 44
60 362 2
60 398 19
60 528 94
60 506 98
60 495 64
60 276 77
60 388 95
60 429 62
60 430 46
61 531 78
61 352 73
62 520 92
62 472 71
63 319 25
63 445 7
63 480 24
63 512 30
63 496 90
63 410 83
63 508 61
63 435 77
63 342 72
64 444 54
64 424 40
64 374 6
64 487 99
64 337 43
64 462 28
64 379 19
64 421 5
64 491 33
64 353 33
64 285 93
65 431 97
65 456 62
65 506 76
65 402 44
66 513 97
66 418 52
67 448 20
67 423 40
67 390 85
67 346 10
67 305 16
67 301 23
67 395 46
68 411 21
68 534 97
69 344 10
69 425 55
70 489 15
70 278 65
70 297 74
70 507 48
71 519 66
71 423 29
71 301 64
71 391 54
72 528 93
72 286 65
72 297 34
72 279 68
72 367 44
72 386 41
72 540 45
72 290 41
73 294 98
73 293 73
73 306 62
73 300 31
73 454 80
73 309 32
73 340 39
73 348 63
73 282 21
73 503 92
73 333 63
73 487 39
73 457 17
74 512 60
74 500 78
74 378 45
74 354 18
74 278 63
75 410 90
75 298 68
75 395 59
75 544 46
75 486 32
76 287 34
76 371 12
76 297 89
77 420 5
77 297 87
77 327 85
78 330 72
78 469 42
78 517 68
78 542 70
78 307 82
78 471 47
78 274 48
78 444 35
78 413 79
78 343 75
79 343 82
79 479 27
79 330 12
79 324 28
79 534 74
79 305 66
79 535 26
79 486 37
79 367 34
79 542 86
79 444 89
80 360 51
80 404 80
81 515 51
81 323 77
82 356 82
82 308 53
82 433 42
82 537 29
82 295 20
82 316 90
82 528 28
82 381 51
82 319 77
82 353 49
82 348 50
82 511 94
82 430 68
82 324 35
83 294 13
83 526 31
83 353 10
83 313 39
83 519 88
83 328 8
83 388 41
83 308 48
83 386 18
83 372 57
83 333 67
83 297 86
84 455 52
84 449 71
84 304 1
84 393 96
84 448 21
84 533 61
84 294 18
84 303 93
84 351 1
84 457 93
84 286 6
85 426 7
85 531 60
85 454 84
85 411 55
86 384 75
86 393 34
86 366 78
86 339 25
86 423 71
86 487 57
86 474 3
86 350 21
87 514 56
87 545 79
87 320 12
87 437 92
87 508 44
87 292 36
87 318 34
87 472 35
87 416 85
87 449 61
87 316 34
88 528 38
88 337 56
88 465 51
88 536 81
88 447 28
88 442 89
88 300 77
89 448 75
89 402 34
89 399 19
89 520 25
89 516 4
89 495 79
89 450 4
89 389 53
89 298 65
90 376 14
90 315 40
90 538 33
90 292 96
90 295 29
90 529 50
90 459 51
90 494 44
90 540 17
90 499 9
90 388 69
90 278 74
91 283 57
91 402 66
91 328 59
91 447 20
91 348 45
91 522 27
92 447 47
92 445 98
92 280 25
93 418 53
93 345 50
93 467 35
93 286 94
93 388 82
93 474 68
93 356 2
94 487 31
94 486 76
94 348 33
94 536 88
94 318 91
94 443 70
94 280 21
95 493 95
95 305 53
95 427 65
95 494 5
95 287 88
95 394 6
95 425 7
95 506 64
95 365 19
95 488 20
95 313 3
95 322 18
95 462 68
95 474 60
96 530 5
96 453 58
96 422 53
96 456 57
96 538 54
96 481 41
96 424 61
96 367 89
97 543 97
97 337 2
97 427 46
97 480 81
97 411 49
97 283 14
97 277 40
97 340 76
98 371 80
98 414 83
98 290 86
98 332 46
98 370 64
98 297 67
98 465 80
98 507 22
98 466 58
98 539 93
98 532 18
98 315 88
98 341 31
98 298 16
98 285 92
99 278 65
99 410 1
99 293 42
99 370 26
99 541 19
99 285 80
99 427 32
99 333 37
99 351 30
99 289 59
99 329 6
99 543 55
100 500 64
100 384 58
101 519 7
101 333 56
101 363 93
101 332 25
101 398 43
101 471 40
101 356 20
101 397 31
101 536 22
101 304 95
101 288 38
101 431 78
102 373 31
102 475 98
102 312 60
102 415 23
102 275 72
102 406 58
103 529 82
103 516 10
103 539 81
103 359 81
103 533 8
103 502 87
103 527 22
103 353 95
104 467 48
104 481 46
104 512 57
104 428 86
104 321 59
104 342 12
104 280 16
104 480 63
104 498 51
104 352 37
104 353 25
104 327 64
104 442 88
104 379 75
105 543 72
105 541 34
105 499 79
105 523 46
105 360 88
105 290 41
105 401 49
105 296 33
105 367 77
105 512 7
105 500 87
105 276 47
105 340 73
105 277 55
106 441 77
106 490 26
106 276 49
106 429 6
107 369 4
107 321 47
107 276 91
107 331 74
108 467 74
108 378 35
109 468 37
109 326 26
109 363 62
109 360 68
109 409 48
109 302 23
109 362 98
109 538 9
109 276 70
110 339 7
110 458 37
110 418 48
110 461 2
110 366 61
110 486 99
110 475 80
110 427 46
110 457 15
110 408 68
110 324 50
110 285 99
111 413 12
111 494 38
111 538 61
112 491 86
112 439 25
112 458 87
112 484 19
112 373 61
112 313 41
112 421 84
112 413 98
112 412 60
112 310 44
113 352 9
113 437 62
113 486 79
113 283 81
113 479 85
113 275 54
113 456 9
113 449 78
113 360 76
113 511 67
114 448 18
114 308 30
114 284 25
114 463 88
114 312 7
114 347 23
114 371 2
114 435 76
114 414 6
114 545 24
114 382 35
114 330 26
114 310 87
115 357 1
115 377 82
115 313 23
115 499 35
115 472 79
115 448 47
115 287 29
115 348 23
116 468 39
116 313 87
117 308 57
117 502 53
117 317 37
117 450 2
117 475 65
118 458 30
118 283 15
118 449 42
118 361 21
118 396 35
118 381 71
118 339 43
118 313 57
118 421 1
118 320 99
118 352 13
118 328 39
118 428 40
118 457 8
119 420 92
119 371 36
119 345 10
119 320 83
119 284 74
119 311 78
119 350 99
119 433 63
119 505 19
119 538 29
120 545 32
120 541 48
120 336 44
120 478 79
120 369 42
120 367 67
120 452 35
120 350 70
120 459 21
120 300 36
120 497 47
120 542 91
120 526 81
120 477 14
120 433 90
121 300 17
121 513 58
121 541 26
121 509 23
121 312 35
121 401 67
121 456 9
121 433 89
121 404 16
122 403 46
122 463 51
122 487 48
122 380 69
122 395 62
122 489 24
122 369 65
122 401 67
122 382 95
122 343 14
122 523 89
122 488 87
122 496 27
122 531 64
123 351 15
123 544 34
123 413 65
123 468 43
123 375 18
123 365 4
123 389 60
123 397 2
123 426 55
124 466 95
124 509 92
124 302 58
125 417 20
125 357 74
125 448 40
125 347 83
125 398 62
125 510 23
125 535 58
125 408 29
125 351 33
125 451 90
125 281 19
125 446 66
126 362 8
126 454 97
126 358 71
126 289 80
126 283 95
126 360 68
127 403 24
127 315 3
127 511 89
127 301 93
127 425 11
127 287 88
127 338 70
127 334 25
127 330 91
127 475 85
127 525 55
127 339 45
127 445 96
128 531 53
128 347 76
128 414 5
128 371 4
128 294 91
128 433 27
128 489 13
128 465 51
128 508 66
128 460 29
128 475 98
128 512 32
128 308 25
129 510 15
129 449 99
129 499 35
129 488 21
129 541 33
129 286 80
129 315 7
129 483 87
129 318 71
129 518 90
129 496 69
129 469 27
129 347 64
129 294 52
130 301 13
130 379 38
130 499 32
130 403 73
130 376 74
130 380 87
130 489 94
130 464 66
130 535 89
130 472 4
130 290 93
130 483 80
130 352 54
130 323 83
131 459 17
131 539 58
131 303 74
131 363 91
131 365 62
131 298 86
132 397 73
132 449 71
133 489 89
133 409 71
133 368 53
133 398 75
133 343 39
133 509 10
133 414 81
133 444 86
133 532 35
133 432 77
133 369 28
133 286 75
133 436 99
134 409 14
134 294 35
134 530 56
134 509 25
134 288 44
134 524 31
134 349 49
134 508 10
134 433 32
134 492 27
134 332 53
134 502 27
135 529 24
135 474 70
135 496 14
135 275 16
135 527 77
135 322 65
135 452 77
135 433 78
135 517 41
135 394 49
136 464 61
136 509 20
136 421 98
136 312 49
137 437 84
137 276 85
137 445 3
137 375 68
137 371 17
137 499 52
138 313 78
138 335 83
138 382 4
138 471 23
139 526 18
139 522 67
139 421 18
139 339 56
139 387 25
139 342 61
139 431 57
139 515 44
139 308 1
140 387 48
140 509 16
140 530 39
140 316 67
140 438 70
140 445 57
140 465 12
140 317 50
140 324 96
141 310 58
141 414 65
141 541 73
141 489 36
141 432 26
141 400 95
142 303 46
142 403 64
142 456 8
142 485 63
143 397 11
143 304 1
143 452 48
143 540 40
143 518 67
143 545 90
143 350 98
143 439 11
144 342 48
144 330 22
144 280 53
144 434 80
144 481 91
144 390 17
144 327 20
144 333 51
144 444 34
144 394 45
144 290 18
144 331 32
144 368 11
144 383 5
144 384 3
145 478 82
145 452 25
145 532 38
145 274 50
145 400 81
145 385 41
145 398 23
145 490 10
145 515 61
145 498 54
145 409 94
145 444 34
145 473 99
146 513 1
146 430 75
146 385 72
146 356 76
146 533 72
146 327 47
146 496 64
146 282 28
146 286 43
146 515 78
147 334 74
147 467 56
147 359 17
147 301 74
147 340 61
147 286 1
147 312 46
147 365 76
147 364 53
147 438 6
147 408 97
147 503 66
148 336 15
148 464 29
148 369 41
148 438 17
148 463 70
148 435 25
148 517 13
148 474 92
148 323 26
148 446 97
148 529 83
148 416 20
149 538 50
149 424 59
150 522 73
150 534 41
150 431 59
150 427 64
150 337 40
150 295 74
150 429 39
150 357 47
150 304 64
150 342 93
150 430 65
150 433 66
150 373 61
151 538 10
151 522 15
151 283 78
151 424 41
151 470 29
151 408 2
151 400 35
151 390 60
151 368 43
152 532 36
152 406 56
152 417 77
152 459 39
152 318 16
153 312 51
153 294 52
153 434 77
154 387 73
154 449 96
154 523 25
154 348 3
154 414 28
154 314 5
154 308 17
154 285 88
155 394 65
155 278 24
155 357 27
155 373 68
155 447 65
155 453 48
155 279 52
155 405 4
156 341 63
156 288 3
156 374 78
156 404 48
156 439 56
156 351 54
156 441 18
156 476 16
156 424 98
157 311 30
157 526 6
157 302 4
157 408 87
157 545 1
157 510 59
157 307 88
157 361 94
157 480 86
157 283 20
157 429 68
157 372 42
157 388 59
158 519 82
158 347 10
158 448 61
158 305 52
158 515 63
158 278 78
158 311 8
158 464 91
158 436 78
158 498 87
158 418 4
158 308 74
158 529 76
158 283 13
158 444 72
159 483 5
159 436 22
159 339 20
159 519 79
159 425 9
159 365 4
159 415 97
159 358 98
159 408 13
159 413 2
160 280 64
160 471 64
160 411 39
160 458 74
160 462 78
160 531 28
161 465 83
161 277 61
161 538 5
161 443 21
161 454 68
161 510 87
161 273 4
161 335 90
161 411 39
162 399 9
162 475 7
162 323 52
162 351 18
162 373 99
162 299 14
162 346 25
162 539 46
162 306 16
162 415 90
162 377 65
163 477 1
163 363 89
163 442 34
163 375 56
163 459 84
163 304 11
163 538 48
163 297 51
163 313 99
164 322 14
164 381 69
164 364 18
164 440 99
164 460 59
164 312 20
164 527 13
164 374 71
164 519 91
164 363 5
164 499 17
164 506 18
164 504 29
165 362 40
165 286 1
165 452 96
165 444 46
165 338 81
165 465 14
165 428 88
165 389 39
165 315 19
165 310 23
165 346 83
165 448 14
166 352 28
167 514 94
167 342 27
167 386 48
168 442 37
168 425 57
168 488 39
168 533 53
168 478 91
168 385 26
168 306 39
168 284 88
169 441 52
169 286 58
169 473 79
169 517 1
169 404 53
169 509 54
169 285 12
169 445 73
169 398 47
169 367 71
169 505 49
169 394 34
170 479 59
170 338 39
170 326 30
170 367 35
170 285 63
171 448 60
171 323 95
171 278 46
172 386 34
172 363 86
173 327 32
173 420 25
173 299 86
173 519 24
174 305 55
174 453 47
174 496 78
174 493 65
175 383 37
175 375 15
176 310 61
176 339 8
176 424 93
177 521 23
177 427 34
177 293 87
177 368 85
177 492 64
177 422 12
177 479 11
178 372 66
178 540 56
178 381 46
178 427 93
178 436 89
178 539 97
178 360 27
179 341 4
179 455 90
179 411 32
179 419 30
179 424 93
179 307 55
179 472 66
179 486 27
179 396 55
180 309 15
180 488 30
180 537 99
180 514 64
180 274 94
180 382 82
180 444 35
180 434 35
180 317 72
180 504 51
180 343 45
180 513 8
180 380 2
180 544 75
180 365 75
181 505 32
181 311 35
181 345 24
181 342 21
181 329 75
181 309 79
181 296 92
181 495 34
182 401 57
182 474 21
182 278 74
182 510 75
182 487 6
182 500 84
182 352 68
182 517 53
182 506 28
182 385 95
182 537 79
182 392 73
182 404 55
182 538 64
183 528 47
183 274 16
183 494 83
183 401 22
183 355 11
183 374 21
183 347 39
183 412 52
183 326 19
183 289 2
183 348 15
183 434 57
183 414 97
183 474 59
184 465 31
185 538 45
185 419 52
185 454 75
186 470 22
186 376 96
186 277 42
186 537 44
186 541 21
186 420 7
186 431 30
186 374 50
186 288 5
186 373 97
187 346 18
187 359 13
187 328 23
188 441 2
188 412 20
188 419 68
188 326 87
188 334 8
189 494 37
189 411 53
189 338 69
189 483 71
189 463 95
189 304 6
189 385 2
189 344 72
189 349 60
189 412 49
189 392 87
189 363 10
189 362 22
190 390 83
190 396 43
190 364 4
190 378 52
190 473 59
191 498 23
191 274 4
191 520 95
191 389 77
191 340 92
191 513 60
191 419 17
191 458 41
191 296 35
191 449 7
191 392 79
191 365 13
191 487 37
192 511 30
192 484 71
192 326 24
192 351 8
192 388 99
192 319 6
192 302 50
192 507 1
192 471 37
192 529 43
192 543 48
192 523 46
192 516 81
193 321 63
193 313 94
193 399 75
194 544 35
194 492 70
194 437 19
194 495 50
194 416 60
195 431 45
195 472 83
195 321 12
195 446 60
195 292 61
195 300 10
195 516 55
195 420 55
195 374 70
195 425 94
195 458 93
195 310 48
196 479 12
196 469 58
196 335 38
196 286 98
196 463 75
197 515 43
197 442 98
197 487 2
197 525 58
197 400 85
198 511 60
198 311 48
198 488 31
198 302 12
198 346 97
199 456 22
199 400 65
199 502 1
199 393 37
199 527 60
199 311 63
199 487 77
199 443 84
199 285 88
199 395 12
199 422 48
199 364 39
199 405 96
199 283 95
199 286 46
200 419 67
200 348 48
200 430 54
201 304 98
201 331 69
201 526 6
201 534 57
201 531 77
201 341 60
201 318 27
201 487 21
201 334 49
202 477 3
202 344 59
202 351 23
202 469 64
202 400 29
202 446 49
202 401 12
202 359 33
202 488 89
202 297 69
202 292 58
203 393 33
203 292 84
203 395 35
203 392 73
204 337 50
204 470 87
204 438 27
204 413 5
204 418 2
204 469 7
204 503 13
205 419 19
205 513 13
205 407 93
205 458 33
205 538 42
205 545 91
205 382 65
206 463 88
206 350 41
206 286 11
206 482 40
206 428 14
207 458 74
207 333 25
207 405 65
207 351 47
207 284 19
207 532 89
208 515 84
208 408 62
208 494 57
208 473 97
208 422 90
208 410 21
208 312 14
208 337 35
209 427 32
209 511 8
209 276 90
209 299 33
209 433 22
209 497 19
209 303 42
209 304 90
209 345 41
209 456 11
209 537 71
210 488 96
210 382 8
210 456 20
210 508 68
210 497 1
210 284 29
210 378 48
210 280 93
210 285 70
210 390 60
210 491 49
210 410 85
211 544 40
212 509 9
212 337 16
212 396 18
212 518 45
212 313 55
212 399 22
212 423 22
212 404 72
212 516 19
212 424 7
212 360 60
212 298 57
212 381 98
212 375 9
212 373 88
213 373 21
214 476 72
214 299 84
214 311 84
214 511 54
214 471 75
214 398 22
214 480 81
214 329 64
214 460 93
214 310 56
214 293 68
214 411 43
214 285 28
214 434 43
215 339 75
215 513 83
215 494 23
215 484 50
215 497 25
215 349 7
215 337 2
215 523 97
215 486 35
215 356 19
215 410 89
215 532 99
215 542 78
216 457 1
216 383 60
216 390 11
216 416 2
216 355 21
216 518 59
216 471 73
216 371 98
216 470 75
217 378 64
217 343 31
217 509 64
217 367 86
217 495 34
217 286 53
217 347 51
218 428 98
218 309 54
218 406 79
218 330 45
218 435 75
218 315 32
218 400 77
218 508 35
219 370 49
219 428 84
219 333 82
220 483 19
220 423 74
220 275 50
220 472 66
220 448 65
220 541 76
220 475 44
220 462 81
221 414 5
221 296 82
221 364 54
221 392 48
221 279 83
221 374 54
221 428 44
221 536 1
221 343 19
221 336 91
221 396 85
221 387 38
221 415 72
222 326 49
222 501 47
222 373 36
223 282 65
223 469 10
223 373 54
223 489 3
223 410 69
223 527 82
223 440 76
223 465 53
223 506 37
223 441 77
223 320 54
223 290 25
223 417 25
224 449 98
224 440 66
224 537 87
224 306 42
224 344 53
224 469 48
224 394 68
224 407 45
224 439 6
224 379 95
224 358 90
224 543 31
224 288 32
225 281 58
225 497 44
225 419 63
225 492 46
225 440 10
225 520 70
226 329 28
226 314 14
226 471 1
226 432 55
226 382 22
226 497 41
226 359 12
226 413 22
226 533 7
226 489 2
227 464 12
227 449 7
227 484 1
228 332 20
228 292 75
228 430 20
228 449 26
228 380 97
228 421 95
228 303 20
228 539 1
228 404 78
228 412 91
228 512 59
228 343 14
228 456 64
228 281 71
229 373 38
229 396 25
230 313 32
230 392 90
230 399 90
230 339 67
230 419 83
230 507 96
230 518 11
230 307 97
230 539 11
230 451 66
231 305 2
231 352 41
231 385 27
231 431 62
231 307 44
231 438 94
231 399 89
231 335 90
231 536 12
231 412 57
232 299 39
232 320 19
233 293 65
233 416 50
233 426 90
233 449 70
234 511 50
234 388 23
234 475 42
234 294 42
234 408 58
234 364 70
234 393 74
234 538 97
235 468 74
235 477 11
235 346 21
235 428 39
235 397 17
235 375 24
235 371 64
235 333 23
236 458 15
236 422 32
236 388 94
236 441 78
236 310 73
236 405 16
236 303 48
237 366 65
238 545 25
238 399 73
238 364 60
238 404 80
239 486 85
239 321 14
239 376 26
239 330 41
239 522 77
239 340 13
239 459 47
239 446 88
240 413 56
240 332 69
240 339 8
240 421 31
240 447 66
240 490 30
240 514 87
240 506 33
240 289 74
240 299 51
240 342 74
240 350 87
241 536 93
241 399 17
241 543 4
241 314 33
242 292 56
242 377 12
242 386 97
242 487 34
242 293 75
242 456 77
242 327 18
242 541 84
242 275 10
242 423 94
242 390 12
242 509 61
242 488 85
242 460 80
242 443 61
243 509 4
243 406 76
243 464 75
243 407 66
244 438 46
244 347 24
245 377 63
245 391 13
245 416 44
245 517 29
245 306 15
245 339 90
245 395 73
246 417 99
246 453 72
246 507 87
246 308 69
247 397 11
247 400 92
247 537 85
247 436 66
247 519 16
247 504 14
247 411 14
247 396 79
247 336 52
247 346 23
247 428 22
247 452 72
247 543 18
248 538 27
248 351 48
249 507 93
249 399 90
249 302 70
249 536 12
249 383 18
249 448 50
249 312 57
249 355 9
249 508 92
249 481 98
250 320 54
250 364 6
251 498 60
251 407 86
252 384 44
252 278 85
252 473 37
252 516 7
252 331 42
252 480 51
252 481 92
253 313 95
253 318 95
253 534 88
253 337 63
253 308 62
253 312 87
253 403 94
253 537 2
253 509 42
253 491 40
253 381 26
253 279 3
253 501 67
253 287 97
253 498 83
254 353 29
254 284 61
254 296 70
254 384 20
254 349 53
254 518 83
254 310 93
254 475 67
254 317 62
254 416 9
254 461 54
254 532 92
254 423 8
255 448 38
255 465 84
255 367 66
255 537 76
255 343 76
255 402 55
255 323 98
255 291 94
255 472 82
255 441 48
255 443 56
255 328 63
256 362 62
256 390 8
256 401 50
256 443 59
256 370 28
256 325 3
256 521 92
256 435 89
257 457 61
257 370 57
257 468 76
258 281 37
258 332 23
258 292 97
258 437 10
259 416 3
259 386 28
259 299 27
259 316 55
259 462 8
259 458 94
259 510 86
260 369 63
260 446 58
260 335 74
260 357 50
260 400 26
260 486 13
260 293 98
260 390 88
260 493 47
260 462 13
260 518 15
261 480 56
261 447 90
261 320 76
261 401 43
261 280 9
262 341 34
262 275 6
262 394 62
262 537 4
262 544 47
262 308 80
262 317 8
262 300 30
262 487 54
262 374 78
262 319 45
262 474 96
262 489 67
262 479 56
262 427 93
263 348 48
263 372 69
263 508 76
263 330 44
263 429 91
263 447 84
263 496 78
263 333 76
263 520 79
263 376 90
263 464 72
263 306 10
263 482 63
264 525 23
264 460 66
264 454 7
264 461 34
264 441 59
264 486 19
264 520 92
264 455 50
264 337 46
264 322 90
264 355 40
264 458 83
265 289 51
265 447 45
265 429 95
265 519 48
265 312 67
266 523 3
266 372 21
266 493 91
266 438 20
266 496 66
266 385 87
266 440 15
266 325 32
266 333 52
266 289 24
266 441 55
266 389 29
267 364 83
268 395 14
269 293 75
269 300 71
269 311 44
269 486 8
269 527 87
269 438 72
269 308 12
269 459 38
270 516 48
270 369 63
270 480 44
270 432 2
270 363 78
270 402 36
270 425 61
270 504 41
270 385 40
270 304 82
270 295 29
270 503 12
270 348 88
271 434 51
272 438 19
272 441 44
272 479 56
272 344 78
272 367 91
272 348 2
272 439 7
272 315 94
272 409 37
272 491 21
272 274 63
