640 2506
1 523 53
1 548 17
1 535 84
1 343 44
1 550 75
1 490 84
1 426 57
1 324 34
1 612 91
1 480 4
1 373 41
1 554 2
1 390 53
1 429 30
2 633 93
2 562 83
2 606 27
2 380 60
2 406 32
2 620 3
2 391 81
2 537 97
2 448 35
2 511 55
2 560 17
3 606 26
3 591 51
3 534 50
3 329 6
3 413 55
3 574 24
3 501 16
3 386 76
3 572 73
3 554 44
3 476 29
4 627 96
4 568 12
4 521 83
4 608 94
4 413 50
4 443 50
4 603 45
4 392 70
4 347 13
4 619 90
4 426 16
4 332 61
5 427 73
6 452 98
6 331 24
6 407 16
6 473 70
6 630 41
6 572 18
6 461 56
6 373 81
6 398 30
6 471 28
6 600 49
6 620 33
6 529 7
6 364 28
6 614 37
7 328 79
7 450 26
7 456 25
7 420 79
7 373 86
7 511 64
7 570 86
7 356 16
7 388 76
7 597 38
7 487 53
7 580 32
8 429 52
8 638 65
8 409 42
8 468 26
8 516 10
8 574 90
8 561 77
8 620 8
8 402 32
8 487 9
8 634 45
8 515 36
8 443 56
9 454 88
9 463 47
9 394 67
9 349 83
9 373 35
9 372 61
9 418 43
10 509 22
10 328 9
10 573 90
10 582 87
10 401 65
10 372 37
10 405 75
10 353 9
10 521 13
11 610 8
11 473 39
11 511 33
12 430 87
13 588 86
13 567 4
13 604 17
14 573 87
14 499 2
14 388 40
14 433 43
14 542 30
14 566 21
14 524 5
15 528 71
15 562 80
15 331 88
15 437 24
15 541 98
15 461 18
15 583 19
16 481 32
16 568 42
16 637 76
16 454 10
16 549 10
16 606 44
16 434 74
16 474 55
16 625 61
16 583 73
16 631 16
16 381 68
16 559 94
16 640 24
16 424 69
17 558 13
17 367 49
17 395 69
17 515 84
17 609 30
17 470 80
17 480 82
18 634 95
18 480 18
18 599 14
18 357 2
18 610 4
18 332 19
18 392 8
18 439 76
18 533 14
18 341 76
18 570 91
18 471 93
18 554 75
19 385 96
19 555 56
19 449 78
19 599 76
19 576 60
19 463 42
19 540 33
19 529 41
19 458 66
19 479 28
19 520 61
19 495 26
19 386 81
19 509 2
20 513 67
20 418 40
20 477 54
20 624 14
20 603 87
20 612 39
21 515 50
21 588 47
21 613 58
21 619 95
21 630 8
21 441 40
21 427 56
21 404 48
21 563 84
21 407 60
21 453 39
21 428 77
21 330 2
22 481 48
22 512 73
22 545 57
22 328 70
22 367 93
22 426 25
22 343 87
22 440 48
22 478 41
22 436 29
22 586 90
22 523 53
22 321 76
22 341 23
23 413 18
23 488 40
23 591 36
23 636 59
23 431 62
23 360 4
23 501 54
23 626 25
23 597 50
23 474 97
23 419 82
23 422 68
24 557 20
24 433 86
24 362 84
25 499 56
25 478 7
25 353 88
25 547 83
25 573 24
25 617 33
25 557 29
25 507 11
25 396 69
25 431 61
25 498 89
25 427 1
26 407 91
26 482 9
26 470 19
26 560 68
26 503 43
26 433 31
27 562 18
27 620 38
27 526 8
27 589 48
27 494 1
27 588 76
27 324 74
27 609 47
27 523 23
27 365 23
27 395 59
28 345 88
28 484 25
28 629 6
28 337 1
28 481 63
28 512 85
28 355 22
28 449 2
28 498 69
28 604 53
28 390 89
28 564 88
28 368 30
28 619 66
29 533 98
30 514 73
30 500 4
30 487 63
30 599 17
30 556 32
31 341 30
31 624 40
31 443 38
32 503 3
32 604 48
32 513 77
32 386 9
32 423 6
32 366 13
32 402 10
32 597 77
32 418 11
32 465 6
32 629 51
32 369 81
32 468 37
32 624 84
33 598 99
33 551 28
34 345 24
34 447 96
34 609 66
34 629 74
35 436 78
35 492 29
35 536 50
35 461 78
36 568 81
36 576 3
36 636 3
36 498 71
37 387 83
37 587 7
37 535 91
37 412 30
38 346 49
39 606 87
39 343 4
39 558 53
39 388 86
39 420 76
39 466 16
39 353 89
39 503 59
39 557 76
39 599 79
40 585 83
40 600 79
40 636 85
40 640 61
40 515 89
40 527 5
40 398 35
41 528 92
41 545 35
41 337 64
41 349 65
41 482 59
41 469 73
41 452 98
41 619 98
41 402 27
41 358 4
41 468 10
42 547 39
42 371 93
42 466 4
42 482 15
42 587 22
42 391 33
42 330 50
42 336 80
42 347 46
43 599 42
43 469 47
43 610 80
43 434 76
43 372 15
43 538 3
43 394 49
43 387 66
43 393 98
44 335 96
45 458 41
45 614 13
45 589 66
45 634 49
45 396 15
45 559 56
46 487 65
46 591 83
46 466 28
46 410 30
46 413 54
46 556 87
46 534 50
46 454 13
46 474 79
46 374 21
46 444 83
46 518 75
46 382 69
46 508 58
47 587 52
47 508 12
48 368 9
48 418 58
48 554 93
49 335 45
49 606 55
49 460 87
49 492 51
49 437 57
49 554 25
49 493 32
49 533 99
49 593 31
49 636 62
49 411 96
50 501 72
50 553 45
50 453 88
51 517 58
51 519 56
51 479 50
52 560 22
52 333 51
52 589 92
52 451 55
53 563 97
53 434 68
53 348 97
53 402 94
53 575 20
53 462 74
53 375 97
53 581 41
53 577 44
53 500 30
53 590 5
53 561 9
54 621 55
54 602 70
54 581 2
54 422 78
54 449 33
54 427 70
55 327 6
56 454 22
56 449 87
56 503 20
56 490 50
56 580 82
56 471 48
57 322 38
57 337 86
57 330 11
57 539 3
57 515 3
57 440 89
57 465 57
57 452 65
57 338 38
57 608 47
57 590 87
57 634 90
57 561 56
57 616 38
57 594 50
58 596 34
58 401 59
58 499 86
58 443 33
58 619 92
58 552 63
59 344 89
59 580 19
59 557 56
59 321 77
59 534 17
59 593 51
59 393 46
60 522 70
60 545 67
60 595 78
60 575 18
60 484 15
60 581 46
60 343 81
60 564 87
60 501 86
61 450 39
61 404 41
61 481 40
61 478 47
61 341 43
61 407 18
61 457 23
62 339 15
62 547 88
62 409 76
62 402 33
62 348 55
62 328 88
62 411 29
62 517 33
62 626 18
63 599 89
63 440 84
63 572 49
63 500 68
63 586 55
63 429 25
63 388 85
63 409 38
63 606 12
63 362 95
63 430 71
63 490 69
63 574 69
63 477 75
64 626 10
64 490 57
64 468 63
64 620 47
64 507 20
64 560 45
64 470 92
64 504 46
64 354 21
64 574 72
64 486 95
64 410 42
64 441 89
64 517 41
64 588 19
65 607 91
65 595 82
65 384 39
65 606 45
65 381 1
65 526 25
65 590 62
65 459 32
66 411 20
66 572 32
66 442 15
67 391 56
67 490 2
67 614 36
67 573 48
67 404 46
68 478 54
68 583 46
69 440 13
69 361 66
69 449 75
69 576 92
69 539 41
69 566 10
69 420 87
69 340 25
69 587 44
69 533 64
69 338 77
70 464 72
70 536 13
70 510 35
70 511 45
70 577 20
70 421 20
70 540 14
70 329 33
70 568 24
70 416 69
71 349 50
71 408 48
71 603 26
71 405 43
71 513 16
71 478 6
71 358 89
71 475 91
71 431 11
71 543 72
71 390 26
71 344 42
71 446 96
72 345 76
72 360 74
72 354 43
72 464 99
72 424 42
72 540 29
72 568 57
72 594 75
72 382 81
72 467 97
72 582 54
72 578 48
72 574 19
73 344 79
73 373 11
73 420 82
73 488 16
73 576 35
73 481 14
73 547 30
73 502 76
73 549 63
73 379 18
73 615 50
73 394 49
73 381 26
74 354 5
74 452 98
74 434 34
74 516 34
74 610 92
74 535 52
74 593 30
74 589 17
75 509 58
75 356 70
75 452 76
75 410 21
75 417 72
75 532 4
75 533 67
75 494 93
75 609 69
75 421 51
75 451 71
75 611 95
76 598 96
76 372 26
76 505 78
77 492 9
77 555 94
77 621 38
77 518 12
77 566 13
77 495 20
77 534 14
78 348 57
78 335 93
78 469 51
78 382 16
78 605 25
78 396 59
78 392 42
78 425 47
78 496 6
78 620 3
78 541 18
78 350 3
78 457 22
79 338 41
79 487 7
79 374 95
79 326 63
80 570 11
80 516 63
80 617 83
80 495 94
80 382 67
80 332 78
80 476 54
80 363 30
80 358 78
80 608 20
80 368 25
80 584 40
80 502 54
80 558 40
81 389 18
81 517 97
81 384 45
81 432 14
81 325 82
81 346 69
81 380 56
81 507 78
82 618 8
82 471 51
82 475 22
82 637 46
82 407 69
82 538 77
82 455 93
82 464 4
82 560 38
82 522 2
83 381 98
83 371 75
83 481 2
83 407 49
83 449 36
83 353 19
83 355 90
83 458 15
83 448 97
83 357 86
83 360 46
83 432 39
83 624 18
84 461 8
85 582 51
85 321 62
85 588 1
85 511 6
85 330 76
86 517 28
86 551 24
86 497 26
86 480 7
86 597 32
87 473 55
87 544 32
87 344 73
87 620 21
87 595 10
87 413 76
87 339 36
88 617 74
88 382 81
89 634 23
89 345 41
89 370 79
89 395 38
89 582 68
89 432 61
89 363 26
89 334 23
89 391 68
89 397 72
90 522 69
90 560 32
91 413 68
91 372 34
91 596 14
91 604 94
91 496 7
91 514 77
91 610 88
91 397 28
91 535 10
91 625 77
91 544 72
91 334 68
92 478 70
92 531 94
92 638 4
93 446 46
93 521 69
93 445 6
93 595 21
93 487 51
94 341 72
94 576 57
94 440 94
94 454 67
94 466 72
94 526 25
94 384 32
94 441 44
94 343 50
94 425 5
94 366 56
94 502 53
94 362 38
94 383 1
95 441 86
95 508 98
95 548 59
95 557 27
96 385 3
96 491 99
96 568 47
96 373 47
96 526 72
96 443 45
96 393 68
97 547 11
97 322 68
97 435 74
97 621 57
97 567 80
97 412 54
97 575 62
97 349 52
97 377 19
97 380 60
97 464 12
97 511 39
97 472 47
97 505 23
98 549 82
98 334 45
98 617 44
98 490 77
98 575 6
98 352 22
98 326 20
98 333 31
98 537 69
98 358 8
99 536 6
99 491 87
100 387 43
101 343 3
101 453 21
101 411 4
101 534 25
101 341 85
101 630 49
101 386 99
101 575 62
101 591 56
101 449 58
101 365 87
101 384 70
102 404 51
102 367 94
102 619 2
102 520 20
102 609 40
102 339 75
102 359 59
103 593 13
103 458 5
103 581 21
103 541 54
103 629 3
103 538 69
103 584 66
103 531 24
103 516 49
103 404 80
103 341 98
104 452 66
104 441 52
104 378 92
104 381 12
104 611 60
104 501 31
104 560 15
104 589 35
104 363 26
104 540 90
104 447 48
104 628 60
104 582 26
104 525 87
104 454 57
105 378 8
105 336 55
105 523 27
105 629 18
105 349 11
105 340 29
105 391 33
105 636 46
105 471 74
105 633 39
105 353 82
105 412 67
105 443 1
105 364 55
105 395 20
106 345 25
106 395 50
106 638 82
107 629 57
107 558 91
107 549 36
107 428 77
107 420 40
107 411 35
107 507 71
107 374 5
107 332 5
107 594 50
107 600 69
107 424 65
107 405 44
107 593 94
108 500 67
108 522 46
108 352 62
108 602 12
108 432 96
108 371 32
108 383 69
108 551 69
109 469 34
109 468 6
109 466 18
109 640 72
109 402 77
109 604 64
109 508 14
109 528 80
109 491 7
109 323 65
109 461 97
109 428 78
109 416 68
110 579 96
110 474 22
110 338 30
110 624 15
110 517 92
110 354 46
110 570 6
110 328 24
110 491 83
110 531 76
111 484 10
111 633 95
111 433 88
111 526 99
111 553 55
111 567 93
111 327 8
111 571 29
111 600 19
111 592 13
111 585 88
112 548 58
112 570 30
112 631 59
112 413 67
112 537 57
112 555 8
112 591 91
112 333 25
112 393 44
113 463 5
113 343 67
113 599 65
113 354 26
113 399 71
114 585 24
114 540 32
115 616 96
115 429 4
115 571 85
115 559 63
115 611 45
115 395 51
115 322 30
116 397 8
116 455 77
116 497 89
116 457 64
116 578 59
116 635 86
116 606 98
116 430 36
116 375 78
116 527 66
116 582 80
116 354 38
116 414 92
117 519 70
117 463 48
117 378 36
117 491 39
117 411 15
117 568 99
117 488 39
117 613 72
117 626 43
117 381 30
118 609 62
118 399 29
118 618 32
118 332 61
118 340 11
118 338 25
118 535 34
119 515 49
119 518 43
119 536 7
119 610 99
119 525 51
119 349 89
119 633 68
119 565 43
119 345 32
119 468 39
119 324 45
119 507 68
119 368 88
119 396 99
120 428 45
120 501 33
120 441 32
120 625 62
120 394 49
120 379 68
120 549 46
120 482 48
120 511 46
120 397 12
120 447 58
121 528 65
121 452 48
122 507 27
122 564 36
122 459 28
123 347 26
123 321 88
123 568 12
123 409 45
123 606 17
123 382 38
124 595 32
124 464 92
124 465 19
124 623 58
124 515 68
124 405 96
124 533 82
124 489 61
124 511 94
124 471 4
124 539 54
124 354 31
125 558 17
125 606 96
125 356 1
125 345 99
125 534 62
125 399 56
125 323 88
126 433 2
126 621 96
126 601 95
126 401 42
126 368 86
127 370 42
127 551 41
127 501 8
127 413 5
127 476 13
127 564 57
127 459 57
127 425 44
127 406 83
127 338 8
127 529 2
127 523 39
128 453 43
128 360 90
129 533 1
129 608 50
129 531 66
129 638 85
129 520 18
129 381 54
129 605 12
129 543 17
129 515 10
129 527 40
129 379 27
129 471 26
129 483 26
130 505 55
130 543 57
130 467 16
130 475 41
130 484 36
130 579 50
130 331 33
130 379 17
131 431 28
131 323 88
131 454 77
132 339 48
132 457 37
132 332 47
132 358 11
132 511 47
132 387 10
132 492 94
132 409 61
132 633 57
132 510 71
133 371 56
133 630 38
133 586 35
134 538 12
134 589 77
134 505 88
134 629 75
134 583 25
134 564 31
134 473 67
134 627 78
134 376 86
134 528 31
134 610 2
134 421 87
134 571 67
134 475 66
135 421 65
135 636 89
135 387 10
135 501 74
135 586 73
135 407 61
135 504 88
135 490 38
135 509 81
135 405 8
135 631 2
136 512 69
136 353 1
136 417 45
136 425 66
137 633 69
137 373 54
137 482 98
137 436 19
137 566 80
137 335 30
137 512 58
137 597 62
137 506 58
138 596 91
138 471 96
138 542 21
138 606 99
138 561 61
138 574 6
138 409 45
139 375 23
139 624 80
139 449 44
139 640 30
139 512 72
140 419 47
140 637 97
141 592 83
141 489 77
141 602 47
141 595 74
141 599 96
141 423 81
141 435 73
141 429 55
141 519 31
141 633 23
142 622 12
142 516 17
142 544 77
142 400 3
142 577 68
142 548 87
142 340 36
142 607 7
142 440 27
143 461 51
143 424 82
143 584 76
143 363 40
144 366 88
144 634 76
144 501 75
144 448 62
144 338 78
144 569 89
145 560 57
145 428 16
145 545 94
145 516 23
145 637 57
145 368 15
146 498 42
146 362 33
146 581 56
146 621 61
146 554 81
147 429 84
147 545 36
147 560 66
147 575 98
148 399 88
148 350 44
148 425 29
148 522 42
148 349 54
148 499 92
149 557 8
150 389 23
150 436 45
150 339 95
150 505 15
150 412 8
150 567 37
150 512 59
150 596 97
150 496 22
150 382 19
150 551 95
150 613 65
150 501 73
150 583 8
151 520 18
151 443 94
152 611 21
152 332 88
153 394 27
153 566 55
153 323 80
153 579 46
153 540 46
153 326 66
153 358 47
154 367 10
154 505 42
154 401 99
154 385 32
155 382 47
155 344 20
156 530 24
156 628 97
156 521 49
156 473 93
157 385 49
157 514 27
157 535 42
157 427 8
157 490 5
157 483 73
158 469 58
158 376 40
158 621 62
158 586 89
158 611 70
158 568 92
158 362 91
158 414 70
158 503 50
159 347 9
159 507 54
159 559 27
159 357 38
159 450 28
159 518 77
159 470 98
159 548 30
160 521 68
160 325 97
160 444 95
160 554 59
160 362 66
160 410 75
160 499 99
161 329 72
161 373 68
162 472 25
162 371 15
162 483 68
162 504 68
162 572 78
162 631 80
163 456 23
163 414 81
163 431 22
163 341 6
163 570 84
163 534 77
163 377 76
163 602 18
163 335 50
163 555 29
164 576 82
164 636 39
164 385 65
164 520 96
165 603 59
165 490 22
166 462 16
166 580 50
167 433 97
167 535 74
167 353 10
167 362 9
167 396 15
167 322 92
167 617 65
167 344 62
167 375 18
168 459 3
168 635 68
168 335 77
168 455 2
168 353 81
169 395 30
169 551 74
169 498 5
169 401 57
169 585 6
169 600 71
169 394 15
169 377 52
170 593 91
170 344 80
170 521 45
171 547 30
172 585 83
172 600 36
172 622 35
172 536 75
172 628 9
172 529 3
172 459 98
172 375 19
173 632 71
173 501 5
173 609 71
173 437 15
173 322 67
173 371 30
173 385 41
173 634 22
173 423 60
173 415 74
173 435 49
173 605 73
173 499 27
173 422 1
173 488 9
174 600 91
174 625 92
174 353 3
174 370 17
174 593 45
174 464 36
174 360 45
174 519 82
174 610 30
174 376 63
174 473 84
175 513 9
175 507 29
175 413 28
175 444 42
175 417 93
175 404 65
175 405 78
176 597 83
176 376 10
176 633 25
176 528 3
176 351 90
176 418 89
176 561 76
176 433 30
176 525 92
176 407 91
176 498 18
176 454 31
176 600 72
176 348 3
176 545 82
177 326 28
177 352 43
177 489 83
177 461 6
177 410 86
178 592 53
178 635 82
178 553 26
178 496 23
178 550 42
178 548 51
178 342 82
179 402 21
179 339 13
179 404 94
179 584 19
179 323 80
179 570 83
179 360 94
179 482 44
180 366 91
180 440 83
180 406 88
180 405 3
180 604 13
180 519 41
180 339 16
180 498 43
180 485 54
180 602 64
180 627 98
180 439 91
181 556 81
181 584 26
181 542 2
181 449 84
182 639 59
182 616 88
182 495 79
182 508 26
182 333 1
183 365 84
183 325 3
183 480 61
183 371 39
183 337 8
184 616 55
184 387 18
185 430 98
185 443 73
185 342 38
185 324 47
185 384 77
185 629 59
185 437 91
185 534 44
186 385 55
186 587 81
186 356 92
186 363 46
186 337 38
186 423 39
186 460 71
186 362 58
186 514 43
186 466 60
186 507 2
186 389 95
186 498 12
186 427 10
187 361 59
187 599 92
187 359 5
187 608 69
187 482 43
187 460 7
187 627 81
187 560 27
187 595 63
187 596 6
187 433 85
187 563 98
187 538 45
187 386 81
187 435 27
188 402 51
188 497 14
188 444 22
188 387 34
188 375 58
188 322 30
188 628 78
188 377 95
188 551 33
188 615 87
189 470 61
189 345 13
189 618 44
189 362 18
189 585 79
189 556 6
189 329 59
189 343 6
190 398 88
190 566 14
191 565 45
191 600 43
191 437 9
191 409 17
191 382 85
191 631 62
191 538 28
191 465 18
192 352 86
192 480 60
192 426 40
192 532 94
192 375 90
192 360 32
193 360 92
193 611 46
193 623 79
193 378 61
193 508 54
193 629 80
193 478 81
193 535 97
193 618 71
193 555 81
193 489 81
193 327 93
193 530 37
194 405 9
194 445 83
194 476 1
195 519 27
196 579 92
196 554 57
196 567 68
196 387 81
196 334 8
196 470 6
197 439 6
197 506 49
198 470 95
198 531 2
198 516 60
198 388 9
198 624 73
198 380 48
198 415 67
198 509 23
198 609 13
199 443 26
199 542 34
199 431 27
199 467 98
199 462 52
199 531 9
199 575 32
199 405 48
199 587 71
199 356 27
199 590 36
199 513 91
199 497 26
200 323 20
200 447 34
200 365 86
200 557 34
200 364 48
200 358 37
200 605 22
200 359 50
200 350 84
200 426 40
200 406 74
200 599 13
201 462 59
201 380 78
201 346 21
201 350 88
201 607 98
201 372 34
201 582 14
202 358 71
202 443 24
202 420 83
202 565 50
202 536 74
202 579 28
202 492 40
202 471 49
202 563 37
202 598 34
202 354 37
202 583 79
202 386 70
202 498 58
203 499 69
204 571 82
204 613 26
204 404 22
204 512 39
204 326 99
204 382 31
204 504 1
205 434 63
205 346 41
205 562 93
205 326 52
206 462 85
206 555 93
206 588 30
206 605 11
206 324 59
206 585 72
206 633 92
206 561 22
206 463 20
206 346 2
206 508 36
206 520 84
206 504 13
206 449 6
206 565 8
207 396 88
207 522 85
207 330 16
207 492 48
207 462 61
207 441 5
207 609 55
207 542 89
207 486 96
208 359 95
208 381 67
208 364 60
208 422 35
208 554 83
208 571 71
209 580 61
209 457 43
209 439 57
209 635 22
209 421 42
209 494 47
209 392 19
210 545 26
210 429 74
210 587 65
210 536 86
210 633 48
210 463 38
210 574 68
210 580 47
210 531 42
211 464 10
211 552 33
212 482 91
212 341 42
212 586 15
212 367 47
212 440 93
212 527 32
212 546 48
212 573 31
213 361 5
213 433 34
213 578 16
213 374 92
213 564 13
213 633 58
213 446 39
213 514 49
213 616 41
213 349 92
214 627 28
214 558 91
214 332 63
214 343 61
214 326 69
214 494 60
214 615 42
214 425 82
214 442 75
214 474 57
214 385 17
214 410 21
214 339 50
215 419 53
215 436 57
215 493 27
215 589 43
215 622 41
215 607 56
215 486 14
215 574 50
215 347 25
215 388 73
215 475 12
215 599 42
215 579 85
215 539 10
215 582 82
216 337 53
216 383 29
216 436 9
216 613 88
216 487 27
216 564 54
216 329 14
217 361 18
217 586 70
217 553 31
217 441 72
217 451 55
217 364 6
217 617 11
217 343 57
217 559 91
217 382 14
217 466 83
217 517 83
218 566 62
218 634 35
218 382 86
218 414 16
218 373 97
218 531 93
218 585 28
218 508 43
218 368 3
218 555 18
218 397 52
218 484 19
218 628 83
219 323 50
219 615 60
219 367 30
219 466 46
219 495 48
219 427 29
219 570 94
220 356 96
220 375 40
220 365 40
220 443 56
220 624 12
220 412 69
220 452 1
220 360 8
220 517 39
220 393 68
220 385 82
221 411 97
221 389 59
221 374 2
221 519 48
221 435 47
221 353 66
221 385 14
221 376 12
221 634 95
222 476 99
222 598 11
223 547 11
223 614 1
223 369 18
223 513 12
223 557 88
223 611 6
223 411 46
224 338 80
224 598 11
225 370 44
226 548 85
226 493 89
226 376 87
226 328 23
226 358 95
226 324 30
226 419 4
226 447 29
226 367 92
226 575 20
226 561 4
226 488 35
227 462 36
227 362 54
228 555 60
228 325 82
228 540 2
228 407 13
228 620 63
228 397 33
228 439 37
228 404 33
228 488 94
228 601 85
229 615 29
229 477 40
229 394 39
229 431 99
229 368 80
230 505 95
230 446 62
230 532 59
230 640 57
230 626 38
230 634 13
230 472 70
230 499 15
231 500 26
232 448 52
232 346 37
233 470 10
233 369 82
233 471 3
233 423 80
233 594 7
233 428 75
233 603 64
233 591 63
233 375 52
234 481 7
234 398 4
234 542 33
234 445 17
234 610 78
234 614 7
234 464 52
234 514 94
234 338 3
234 487 93
234 337 56
234 471 91
234 570 4
235 388 49
236 603 97
236 537 58
236 399 45
236 596 78
236 462 97
236 395 42
236 594 90
236 566 67
236 326 76
236 612 61
236 477 27
237 507 23
237 554 54
237 615 30
237 478 15
237 348 78
237 466 53
237 556 75
237 571 75
237 375 48
237 367 73
237 527 91
237 536 29
237 575 42
238 360 79
239 539 32
239 598 60
239 494 75
239 583 12
239 361 32
239 375 95
239 629 46
240 616 7
240 337 33
240 339 6
240 324 22
240 589 62
240 520 97
240 604 66
240 322 22
240 627 62
240 574 39
240 472 27
240 573 72
241 633 90
241 486 55
242 416 52
242 457 22
242 494 80
242 556 24
242 331 41
243 341 80
243 455 16
243 355 55
243 461 76
243 348 6
243 369 30
243 438 3
243 534 99
243 540 66
244 566 82
244 361 15
244 502 56
244 331 45
244 447 65
244 553 80
244 623 17
245 403 21
245 525 25
245 549 92
245 322 16
245 497 56
245 428 10
245 411 54
245 546 86
245 432 34
246 488 65
246 544 56
246 521 51
246 394 24
247 433 79
247 637 38
247 525 95
247 609 88
247 449 90
247 492 16
247 556 30
247 414 51
247 354 57
247 340 99
247 327 92
248 452 59
249 618 97
249 504 1
249 475 40
249 639 47
249 473 83
249 446 82
249 596 7
249 339 10
250 568 39
250 370 31
250 442 97
250 577 87
250 369 8
250 367 85
250 636 71
250 572 62
250 493 69
250 437 43
250 390 41
250 335 73
250 563 52
250 584 76
251 324 87
251 488 44
251 321 20
251 456 67
251 609 54
251 478 50
251 421 51
251 410 65
251 415 64
252 413 26
252 625 99
252 390 57
252 522 58
252 561 10
252 439 14
252 478 39
252 618 50
252 566 83
252 362 50
252 399 42
252 371 84
252 620 48
253 367 41
253 358 8
253 408 80
253 475 6
253 525 45
253 383 68
253 462 81
253 375 15
254 621 59
254 636 20
254 626 8
254 445 22
254 460 13
254 371 95
254 442 27
254 467 16
254 600 28
254 348 57
254 597 59
255 567 74
255 370 67
255 572 72
256 553 88
256 357 51
256 637 27
256 542 61
256 416 48
256 593 30
256 509 92
256 485 58
256 409 23
256 571 10
256 390 91
256 587 40
256 525 4
256 352 12
256 456 87
257 385 49
257 409 5
258 576 82
258 635 83
258 338 49
258 567 66
258 445 79
258 535 49
258 439 36
258 343 96
258 640 19
258 520 13
259 432 34
259 359 56
259 543 92
259 527 82
259 470 11
259 425 80
259 378 69
259 339 20
259 525 30
259 363 78
259 438 83
259 600 20
259 371 52
259 441 23
259 372 2
260 395 96
260 636 97
260 485 31
260 559 73
260 637 91
260 478 16
260 484 29
260 324 78
260 535 52
261 513 76
261 327 90
261 617 18
261 570 6
261 510 9
261 606 2
262 460 90
262 352 65
262 364 29
262 639 18
262 522 59
263 620 3
263 367 31
264 484 28
264 459 80
264 355 59
264 607 34
264 447 92
264 393 58
264 335 70
264 364 22
264 348 63
264 475 32
265 629 27
265 594 65
265 516 82
265 547 51
265 523 6
265 576 23
265 635 27
265 506 96
265 332 5
265 549 77
265 434 40
265 568 6
265 588 21
266 341 62
266 478 64
266 397 12
266 434 28
266 454 88
266 579 19
266 591 90
266 595 34
266 640 63
266 499 98
266 610 66
266 568 70
266 624 51
266 440 15
266 633 57
267 543 23
267 355 71
267 325 9
267 436 31
267 507 14
267 477 59
267 458 91
267 587 40
267 357 26
267 434 51
268 371 85
268 531 42
268 361 3
268 340 21
268 465 54
268 372 25
268 497 90
268 608 22
268 554 60
268 341 96
268 343 70
268 358 81
268 640 30
268 516 82
269 554 3
269 328 72
269 331 97
270 340 63
270 615 66
270 531 17
270 534 81
271 472 55
271 436 9
271 505 69
271 341 73
271 602 33
271 488 69
271 418 10
271 465 92
271 557 62
271 619 71
271 590 24
271 608 85
271 570 77
271 549 3
271 479 76
272 456 88
272 607 13
272 630 10
272 335 73
273 398 76
273 507 49
273 601 91
273 410 19
273 523 87
273 580 42
273 346 41
273 368 26
273 336 28
273 321 41
273 481 61
273 638 28
273 371 73
273 508 10
273 350 69
274 477 31
274 327 34
274 387 33
274 563 47
274 518 21
274 442 56
274 341 80
274 566 29
274 401 97
275 419 25
275 493 47
275 639 95
275 525 53
275 329 79
275 542 27
275 519 84
275 394 85
275 569 54
275 545 93
275 571 40
275 399 32
275 548 64
275 393 90
276 541 82
276 618 32
276 430 91
276 611 43
276 519 81
277 450 52
277 521 2
278 601 44
278 563 51
278 412 75
278 425 8
278 597 72
278 486 43
278 356 56
278 329 65
278 538 88
278 481 18
278 494 95
278 369 20
278 451 93
278 633 93
279 439 40
279 363 46
279 434 88
279 421 47
279 603 2
279 546 57
279 568 75
279 479 74
279 491 80
279 541 70
279 364 37
279 457 66
280 426 43
280 378 50
280 363 16
280 439 29
280 546 14
280 369 99
281 428 77
281 544 96
281 438 81
281 403 96
281 509 21
281 562 46
281 501 7
281 387 83
281 540 29
281 369 20
281 411 65
281 626 75
281 491 44
281 492 13
282 568 71
282 349 96
282 558 42
282 393 85
282 353 4
282 404 95
282 561 80
282 325 95
283 443 26
283 540 69
283 539 70
284 423 6
284 451 70
284 571 6
284 546 99
284 584 6
284 601 50
285 459 60
286 339 4
286 414 96
286 624 43
286 387 96
286 413 13
286 591 44
286 372 26
286 451 43
286 379 40
286 606 18
286 579 28
286 589 56
286 334 10
286 521 5
287 336 26
287 535 25
287 507 95
287 540 47
287 382 8
287 601 30
287 610 25
287 343 19
288 604 20
288 409 82
288 439 71
288 505 12
289 530 26
289 481 15
290 572 75
291 464 1
292 607 84
292 632 23
292 610 69
292 593 6
292 566 72
293 574 47
293 601 70
293 484 74
294 437 84
294 370 98
294 393 60
294 568 61
294 387 55
294 465 62
294 560 67
294 574 69
294 379 60
294 445 65
294 601 79
294 638 45
294 449 11
294 503 53
295 586 97
295 338 20
295 396 35
295 418 85
295 571 77
295 520 61
295 324 26
295 377 1
295 384 18
295 370 11
295 543 67
295 537 39
296 457 33
296 537 5
296 357 86
296 383 5
296 545 33
296 632 79
296 612 55
296 390 22
296 432 62
296 434 10
296 464 70
296 337 64
296 419 63
297 593 57
297 340 15
297 449 2
297 609 52
297 504 60
297 428 36
297 341 31
297 620 90
297 367 32
297 498 26
297 554 49
297 413 70
297 434 86
297 633 70
298 519 10
299 568 49
299 614 84
299 438 80
299 482 49
299 408 94
299 539 16
299 414 29
299 457 62
300 504 82
300 475 56
300 544 33
300 573 1
300 401 90
300 472 88
300 523 90
300 371 88
300 358 50
300 576 70
301 359 23
301 430 21
301 567 46
301 478 24
302 499 48
302 520 58
302 632 75
302 539 37
302 397 49
302 423 2
302 556 79
303 410 37
303 446 34
303 521 46
303 432 9
303 572 46
303 550 73
303 516 78
303 368 29
303 538 22
303 477 70
303 466 47
303 464 28
303 566 53
303 423 20
303 402 95
304 383 28
304 596 36
304 394 40
304 438 2
304 446 41
304 459 37
304 367 99
304 600 99
304 632 64
304 549 50
305 422 63
306 353 25
306 428 36
306 372 23
306 628 74
306 593 58
306 632 67
306 347 27
306 322 82
306 580 45
306 426 23
306 346 87
306 525 91
307 532 44
307 410 16
307 333 12
307 347 59
307 574 28
307 417 1
307 551 75
307 329 92
307 436 92
307 442 5
307 349 53
307 439 31
307 495 40
307 592 96
307 399 47
308 440 61
308 344 43
308 531 38
308 415 34
308 450 81
308 506 59
308 370 82
308 414 48
308 476 43
308 614 7
308 431 48
308 375 12
309 443 80
309 491 1
309 368 70
309 553 74
309 455 73
309 567 40
309 598 44
309 588 95
309 605 86
309 616 30
310 511 77
310 550 72
310 557 98
310 627 89
310 344 57
310 510 71
310 419 20
310 361 82
310 588 92
310 402 34
310 461 61
310 403 21
311 431 66
311 502 40
311 346 8
311 361 88
311 560 6
311 511 33
311 600 62
312 496 67
312 440 68
312 633 52
312 592 80
312 621 89
312 526 95
312 360 91
312 345 23
312 442 31
312 614 79
312 476 90
312 368 95
312 608 1
312 544 61
312 541 32
313 383 65
313 390 66
313 607 35
313 515 92
313 391 2
313 428 12
313 448 29
313 623 60
313 408 15
313 553 14
313 442 50
313 593 60
313 542 34
314 348 31
314 414 66
314 336 85
314 577 34
314 430 11
314 565 34
314 356 19
314 363 61
314 624 25
314 379 91
314 337 10
315 429 93
315 625 66
315 356 48
315 489 89
315 528 4
315 602 3
315 397 38
316 490 60
316 545 59
316 406 35
316 556 74
316 389 42
316 633 54
316 330 14
316 504 31
316 404 50
316 408 39
316 444 9
316 525 38
316 586 67
317 352 39
317 351 36
317 529 57
318 345 91
318 348 64
318 624 94
318 456 56
318 374 84
319 340 67
319 639 42
319 373 70
319 384 40
319 555 74
319 632 25
319 465 98
319 580 36
319 499 63
319 510 39
319 571 57
319 342 13
319 587 75
319 438 90
320 492 1
320 615 99
320 541 56
320 612 25
320 534 31
320 582 21
320 483 80
320 563 83
320 324 80
320 459 53
320 640 87
