754 2892
1 446 63
1 626 49
1 422 29
1 516 10
1 728 71
2 407 39
3 680 1
3 722 40
3 512 84
3 450 16
3 473 76
3 562 86
3 735 29
3 472 3
3 411 90
3 451 53
4 447 48
4 526 58
4 472 74
4 489 44
4 682 95
4 435 62
4 663 45
4 597 78
4 667 45
4 627 70
5 461 94
5 640 38
5 714 99
5 675 40
5 641 24
5 648 28
5 445 63
5 500 50
5 554 40
5 401 33
5 459 49
5 516 62
5 600 40
5 473 73
6 457 25
6 620 39
6 590 91
6 567 36
6 485 32
6 749 42
6 696 25
6 714 1
6 582 21
6 722 70
6 729 81
6 514 4
6 495 83
6 458 16
6 442 23
7 494 2
7 746 4
7 709 51
7 638 65
7 627 1
7 490 45
7 553 63
8 465 40
8 405 44
8 666 92
8 651 48
8 596 24
8 743 78
8 387 63
8 626 58
8 394 4
8 685 86
8 733 18
8 421 1
9 478 20
10 730 56
10 520 70
10 681 10
10 510 47
10 708 3
10 667 46
11 705 94
11 419 18
11 490 30
11 606 59
11 719 21
11 525 45
12 590 47
12 502 27
12 721 38
12 444 29
12 669 98
12 480 96
12 458 40
12 461 29
12 423 62
12 496 98
12 594 47
13 480 44
13 497 84
13 564 19
13 399 46
13 542 37
13 394 63
13 604 67
13 734 94
13 496 85
13 701 82
13 735 96
13 600 67
13 386 31
14 454 94
14 624 5
14 539 62
14 745 55
14 401 50
14 617 45
14 735 11
14 559 85
14 560 71
14 390 3
14 731 76
14 471 51
14 753 25
14 440 29
15 475 5
15 562 90
15 671 78
15 750 72
15 564 57
15 392 58
15 518 23
15 694 66
15 468 62
15 441 84
15 702 99
16 666 57
16 472 55
16 556 62
16 740 64
16 599 36
16 660 62
16 526 50
16 381 60
16 591 8
16 638 34
16 506 94
16 570 34
17 500 84
17 693 78
17 381 17
17 468 88
18 449 62
18 395 72
19 464 81
19 398 42
19 516 94
19 442 12
19 604 34
19 576 62
19 693 5
20 685 7
20 448 10
20 681 39
20 453 10
20 696 8
20 446 29
20 464 42
20 382 78
20 404 55
20 510 92
20 565 90
20 604 48
20 436 21
21 591 36
21 434 41
21 478 27
22 442 91
22 453 18
22 514 95
22 604 11
22 424 56
22 746 93
22 685 94
22 512 41
22 580 70
22 451 61
22 418 93
22 676 81
23 462 42
23 588 6
23 445 46
23 660 22
23 568 99
23 579 60
23 494 29
23 531 52
23 431 12
23 606 51
23 754 99
23 441 6
23 666 53
23 639 56
23 546 30
24 407 85
24 562 27
24 460 40
24 718 42
24 704 36
25 618 41
25 554 16
25 459 4
25 401 93
25 690 39
25 523 52
26 621 49
26 391 13
26 719 16
26 483 98
26 515 40
26 480 47
26 394 35
26 746 60
27 400 37
27 609 49
27 739 47
27 501 69
27 389 49
27 601 61
27 515 7
28 512 88
28 484 16
28 516 40
28 406 19
28 550 89
28 644 57
28 713 1
29 423 64
29 705 9
29 724 14
29 645 30
29 579 19
29 545 58
29 643 40
29 725 27
29 564 3
29 593 52
29 412 82
29 713 47
29 529 11
30 529 17
30 492 36
30 633 13
30 539 12
30 605 52
30 734 71
30 580 92
31 394 20
31 417 81
31 673 39
31 644 58
31 584 90
32 532 81
33 502 29
33 384 53
33 525 1
34 530 63
34 424 75
34 478 49
34 704 94
35 720 48
35 391 49
35 531 8
35 579 84
35 386 10
35 480 28
35 582 77
35 738 20
35 702 10
35 741 47
36 671 95
36 482 86
36 485 2
36 733 50
36 598 90
36 582 52
36 707 3
36 606 29
36 661 66
36 655 19
36 437 65
36 718 81
37 493 82
37 468 69
37 406 56
37 566 40
37 436 38
37 384 29
37 483 87
37 391 27
38 683 40
38 639 77
38 720 34
38 426 52
38 676 63
38 386 68
38 692 29
38 469 28
38 660 3
38 636 25
38 398 94
38 618 72
38 532 10
39 653 34
40 626 44
40 703 71
40 471 89
40 627 31
40 421 39
40 709 1
40 661 97
41 716 34
41 463 9
42 452 31
42 394 30
42 679 67
42 695 66
42 636 38
42 655 29
42 741 70
42 553 89
42 601 48
42 390 32
42 549 83
42 660 7
43 669 18
43 570 53
43 750 49
43 555 87
43 698 23
43 707 23
43 715 74
43 448 27
43 507 42
43 397 25
43 564 92
43 436 72
43 389 48
44 641 26
44 729 84
44 732 50
44 670 8
44 465 90
44 590 86
45 618 29
45 452 6
45 735 68
45 696 3
46 717 23
46 545 95
46 599 2
46 429 90
46 534 99
46 455 32
47 527 35
47 713 46
48 714 40
48 483 26
48 484 28
48 386 26
48 503 19
48 601 41
48 699 44
48 751 16
48 492 78
48 637 24
49 514 7
49 478 67
49 579 7
49 623 38
49 474 95
49 462 18
49 447 13
49 608 44
49 428 20
49 495 82
50 614 58
51 744 46
51 547 55
51 604 2
51 455 50
51 618 50
51 487 26
51 393 91
51 616 21
52 412 33
52 392 75
52 627 94
52 564 8
52 456 78
52 465 52
52 622 46
52 673 21
53 621 99
53 436 66
53 645 9
53 581 63
54 397 74
54 561 9
54 437 6
55 727 99
55 673 2
55 662 96
55 489 84
55 699 1
55 623 84
55 679 78
55 397 55
55 710 13
55 751 52
55 621 87
55 511 94
55 383 71
55 622 27
55 387 76
56 444 69
56 565 15
56 751 53
56 665 95
56 383 45
56 737 48
56 741 13
56 510 59
56 416 28
56 526 85
56 556 49
56 669 96
56 541 13
56 480 78
57 649 11
57 558 20
57 494 84
57 420 37
57 698 50
57 653 2
57 678 49
57 447 53
57 381 42
58 437 90
58 509 37
58 625 54
58 429 20
58 700 82
58 616 56
58 569 90
58 636 57
58 627 75
58 378 94
58 587 24
59 527 97
59 742 94
59 745 11
59 687 78
59 529 64
59 450 57
59 551 87
59 445 42
60 610 69
61 544 99
61 727 51
61 707 87
61 643 65
61 579 77
61 443 2
61 432 32
61 520 4
61 495 58
61 748 21
62 701 25
63 493 27
63 458 16
63 471 73
63 665 62
63 741 58
63 411 90
63 668 28
63 479 30
63 753 4
63 462 37
64 507 29
64 430 74
65 501 2
66 651 88
66 690 80
66 630 17
66 581 9
66 655 6
66 459 73
66 457 92
66 747 15
66 727 7
66 745 84
67 573 43
67 613 39
67 470 50
67 571 89
67 502 43
67 418 81
67 517 24
67 572 87
68 733 99
68 641 54
68 459 70
69 696 96
69 506 81
69 546 21
69 642 48
69 675 21
69 514 73
69 527 30
69 433 57
69 685 39
69 669 32
69 599 71
69 435 77
69 497 85
69 705 77
70 379 96
70 479 84
71 751 23
71 595 98
71 472 85
71 621 29
71 660 10
71 646 21
71 662 32
71 466 31
71 668 24
71 571 9
71 430 2
71 627 85
71 387 49
72 654 80
72 639 50
72 526 29
72 668 21
72 570 32
72 449 91
72 591 99
72 596 95
72 515 61
72 643 85
73 625 1
73 513 63
73 729 58
73 676 68
73 566 53
73 537 72
73 447 62
73 632 64
73 704 12
73 463 46
73 601 96
73 640 1
74 750 88
74 391 15
74 425 26
74 613 61
74 617 76
74 632 49
74 419 90
74 589 24
74 581 12
74 628 71
75 499 44
75 564 9
75 407 58
75 479 81
75 533 42
75 458 57
75 584 54
75 677 85
76 511 97
76 687 88
77 479 62
77 411 14
77 737 84
77 750 65
77 438 52
77 524 53
77 518 79
78 641 59
78 405 62
79 435 45
79 543 90
79 737 40
79 653 53
79 388 80
79 656 62
79 414 15
79 686 95
80 441 71
80 388 16
80 416 50
80 638 6
80 602 37
81 684 73
81 433 30
81 395 19
81 717 50
81 605 10
81 617 71
81 459 30
81 635 5
81 512 11
82 649 27
82 424 49
82 529 8
82 435 38
82 487 75
82 575 30
82 669 60
82 471 9
82 744 24
83 690 70
83 551 32
83 560 62
83 573 67
83 398 81
83 753 5
83 579 55
83 585 78
83 482 20
83 469 27
83 749 62
83 476 83
83 525 69
83 590 47
84 463 83
84 398 25
84 678 40
84 555 55
84 711 47
84 731 3
84 662 43
84 602 8
84 447 29
85 610 57
85 640 34
85 629 63
85 746 91
85 620 45
86 700 42
86 648 86
86 630 85
86 667 35
87 627 62
87 576 92
87 696 80
87 606 74
87 416 75
87 628 6
88 421 49
88 588 14
88 550 94
88 653 32
88 693 52
88 596 3
88 402 43
89 746 28
89 671 57
89 411 2
89 750 25
89 405 13
89 703 35
89 490 74
89 457 13
90 491 7
90 704 80
90 594 62
90 616 3
90 751 6
90 427 33
90 583 18
91 677 14
91 460 11
91 590 36
91 576 33
91 736 42
91 703 27
91 673 21
91 481 77
91 509 66
91 559 10
91 613 50
92 711 35
92 701 7
92 410 34
92 721 8
92 443 12
92 482 55
92 406 26
92 615 14
92 635 7
92 639 7
92 562 89
92 514 21
92 497 29
93 493 51
93 466 12
93 412 23
93 670 55
93 425 12
93 539 18
93 722 71
94 393 69
95 567 72
95 733 31
95 387 99
95 722 83
95 493 95
95 647 20
96 522 61
96 632 17
96 514 7
96 586 79
96 545 35
96 672 15
96 627 63
96 550 1
96 646 67
96 398 79
96 722 98
97 416 69
98 453 7
98 457 77
98 583 91
98 588 27
98 584 11
98 446 25
98 594 90
98 512 8
98 452 81
98 730 31
98 707 5
99 651 65
99 532 65
99 465 48
99 472 39
99 439 80
99 500 62
99 743 76
99 418 34
99 637 25
99 737 16
99 699 36
99 702 64
100 539 96
100 497 1
100 533 27
100 518 54
100 378 6
100 744 66
100 732 51
101 491 44
101 653 43
101 558 57
101 512 43
101 663 11
101 578 94
101 435 78
101 388 46
101 557 20
101 538 75
102 615 93
102 398 88
102 473 38
102 462 31
102 551 13
102 714 41
102 600 14
102 404 86
102 427 76
102 612 82
102 571 38
103 638 91
103 640 45
103 413 74
103 662 54
104 733 71
104 689 13
104 730 94
104 718 26
105 413 84
105 418 70
105 567 84
105 669 41
105 681 31
105 591 86
105 542 61
105 686 9
105 408 23
105 458 38
105 576 44
105 443 3
105 465 17
105 529 56
106 412 59
106 736 31
106 559 27
107 718 98
107 683 34
107 381 84
107 675 59
107 556 13
107 626 67
108 671 30
108 715 84
108 409 13
108 623 53
108 563 98
108 670 82
108 662 89
108 739 40
108 432 81
108 650 83
109 410 20
109 386 36
109 616 5
109 496 10
109 581 48
109 490 7
109 653 44
109 572 52
109 553 32
109 638 91
109 595 49
110 752 32
110 508 79
110 575 22
111 402 36
111 409 86
111 498 43
111 388 27
111 748 72
111 432 78
111 718 11
111 626 66
111 725 71
111 753 4
111 590 54
111 391 56
111 528 18
111 558 34
111 544 62
112 517 27
113 526 34
113 524 97
113 479 63
113 564 19
114 562 96
114 658 20
114 480 55
114 451 21
114 744 79
114 453 92
114 654 89
114 412 32
115 743 28
115 671 22
115 638 18
115 707 97
115 689 6
116 643 91
116 733 18
116 422 13
116 744 39
116 526 62
116 582 68
116 655 4
116 639 73
116 749 54
116 472 65
117 677 1
117 653 55
117 737 91
117 428 88
117 652 11
117 592 89
117 609 6
117 690 57
117 485 52
118 736 69
118 728 60
118 551 25
118 448 17
118 719 31
118 475 22
118 403 47
118 612 80
118 674 89
118 592 78
118 455 39
119 587 49
119 548 85
119 480 56
119 490 51
119 415 27
119 727 17
119 662 50
119 396 87
119 436 71
119 456 30
119 650 59
120 732 46
120 513 43
120 510 54
120 693 54
120 396 66
120 423 87
120 475 4
120 754 79
120 532 43
120 752 22
121 449 64
121 571 66
121 456 29
121 618 45
121 557 66
121 614 1
121 565 81
121 453 17
121 634 15
121 507 87
121 422 15
121 443 95
121 566 15
121 703 17
121 540 16
122 637 98
122 405 40
122 467 62
122 587 94
122 657 39
122 456 19
122 682 86
122 471 23
123 719 10
123 464 15
123 593 82
123 629 62
123 494 76
123 456 56
123 478 60
123 589 77
123 551 10
124 673 35
124 714 17
125 482 84
125 536 20
125 626 28
125 381 7
125 393 60
126 687 16
126 447 69
126 698 70
126 745 56
126 610 42
127 592 45
127 726 51
127 443 28
127 543 38
127 472 39
127 747 67
127 644 48
127 740 41
127 412 84
127 593 4
128 726 4
128 578 78
128 517 44
128 429 19
128 699 31
128 608 84
129 672 39
130 595 5
130 528 61
130 678 55
130 685 11
130 716 5
130 653 60
130 440 98
130 565 32
130 538 96
130 514 71
131 474 34
132 384 3
132 656 79
132 484 70
132 412 48
132 424 30
132 456 81
132 416 64
132 406 63
132 729 54
132 452 24
132 643 38
132 386 89
132 654 13
132 558 36
132 630 26
133 743 32
133 593 13
133 683 6
134 742 75
134 406 10
134 442 75
135 512 76
135 581 76
136 685 64
136 457 10
136 580 2
136 653 31
136 573 41
136 430 90
136 742 30
136 572 7
137 699 43
137 664 96
137 562 14
137 692 39
137 633 6
137 593 33
137 620 56
137 454 49
137 412 63
137 677 54
138 473 67
138 564 30
138 499 15
139 675 67
139 470 71
139 401 43
139 750 74
139 732 78
139 592 29
139 436 85
140 597 26
140 637 21
140 485 61
140 704 58
140 527 26
140 554 3
140 448 7
140 710 39
140 667 29
140 740 50
140 392 24
140 499 73
141 409 25
141 745 18
141 572 95
141 527 93
142 742 98
142 391 97
142 590 20
142 520 98
142 478 57
142 499 57
142 712 13
143 732 55
143 480 9
144 747 47
144 594 62
145 640 96
146 719 38
147 526 58
147 644 56
147 471 62
148 718 62
148 721 44
148 527 80
148 488 23
148 549 35
148 754 55
148 471 14
148 643 4
148 479 27
148 584 17
148 601 21
148 570 13
149 423 31
149 442 94
149 455 5
149 537 96
149 741 72
149 746 78
149 497 45
149 576 77
149 722 58
149 681 30
150 523 29
150 746 69
150 614 8
150 447 7
150 444 50
150 690 78
150 423 40
150 637 10
150 446 1
150 466 70
150 427 94
150 624 61
151 745 11
151 704 80
151 713 38
151 692 73
151 466 59
151 379 44
151 577 84
151 523 17
151 401 72
151 551 40
151 595 36
151 699 1
151 642 24
151 650 15
151 540 42
152 729 65
152 456 25
152 750 60
152 417 14
152 607 78
152 719 5
152 558 32
152 518 16
152 401 11
152 576 15
152 543 28
153 718 6
153 502 35
153 516 63
153 750 17
153 573 17
153 462 51
153 546 19
154 411 70
154 559 83
155 721 24
155 482 59
155 528 99
155 500 20
155 572 2
156 502 93
157 417 42
157 638 58
157 739 89
157 472 34
157 387 8
157 432 82
157 584 35
157 517 37
158 524 74
158 572 84
159 645 41
159 590 57
159 415 16
159 559 57
159 654 78
159 413 65
159 600 27
159 504 58
159 557 31
159 481 38
159 620 50
160 723 54
160 407 55
160 690 24
160 456 85
160 597 81
160 740 54
160 500 31
161 397 19
161 504 7
161 656 26
161 734 41
161 408 13
161 506 85
161 696 62
161 744 74
161 699 26
161 521 77
161 644 8
162 646 45
162 597 70
162 509 98
162 444 88
162 723 32
162 600 75
162 537 93
162 551 4
162 753 14
163 691 6
164 497 58
164 679 33
164 419 41
164 403 88
164 648 63
164 438 44
165 539 87
165 450 4
165 392 66
165 625 48
165 464 26
165 514 29
165 580 5
165 624 18
166 658 68
166 514 59
166 612 1
166 715 44
166 614 30
166 404 94
166 656 5
166 504 39
166 652 49
166 624 51
166 488 85
166 751 67
167 703 51
167 655 66
167 397 23
167 567 48
167 522 91
167 615 78
167 483 40
167 465 26
167 671 60
168 639 74
168 714 84
168 483 52
168 521 49
169 726 42
169 423 75
169 684 71
169 521 60
169 731 29
169 630 81
169 647 16
169 617 66
169 520 80
169 730 20
169 652 73
170 401 75
170 670 49
170 505 73
170 402 20
171 565 1
171 713 19
171 501 83
171 492 90
171 606 3
171 651 95
171 747 92
171 719 22
171 518 80
171 574 19
171 742 57
171 418 48
171 728 89
171 379 78
172 637 58
172 402 94
172 532 74
172 607 48
172 694 95
172 721 88
173 705 19
174 416 34
174 631 79
174 592 20
175 522 69
175 459 70
175 550 2
175 543 71
175 449 46
175 688 50
175 527 72
175 524 42
175 397 6
175 517 21
176 527 25
176 692 41
176 557 90
176 590 94
176 434 49
177 576 54
177 547 50
177 729 53
177 520 90
177 588 42
177 753 72
177 515 34
177 653 27
177 463 87
177 739 22
177 544 26
177 386 98
178 454 27
178 730 54
178 436 85
179 574 1
179 436 67
179 401 40
179 577 63
179 724 22
180 607 33
180 739 94
181 640 21
181 412 76
181 457 30
181 379 46
181 541 15
181 562 42
181 648 69
181 528 53
181 594 18
181 461 4
182 482 80
182 688 99
182 461 41
182 412 38
182 644 65
182 740 43
182 703 37
182 737 48
182 516 35
182 706 43
183 522 14
183 468 50
183 570 20
184 531 51
184 410 45
184 460 87
184 606 20
184 507 20
184 500 58
184 536 1
184 726 27
184 491 73
184 481 16
184 573 59
184 461 29
184 576 77
184 737 61
184 492 96
185 614 57
185 646 91
185 573 57
185 395 35
185 640 5
185 730 23
185 744 19
185 687 28
185 739 13
185 469 47
185 624 35
185 601 25
186 578 4
186 644 16
186 744 86
186 564 90
186 558 80
186 409 71
186 615 56
186 445 79
186 743 1
186 709 27
186 496 23
186 701 49
187 724 95
187 685 17
187 449 76
187 656 8
187 505 83
187 378 82
187 401 9
187 411 88
187 580 82
187 630 41
187 649 90
187 552 44
187 474 85
187 555 79
188 527 45
188 622 96
189 630 32
189 689 18
190 668 75
190 592 72
190 583 84
191 395 34
191 706 96
191 632 12
191 605 86
191 626 26
191 692 78
191 455 58
191 449 21
191 678 81
191 384 95
191 436 31
192 460 69
192 719 9
192 624 39
192 577 87
192 632 47
192 752 12
192 391 44
192 472 31
192 389 38
192 461 47
193 571 42
193 672 63
193 498 25
193 620 43
193 389 5
193 657 2
193 434 26
193 471 60
194 488 47
195 524 83
195 560 52
196 693 50
196 572 64
196 480 61
196 551 20
196 549 64
196 739 21
196 666 58
196 540 4
196 451 51
196 384 67
196 490 1
196 560 45
196 670 60
196 579 75
197 641 77
197 688 40
197 475 58
197 438 50
197 687 21
198 397 74
198 589 44
198 438 35
198 398 38
198 704 91
198 720 34
199 456 86
199 609 44
199 575 22
199 431 77
199 450 33
199 421 61
199 452 35
199 655 13
199 663 78
199 665 19
199 436 44
199 587 77
199 384 67
199 713 82
199 599 90
200 653 86
200 475 28
200 518 87
200 646 79
200 509 42
200 495 18
200 554 65
200 706 67
200 463 27
200 628 61
201 674 68
201 738 10
201 420 26
201 530 10
201 600 8
201 396 16
201 670 27
201 461 70
201 596 86
202 437 78
202 488 76
202 627 36
202 504 27
202 588 19
202 732 7
202 400 66
202 417 33
203 681 81
203 547 56
203 553 34
203 730 62
203 539 91
203 678 68
203 563 31
203 452 87
203 619 17
203 715 47
204 623 59
204 722 50
204 576 16
205 533 22
205 672 76
205 621 94
205 512 16
205 591 64
205 568 52
205 468 9
205 629 4
205 380 70
206 594 4
206 742 18
206 646 8
207 676 81
207 518 5
207 532 14
207 667 50
207 612 2
207 702 69
208 498 73
208 385 75
209 606 85
209 414 83
209 699 12
209 428 93
209 500 99
209 542 76
209 695 41
209 469 95
209 666 22
209 409 91
209 726 68
210 488 67
210 642 20
210 580 70
210 415 56
210 590 1
210 673 42
210 551 11
210 679 54
210 699 55
210 691 58
210 672 29
210 686 11
211 575 52
211 655 17
211 711 54
211 488 11
211 629 64
211 562 17
211 412 38
211 664 16
211 740 78
211 660 86
211 554 74
211 624 30
211 418 39
212 593 65
212 487 2
212 503 17
212 453 88
212 614 11
212 548 13
213 407 82
214 464 79
214 575 35
214 489 50
214 492 88
214 702 11
214 461 48
214 691 14
214 670 9
214 497 90
214 390 15
214 485 18
215 642 18
215 739 57
215 736 72
215 414 59
215 601 76
215 692 45
215 384 66
215 503 77
215 737 79
215 404 84
215 546 76
215 550 90
215 543 81
216 569 45
216 574 40
216 615 18
216 436 36
216 516 40
216 693 94
216 545 66
216 389 44
216 624 45
216 667 47
216 517 32
216 448 18
216 464 67
216 581 66
217 745 99
217 435 16
218 687 3
218 582 29
218 705 25
218 503 63
218 521 68
218 417 56
218 390 73
218 611 66
218 753 6
218 658 25
219 438 71
219 406 22
219 694 33
219 703 34
219 744 98
219 646 3
219 495 45
219 432 68
219 439 43
219 629 70
219 546 31
219 512 78
220 492 68
220 446 95
220 651 49
220 531 74
220 605 73
220 558 11
220 454 40
220 746 42
220 724 10
220 689 79
220 617 66
221 385 61
221 444 76
221 430 55
221 576 51
221 423 27
221 659 14
221 695 88
221 642 67
221 482 51
221 564 31
221 638 15
221 578 24
221 499 44
221 475 12
222 686 12
222 690 49
222 750 30
222 736 73
222 519 98
222 448 24
222 453 30
222 389 85
222 520 25
222 613 60
222 383 30
222 573 14
223 670 94
223 469 83
223 472 63
223 455 27
223 742 63
223 737 15
223 580 92
223 442 55
223 611 72
224 724 57
225 625 43
225 526 51
225 683 18
225 562 54
225 451 54
225 409 3
225 508 79
225 623 48
225 523 54
225 433 72
226 708 5
226 475 62
226 646 62
226 686 61
226 433 11
226 732 69
226 564 11
226 653 56
226 500 37
226 438 76
226 567 52
226 472 94
226 544 22
227 512 14
227 492 20
227 487 6
227 621 5
227 457 25
228 390 67
228 668 99
228 577 31
228 681 89
228 460 40
228 645 54
228 447 6
228 581 78
228 630 55
228 704 45
228 436 69
228 614 27
228 495 6
228 519 77
228 734 7
229 428 57
229 525 10
229 465 32
229 555 22
230 448 2
230 484 16
230 565 94
230 714 5
230 589 37
230 395 18
230 705 95
230 652 6
230 393 48
231 656 30
231 731 5
231 748 34
231 696 49
231 562 98
231 446 55
232 727 80
233 741 54
233 738 41
233 401 16
233 550 23
234 707 8
235 403 56
235 521 33
235 416 14
235 441 66
235 716 86
235 533 10
235 657 70
235 529 74
235 696 88
235 561 64
235 390 4
235 722 88
235 626 83
235 628 3
235 497 10
236 614 73
236 567 95
236 534 94
236 638 71
236 502 44
236 578 49
236 549 57
236 405 48
236 423 51
236 552 11
236 379 21
236 568 29
236 600 51
237 688 96
237 563 53
238 612 16
239 561 94
239 613 9
239 707 15
239 552 46
239 501 83
239 451 80
239 597 38
239 754 51
239 378 9
239 433 25
239 415 31
239 479 60
239 591 65
239 622 1
239 432 46
240 738 65
240 600 95
240 447 46
240 607 8
240 580 58
240 727 47
240 389 44
241 542 79
242 466 58
242 683 98
242 648 84
242 628 63
242 582 56
242 715 65
242 391 81
243 691 20
243 448 78
243 662 36
243 392 49
243 411 10
243 564 80
243 659 69
243 578 57
243 548 26
243 726 93
243 386 58
244 542 44
244 701 63
244 546 19
245 705 18
245 718 97
245 692 83
245 382 50
245 543 65
245 588 56
245 601 33
245 689 6
245 388 89
245 723 94
245 740 69
246 484 50
246 505 29
246 606 56
246 454 47
246 465 98
246 710 17
246 686 82
246 738 85
246 634 27
246 723 6
246 566 53
246 637 25
247 380 17
247 556 90
247 418 66
247 387 95
247 468 39
247 745 20
247 520 15
247 515 1
247 678 4
247 619 80
247 401 61
247 386 41
248 480 2
248 601 1
248 728 13
248 381 90
249 579 10
249 746 48
249 471 15
250 497 89
250 687 41
251 587 80
251 392 59
251 562 51
251 382 14
251 736 10
251 529 27
251 432 76
251 435 75
251 540 58
251 410 36
251 561 14
251 680 64
251 674 72
251 733 67
251 597 59
252 475 99
252 582 60
252 742 94
252 430 85
252 456 74
252 617 94
252 584 65
253 661 70
253 719 68
253 502 15
253 436 46
253 711 98
253 664 4
254 675 91
254 454 76
254 483 79
254 535 90
254 506 64
254 707 84
255 696 37
256 723 32
256 706 15
256 684 82
256 447 29
257 425 92
257 462 38
258 736 25
258 592 45
258 751 44
258 594 47
259 634 76
259 662 29
259 724 34
259 563 54
259 426 91
259 476 49
260 405 53
261 479 29
261 631 15
261 652 46
261 640 15
261 603 89
261 569 82
261 575 98
261 469 64
261 579 29
261 470 72
261 461 84
261 505 82
261 688 57
262 474 23
262 613 1
262 635 88
262 415 31
262 454 28
262 497 84
263 673 78
263 542 66
263 575 93
263 566 36
263 697 70
263 659 21
263 661 26
263 678 21
263 440 39
263 728 17
263 605 64
264 550 50
264 532 1
264 577 27
265 643 26
265 645 61
265 390 49
265 658 38
265 708 23
265 613 42
265 550 33
265 535 84
265 413 65
265 427 64
265 706 66
266 515 40
266 744 62
266 673 87
266 736 25
266 718 76
266 733 41
266 475 4
266 405 26
266 748 7
266 387 70
267 675 87
267 563 36
267 717 78
267 589 75
267 488 93
267 654 63
268 718 61
268 696 59
268 413 47
268 743 65
268 526 22
268 564 83
268 484 56
268 387 32
268 720 61
268 684 51
268 402 50
269 530 9
269 648 85
270 421 52
270 541 94
270 450 1
270 432 30
270 623 70
270 467 30
270 571 58
270 434 39
270 549 96
270 653 63
270 634 76
270 496 60
270 470 25
270 473 94
271 401 57
271 439 38
271 635 26
271 533 71
271 463 62
271 387 29
271 581 79
271 527 71
271 596 25
271 487 18
271 630 98
271 708 44
271 391 57
271 546 7
271 380 56
272 611 64
272 633 25
272 722 90
272 519 95
272 553 40
272 516 54
272 434 76
272 408 86
272 546 7
272 525 9
272 639 46
272 619 35
272 467 25
272 647 65
273 391 96
273 669 71
273 728 5
274 718 97
274 537 89
274 752 98
274 563 93
274 697 36
274 595 80
274 392 87
274 609 79
274 699 7
274 747 81
274 513 70
274 557 82
275 546 31
275 700 27
275 400 73
275 618 52
275 502 83
275 708 32
275 570 38
275 640 85
275 382 65
275 604 84
275 742 40
276 502 81
276 717 51
276 437 19
276 704 62
276 420 17
276 617 93
276 417 55
276 418 6
276 641 28
276 548 47
276 614 94
276 448 46
277 679 67
277 539 8
278 490 62
278 416 28
278 410 45
278 722 4
278 751 16
278 450 34
278 522 73
278 624 6
278 582 4
278 644 76
278 716 82
278 536 72
279 713 83
280 387 41
280 625 33
280 572 59
280 632 85
280 709 40
280 660 14
280 657 50
280 508 18
280 474 42
280 517 17
280 380 18
280 507 71
280 529 86
281 547 51
281 477 76
281 406 43
281 409 35
281 733 37
281 647 80
281 566 6
282 724 44
282 506 21
282 644 5
282 669 92
282 457 82
282 592 49
282 727 50
282 456 66
282 636 75
282 621 47
282 458 43
282 615 80
282 604 44
282 577 11
283 424 14
283 584 72
283 379 68
283 588 62
283 662 54
283 690 33
283 583 18
283 749 89
283 698 21
284 461 12
284 412 28
284 544 32
284 687 30
284 504 82
284 420 97
284 444 62
284 499 68
284 432 40
284 655 2
284 743 66
284 417 39
284 581 21
284 442 29
285 396 67
285 635 4
285 514 90
285 426 63
285 669 83
285 690 43
285 725 94
286 736 74
286 579 37
286 731 27
286 436 76
286 659 38
286 397 4
286 519 75
286 511 73
286 701 82
286 676 48
286 750 88
287 561 54
287 523 1
287 509 92
287 578 64
287 391 50
287 493 20
287 550 68
287 677 69
288 436 13
288 544 78
288 553 3
288 523 79
288 504 77
288 672 71
289 613 92
289 649 43
289 456 1
289 525 59
289 442 64
289 652 70
289 705 34
289 680 47
289 443 26
289 385 37
289 595 91
289 413 6
289 514 54
290 419 44
290 495 93
290 585 87
290 638 95
290 729 57
290 627 54
290 503 78
290 690 85
290 412 20
290 554 37
290 518 3
290 425 53
290 506 71
291 412 95
291 556 15
291 668 30
291 532 16
291 480 71
291 571 58
291 653 49
291 429 5
291 598 45
291 602 61
291 494 74
291 663 15
292 584 19
292 513 78
292 384 55
292 653 7
292 514 75
292 541 56
292 585 73
292 395 45
293 723 65
293 639 24
294 422 75
294 576 25
294 678 83
294 615 45
294 657 26
294 385 99
294 394 85
295 406 73
295 645 7
295 641 98
295 472 6
295 440 92
295 688 74
296 413 19
296 745 18
296 652 10
296 737 65
296 522 33
296 444 56
296 432 49
296 674 99
296 554 33
296 406 14
296 655 81
296 382 39
296 639 76
297 660 23
297 741 78
297 588 45
297 406 80
297 381 29
297 435 9
297 749 7
297 729 72
297 569 39
297 696 5
297 595 33
297 477 26
298 544 32
298 693 49
298 626 19
298 666 72
298 590 54
298 581 76
299 550 9
299 405 26
299 529 4
299 740 37
299 495 89
299 463 65
299 745 90
299 657 40
299 501 88
300 379 17
300 381 24
300 509 43
300 604 12
300 500 3
300 659 7
300 431 50
300 444 77
300 437 8
301 702 28
301 438 26
301 553 69
301 710 96
301 519 86
301 422 3
301 683 79
301 643 13
301 735 77
301 682 39
301 494 2
302 555 8
302 418 30
302 502 27
303 589 78
303 602 37
303 666 72
303 673 14
303 445 73
303 470 86
303 605 88
303 738 80
303 695 90
303 592 89
303 723 21
304 422 90
304 412 48
304 573 96
304 600 92
304 531 30
304 705 20
304 651 82
304 490 71
304 606 12
304 574 45
304 599 28
304 450 8
305 479 13
305 677 39
305 574 1
305 469 57
305 691 77
305 580 88
305 468 51
306 621 39
306 448 80
306 584 86
306 532 97
306 519 64
307 610 74
307 587 31
307 570 92
307 392 76
307 682 91
307 454 19
307 394 48
307 599 36
308 487 79
308 649 76
308 666 96
308 605 55
308 522 83
308 390 20
308 405 47
308 393 20
308 381 19
308 594 36
308 516 19
308 720 82
308 547 50
309 646 30
309 382 59
310 632 74
311 555 72
311 719 29
311 743 12
311 446 92
311 390 39
311 519 50
311 418 40
311 657 4
312 559 50
312 672 32
313 517 19
313 635 99
313 731 28
313 464 6
313 575 80
313 402 92
313 729 97
313 700 92
313 467 28
313 594 36
313 432 43
313 581 45
313 693 74
313 380 57
313 598 41
314 556 32
314 678 21
314 388 45
315 577 68
315 585 16
315 421 14
315 736 45
315 498 71
315 581 19
315 654 4
315 464 62
315 481 8
315 487 56
315 746 96
315 588 30
316 598 36
316 753 92
316 462 6
316 571 51
317 449 2
317 735 48
317 415 91
317 686 13
317 474 55
317 715 26
317 664 84
317 540 58
317 507 2
317 387 23
317 675 32
317 733 28
317 478 55
318 549 55
318 380 51
318 551 8
318 687 30
318 592 95
319 720 36
319 748 35
319 502 18
319 643 73
319 597 28
319 734 10
319 603 2
319 598 19
319 494 84
319 472 42
319 382 95
319 514 98
319 623 1
319 611 50
319 607 40
320 632 23
320 645 55
321 460 93
321 450 40
321 713 8
321 451 89
321 645 42
322 503 31
322 387 56
322 634 43
322 417 48
322 462 86
322 425 76
322 444 8
323 577 53
323 734 5
323 455 89
323 610 1
323 526 40
323 467 57
323 494 70
323 490 33
323 443 29
323 423 20
324 382 82
324 539 11
325 622 37
325 637 41
325 519 43
325 502 62
325 660 4
326 509 23
326 676 81
326 385 88
326 675 32
326 612 99
326 478 57
326 471 67
326 725 22
327 559 7
327 410 93
327 425 5
327 692 62
327 643 30
327 424 80
327 632 23
327 530 26
327 552 12
327 484 32
327 556 37
327 748 7
327 725 97
327 384 60
328 416 92
328 640 69
328 381 90
328 394 27
328 519 74
328 751 58
328 652 97
328 714 52
328 623 1
328 493 87
328 655 93
329 535 40
329 752 25
329 425 6
329 750 87
329 524 75
329 521 53
329 639 47
329 390 23
329 742 79
329 445 34
329 650 63
329 441 66
329 745 71
329 485 98
330 395 40
330 482 60
330 582 84
330 539 26
330 670 10
330 472 7
330 636 56
330 727 6
330 475 63
330 455 88
330 584 19
330 661 42
330 450 72
331 447 83
331 527 10
331 524 24
331 660 54
331 749 93
331 554 17
331 437 69
331 560 90
331 602 55
331 582 18
331 500 38
331 654 36
332 573 78
332 485 89
332 707 83
333 644 19
333 685 26
333 697 30
333 415 4
333 418 20
333 709 29
333 740 35
334 653 98
334 403 13
334 705 27
334 673 91
334 695 81
334 548 37
334 732 34
334 694 62
334 460 17
334 752 69
334 500 34
335 462 81
335 490 63
335 546 14
335 713 55
335 676 80
335 734 70
335 711 49
335 547 2
335 572 8
335 585 84
335 531 42
335 744 47
336 432 89
336 461 31
336 731 17
336 508 72
336 622 86
337 573 37
337 538 59
338 473 15
338 528 23
339 642 44
339 662 49
339 412 11
339 523 11
339 714 27
340 575 3
340 739 36
340 414 32
340 444 56
340 531 92
340 517 1
340 738 69
340 493 3
340 439 97
340 753 27
340 570 70
340 437 64
340 445 45
340 626 59
341 548 55
341 640 18
341 464 21
341 378 50
341 564 56
341 592 66
341 723 37
341 682 60
341 510 65
341 435 64
341 394 47
341 395 26
341 604 57
341 412 54
342 677 12
342 402 38
342 613 14
343 711 3
343 383 44
343 466 54
343 742 67
343 684 14
343 592 70
343 524 51
343 506 92
343 722 42
343 575 78
344 723 87
344 406 34
344 656 89
344 526 3
344 471 23
344 400 91
344 702 1
344 522 60
344 528 5
344 508 23
344 606 99
344 434 55
344 658 45
344 387 89
345 499 42
345 512 70
345 459 67
345 744 10
345 453 67
345 545 44
346 583 15
346 670 91
346 710 60
346 460 13
346 652 68
346 535 20
346 540 91
346 417 91
346 463 41
347 485 47
348 466 69
348 743 58
348 493 15
348 456 88
348 696 50
348 427 27
348 730 75
349 462 62
349 487 25
349 482 34
349 703 57
349 563 93
349 733 7
349 547 15
349 470 15
349 390 47
349 425 98
350 556 64
350 522 26
350 578 43
350 740 4
350 570 42
351 502 25
352 736 97
352 488 63
352 422 96
352 605 73
352 704 77
352 493 35
352 675 3
353 384 99
353 433 9
353 518 20
353 694 58
353 477 54
353 665 42
354 474 41
354 566 57
354 385 40
354 651 15
354 674 95
355 447 5
355 404 84
355 416 34
355 401 87
355 741 22
355 699 84
355 543 45
355 507 97
355 641 21
355 684 21
355 680 28
355 563 66
355 652 97
355 729 43
356 631 27
356 754 33
356 447 17
357 399 25
357 464 53
357 712 53
358 416 97
358 399 28
358 645 22
358 406 34
358 481 49
358 552 74
358 562 48
358 492 61
358 582 73
358 557 7
358 666 42
358 462 24
359 582 11
360 507 48
360 731 98
360 737 57
360 631 91
360 546 10
360 588 41
360 392 12
360 669 29
360 390 80
360 520 15
360 409 82
360 690 72
360 386 42
360 582 22
361 721 15
361 738 27
361 447 9
361 508 24
361 739 32
361 719 87
361 473 61
361 671 97
361 439 77
361 710 63
362 570 99
362 475 39
362 384 48
362 741 37
363 435 84
363 426 25
363 414 15
363 694 79
363 458 5
363 416 56
363 588 50
363 543 44
363 451 69
363 402 42
363 485 8
364 640 83
364 450 41
364 617 25
364 554 18
364 665 14
364 720 40
364 590 62
364 683 7
364 393 52
364 630 34
364 597 34
365 411 65
365 438 82
365 676 11
365 675 37
365 468 49
365 396 50
365 672 22
365 662 94
365 404 91
365 630 71
365 729 93
365 641 75
365 727 44
365 642 55
365 536 99
366 527 3
366 658 68
366 435 86
366 715 71
366 612 70
366 596 57
366 408 66
366 744 17
366 471 48
366 657 46
366 660 37
366 509 80
366 548 64
367 629 23
367 559 38
367 584 32
368 661 95
368 398 4
369 668 51
369 453 59
369 433 32
369 485 68
369 577 68
370 388 7
370 475 1
370 731 23
370 581 75
370 400 50
370 562 36
370 662 90
370 534 66
370 489 81
370 573 62
371 518 14
371 570 37
371 408 93
371 687 21
371 582 80
371 565 63
371 490 76
371 540 98
371 491 65
371 724 62
371 378 90
372 434 13
372 689 70
372 736 57
372 516 71
372 566 54
372 614 39
372 582 98
373 608 72
374 745 93
374 397 95
375 495 67
375 453 35
375 637 1
375 702 80
375 641 71
375 655 48
375 517 82
375 741 16
375 652 81
375 468 58
376 562 79
376 463 55
376 642 18
376 697 51
376 699 86
376 464 44
376 636 12
376 387 15
376 683 40
376 674 74
376 647 61
376 419 67
376 424 7
376 474 77
377 571 94
377 406 30
377 484 65
377 579 4
377 388 96
377 418 97
377 464 92
377 490 94
377 608 88
377 593 67
377 605 46
377 446 3
