767 3048
1 737 13
1 675 83
1 410 31
1 421 40
1 649 48
1 703 20
1 668 48
1 661 78
1 730 66
1 427 34
1 385 70
1 433 2
1 544 97
1 687 78
2 664 1
2 691 81
2 624 96
2 592 23
2 418 81
2 759 78
2 538 70
2 508 50
3 651 8
3 767 91
3 515 2
3 571 87
3 580 76
3 513 15
3 463 59
3 387 33
3 436 57
4 609 23
4 513 29
4 540 44
4 740 19
4 681 96
4 437 62
4 744 76
4 665 31
4 497 16
4 580 40
4 713 78
4 436 25
4 474 77
4 719 93
4 712 57
5 449 73
5 706 4
5 752 56
5 634 82
6 583 70
6 551 10
6 574 73
6 538 75
6 649 6
6 571 63
6 481 76
6 464 39
6 600 39
6 732 61
6 765 43
6 559 33
6 462 19
6 449 34
7 719 76
7 711 47
7 539 72
7 441 54
7 477 60
8 695 5
8 659 20
9 677 21
9 563 91
9 627 65
9 495 38
9 448 92
9 524 25
9 403 31
9 569 98
9 388 45
10 729 14
10 734 73
11 415 59
11 633 77
11 647 63
11 585 47
11 664 50
11 616 54
11 715 39
11 439 55
12 641 20
12 646 23
12 729 38
12 497 70
12 762 73
12 597 7
12 576 59
12 655 91
12 542 1
12 624 46
12 683 84
12 707 20
13 392 43
13 622 51
13 737 62
13 536 49
13 591 19
13 746 8
13 579 37
13 555 14
13 436 39
13 487 46
13 541 41
13 516 93
13 679 47
13 673 70
14 660 73
14 528 42
14 462 71
14 711 29
14 542 97
14 762 18
14 690 16
15 533 6
15 718 85
15 529 97
15 574 83
15 760 22
15 500 92
15 635 31
15 489 33
15 435 33
15 646 30
15 444 52
15 625 60
15 408 94
15 615 30
15 512 9
16 737 15
17 511 14
17 588 29
17 543 42
17 571 18
17 749 26
17 467 17
17 691 74
17 398 82
17 763 44
18 739 23
18 548 3
18 744 34
18 469 18
18 642 21
18 588 71
18 585 48
19 556 66
19 586 5
19 438 38
20 766 66
20 490 65
20 638 65
20 619 96
20 432 16
20 537 6
20 428 80
20 399 6
21 741 16
21 682 88
21 635 33
22 589 52
22 729 40
22 737 65
22 446 27
23 746 57
23 504 1
23 620 56
23 711 1
23 463 90
23 481 88
23 467 11
23 539 16
23 534 40
23 411 98
23 695 89
24 565 97
24 425 15
24 456 13
24 403 59
24 544 4
24 465 93
24 494 90
24 615 91
24 643 42
24 628 50
24 719 48
24 766 33
24 492 27
25 493 12
25 751 45
25 436 11
25 626 58
25 615 93
25 767 11
25 673 71
25 607 63
25 702 68
25 716 91
26 411 63
26 540 71
26 536 92
27 386 66
27 400 14
27 472 49
27 474 55
27 560 50
27 640 26
27 562 97
27 466 26
27 428 8
27 648 66
27 626 93
28 390 57
28 502 85
28 553 39
28 622 62
28 602 48
28 465 23
28 615 76
28 741 9
28 556 68
29 553 30
29 463 88
29 731 46
29 659 78
30 522 53
30 455 23
30 489 29
30 437 28
30 722 27
30 463 30
30 751 24
30 625 49
31 678 88
31 401 12
31 589 28
31 761 76
31 699 43
31 669 87
31 392 99
31 746 23
31 756 35
31 552 1
31 667 4
31 489 79
31 532 18
32 604 2
32 714 8
32 692 72
32 562 9
33 673 15
33 615 45
33 392 15
33 511 54
33 669 3
34 423 63
34 395 78
34 706 68
35 672 71
35 519 3
35 406 28
35 644 97
35 618 70
35 711 98
35 585 78
35 643 42
35 621 44
36 654 69
36 473 74
37 474 12
37 563 85
37 759 6
37 480 36
37 757 76
37 745 86
37 653 34
37 491 29
38 668 84
38 647 66
39 471 60
39 669 51
39 658 15
39 688 56
39 707 19
39 659 13
39 453 84
39 536 9
39 468 94
39 416 85
39 644 48
39 612 50
39 682 9
40 402 71
40 454 84
40 455 72
40 520 25
40 601 64
40 583 2
41 686 25
41 715 37
42 726 74
42 433 32
42 417 34
42 437 61
42 486 24
42 642 10
42 618 9
42 527 38
42 692 68
42 530 69
42 425 34
42 694 93
43 682 2
43 534 11
43 764 51
43 403 14
43 422 41
43 390 51
43 530 86
43 499 94
43 635 33
43 459 49
43 594 83
43 634 26
43 420 61
43 726 77
44 430 34
44 520 52
44 431 5
44 751 61
44 710 69
44 395 27
45 610 59
45 624 30
45 400 86
45 433 19
45 593 80
45 566 95
45 501 94
45 688 3
45 535 75
45 493 71
45 475 27
45 499 16
45 541 15
45 754 57
45 604 7
46 386 60
46 679 33
46 569 59
46 562 84
46 474 13
46 742 16
46 591 31
46 570 4
47 684 26
47 471 48
47 480 9
48 483 99
48 442 47
48 752 75
48 712 57
48 701 34
48 692 8
48 524 99
49 757 8
50 732 34
50 765 72
50 715 25
50 691 33
50 485 33
50 542 46
50 689 56
50 568 83
51 593 19
51 723 62
51 428 22
51 455 68
51 525 12
51 600 5
51 658 70
52 417 73
52 597 19
52 751 45
52 676 77
52 478 56
52 404 12
52 515 29
52 436 26
52 435 60
52 491 70
53 607 72
53 446 96
53 464 48
53 561 28
53 397 18
53 498 38
53 605 20
54 527 16
54 434 8
54 489 23
54 411 34
54 528 36
54 500 1
54 694 27
54 655 38
55 438 56
55 754 32
55 611 13
55 495 42
55 427 4
55 440 80
55 490 97
55 557 94
55 389 76
56 637 2
56 744 39
56 583 88
56 639 30
56 434 44
56 435 95
56 517 6
56 728 47
56 481 65
56 513 62
56 546 60
57 725 49
57 687 9
58 514 56
58 585 1
59 569 24
59 606 3
59 560 52
59 552 5
59 517 82
59 683 37
59 765 38
59 448 19
59 648 19
59 444 39
59 564 1
59 390 80
59 741 16
60 391 83
61 735 57
61 588 89
61 711 75
61 562 2
61 439 72
61 744 26
61 394 79
61 539 50
61 596 89
62 437 72
62 406 12
62 412 18
62 691 87
62 459 70
62 680 38
63 563 66
63 755 88
63 551 48
63 480 75
63 469 12
63 611 19
63 667 1
63 642 29
63 753 92
63 555 13
64 548 40
64 475 64
64 539 21
65 408 69
65 499 91
65 720 44
65 600 16
65 570 89
65 407 63
65 640 9
66 595 72
66 405 85
66 723 47
66 759 37
66 629 30
66 742 22
66 420 74
66 724 14
66 753 79
67 535 92
67 562 64
67 399 50
67 608 67
67 513 80
67 650 53
67 744 50
67 428 52
67 688 5
67 453 5
67 573 65
68 758 56
68 505 61
68 754 82
68 663 89
68 766 33
68 680 62
68 739 59
68 626 80
68 494 98
68 599 29
68 691 96
68 546 28
68 723 24
69 513 62
69 619 66
69 422 80
70 717 41
70 598 12
70 472 46
70 664 89
70 707 44
70 745 87
70 526 50
70 568 1
70 754 48
70 454 90
70 623 96
71 570 40
71 403 17
71 658 41
71 414 91
71 602 11
72 734 84
73 507 98
73 753 52
73 510 12
73 541 4
73 704 58
73 638 5
73 621 67
73 652 62
73 437 94
73 520 15
73 509 50
73 390 95
73 404 36
73 504 26
73 742 6
74 477 15
74 565 72
74 393 10
74 520 41
74 581 59
74 694 15
74 669 21
74 387 68
74 735 11
74 496 82
75 527 42
75 448 43
75 429 66
75 678 19
75 614 63
76 691 58
76 593 38
76 612 86
77 507 43
77 387 25
77 490 11
77 673 54
77 683 77
77 700 83
77 701 7
77 497 78
77 520 27
77 465 50
77 449 72
77 428 99
77 426 5
77 704 12
78 763 64
78 598 91
79 581 26
79 468 45
79 506 32
79 573 50
79 591 52
79 518 70
79 477 77
80 392 83
80 609 1
80 663 22
80 702 16
80 481 62
80 678 2
80 514 44
80 654 31
81 562 57
81 671 13
81 614 10
81 666 92
81 761 1
81 735 94
81 658 60
81 599 94
81 415 26
81 439 34
81 482 81
81 406 87
81 492 71
81 641 96
82 624 12
82 529 77
82 396 31
82 527 78
82 607 75
82 701 93
82 563 19
82 740 27
82 579 87
82 480 35
83 475 73
83 602 48
83 585 27
83 751 54
83 538 56
83 682 68
83 539 45
83 733 77
83 626 83
83 476 19
83 648 15
83 587 87
84 616 94
84 742 19
84 559 63
84 463 96
84 763 66
85 667 50
85 735 6
85 428 17
85 462 71
85 720 82
85 666 7
85 754 87
85 430 89
86 766 44
86 698 85
87 569 83
87 453 26
88 439 50
88 397 12
88 431 31
88 668 26
88 567 75
88 634 20
88 527 53
88 399 68
88 525 6
88 640 39
88 648 58
89 410 89
89 759 4
89 726 4
89 387 52
89 661 81
89 584 25
89 683 82
89 408 12
90 557 16
90 507 79
90 415 27
90 640 69
90 696 21
91 695 71
91 628 64
91 546 90
91 717 42
91 462 40
92 624 65
92 560 12
92 728 82
92 512 62
92 562 51
92 580 33
93 524 7
93 720 84
93 671 61
93 589 20
93 455 98
93 473 11
93 727 28
93 438 60
93 463 12
93 762 48
93 421 27
93 602 67
93 653 79
94 520 54
94 650 6
95 399 64
95 411 62
95 638 73
95 525 68
95 599 47
95 539 24
95 747 43
95 691 10
95 570 54
95 441 12
95 553 29
96 765 12
96 643 29
96 482 41
96 387 27
96 753 75
96 651 28
96 555 53
96 653 70
97 727 45
97 550 97
97 737 63
97 438 63
97 616 13
97 633 6
97 508 51
97 498 67
97 576 58
97 474 73
97 488 44
97 678 96
98 496 12
98 535 87
98 709 34
99 693 1
99 565 50
99 692 10
99 665 93
99 653 4
99 416 10
99 557 64
100 465 74
100 503 8
100 707 8
100 598 70
100 668 99
100 544 99
100 733 19
100 764 84
100 739 72
100 440 99
101 669 14
101 470 9
101 750 9
101 673 9
101 623 2
101 577 99
101 761 60
101 735 63
101 449 95
101 672 56
102 530 85
102 714 37
102 446 11
102 581 15
102 726 17
102 757 24
102 729 95
102 405 41
102 458 76
102 518 66
102 563 34
102 582 50
102 535 60
103 568 81
103 668 23
103 676 56
103 697 55
103 522 43
103 681 7
104 440 52
104 674 48
104 424 73
104 469 1
105 660 44
105 453 83
105 472 4
105 659 79
105 448 25
105 491 98
105 719 51
105 538 49
105 740 31
105 760 8
105 536 54
105 470 78
105 586 37
106 418 96
106 718 93
106 750 53
106 494 75
106 489 5
106 656 78
106 598 9
106 542 7
106 438 66
106 676 64
106 469 48
106 421 28
106 694 86
106 758 46
106 596 44
107 424 18
107 406 57
107 496 44
107 399 8
108 660 13
108 701 36
108 566 67
108 453 32
109 631 14
109 765 44
109 541 70
110 516 42
110 589 25
110 495 18
110 547 3
110 646 42
110 532 7
110 458 3
110 563 85
111 581 59
111 495 62
111 501 89
111 398 31
111 563 48
111 574 70
111 411 64
111 565 94
111 728 77
111 709 20
111 650 56
111 720 51
111 513 39
112 570 53
112 646 7
112 526 31
112 401 74
112 568 64
112 425 46
112 417 66
112 408 1
112 601 30
112 385 62
112 630 40
112 544 31
112 647 34
112 694 37
112 531 83
113 448 88
113 400 63
113 629 22
113 471 41
113 682 25
114 748 1
114 645 86
114 521 82
114 759 28
114 425 26
114 658 96
114 670 38
114 439 48
114 659 42
114 623 89
114 386 12
114 615 58
115 668 92
115 504 32
115 514 88
115 657 19
115 521 86
115 556 29
115 662 77
115 500 60
115 536 37
115 402 84
115 695 30
115 485 99
116 616 50
116 644 99
117 475 14
117 426 34
117 443 80
117 666 6
117 649 14
117 647 97
117 576 15
117 767 27
117 526 38
118 545 67
118 493 24
118 390 4
118 542 48
118 416 68
119 630 9
120 702 18
120 510 59
120 491 40
120 570 50
120 393 82
120 631 38
120 492 3
120 503 48
120 448 65
120 708 3
120 625 35
120 438 44
120 563 80
120 409 87
121 727 17
121 555 56
121 410 83
121 386 77
121 622 27
121 634 83
122 521 4
122 526 67
122 434 36
122 500 75
123 530 14
124 663 43
124 484 66
124 554 93
124 624 21
124 710 94
124 507 83
124 751 80
124 623 10
124 701 52
124 657 19
125 540 26
125 528 89
126 443 50
126 669 68
126 451 61
126 750 11
126 468 85
126 625 16
127 628 4
127 742 79
127 521 53
127 451 34
127 428 39
127 737 22
128 660 12
128 625 41
128 730 26
129 553 21
129 608 84
129 454 5
129 582 50
129 620 23
129 669 65
129 549 36
129 488 39
129 622 72
129 521 9
129 735 27
130 490 71
130 720 19
130 462 55
130 624 35
131 518 29
131 689 69
131 672 90
131 428 66
131 418 33
131 509 10
131 694 66
131 486 72
131 643 19
131 462 52
131 398 32
131 578 96
131 624 61
131 764 9
131 560 28
132 652 72
132 727 10
132 602 53
132 599 57
132 637 59
132 514 25
132 566 48
132 460 69
133 390 3
133 605 25
133 660 14
133 439 29
134 475 88
134 658 3
134 572 58
134 478 45
134 526 84
134 703 25
134 442 19
134 599 6
134 518 70
134 482 31
134 528 45
134 479 8
134 744 17
134 590 55
135 678 13
135 766 86
135 525 98
135 558 91
135 655 68
135 605 75
136 628 31
136 409 45
136 497 37
136 388 18
136 507 18
136 595 62
136 718 95
136 412 10
136 672 81
136 417 99
136 431 88
136 682 41
136 754 20
136 389 80
137 621 77
137 625 70
137 519 60
137 437 8
137 592 48
137 503 72
138 541 42
138 537 3
138 744 57
139 568 41
139 392 65
139 464 46
139 486 41
139 551 5
139 507 13
139 482 61
139 414 71
139 547 12
139 748 57
139 522 38
139 580 98
139 614 44
140 490 65
140 578 41
140 495 28
140 432 23
140 446 29
140 603 10
140 411 25
140 672 70
140 619 42
140 671 4
140 701 88
141 552 36
141 508 78
141 722 43
141 723 26
141 618 91
142 669 43
142 534 95
142 403 34
142 592 28
142 699 87
142 647 95
143 656 53
143 476 72
143 610 22
143 549 90
143 483 96
143 428 20
143 672 29
144 486 77
144 693 84
144 727 81
144 493 82
144 475 33
144 524 5
144 665 19
145 540 79
145 561 25
145 552 43
145 415 32
145 723 78
145 697 86
145 674 99
145 592 61
145 408 57
145 671 5
145 433 27
146 498 70
146 470 35
146 754 80
146 563 68
146 552 61
146 655 5
146 715 70
146 703 56
146 445 70
146 454 88
146 571 56
146 656 2
146 614 38
147 450 14
147 582 6
147 762 42
147 614 65
147 527 20
147 390 8
147 388 54
147 638 45
147 631 39
147 415 8
147 530 12
147 616 18
147 603 53
147 727 3
147 569 50
148 524 2
149 763 96
149 727 91
149 441 15
149 399 17
149 707 64
149 548 27
149 709 84
149 587 49
150 730 10
150 602 24
150 470 76
150 757 13
150 664 77
150 568 34
150 727 30
150 630 24
151 598 24
151 562 5
151 528 19
151 427 73
152 628 45
152 607 34
152 722 42
152 417 49
152 704 51
152 435 81
152 755 31
152 517 28
152 428 68
152 697 50
152 760 8
152 661 3
152 655 20
153 435 55
153 642 74
153 598 96
153 673 41
153 707 84
153 580 74
153 425 86
153 420 21
153 545 92
153 634 56
153 431 95
153 644 31
154 477 42
154 570 68
154 730 5
154 435 77
155 402 87
155 581 94
155 559 48
155 752 83
155 514 77
155 389 56
155 535 62
155 589 50
155 597 65
155 558 66
155 540 82
155 765 95
155 387 57
155 681 80
156 578 59
157 384 16
157 657 74
157 588 92
157 614 22
157 667 60
157 592 33
157 446 83
157 680 39
157 551 31
158 559 32
158 659 52
158 423 52
158 625 78
158 735 46
158 709 19
158 636 9
158 508 14
158 644 27
158 657 50
159 668 81
159 555 55
159 759 60
159 596 19
160 388 43
160 428 98
160 630 12
160 517 47
160 622 75
160 670 19
160 644 91
160 570 90
160 456 64
160 614 13
161 503 96
161 757 79
161 497 57
161 456 50
161 731 46
162 744 44
162 698 44
162 557 5
162 701 55
162 573 17
163 446 52
163 429 25
163 665 5
164 711 84
164 684 4
164 757 47
164 416 57
164 622 68
164 454 68
164 730 7
164 442 99
164 636 4
164 688 55
164 522 55
164 704 49
165 438 23
165 662 49
165 478 86
165 603 8
165 516 21
165 519 40
165 531 41
166 504 88
166 551 40
166 579 81
166 445 66
166 422 62
166 696 59
166 582 68
166 756 83
167 472 6
167 725 77
167 735 1
167 700 43
167 654 67
167 467 19
167 581 94
167 634 28
168 410 43
168 438 28
169 426 61
169 745 23
169 424 23
169 709 57
169 394 14
169 646 92
169 679 25
169 729 2
170 681 1
170 529 23
170 555 94
170 509 58
170 563 96
170 589 35
170 605 77
170 561 11
170 415 37
171 627 64
171 647 3
172 434 38
172 746 85
172 405 97
172 615 1
172 552 85
173 665 1
173 736 23
173 467 4
173 492 13
173 476 88
173 765 31
173 462 28
173 574 22
174 503 44
174 412 79
174 434 59
174 671 17
174 411 19
174 725 31
174 559 27
175 563 89
175 574 42
175 474 61
175 645 58
175 743 45
175 457 88
175 401 48
175 760 80
176 708 66
176 690 66
176 694 57
176 445 81
176 687 31
176 546 26
176 478 6
176 484 43
177 642 64
177 597 22
177 421 38
178 512 57
178 485 91
178 399 89
178 451 13
179 386 13
179 751 70
179 724 95
180 545 73
180 643 14
180 551 17
180 609 75
180 424 60
180 461 91
180 701 7
180 690 38
180 663 13
180 450 95
181 665 25
181 441 40
181 539 56
181 647 96
181 477 53
182 633 42
182 723 38
182 571 46
182 731 32
182 467 49
182 729 97
182 542 95
182 484 39
183 757 37
183 630 95
183 676 95
184 398 81
185 622 74
186 528 35
186 435 99
186 661 30
186 462 48
187 400 88
187 550 50
187 525 15
187 746 34
187 531 64
188 565 90
188 454 7
188 713 65
188 519 75
188 741 92
188 625 13
188 520 10
188 411 19
188 537 24
188 655 66
188 462 41
188 681 4
189 508 49
190 472 52
190 454 66
190 397 81
190 648 21
190 435 97
190 490 77
190 427 75
190 736 80
190 395 80
190 595 65
190 583 11
190 506 32
190 511 3
190 706 14
190 404 65
191 488 76
191 581 51
191 621 7
191 687 81
191 759 19
191 427 78
191 494 47
191 702 40
191 541 66
192 749 74
192 468 5
192 584 83
192 450 29
192 521 19
192 653 71
192 721 29
192 527 41
192 696 70
192 480 86
192 511 48
193 479 64
193 582 66
193 522 67
193 485 52
194 691 37
194 542 59
194 503 84
194 393 11
194 473 41
194 517 55
194 449 43
194 741 89
194 484 99
194 539 44
194 589 42
194 754 73
194 428 60
195 463 59
195 490 84
195 558 71
195 509 5
195 726 27
195 535 15
195 712 47
195 458 93
195 698 94
195 552 46
195 751 61
195 394 9
195 691 37
195 462 70
196 486 62
197 548 17
197 657 65
198 571 2
198 544 10
198 421 83
198 636 54
198 660 45
199 519 60
199 476 93
199 421 37
199 497 98
199 515 12
199 541 31
199 651 15
199 521 84
199 432 85
199 759 76
199 689 98
199 457 68
199 563 81
199 718 86
200 617 15
200 611 43
200 718 38
200 409 52
200 462 21
200 593 59
200 754 43
200 735 13
200 766 23
200 500 2
200 425 5
200 480 85
200 703 81
200 540 73
200 686 34
201 690 42
201 617 32
201 390 89
202 619 6
203 585 15
203 421 24
204 511 78
204 554 67
204 414 28
204 397 4
204 564 16
204 733 78
204 752 10
204 707 61
204 503 85
205 701 11
205 470 68
205 611 88
205 581 76
205 510 3
205 533 22
205 508 64
205 423 58
205 764 63
205 474 95
205 444 2
205 715 47
205 748 71
205 514 36
206 766 94
206 608 27
206 556 50
206 701 42
206 521 51
206 580 43
206 410 45
206 681 10
206 582 62
206 719 67
206 422 62
206 724 37
207 585 76
207 535 10
207 440 49
207 541 5
207 584 80
207 586 33
207 752 52
207 750 38
207 463 90
207 420 37
207 648 96
207 635 6
207 495 71
207 765 12
208 715 78
208 534 73
208 563 26
208 573 11
208 667 13
208 475 76
208 566 7
208 509 32
209 389 34
209 749 76
209 525 66
209 675 36
209 557 59
209 412 18
209 629 40
209 471 2
210 554 6
210 605 22
210 613 14
210 417 65
210 670 46
210 514 55
210 546 10
210 529 58
211 687 15
211 571 69
211 676 95
211 450 34
211 410 45
211 582 57
211 589 31
211 734 45
211 431 71
211 540 39
211 616 65
211 440 71
211 630 83
212 409 52
213 535 54
213 603 85
213 445 30
213 461 44
213 576 76
213 434 72
213 558 39
213 561 45
213 442 74
213 708 35
214 743 97
214 681 89
214 631 31
214 432 74
214 411 91
214 522 6
214 534 66
215 705 24
215 671 63
215 706 67
215 722 95
215 710 44
215 469 81
215 590 73
215 748 87
215 472 76
215 622 46
215 519 21
216 586 65
216 587 21
216 557 52
216 519 69
216 679 18
216 484 53
216 451 68
216 515 29
216 636 36
216 397 3
216 498 78
216 392 38
216 470 19
217 614 70
217 437 95
218 491 60
218 589 37
218 686 55
218 480 26
218 524 56
218 472 54
218 724 66
218 596 73
219 502 42
219 760 8
219 753 16
219 453 57
219 469 10
219 707 4
219 691 57
219 399 57
219 725 99
219 540 26
219 507 19
220 521 79
220 694 53
220 454 82
220 403 28
220 393 72
221 557 78
221 698 7
221 635 62
221 672 70
221 622 63
221 537 45
221 564 26
221 749 48
221 417 25
221 600 49
221 596 21
221 446 37
221 498 32
222 690 50
222 414 89
222 750 67
222 459 99
222 529 47
222 567 11
222 695 61
222 559 2
222 468 96
223 465 58
223 458 25
223 697 78
224 738 45
224 662 78
224 616 12
225 514 1
225 548 91
225 551 42
225 666 78
226 597 9
227 600 83
227 656 48
227 488 50
227 673 91
227 474 96
227 571 10
228 425 96
228 675 82
228 574 67
228 490 32
228 711 61
228 763 83
228 641 21
228 594 26
228 764 49
228 766 37
228 613 52
229 591 80
229 548 7
229 608 71
229 493 66
229 394 70
229 522 81
229 751 48
229 519 38
230 718 91
230 433 19
230 407 66
230 401 15
230 537 48
230 705 34
230 697 8
230 678 43
230 590 28
230 653 49
230 762 3
230 650 40
230 570 75
231 405 4
231 648 38
232 718 14
232 621 79
232 587 34
232 688 64
232 551 97
232 553 42
232 436 58
232 600 20
232 390 29
232 741 75
233 547 49
233 478 11
233 535 36
233 490 7
233 436 42
233 731 13
233 475 66
233 626 2
233 550 54
233 473 5
233 558 91
233 442 31
233 712 67
233 684 20
233 557 98
234 619 53
234 682 41
234 404 92
234 515 77
234 586 47
235 530 96
235 572 76
235 514 77
235 699 68
235 395 58
235 550 87
235 647 36
235 739 17
235 568 51
236 732 95
236 705 34
236 514 98
236 496 38
236 502 39
236 655 99
237 607 23
237 709 72
237 547 36
237 481 86
237 542 36
237 543 36
237 563 39
237 643 21
237 387 98
238 440 47
238 585 83
238 686 12
238 754 15
238 609 66
238 556 45
238 702 2
238 715 65
238 730 43
238 743 82
238 504 79
238 720 72
238 692 34
238 746 67
238 579 49
239 412 55
239 477 77
239 390 50
239 554 51
239 445 59
239 762 71
239 731 92
239 467 93
239 565 29
239 573 21
239 423 75
239 514 81
240 412 5
240 719 7
240 440 41
240 391 12
240 557 58
240 591 56
240 538 78
240 650 22
240 544 75
240 506 75
240 533 22
240 579 51
240 549 6
240 539 93
240 680 69
241 654 56
241 401 55
241 569 60
241 670 27
242 515 89
242 469 6
242 636 87
242 601 32
242 700 59
242 446 86
242 621 87
242 602 62
242 572 28
242 419 54
243 571 90
243 727 83
243 701 93
243 408 91
243 447 64
243 712 96
244 539 58
244 425 2
244 406 71
244 636 21
244 739 17
244 625 55
245 664 45
245 606 73
245 435 79
245 757 55
245 678 98
245 556 45
245 622 65
245 612 2
245 502 37
245 665 38
245 634 68
245 571 93
245 558 86
245 624 75
246 684 18
246 432 75
246 739 82
246 471 25
246 399 70
246 391 93
247 605 51
247 655 68
247 414 85
247 710 91
247 650 28
247 413 60
247 629 42
247 615 96
247 646 11
248 395 54
248 627 84
248 420 39
248 608 11
248 570 34
249 662 60
249 630 14
249 663 52
249 727 4
249 609 87
249 420 43
249 541 97
249 644 26
249 538 18
250 394 52
250 508 16
250 741 99
250 664 6
250 651 88
250 609 79
250 734 83
250 459 19
250 384 46
250 547 51
250 727 23
251 674 5
251 592 77
251 750 88
251 654 87
251 402 28
251 520 39
251 559 3
251 698 68
251 588 91
251 688 82
251 498 53
251 587 29
251 460 83
251 608 52
252 432 16
252 747 4
252 569 23
252 498 79
252 537 37
253 755 28
253 403 96
253 504 25
253 641 50
253 749 33
253 613 76
253 554 28
254 729 54
254 607 54
254 406 18
254 652 28
254 694 36
254 724 39
254 455 88
254 744 88
254 723 30
254 401 82
254 405 25
255 607 64
255 457 75
255 474 49
255 394 40
256 588 29
256 427 35
256 489 35
256 686 99
256 479 86
256 582 17
256 433 53
257 563 72
257 686 75
257 573 60
257 630 40
257 396 10
257 420 24
257 674 26
257 389 79
258 627 27
258 465 56
259 703 11
259 533 99
259 651 84
259 432 49
260 408 51
260 552 64
260 477 47
261 716 15
261 682 41
261 696 95
262 487 22
262 545 33
262 570 78
262 448 59
262 742 4
263 408 88
263 741 87
263 462 67
263 514 90
263 422 16
263 650 33
263 498 90
263 710 11
263 748 2
264 570 82
264 597 42
264 393 67
264 686 96
265 438 30
265 543 64
265 441 62
265 614 50
265 455 56
265 414 69
265 724 53
265 504 76
265 615 64
266 644 91
267 676 78
267 643 71
267 488 88
267 709 85
267 446 46
267 762 22
268 502 32
268 624 40
268 403 97
269 549 2
269 725 36
269 465 21
269 571 36
269 746 58
269 759 89
269 530 12
269 468 23
269 687 21
270 653 88
270 491 83
270 410 67
270 390 10
270 512 96
270 562 51
270 761 85
270 401 76
271 667 33
271 418 72
271 390 77
271 746 10
271 489 6
271 394 28
271 520 25
271 507 96
271 603 89
271 720 20
271 567 28
271 745 48
271 419 45
272 659 89
272 657 69
272 757 43
272 611 45
272 745 66
272 512 60
272 469 9
272 687 29
272 724 4
272 711 61
272 407 45
272 535 47
272 461 33
273 702 87
273 583 80
273 447 25
273 485 69
273 666 74
273 503 37
273 578 99
273 543 69
273 746 88
273 430 60
273 466 62
273 736 87
273 623 95
274 632 8
275 392 96
275 675 39
275 455 69
275 480 70
275 499 83
275 622 74
275 572 76
275 534 99
275 423 14
275 598 25
275 581 64
275 433 30
275 419 90
276 721 76
277 585 48
277 572 29
277 404 11
277 657 33
277 466 63
277 463 72
277 683 41
277 503 44
277 499 72
277 679 21
277 711 45
277 529 90
277 392 48
278 446 75
278 438 1
278 757 10
278 702 80
278 500 57
278 463 70
278 749 52
278 586 13
278 464 89
278 395 35
278 680 90
279 452 61
279 689 72
279 463 57
280 711 88
280 420 67
280 512 99
280 419 5
280 421 45
281 612 46
281 462 23
281 693 22
281 595 59
281 540 49
281 744 30
281 384 25
281 711 24
281 629 67
282 414 52
283 519 67
283 444 48
283 484 26
283 662 92
283 641 26
283 719 1
283 767 98
283 491 5
283 392 44
283 744 8
283 405 59
283 394 38
284 424 64
284 389 58
284 736 94
284 674 21
284 400 71
284 741 91
284 619 16
284 611 53
284 593 77
284 679 72
284 392 17
284 672 99
284 691 45
284 586 26
285 533 54
285 675 41
285 414 61
285 511 51
285 554 32
285 403 47
286 610 85
286 525 60
287 468 23
287 422 87
287 495 65
287 603 68
287 485 46
287 672 57
287 584 89
287 546 62
287 704 56
287 762 96
288 722 86
288 756 8
288 441 59
288 473 63
288 676 65
288 618 28
288 533 58
288 475 34
288 757 8
288 718 15
288 713 75
288 564 94
288 738 32
288 627 26
288 453 48
289 651 1
289 591 46
289 405 57
289 723 43
289 509 93
289 532 75
289 530 12
289 656 53
289 581 5
289 499 36
289 757 8
289 577 55
289 488 4
289 471 45
289 528 58
290 592 63
290 545 15
290 578 17
291 740 20
291 421 14
291 645 37
291 552 66
291 668 91
291 518 76
291 536 33
291 687 92
291 522 98
291 625 39
291 524 70
291 744 84
292 681 28
292 701 55
293 682 40
293 422 20
293 617 45
293 573 12
293 610 32
293 552 20
293 660 62
293 560 22
293 628 74
293 723 55
293 755 55
293 670 27
293 574 58
293 644 73
294 576 55
294 432 88
294 535 50
294 401 51
294 614 61
294 713 78
294 620 13
294 439 12
294 758 12
294 764 35
294 610 54
294 518 81
294 723 10
294 742 2
295 545 77
296 538 72
296 573 83
296 553 20
296 696 9
296 389 52
296 459 16
296 572 83
297 468 1
297 691 47
297 712 32
297 531 95
297 634 55
297 497 98
298 654 39
298 716 81
298 696 11
298 649 65
298 664 18
298 470 60
298 393 38
298 445 10
298 751 89
298 626 19
298 577 24
299 418 50
300 586 43
300 615 28
300 562 8
300 564 11
300 515 57
300 384 50
300 490 10
300 570 61
300 648 45
300 427 2
300 459 72
300 597 36
300 469 19
301 697 6
301 495 57
301 610 71
301 514 88
301 496 3
301 640 20
301 453 66
301 410 23
301 468 15
301 663 73
302 451 30
302 563 24
302 476 89
302 570 63
302 453 50
302 580 63
302 459 67
302 537 83
302 592 64
302 650 96
302 533 58
303 502 10
303 496 88
303 539 75
303 467 90
303 451 89
303 653 81
303 573 85
303 450 93
303 385 53
303 532 38
303 516 10
303 639 75
303 399 47
303 446 13
304 545 3
304 635 66
304 559 22
304 531 86
304 666 98
304 654 58
304 448 27
304 589 29
304 398 55
304 767 77
304 578 86
305 767 68
305 444 86
305 644 59
305 746 97
305 622 77
305 729 19
305 643 8
305 396 39
305 485 60
306 726 96
306 583 69
306 473 95
306 612 98
306 450 14
306 415 38
306 728 80
306 698 30
306 437 61
306 517 35
306 571 21
306 759 48
306 724 43
306 475 51
306 696 48
307 464 96
307 438 46
307 675 96
307 524 65
307 468 39
307 640 32
307 422 80
307 574 34
307 389 97
307 508 4
308 661 22
308 678 94
308 523 27
308 434 96
308 656 76
308 444 19
308 649 2
309 716 36
309 576 86
309 426 16
309 765 34
309 558 71
309 437 23
309 452 73
309 525 60
309 481 77
310 452 97
310 687 68
310 655 20
310 694 57
310 478 38
310 563 26
310 725 36
310 475 12
311 669 1
311 469 32
311 544 23
311 667 43
311 606 1
311 709 29
311 628 16
311 450 35
311 404 98
311 681 95
311 467 91
311 683 43
311 699 54
311 458 33
312 747 85
312 441 17
312 421 19
312 440 12
312 501 56
312 470 35
312 399 14
312 499 26
312 709 23
312 762 23
312 705 5
313 666 61
313 735 34
313 583 13
313 728 15
313 476 41
313 564 65
313 483 96
313 748 59
313 514 15
314 677 96
314 588 44
314 440 96
314 697 59
314 755 35
314 432 58
314 611 1
315 663 98
316 612 73
316 396 28
316 714 81
316 420 17
316 525 24
316 669 64
317 641 83
317 653 4
317 738 38
317 603 26
317 673 69
317 669 1
317 504 97
317 730 74
317 483 10
317 588 99
317 721 38
317 759 40
317 503 94
317 599 4
318 511 21
318 576 57
318 532 30
318 601 95
319 572 84
319 483 39
319 735 37
319 655 41
319 695 20
319 482 59
319 568 76
319 744 97
319 653 35
319 404 16
319 546 53
319 586 94
319 574 41
319 589 87
319 610 37
320 544 70
320 719 30
320 388 12
320 686 3
321 734 39
321 655 27
321 611 59
321 658 17
321 406 22
321 544 34
321 689 97
321 518 22
321 653 95
321 522 64
321 656 97
321 691 77
321 669 16
322 541 98
322 686 86
322 466 33
322 676 85
322 574 28
322 485 42
322 528 83
323 463 78
323 426 49
323 518 71
324 681 66
324 757 82
324 767 21
324 735 15
324 624 58
324 528 50
324 682 3
324 447 24
325 596 74
325 508 10
325 765 55
325 672 90
325 706 68
325 646 26
325 609 22
325 384 15
325 650 7
326 662 23
326 673 38
326 420 81
326 452 34
326 560 38
326 462 39
326 427 38
326 581 96
326 585 55
326 658 55
327 568 52
327 523 42
327 606 87
327 630 28
327 699 24
327 519 89
327 685 55
327 665 92
328 392 35
328 606 1
328 716 20
328 713 39
328 562 71
328 468 92
329 635 40
330 686 23
330 459 67
330 580 61
330 536 8
330 623 18
330 662 8
330 645 63
330 689 13
330 591 35
331 581 60
331 714 41
331 481 68
331 654 38
331 403 29
331 707 44
331 625 83
331 449 19
331 460 3
331 715 95
332 466 51
332 752 82
332 530 86
332 653 82
333 471 31
333 506 1
333 765 14
334 422 33
334 713 86
334 747 14
334 641 87
334 582 83
334 763 66
334 416 89
334 667 93
334 711 15
334 752 71
334 393 77
334 695 88
334 412 37
334 467 47
334 565 88
335 719 29
335 385 52
335 694 67
335 623 83
335 610 22
335 707 18
335 559 64
335 659 91
335 596 18
335 760 2
335 595 36
335 390 76
336 596 41
336 558 58
336 567 37
336 593 85
336 663 30
336 542 8
336 385 5
336 501 75
336 397 76
336 515 98
336 408 48
336 674 77
336 726 74
336 505 78
337 705 45
337 546 14
337 437 72
337 669 6
338 741 30
338 498 65
338 469 49
338 579 62
338 526 53
338 534 34
338 483 15
338 538 47
338 472 78
338 428 95
338 589 68
338 551 95
338 410 96
338 697 86
339 578 47
339 594 90
339 486 48
339 517 35
339 692 78
340 562 86
340 706 47
340 637 81
340 670 33
340 716 71
340 652 13
340 586 30
340 467 5
341 434 90
341 707 10
341 694 43
341 425 73
341 764 51
341 481 20
341 472 12
341 755 71
341 450 70
341 512 28
341 443 79
341 615 6
341 413 3
341 736 71
342 624 82
342 648 29
342 412 9
342 389 8
342 665 81
342 494 3
342 443 62
342 688 30
342 744 84
342 552 31
342 563 10
342 560 36
342 600 86
343 577 59
343 649 49
343 665 33
343 454 77
343 518 50
343 762 23
343 650 30
343 624 24
343 752 38
343 701 36
343 402 23
343 489 18
344 419 76
344 388 84
344 633 16
344 716 77
344 532 62
344 737 69
344 711 30
344 429 75
344 452 15
345 580 64
345 569 53
345 611 24
345 758 64
345 402 31
345 718 28
345 640 43
345 584 61
345 688 25
346 641 13
346 630 63
346 546 15
346 544 33
347 741 53
347 426 23
347 767 38
347 663 51
347 478 30
347 755 82
347 560 72
347 656 47
347 408 45
347 683 93
347 495 85
348 414 90
348 590 6
348 656 19
348 632 47
348 509 53
348 409 22
348 468 62
348 653 79
348 675 60
349 632 71
350 496 94
350 501 96
350 481 9
350 617 13
350 528 19
350 546 95
350 526 87
350 470 62
350 555 13
350 637 23
350 763 59
350 668 3
351 557 43
351 530 31
352 393 92
352 722 39
352 734 12
352 487 39
352 607 48
352 420 3
352 553 68
352 481 20
352 752 60
353 515 38
353 605 74
353 461 26
353 659 9
353 756 96
353 737 9
353 562 4
353 477 51
353 550 84
354 658 54
354 710 62
354 511 59
354 629 26
354 541 29
354 408 38
354 432 11
354 545 87
354 595 85
354 755 84
354 586 32
354 719 70
354 647 27
354 644 87
354 643 62
355 421 87
355 529 54
355 451 14
355 460 10
355 715 23
355 767 32
355 633 57
355 698 4
355 414 75
355 688 37
355 393 70
355 664 39
355 649 93
355 410 86
356 720 90
356 390 54
356 553 10
356 702 72
356 450 75
357 488 48
357 713 81
357 582 72
357 755 66
357 392 11
357 654 74
357 765 29
357 395 61
357 564 18
358 585 83
358 399 87
358 419 89
358 699 12
358 417 86
358 410 63
358 474 22
358 413 43
358 659 95
358 461 93
358 580 28
358 598 53
358 620 97
358 398 58
359 663 83
359 569 89
359 648 58
359 633 98
359 713 18
359 478 1
360 576 94
360 509 31
360 700 23
360 583 98
360 636 51
360 472 40
360 707 81
360 496 15
360 687 87
360 618 4
360 730 36
361 613 94
361 478 71
361 456 40
361 693 20
361 683 87
361 523 47
361 427 59
361 757 52
361 398 30
361 658 65
361 476 48
362 603 59
362 496 16
362 469 44
362 500 23
362 529 51
362 618 23
362 631 88
362 643 77
363 678 52
363 766 75
363 601 11
363 542 60
363 386 23
363 473 52
363 546 64
363 593 91
363 661 61
364 657 47
364 590 82
364 655 7
364 433 56
364 474 91
364 575 57
364 708 34
364 414 82
364 722 57
364 666 38
364 587 96
364 494 43
364 426 99
364 490 47
364 452 88
365 594 35
365 410 47
365 519 72
365 541 8
365 384 54
365 483 29
365 701 89
365 441 58
365 703 27
365 479 11
366 535 52
366 680 61
366 434 83
366 648 11
366 547 18
366 504 68
366 678 24
366 587 56
366 745 98
366 716 6
367 762 47
367 692 59
367 589 92
368 677 67
368 744 58
368 387 10
368 567 41
368 724 93
368 494 84
368 474 92
368 518 34
369 520 52
369 457 29
369 504 23
369 747 26
369 558 76
369 656 80
369 597 57
369 498 37
369 763 32
369 720 58
369 556 25
370 672 80
370 402 45
370 423 40
370 757 96
370 515 50
371 474 71
371 688 40
371 530 70
371 415 73
371 594 86
371 719 2
371 563 41
371 574 41
371 724 76
371 438 54
371 519 5
371 522 49
372 445 44
372 546 87
372 554 95
372 512 73
372 474 34
372 384 76
373 412 99
373 472 33
373 502 61
373 717 84
373 767 41
373 740 87
373 417 66
373 470 20
373 389 66
373 726 48
373 731 23
373 578 79
373 592 47
374 384 27
374 598 62
374 500 59
374 488 69
374 630 54
374 552 15
374 567 20
374 752 47
374 700 51
375 746 87
375 624 81
375 591 50
375 495 23
375 722 75
375 501 9
375 658 92
376 756 45
376 585 62
376 642 52
376 385 46
376 569 69
376 581 41
376 416 64
376 622 89
376 686 86
376 477 98
376 568 83
376 766 7
376 474 67
376 708 36
377 689 92
377 445 19
377 716 96
377 438 7
377 407 78
377 611 86
377 600 84
377 515 19
377 428 41
377 540 59
377 727 14
377 738 29
377 526 48
378 690 45
378 515 79
378 655 35
378 452 19
378 398 13
378 589 57
379 716 27
380 412 22
380 686 85
380 456 71
380 392 33
380 634 78
380 474 86
380 567 98
380 702 70
380 452 82
380 421 56
380 694 31
380 670 13
380 434 80
380 390 16
380 446 95
381 490 63
381 540 53
381 453 16
381 597 97
381 612 22
381 610 8
381 611 26
381 657 22
381 474 92
381 764 33
382 681 40
382 697 92
382 460 19
382 503 11
382 690 52
382 740 79
382 446 70
382 687 49
382 519 40
382 719 14
382 603 7
382 734 47
382 424 64
382 629 29
383 658 91
383 700 88
383 600 15
383 629 36
383 639 85
383 509 28
383 592 1
383 586 49
383 675 33
