415 1608
1 339 92
1 274 13
1 363 32
1 216 28
1 286 47
1 279 99
1 323 67
1 215 68
2 216 43
2 367 47
2 314 90
2 291 89
2 301 11
2 399 9
2 319 12
2 413 94
2 271 47
2 248 14
2 406 13
2 365 23
2 230 68
2 289 31
3 274 98
3 401 28
3 389 37
3 400 84
3 362 84
3 312 44
3 276 49
4 360 4
4 358 81
4 293 92
4 334 73
4 332 78
4 215 81
4 299 55
4 267 20
4 372 16
4 401 60
4 398 78
4 318 1
5 241 25
5 355 19
5 332 94
5 296 13
5 260 19
5 312 21
5 254 25
6 368 76
6 316 40
6 400 21
6 271 99
6 357 97
6 300 84
7 339 23
7 269 61
7 296 15
7 356 5
7 408 90
7 370 62
7 349 16
7 216 23
8 402 20
8 405 39
8 387 66
8 364 98
8 347 16
9 245 32
9 307 28
9 397 56
9 390 75
9 368 31
9 241 54
9 275 35
9 273 23
9 259 44
9 379 13
9 328 4
9 278 15
9 405 19
9 393 63
9 349 60
10 274 67
10 414 9
10 409 83
10 344 81
10 310 95
11 249 88
11 326 56
11 346 20
11 308 41
11 347 15
11 266 26
11 309 97
11 271 63
12 305 77
12 358 5
12 375 79
12 278 29
12 301 15
12 290 3
12 383 89
12 348 97
12 272 21
12 271 64
13 244 89
13 392 46
13 287 62
13 299 62
13 359 78
13 238 48
13 340 11
13 341 89
13 339 71
13 388 99
13 371 56
13 211 55
13 305 11
13 349 55
13 265 84
14 251 4
14 268 28
14 310 76
14 216 8
14 379 16
14 404 60
15 231 5
15 336 56
15 237 71
16 255 46
16 395 40
16 306 33
16 274 74
16 344 1
16 280 17
16 314 74
16 275 62
16 273 47
17 255 45
17 364 93
17 316 36
18 384 33
18 348 27
18 368 78
18 350 71
18 355 30
18 278 26
18 345 55
18 243 98
18 219 8
18 339 22
19 377 94
19 262 24
19 240 45
19 256 11
19 352 75
19 264 14
20 329 89
20 332 6
20 292 4
20 361 85
20 240 89
20 321 91
20 234 16
20 346 39
20 407 16
20 281 36
20 239 89
20 412 54
21 410 25
21 290 93
21 411 9
21 264 65
21 295 62
21 297 48
21 397 71
21 375 1
21 392 97
22 384 36
23 403 85
23 383 35
23 225 50
23 282 58
23 227 64
23 336 24
23 398 45
23 292 9
23 243 30
23 399 89
23 258 42
23 230 61
23 315 72
24 323 42
24 216 41
24 286 9
24 272 47
25 395 41
25 342 11
25 383 40
26 245 56
26 407 94
26 265 37
26 383 1
26 397 73
26 369 15
26 356 14
26 279 29
26 393 62
26 272 96
26 334 40
26 267 74
26 329 16
26 332 54
27 279 21
27 257 69
27 328 35
27 284 31
28 240 27
29 364 92
29 248 93
29 389 7
29 388 6
29 296 99
29 327 13
29 384 64
29 404 21
29 227 67
29 415 25
29 253 54
29 245 2
30 278 30
30 223 90
30 310 58
31 251 80
31 394 90
31 252 98
31 335 50
31 264 84
32 370 50
32 219 11
32 388 17
32 346 47
32 222 33
32 307 50
32 373 68
33 273 45
33 251 19
33 225 22
33 409 72
33 217 73
33 280 16
33 236 14
33 310 19
33 405 47
33 232 50
33 315 88
34 283 37
34 295 87
34 233 9
34 208 93
34 241 47
35 411 5
35 382 8
36 343 95
36 321 10
36 328 84
36 333 58
37 342 74
37 316 30
37 412 71
37 266 85
37 233 46
37 336 77
37 250 81
38 387 76
38 400 59
38 261 73
38 229 50
38 301 45
38 216 20
38 223 2
38 291 46
39 227 53
39 228 80
39 411 85
39 282 16
40 388 71
40 312 11
40 412 30
40 406 3
40 302 61
40 345 62
40 346 76
40 284 56
40 340 64
40 354 13
40 335 39
40 314 38
41 414 40
41 395 83
41 226 87
41 386 45
41 323 91
41 248 1
41 362 88
41 219 69
41 340 36
41 402 37
42 386 70
42 287 90
42 302 16
42 308 86
42 337 43
42 273 89
42 268 91
42 330 2
42 231 51
42 370 28
42 237 11
43 218 93
43 250 13
43 262 47
43 365 44
44 377 27
44 278 10
44 303 23
44 392 70
44 333 22
44 228 18
44 249 64
44 393 20
44 256 35
44 374 11
44 361 61
44 234 33
45 280 57
45 325 54
45 246 52
45 332 91
45 266 16
45 252 79
45 211 35
46 274 41
46 293 40
46 213 87
46 290 75
46 392 19
46 385 86
46 371 64
46 382 63
46 376 61
46 281 12
46 402 28
46 413 46
47 379 71
47 331 40
47 272 1
47 409 64
47 369 90
48 267 66
48 359 99
48 224 15
48 309 19
48 384 6
48 413 70
49 372 80
49 322 76
49 221 82
49 302 57
49 399 35
49 218 47
50 414 99
50 310 36
50 400 94
50 297 14
50 357 77
50 259 7
50 293 5
50 219 40
50 296 35
50 300 4
50 375 84
51 234 58
51 316 55
51 410 4
52 338 9
52 312 8
52 387 64
52 360 89
52 211 92
52 257 56
52 400 89
52 244 62
52 292 26
52 322 17
52 220 65
52 369 17
52 282 35
53 391 69
53 259 7
53 275 99
53 277 37
53 346 29
53 390 29
53 307 16
54 229 62
55 348 76
55 344 33
55 216 33
55 217 93
55 384 34
55 251 96
55 264 25
55 327 56
55 247 62
55 379 15
55 295 57
55 208 63
55 411 3
56 208 62
56 261 73
56 225 12
56 242 92
57 244 64
57 266 78
57 222 58
58 399 37
59 374 10
59 247 78
59 271 49
59 414 61
59 239 71
59 299 35
59 366 34
59 387 36
59 278 67
59 329 55
59 391 29
59 235 40
59 324 41
60 345 33
60 329 74
60 318 32
60 210 95
60 352 59
60 258 60
60 279 65
60 224 6
60 346 64
60 337 2
60 289 9
60 393 53
61 352 33
61 290 8
61 329 33
61 213 87
61 233 44
61 407 65
61 293 51
61 224 58
61 264 25
61 248 66
61 347 55
61 411 83
61 297 32
61 237 63
62 346 61
62 232 90
62 234 21
62 317 94
62 380 60
62 291 28
62 315 24
62 352 61
62 319 29
62 415 99
63 342 79
63 302 96
63 231 6
63 340 19
64 366 92
64 321 32
64 384 46
64 242 77
64 404 40
64 415 9
65 209 38
65 332 28
65 400 1
65 355 48
65 288 24
65 289 90
65 387 77
65 215 82
65 263 17
65 229 66
65 293 19
65 321 48
66 388 63
66 221 96
66 313 98
66 245 74
66 353 85
66 217 69
66 214 41
66 394 80
67 406 29
67 409 72
67 339 78
67 379 34
67 397 9
68 328 47
68 411 59
68 351 32
68 347 65
68 263 93
68 232 21
68 400 78
69 352 44
69 234 24
69 270 25
69 348 34
69 408 90
69 320 72
69 363 71
69 353 70
69 227 51
69 389 42
69 393 44
69 308 63
69 279 80
70 259 32
70 406 33
70 379 9
70 231 21
70 267 18
70 409 46
70 362 76
70 365 36
70 326 60
70 405 80
70 333 66
70 350 49
70 234 67
70 211 40
71 287 77
71 403 31
71 241 46
71 377 17
71 218 24
72 284 46
72 221 41
72 401 5
72 368 40
72 251 72
72 263 64
72 320 84
73 211 14
73 404 97
73 257 71
73 413 30
73 300 87
73 356 28
73 299 16
73 208 53
73 341 76
73 401 14
73 406 50
73 285 12
73 359 47
73 282 48
74 294 44
74 359 42
74 406 83
74 376 44
74 310 58
75 275 84
75 317 24
75 403 33
75 383 94
75 329 39
75 365 5
75 245 25
75 314 21
75 366 18
75 306 40
75 252 28
75 336 93
75 401 37
75 345 56
75 301 34
76 326 33
76 213 79
76 382 65
77 269 31
77 255 92
77 387 39
77 348 34
77 347 14
77 341 63
78 344 63
78 281 80
78 307 34
78 273 70
78 359 76
78 303 2
78 221 99
78 337 21
78 355 96
78 218 14
78 332 80
79 349 61
79 379 80
79 235 3
80 308 32
80 240 25
80 231 63
81 353 7
81 380 98
81 266 14
81 241 49
81 401 21
81 409 13
81 231 56
81 345 13
81 227 15
81 346 65
81 262 77
81 244 53
82 218 51
82 317 19
82 240 51
82 266 10
82 241 69
82 309 31
82 388 58
82 215 71
82 361 54
82 226 45
82 409 16
82 393 40
82 323 7
83 220 96
83 287 24
83 315 76
84 384 73
84 209 52
84 379 76
84 223 33
84 274 6
84 287 30
84 365 33
84 280 35
84 291 1
85 217 14
85 371 43
85 296 67
85 248 77
85 339 57
85 269 61
85 410 37
85 393 22
86 347 67
86 406 45
86 400 94
86 346 29
86 227 51
87 247 11
87 215 71
87 377 74
88 311 53
88 214 9
88 267 61
88 362 82
88 336 73
88 227 43
88 216 24
88 354 89
88 225 80
89 369 40
89 359 63
89 377 88
89 305 44
89 312 48
89 352 22
89 270 86
89 321 17
89 353 10
89 317 55
89 261 88
89 247 90
89 243 93
89 220 97
89 384 84
90 399 79
90 279 18
90 360 39
90 391 52
90 235 29
90 404 47
90 371 23
90 396 41
90 312 5
91 217 58
91 375 52
91 229 22
91 330 71
91 331 52
91 393 27
91 401 71
91 321 20
91 404 78
91 236 97
91 303 18
91 242 98
92 393 48
92 341 77
92 278 20
92 267 24
92 270 9
92 272 13
93 255 42
93 394 55
93 210 83
93 243 83
93 353 60
93 410 11
93 249 77
93 379 4
93 297 55
93 371 4
93 213 71
93 324 61
93 415 33
94 261 18
94 362 22
94 331 84
94 402 86
94 346 95
94 269 99
94 257 15
94 314 64
94 396 82
94 305 84
94 304 68
94 245 13
94 277 95
94 414 80
94 310 86
95 344 31
96 332 40
96 341 20
96 318 28
96 238 21
96 372 35
96 402 80
96 393 85
96 337 21
97 229 75
97 232 92
97 241 11
97 231 94
97 395 48
97 242 72
97 305 68
97 339 48
97 394 18
97 362 65
97 280 99
98 210 76
98 337 64
98 356 91
98 413 25
98 321 24
98 355 93
98 315 48
98 340 60
98 250 71
98 277 15
99 234 71
99 319 64
99 407 31
99 282 91
99 291 73
99 230 15
99 405 84
100 217 43
100 333 40
100 235 97
100 290 37
100 363 36
100 281 63
100 325 11
100 211 4
100 387 89
101 331 21
101 262 16
101 272 10
101 385 16
101 330 20
101 211 94
102 240 31
102 259 80
102 254 10
102 285 67
102 412 49
102 309 95
102 368 5
102 352 28
102 214 86
102 327 21
102 403 14
102 375 6
102 221 4
103 405 28
103 224 80
103 271 4
103 330 75
103 293 58
103 309 83
103 274 5
103 258 77
104 237 67
104 312 63
104 368 41
105 362 1
105 241 80
105 378 21
105 350 35
105 285 72
105 279 33
105 329 50
105 405 56
105 353 95
105 298 76
105 348 33
105 221 51
105 231 81
106 354 6
106 356 66
106 369 89
106 338 39
106 251 13
106 374 11
107 341 16
107 245 22
107 208 57
107 263 8
107 317 75
107 311 9
107 398 18
107 219 40
107 224 52
107 388 32
107 251 15
107 342 18
108 319 64
109 393 17
109 325 69
109 304 67
109 308 68
110 259 74
110 342 69
110 338 55
110 316 54
110 269 71
110 234 58
110 335 11
110 318 28
110 294 95
111 268 30
111 410 22
111 210 70
111 228 91
111 411 94
111 377 65
111 294 65
111 248 56
112 225 47
112 215 19
112 342 43
112 281 73
112 375 46
112 386 26
112 305 54
112 277 92
112 243 97
112 311 24
112 391 80
112 220 59
112 363 69
113 261 34
113 289 13
113 319 39
113 286 98
113 362 16
114 291 70
114 392 57
114 287 57
114 341 45
114 325 63
114 327 46
114 256 79
114 339 80
114 401 79
114 323 96
114 306 70
114 284 60
114 342 38
115 320 49
115 333 52
115 268 8
115 378 70
115 346 50
115 380 24
116 300 94
116 214 28
116 318 43
116 303 2
116 320 62
116 344 73
116 364 35
116 354 31
116 299 69
116 298 26
116 348 95
116 273 9
117 249 31
117 343 93
117 209 79
117 372 95
117 256 8
117 337 99
117 381 3
118 335 56
118 227 96
118 293 94
118 351 65
118 229 46
118 399 58
118 357 22
119 259 37
119 323 85
119 223 31
119 218 7
119 334 61
119 299 63
119 281 62
119 230 16
119 229 4
119 214 87
119 328 27
119 390 56
120 232 94
120 408 71
120 374 28
120 219 16
121 249 11
121 392 54
121 332 83
121 311 87
122 217 39
122 415 67
122 289 59
122 381 54
122 402 45
122 233 9
122 367 68
122 299 94
122 360 27
123 398 1
124 391 63
124 332 96
124 263 43
125 365 40
125 270 36
125 394 50
125 350 1
125 249 63
125 216 64
125 406 33
125 244 47
125 311 16
125 235 89
125 334 92
125 340 68
125 388 51
126 380 5
126 247 31
126 364 28
126 409 81
126 214 84
126 219 12
126 253 63
126 334 70
126 294 82
126 413 70
126 278 27
127 383 76
127 272 61
127 400 53
127 225 95
127 250 68
127 372 88
127 296 4
127 299 25
128 353 31
128 376 13
128 289 54
128 208 36
128 216 78
128 252 15
128 277 47
128 375 90
128 315 51
129 326 41
129 210 24
130 358 77
130 298 67
130 398 86
130 325 93
131 330 4
131 239 38
131 391 67
131 397 45
132 334 17
132 249 51
132 231 34
132 388 73
132 326 58
132 217 66
133 384 24
133 299 25
133 267 2
133 258 11
133 310 37
133 404 78
133 327 27
134 211 86
135 264 68
136 306 38
136 251 39
136 212 50
136 381 94
136 340 49
136 329 67
136 309 37
136 243 22
136 328 12
137 267 30
137 354 59
137 372 93
137 303 60
137 370 90
137 375 68
137 400 50
137 279 58
137 367 1
137 366 44
137 231 87
137 266 73
137 235 96
138 408 40
138 256 96
138 310 70
138 278 55
138 320 89
138 248 46
138 328 79
138 390 15
138 264 62
138 299 97
138 236 90
139 283 98
139 306 48
139 266 55
139 224 53
139 389 43
139 367 18
139 263 77
139 332 80
139 415 30
140 353 23
140 308 43
140 373 99
140 254 72
140 226 63
140 345 34
140 313 34
140 384 61
140 283 78
141 393 78
141 230 82
141 347 99
141 281 94
141 415 41
141 381 98
141 228 54
141 287 25
141 262 93
141 293 77
141 297 90
141 275 42
141 248 96
142 301 68
142 221 61
142 350 3
142 392 61
142 279 42
142 210 13
142 318 96
143 297 16
143 319 82
143 209 66
143 321 8
143 273 43
143 230 73
143 399 97
143 285 97
143 296 97
143 224 91
143 250 56
144 261 12
144 375 18
144 401 36
144 225 84
144 216 15
144 346 91
144 392 4
144 278 7
144 330 56
144 230 99
144 280 18
145 332 24
145 371 99
145 340 89
146 379 88
146 408 27
146 211 75
146 399 38
146 283 70
146 286 3
146 258 91
146 378 21
146 413 64
147 370 63
147 265 95
147 279 16
147 215 91
147 209 52
148 232 67
148 312 2
148 245 56
148 342 28
148 235 3
149 383 22
149 349 79
149 234 25
149 247 60
149 237 83
149 275 47
149 246 11
149 384 57
149 404 35
150 306 56
150 274 97
150 322 97
150 303 59
150 221 66
150 267 19
150 277 55
150 391 47
151 231 22
151 228 60
151 364 28
151 391 89
151 334 64
151 415 91
151 322 53
151 223 72
152 227 89
153 413 98
153 305 99
153 254 52
153 232 39
153 277 55
153 373 43
153 243 90
153 256 22
153 399 78
153 339 10
154 279 63
154 260 66
154 374 91
155 309 90
156 251 59
156 380 46
156 242 57
156 270 64
156 226 67
156 211 66
156 312 37
156 373 50
157 248 73
157 331 97
157 254 21
157 230 79
157 375 96
157 385 1
157 401 13
157 309 58
158 275 88
158 279 71
158 359 88
158 310 94
158 242 49
158 342 12
158 340 5
158 307 95
158 406 2
158 293 54
158 339 8
158 375 37
158 410 88
159 323 9
160 252 91
160 401 81
160 270 31
160 394 69
160 301 69
160 357 44
160 213 8
160 320 27
160 265 85
160 411 7
160 341 52
160 353 49
160 316 26
161 310 55
161 275 19
161 273 75
161 243 47
161 241 90
161 250 9
162 278 21
162 208 22
162 344 92
162 302 77
162 320 96
162 321 42
162 349 47
162 242 41
163 253 61
163 318 63
163 346 14
163 259 58
163 330 99
163 399 61
163 338 65
163 292 6
163 334 39
163 273 49
164 253 27
164 246 32
164 209 69
165 407 51
165 336 61
165 399 85
165 271 81
165 309 43
165 375 99
165 394 85
165 281 50
165 287 77
165 390 26
165 400 7
165 342 18
165 300 28
165 397 68
165 243 86
166 286 99
166 325 5
166 365 34
166 230 28
166 214 22
166 265 3
167 326 46
167 353 63
167 359 72
167 366 48
167 323 53
167 392 87
167 270 61
167 233 50
167 377 80
167 342 27
167 315 21
167 328 59
168 366 40
168 386 69
168 253 60
168 293 7
168 340 96
168 273 54
168 387 42
168 356 62
168 415 91
168 411 84
168 238 37
168 311 7
168 298 41
168 408 72
169 343 93
169 297 78
169 395 6
169 396 35
169 349 15
169 388 99
169 280 10
169 334 66
169 366 5
169 217 98
169 278 14
169 304 33
169 225 89
170 231 13
170 415 24
170 400 1
170 276 96
170 258 99
170 329 86
170 315 58
170 279 88
170 280 98
170 305 27
170 356 93
170 293 8
171 327 80
172 328 85
172 263 59
172 233 12
172 400 62
172 309 26
172 305 66
172 288 7
172 363 81
172 335 94
172 395 83
172 220 44
173 260 46
173 303 12
173 284 22
173 269 49
173 385 73
173 370 65
173 407 62
174 411 93
174 253 63
174 242 64
174 247 30
174 287 39
174 268 90
174 271 87
174 224 38
174 297 20
174 263 83
174 382 83
174 369 94
174 392 51
175 369 13
175 252 27
175 320 35
176 267 14
176 358 51
176 260 54
176 273 42
176 297 72
176 245 48
176 244 27
176 263 9
176 392 19
177 244 40
177 387 56
177 338 50
177 223 87
177 351 65
177 361 10
177 283 15
177 228 33
177 401 65
177 320 99
177 249 45
177 242 16
177 272 56
177 274 21
177 296 21
178 254 74
178 340 88
178 283 46
178 265 24
178 330 97
178 224 99
178 273 32
178 247 31
178 348 20
178 241 77
179 396 8
179 361 97
179 209 19
179 250 24
179 212 90
179 294 46
179 228 37
179 260 56
179 275 12
179 341 98
179 366 35
180 238 38
180 378 51
181 266 55
181 415 73
181 289 68
181 233 62
181 294 86
181 401 13
181 392 81
181 373 19
181 407 58
181 320 31
181 396 33
182 289 67
182 227 83
182 322 2
182 298 3
182 291 11
182 317 19
182 210 9
182 302 26
182 282 31
182 399 11
183 245 58
183 363 12
183 251 96
183 221 10
183 228 74
183 414 54
184 321 9
184 252 60
184 302 44
184 397 23
184 373 86
184 274 37
184 374 38
185 362 90
185 373 50
185 211 29
185 404 38
185 218 46
185 346 18
185 232 38
185 375 58
185 354 50
186 369 67
186 250 85
186 283 56
187 236 7
187 284 44
187 274 34
187 283 45
187 345 92
187 252 90
187 285 9
187 250 7
187 388 40
188 375 97
188 311 61
188 414 72
188 352 52
188 240 12
188 308 59
188 269 73
188 255 59
188 340 14
188 384 9
188 370 47
188 252 30
189 294 46
189 389 12
189 347 52
189 220 81
189 403 81
189 313 62
189 395 8
190 371 93
190 228 53
190 413 8
190 223 45
190 226 11
191 298 54
191 345 68
191 330 11
191 245 74
191 320 15
191 401 52
191 255 32
191 236 77
191 322 30
192 296 97
192 342 93
192 254 89
192 388 57
192 321 85
192 326 34
192 315 59
192 369 64
192 399 98
192 401 36
192 395 59
193 413 39
193 239 26
193 297 60
193 353 33
193 408 81
193 305 64
193 211 12
193 291 28
194 336 2
195 392 14
195 386 87
196 217 89
196 347 17
196 258 61
196 267 97
196 251 44
196 265 48
196 274 99
196 414 45
196 340 62
197 266 76
197 215 69
197 369 1
197 253 49
197 329 18
198 239 63
198 241 25
198 351 95
198 405 29
199 298 49
199 363 29
199 382 55
199 409 72
199 366 85
199 232 72
199 239 28
199 347 9
199 375 78
199 328 92
199 277 51
200 410 41
201 384 5
201 318 76
201 340 16
201 358 11
201 338 5
201 242 72
201 415 95
201 314 87
202 295 90
202 401 11
202 351 65
203 378 53
203 372 74
203 304 82
203 396 70
203 249 26
203 397 12
203 395 15
203 335 19
203 399 39
203 292 16
203 273 98
203 300 53
203 241 85
204 275 33
204 380 18
204 356 31
205 212 89
205 374 70
205 352 35
205 361 70
205 349 7
205 315 94
205 299 22
205 221 71
205 370 92
205 348 84
205 400 39
205 334 14
205 295 91
205 215 29
205 222 8
206 276 39
206 390 38
206 279 64
206 348 2
206 235 98
207 223 4
207 397 2
