736 2890
1 622 83
1 723 58
1 655 9
1 507 13
1 563 22
1 651 73
1 448 38
2 672 44
2 455 16
2 635 83
2 394 91
3 480 92
3 578 55
3 728 75
3 482 56
3 587 64
3 438 50
4 489 38
4 457 28
4 677 65
4 468 55
4 675 8
4 709 50
4 656 51
4 671 92
4 424 50
4 544 48
4 650 4
4 372 5
4 452 52
4 411 92
4 590 64
5 688 24
5 397 66
5 495 69
5 595 87
5 529 97
5 475 48
5 726 33
5 400 76
5 509 21
5 676 53
5 660 70
6 695 73
6 383 51
6 642 80
6 686 99
6 553 97
7 410 39
7 534 94
7 414 89
7 556 10
7 569 77
7 591 39
7 732 95
7 513 75
7 403 9
7 497 57
7 542 20
7 631 72
8 457 25
8 626 34
8 690 40
8 408 63
8 453 90
8 460 27
8 579 69
8 559 88
8 383 6
8 468 69
8 645 67
8 696 2
8 735 6
9 539 52
9 713 44
10 638 2
10 700 38
11 543 76
11 370 99
11 425 13
11 579 50
11 501 51
11 565 64
11 640 10
11 599 62
12 441 83
13 595 87
13 614 84
13 734 70
13 571 93
13 596 78
13 373 40
13 711 29
13 557 60
13 594 51
13 710 87
14 395 13
14 434 8
14 505 82
14 596 24
15 543 12
15 562 11
15 537 91
15 730 70
15 595 28
15 578 88
15 444 5
15 504 25
15 456 95
16 480 93
16 644 38
16 625 32
16 557 57
16 717 8
16 543 22
16 679 74
16 608 69
16 419 31
17 370 1
17 582 8
17 679 40
17 708 84
18 450 19
18 475 12
18 583 91
19 711 27
19 728 73
19 442 45
19 641 2
20 466 57
20 406 89
20 584 31
20 448 93
20 370 75
20 386 2
20 538 40
20 598 59
20 483 94
20 396 82
20 630 74
20 436 78
20 669 63
20 730 89
21 453 77
21 563 56
21 455 46
21 514 82
21 568 22
21 697 39
21 620 76
21 565 18
21 663 82
21 472 7
21 597 75
22 482 84
22 577 27
23 371 92
23 630 79
24 679 79
24 695 1
24 600 16
24 606 59
25 649 24
25 508 39
26 651 5
26 447 8
26 735 38
26 518 81
26 437 6
27 547 82
27 627 16
27 534 74
27 724 48
27 495 26
27 531 29
27 505 77
27 523 95
27 388 41
27 521 55
28 650 45
28 678 45
28 552 52
28 370 7
28 555 26
28 592 39
28 434 7
28 407 24
28 683 19
28 419 91
29 589 74
29 694 48
29 422 80
29 602 16
29 429 81
29 598 59
29 705 19
29 486 40
29 665 51
29 732 72
29 403 49
29 376 8
29 605 1
29 592 16
30 419 56
30 612 61
31 691 44
31 525 34
31 676 81
31 448 47
31 381 8
32 708 32
32 693 51
32 466 24
32 465 34
32 591 55
33 479 63
33 490 53
33 540 97
33 594 99
33 406 97
33 576 83
33 670 20
33 630 90
33 471 32
33 643 35
33 555 35
33 638 59
33 592 67
34 616 67
34 670 10
34 684 37
34 515 44
34 511 68
34 542 7
34 558 37
34 676 45
34 729 36
34 631 50
35 510 65
36 671 95
36 631 73
36 472 43
36 501 71
36 608 83
36 632 42
36 732 96
36 622 56
36 649 81
36 573 26
36 379 95
36 554 65
37 719 42
37 732 51
37 416 75
37 707 65
37 406 87
38 520 10
38 609 83
38 406 22
38 377 26
38 687 84
38 690 67
38 417 14
38 480 37
38 540 70
38 498 88
39 581 82
39 632 18
39 631 96
39 736 11
39 735 27
39 511 4
39 683 33
39 375 5
39 596 24
39 712 41
39 703 48
40 674 8
40 697 89
40 675 38
40 425 79
41 680 78
41 682 41
41 660 72
41 712 44
41 655 95
41 529 93
41 430 93
41 594 41
41 463 50
42 655 35
42 583 53
42 621 28
42 450 39
42 520 12
42 664 7
42 534 29
42 658 35
43 486 13
43 720 54
43 733 15
43 642 38
43 392 84
43 399 15
43 732 68
43 545 62
43 643 9
43 676 47
43 440 52
43 727 24
43 383 39
44 640 3
44 596 94
44 553 84
44 722 46
44 605 7
44 714 26
44 470 41
44 674 93
44 510 75
44 641 95
44 697 89
44 397 77
44 528 47
44 712 76
44 630 74
45 539 76
45 508 93
45 407 93
45 734 18
45 676 13
45 592 14
45 683 94
45 409 36
46 682 24
46 659 41
46 721 93
46 524 26
46 655 5
46 391 82
46 560 86
46 641 46
46 591 42
46 718 17
47 679 11
47 665 33
47 681 59
47 576 44
47 548 92
47 579 5
47 461 80
47 732 88
47 608 41
47 389 38
47 651 59
47 460 26
47 505 61
48 688 37
48 385 39
48 421 93
48 417 85
48 649 15
48 513 54
48 453 34
48 660 12
48 423 26
48 486 8
48 519 58
48 591 60
48 618 6
49 492 13
49 674 1
49 731 37
49 408 11
49 584 88
49 597 49
50 463 48
50 527 61
50 497 37
50 381 44
50 591 16
50 464 33
50 641 2
50 442 88
50 638 38
51 433 24
51 518 72
51 459 57
52 624 77
52 538 98
52 669 80
52 678 57
52 559 87
52 594 11
52 373 96
52 626 72
52 458 91
52 398 8
53 580 5
53 545 85
53 608 25
53 670 1
53 395 83
53 611 87
53 612 92
53 645 80
53 458 51
53 593 31
53 594 50
53 661 10
53 404 78
53 427 1
53 417 1
54 586 95
54 521 77
54 415 53
54 454 14
54 442 66
54 527 96
54 633 87
54 605 53
55 430 51
55 467 81
55 394 62
55 372 25
55 575 56
55 573 14
56 468 26
56 393 14
56 379 17
57 402 57
57 509 40
57 612 56
57 564 52
57 558 19
57 610 16
57 370 49
57 384 14
57 398 95
57 614 57
57 634 73
57 619 42
58 414 7
58 523 67
58 474 20
58 412 80
58 680 56
58 651 91
59 648 34
59 372 44
59 534 58
60 513 26
60 586 12
60 641 17
60 620 32
60 389 74
60 526 19
60 562 21
60 379 63
60 416 37
60 498 67
60 515 26
60 446 17
60 646 34
60 587 53
61 569 38
61 526 44
61 617 49
61 575 76
61 627 62
61 532 5
61 584 1
61 620 71
61 695 39
61 420 15
61 468 11
62 524 44
62 479 15
63 376 42
63 398 44
63 711 99
63 646 22
63 420 92
63 708 70
63 705 59
63 486 32
63 732 29
63 609 39
63 421 20
63 624 45
63 571 96
63 381 28
64 446 50
64 564 58
64 561 90
64 416 47
64 450 26
64 631 73
64 400 14
64 533 82
64 644 36
64 538 8
64 666 16
65 683 71
65 568 40
65 657 57
65 500 55
65 406 72
65 637 2
65 458 22
65 491 30
65 486 5
65 471 78
65 736 19
65 536 37
65 662 45
65 601 33
66 621 47
66 702 74
67 645 22
67 381 10
67 608 5
67 429 29
67 711 31
67 640 65
67 569 76
67 477 50
67 397 13
68 712 48
68 602 67
68 436 85
69 490 70
69 373 1
69 390 60
69 655 8
69 443 92
70 383 6
70 723 21
70 482 31
70 626 2
70 518 76
71 565 56
71 393 37
71 490 98
71 586 16
71 591 91
71 516 50
71 567 31
71 438 22
71 630 46
71 653 15
71 463 78
71 623 98
71 594 92
71 386 72
72 665 32
72 608 78
72 394 85
72 515 7
72 620 64
72 404 7
72 628 43
72 414 25
72 657 34
72 579 36
72 490 59
72 547 5
72 593 19
73 658 12
73 635 45
73 718 40
73 647 13
73 736 17
73 444 73
73 544 45
73 723 54
74 578 67
74 565 31
74 403 16
74 735 74
74 583 27
74 574 19
74 647 91
74 503 3
75 426 53
75 547 7
75 454 71
76 457 9
76 480 87
76 634 76
76 676 14
76 673 21
77 570 15
77 375 66
77 469 94
77 705 34
77 710 31
77 614 4
77 708 62
77 387 56
77 482 87
77 712 31
77 594 20
77 678 76
77 491 7
77 679 2
77 429 62
78 687 26
78 585 47
78 406 19
78 413 64
78 577 47
78 378 69
78 445 32
78 429 38
79 415 87
79 474 52
79 542 23
79 546 81
79 607 29
80 429 88
81 565 96
81 522 31
81 541 35
81 478 31
81 596 19
81 430 98
82 612 50
82 555 78
82 534 12
82 527 23
82 572 64
83 424 69
83 512 59
83 642 86
83 529 95
84 638 99
84 629 15
85 560 95
85 667 52
85 409 45
85 585 46
85 663 61
85 508 69
86 577 13
86 611 66
86 699 51
86 533 82
86 540 29
86 663 7
86 526 82
87 443 9
87 459 23
87 524 33
87 653 68
87 538 91
87 390 1
87 581 85
87 654 45
87 593 87
87 374 4
87 728 13
88 487 47
88 641 36
88 446 96
88 701 99
88 527 78
88 615 10
88 427 46
88 698 42
88 611 88
88 437 37
88 380 27
88 503 29
88 717 84
89 659 43
89 565 35
89 408 62
89 681 23
89 498 64
89 723 67
89 536 16
89 568 21
89 439 71
89 629 30
89 721 14
89 459 42
89 485 36
89 715 91
89 382 94
90 579 94
90 672 15
90 546 69
90 416 9
90 673 48
90 533 32
90 734 98
90 374 26
91 605 72
91 564 13
91 382 88
91 374 41
91 448 37
91 390 87
91 673 19
91 461 45
91 412 82
91 659 93
91 457 49
91 554 25
92 598 56
92 712 39
92 687 62
93 376 81
93 441 21
93 542 87
94 678 92
94 719 75
94 598 6
94 621 82
94 537 57
94 567 43
94 539 19
95 411 51
95 494 48
96 402 74
96 388 67
96 630 19
96 527 80
96 523 52
96 563 44
96 727 10
96 607 89
96 417 10
97 442 76
97 425 26
97 661 79
97 735 34
97 518 53
97 571 84
97 465 32
97 600 49
97 526 87
97 662 67
97 568 39
97 506 56
97 663 52
97 582 88
98 489 87
98 647 61
98 560 40
98 502 23
98 431 20
98 370 90
98 534 55
99 520 45
99 410 23
99 705 86
99 553 40
99 533 44
99 615 77
99 386 63
99 570 13
99 494 96
99 526 81
99 604 47
100 673 49
100 622 52
100 387 5
100 493 94
100 705 9
100 670 59
100 547 22
100 643 21
100 570 50
100 618 9
100 703 56
100 682 52
101 442 13
102 416 91
102 652 23
102 672 79
102 441 31
103 404 20
103 584 12
103 476 21
103 474 90
103 386 99
103 668 55
103 721 31
103 509 3
103 460 93
103 443 94
103 717 10
104 655 7
104 584 69
104 603 37
105 435 90
105 534 85
105 497 91
105 559 8
105 565 99
105 720 83
105 686 93
105 528 52
105 371 81
105 607 1
105 530 98
106 674 40
106 522 47
106 579 89
106 590 71
106 532 73
106 404 48
106 638 22
106 407 98
107 388 33
107 687 92
107 370 84
107 563 60
107 565 57
107 551 49
107 496 97
107 638 74
107 643 92
107 396 16
107 524 65
107 575 13
108 717 15
108 486 81
108 544 72
108 618 66
108 431 66
108 421 21
108 634 83
108 684 23
109 515 95
109 507 38
109 548 68
109 571 31
109 675 20
110 496 91
110 632 59
110 620 8
110 682 41
110 564 31
110 717 20
110 416 46
110 583 87
110 733 9
111 537 37
112 627 44
112 464 6
112 580 26
112 375 35
112 703 58
112 486 2
112 541 10
112 461 2
113 650 37
113 710 17
114 510 88
114 700 84
114 653 59
114 541 74
114 600 24
114 384 6
114 730 53
114 613 65
114 631 99
115 379 4
115 513 94
115 578 25
115 380 54
115 576 40
115 670 65
116 416 89
116 622 90
116 430 33
116 620 61
116 443 95
116 426 19
116 376 26
116 672 7
116 500 45
116 581 29
116 454 60
116 502 40
117 450 85
117 719 26
117 647 21
117 464 86
117 423 37
117 386 31
118 411 14
118 632 32
118 718 8
118 376 1
118 661 33
118 664 18
119 453 26
119 436 66
119 533 80
119 692 88
119 647 6
120 557 42
120 735 19
120 396 51
120 648 86
120 703 70
120 435 68
120 642 12
120 646 76
120 605 40
120 469 41
121 644 97
121 480 62
121 491 78
121 430 14
121 397 46
121 603 64
121 482 66
122 558 67
122 540 40
122 598 78
122 521 17
122 641 58
122 422 93
122 696 41
122 516 8
122 678 57
122 659 89
122 605 57
122 703 16
122 626 35
122 544 29
123 688 38
123 451 38
123 691 2
123 735 4
123 498 10
123 725 9
123 481 54
123 589 16
123 542 57
123 532 10
123 547 10
124 549 96
124 541 90
124 423 16
124 425 69
124 570 30
125 735 87
125 457 86
125 436 54
126 582 59
126 492 98
126 594 41
126 375 10
126 655 88
126 700 84
126 724 26
126 736 11
126 502 78
126 649 13
126 469 79
126 585 55
126 540 61
126 715 5
127 604 12
127 721 59
127 705 25
127 446 77
128 425 11
128 725 37
128 462 55
128 691 12
128 515 52
128 711 82
128 624 69
128 603 7
128 404 61
128 652 4
128 627 25
128 455 38
128 564 28
128 730 2
129 568 70
129 509 61
129 491 76
129 438 30
129 517 97
129 602 28
129 542 13
129 398 20
129 635 83
129 736 97
130 370 75
130 444 3
130 718 77
130 702 54
130 435 49
130 399 91
130 379 78
130 484 57
130 639 45
130 593 53
130 398 76
130 640 50
130 597 98
130 681 47
131 489 47
131 701 59
131 587 41
131 390 81
132 390 23
133 478 22
133 611 86
133 464 40
133 598 84
133 636 77
133 666 84
133 454 99
133 619 29
134 564 82
134 691 62
134 551 97
134 710 64
134 548 91
134 621 53
134 438 58
134 585 37
134 597 49
134 445 5
134 448 15
134 459 58
134 381 70
134 538 26
135 631 68
135 494 93
135 441 75
135 482 26
135 577 21
135 548 62
135 613 29
135 722 83
135 679 38
135 560 86
136 476 31
136 607 96
136 573 61
136 500 11
136 450 35
136 399 18
136 389 1
136 634 70
136 571 49
136 686 62
136 414 96
136 707 94
136 633 47
136 604 88
137 370 85
137 530 96
137 674 41
137 678 11
137 456 97
137 466 54
137 442 26
137 595 24
137 703 52
137 510 96
137 593 19
138 410 46
138 517 10
138 687 52
138 705 64
138 608 37
138 519 1
138 583 98
138 514 24
138 568 12
138 381 34
138 465 94
138 731 91
138 418 47
138 439 2
139 704 32
139 656 5
139 586 45
139 523 9
139 545 8
140 683 30
140 546 73
140 452 47
140 417 86
140 369 41
140 472 25
140 605 22
140 402 18
140 380 86
140 607 84
141 593 60
141 426 7
141 715 44
141 486 65
141 620 91
141 717 89
141 542 9
141 557 48
141 419 6
141 459 12
141 432 61
141 726 97
141 433 70
141 679 36
141 629 55
142 719 90
143 676 5
143 486 94
143 724 10
143 417 66
143 464 50
144 707 81
144 604 15
144 657 45
144 607 67
145 714 46
145 480 99
146 510 23
146 476 12
146 506 40
146 728 16
146 461 83
146 734 13
146 452 40
146 675 51
147 703 27
147 495 50
148 619 27
148 557 55
148 387 13
148 474 23
148 477 56
148 455 39
148 622 97
149 441 46
149 489 32
149 371 3
149 545 12
149 699 32
149 619 50
149 515 21
149 385 27
149 429 9
149 672 21
149 510 35
149 715 79
150 584 92
150 694 99
150 542 97
150 638 46
150 662 89
150 722 86
150 391 37
150 369 66
150 443 95
150 389 78
151 677 85
151 581 30
151 518 85
151 585 29
151 551 40
151 499 77
151 697 40
151 461 97
151 553 43
151 484 93
151 390 42
151 474 18
152 398 98
152 578 36
152 587 43
152 435 88
152 615 91
152 477 62
152 562 19
152 422 89
152 545 75
152 375 92
152 710 6
152 430 71
152 669 35
152 575 50
153 637 29
153 641 9
153 440 23
153 415 37
153 718 20
153 623 72
153 390 2
154 733 67
154 536 46
155 541 73
155 549 26
155 717 3
155 531 10
155 497 43
155 563 87
155 588 11
155 581 77
155 608 42
155 452 38
156 692 74
156 490 2
156 703 62
156 564 4
156 604 1
156 501 94
157 545 75
157 523 47
157 619 7
157 660 4
157 536 93
157 560 25
157 648 14
157 412 94
157 711 90
158 443 48
158 376 31
158 540 74
158 590 7
158 636 73
158 370 69
159 381 16
159 442 31
159 382 89
159 615 70
159 515 62
159 579 88
159 456 52
159 703 76
159 446 2
159 502 64
159 685 16
159 687 64
159 449 34
160 387 60
160 625 49
160 568 67
160 557 5
160 381 22
160 731 42
160 617 45
161 525 26
162 453 95
162 588 64
162 464 53
162 507 48
162 601 13
162 649 9
162 425 20
162 488 94
162 399 56
162 552 37
163 487 70
163 696 68
163 399 68
163 681 58
163 532 70
163 694 73
163 459 34
164 699 39
164 462 7
164 631 23
165 424 71
165 488 5
165 708 40
165 402 78
165 623 61
165 376 80
165 423 35
165 736 41
165 654 81
165 499 26
165 531 52
165 663 65
165 483 28
165 685 44
166 533 21
166 589 67
166 629 36
166 567 22
166 418 50
167 593 79
167 507 33
167 609 81
167 526 46
167 437 27
167 567 45
167 660 95
167 466 65
167 657 2
167 728 78
167 694 94
167 493 71
167 452 83
168 678 35
168 616 23
168 539 54
168 481 90
168 713 24
169 614 75
169 724 87
169 534 32
169 472 74
169 567 78
169 583 14
169 591 30
169 662 84
170 439 6
170 631 40
170 581 25
170 369 38
170 567 4
170 717 37
170 467 13
170 612 88
170 555 27
171 499 90
171 445 89
171 556 59
171 579 14
171 539 33
171 705 65
171 726 15
171 602 33
172 591 62
172 710 87
172 458 55
172 454 69
172 442 30
172 523 6
172 716 89
172 519 30
172 444 43
172 423 61
172 606 35
172 721 18
172 438 6
172 734 54
172 628 68
173 465 16
173 482 42
173 492 39
173 621 55
173 501 41
173 579 64
173 372 75
173 721 57
173 672 59
174 476 94
174 426 9
174 514 32
174 731 65
174 503 32
174 577 11
174 717 42
174 601 22
174 439 18
175 718 41
175 546 16
175 508 26
175 583 74
175 588 16
175 567 76
175 392 35
175 558 35
175 685 8
175 560 60
176 447 76
176 664 77
176 729 70
177 592 21
177 603 36
177 718 21
177 594 44
178 706 71
179 518 93
179 596 10
179 415 73
179 658 68
179 373 87
180 656 30
180 398 96
180 372 74
180 573 22
181 396 73
181 605 25
181 656 98
181 710 33
181 646 19
181 401 13
181 670 1
181 556 64
181 551 38
181 404 42
181 481 41
181 521 26
181 398 63
182 521 21
182 656 7
182 647 57
182 711 15
182 736 81
182 375 81
183 632 25
183 612 87
183 396 96
184 537 44
184 667 88
184 563 40
184 679 48
184 638 13
184 656 44
184 557 73
184 593 29
184 520 96
184 637 77
184 492 42
184 524 54
185 693 61
185 685 11
185 661 9
185 561 28
185 524 57
185 438 65
185 406 70
185 444 57
185 386 98
185 528 78
185 588 3
186 377 45
186 424 30
186 373 89
186 566 67
186 605 12
186 500 72
186 729 49
187 431 16
187 478 49
187 471 34
187 476 77
187 613 80
187 649 11
187 485 93
187 660 70
187 664 1
187 614 57
187 598 91
188 501 9
188 397 46
189 420 63
190 603 83
190 476 10
190 543 59
190 726 95
191 520 48
191 507 87
191 711 24
191 518 16
191 630 54
191 600 30
191 552 97
191 395 65
191 652 85
192 500 94
192 632 18
192 556 23
192 584 76
192 582 61
192 554 56
193 612 48
193 689 62
193 482 92
193 516 20
193 508 84
193 666 31
193 559 98
193 397 35
193 717 87
193 406 65
193 484 13
193 370 65
194 555 89
195 595 33
195 694 39
195 701 62
195 501 21
195 464 30
195 388 72
195 621 64
195 476 85
195 638 25
195 699 99
195 462 94
195 634 4
196 577 80
196 538 15
196 575 25
196 634 98
196 655 52
196 601 77
196 591 80
196 612 31
196 425 53
196 380 98
197 520 2
197 489 90
197 649 89
197 563 75
197 600 65
197 648 50
197 650 52
197 481 37
197 681 51
198 698 42
198 627 65
198 618 9
198 421 33
198 589 46
198 593 33
198 436 97
198 374 92
198 615 5
198 545 97
198 573 70
198 662 23
198 528 62
198 508 97
198 605 17
199 587 5
199 452 17
199 528 73
199 700 36
199 396 35
200 683 88
200 492 33
200 718 35
200 711 36
200 475 35
200 427 38
200 613 71
201 418 32
201 717 55
201 689 8
201 613 14
201 616 34
201 648 88
201 693 49
201 582 53
201 434 39
201 376 71
201 523 81
201 606 79
201 546 66
201 571 55
201 373 84
202 697 76
202 510 33
202 694 82
202 485 76
202 430 40
202 566 92
202 689 73
202 717 71
202 701 49
202 528 77
203 494 16
203 439 3
203 614 63
203 487 10
203 377 30
203 498 72
203 625 98
203 496 8
203 593 62
203 709 65
203 651 38
203 628 97
203 694 83
204 373 37
204 386 34
204 521 13
204 546 45
204 527 77
204 729 33
204 480 35
205 492 93
205 383 69
205 701 79
205 470 4
205 497 56
206 588 2
206 397 54
206 708 58
206 649 98
206 457 78
206 704 59
206 568 83
206 511 58
206 557 37
206 626 18
206 515 86
206 477 86
206 657 44
207 517 9
207 622 99
207 414 83
207 618 71
208 695 5
209 549 90
209 537 47
209 540 79
210 535 50
210 569 46
210 376 42
210 684 27
210 600 48
210 522 95
210 643 39
210 369 14
211 645 83
211 564 47
211 369 23
211 371 59
211 540 53
211 726 28
211 695 19
211 599 40
211 566 10
211 631 83
211 399 7
211 419 54
211 441 39
211 405 47
212 606 19
212 705 48
212 452 27
212 470 1
212 538 68
212 609 33
212 408 52
212 596 23
212 537 65
212 475 89
212 658 57
212 503 77
212 561 52
212 564 8
213 473 17
213 608 72
213 476 30
213 697 63
213 535 45
213 689 45
213 622 53
213 411 71
213 446 63
213 379 27
213 736 91
213 562 80
213 719 81
213 642 43
214 492 61
214 462 21
214 533 83
214 405 92
214 446 40
214 631 4
215 542 27
215 568 93
215 456 1
216 705 48
216 569 28
216 633 6
216 618 62
216 592 60
216 503 81
216 404 34
216 609 3
216 527 75
216 528 76
217 480 11
217 606 24
217 387 38
217 721 54
217 662 43
217 374 9
217 460 94
217 538 93
217 415 48
217 425 85
217 690 99
217 396 10
217 719 87
218 707 52
218 524 9
218 486 61
218 431 44
218 402 6
218 435 65
218 645 37
218 610 49
219 721 81
219 421 24
219 515 71
219 565 81
219 524 36
219 602 40
219 527 82
219 479 93
219 484 89
219 718 30
219 550 25
219 719 16
219 664 5
220 462 71
221 434 20
221 451 24
221 398 67
221 409 41
221 549 83
221 383 46
221 542 10
221 651 78
221 422 8
221 621 1
221 716 39
221 654 40
221 546 54
221 493 53
222 403 99
222 607 38
222 676 28
222 402 38
223 516 39
223 546 28
223 673 29
223 624 99
223 682 66
223 575 72
223 414 7
223 538 69
223 582 12
223 412 1
223 505 59
223 393 56
224 705 74
224 720 93
224 615 82
224 569 81
225 706 89
225 616 37
225 601 77
225 511 64
225 639 81
226 610 91
226 670 39
226 727 3
226 625 16
226 515 71
226 480 43
226 725 95
226 721 86
226 530 30
226 558 93
227 462 51
227 521 2
227 603 87
227 545 76
227 496 77
227 482 42
228 578 20
228 579 58
228 630 94
228 452 34
228 525 14
228 478 35
228 406 10
228 558 20
229 420 52
229 652 27
229 403 45
230 419 57
230 383 73
231 584 64
232 391 62
232 471 61
232 424 63
232 521 56
232 599 48
232 641 88
232 448 27
233 522 84
233 416 95
233 619 30
233 530 12
233 489 83
233 487 81
233 671 7
233 429 8
233 412 55
234 586 87
234 570 17
234 515 6
234 727 39
234 443 69
234 535 79
234 657 82
234 479 31
234 643 67
234 590 56
234 481 29
234 411 82
234 507 63
234 591 44
234 697 98
235 459 38
235 474 14
235 523 66
235 427 32
235 399 90
235 548 38
235 445 32
235 640 29
235 371 88
235 727 16
235 675 35
235 639 62
235 668 64
235 533 23
236 709 31
236 375 53
236 403 4
236 531 13
236 382 97
237 401 40
238 625 28
238 601 52
239 734 34
239 595 94
239 462 82
239 479 78
239 646 33
240 569 88
240 518 91
241 566 59
241 643 44
242 686 21
242 407 51
242 494 32
242 612 73
242 724 70
242 453 16
242 596 75
242 386 17
242 547 17
242 478 55
242 490 88
242 509 18
242 405 24
242 473 35
242 428 18
243 696 18
243 426 9
243 446 37
243 635 3
243 562 26
243 646 70
243 550 66
243 587 5
243 547 70
243 628 86
243 449 79
243 647 71
243 439 49
244 504 13
244 639 6
244 435 43
244 389 38
244 453 29
244 493 71
244 625 15
245 413 12
245 680 33
245 397 49
245 583 61
245 678 37
245 624 28
246 690 95
246 443 80
246 542 84
246 705 40
246 622 34
247 707 11
247 488 60
247 377 65
247 528 60
247 409 25
247 593 52
247 643 88
247 433 34
248 372 73
248 686 54
248 683 46
248 398 61
249 587 87
249 442 90
249 384 45
249 388 27
249 672 5
249 427 12
249 561 13
249 382 50
249 502 88
249 606 52
249 716 21
249 705 7
249 662 85
249 483 59
250 554 76
250 644 66
250 678 98
250 696 74
250 534 86
250 519 21
250 426 31
250 597 52
250 413 69
251 719 12
251 439 83
251 686 52
251 677 80
251 448 91
251 636 49
251 649 95
251 650 98
251 622 60
251 616 65
251 427 71
252 402 62
252 563 70
252 734 92
252 694 2
252 723 91
252 508 68
252 549 71
253 667 89
253 529 46
253 575 58
254 464 40
254 377 59
254 498 75
254 438 65
254 545 76
254 437 23
254 385 35
254 523 98
254 712 68
254 404 26
254 445 31
254 490 35
255 561 21
255 526 33
255 448 43
256 380 52
256 597 31
256 715 22
257 491 2
257 644 93
257 727 53
257 699 60
257 577 41
257 533 14
258 417 97
258 709 6
258 705 73
258 558 97
258 600 83
258 408 19
258 582 49
258 440 41
258 507 7
258 579 11
258 474 72
258 554 25
259 641 77
259 546 16
259 735 15
259 486 26
259 612 60
259 630 99
259 530 91
259 718 39
259 470 41
259 385 27
260 668 50
260 597 60
260 520 58
260 709 40
260 469 37
260 508 50
260 476 88
260 705 53
260 640 5
260 466 79
260 475 18
260 372 61
261 623 67
261 626 71
261 393 50
262 455 38
262 677 16
262 581 50
262 643 77
262 411 90
262 484 29
262 591 10
262 682 61
262 646 19
262 609 74
262 683 16
262 372 7
262 674 75
263 418 33
263 626 54
263 372 69
263 625 3
263 609 73
263 707 71
263 736 56
263 472 13
263 506 39
263 651 43
263 502 81
263 534 98
263 542 53
263 669 54
264 722 7
264 606 92
264 551 7
264 631 17
264 529 48
264 541 44
264 382 76
264 626 22
264 482 84
264 665 42
265 560 62
265 635 50
266 390 97
267 529 40
267 528 98
267 417 40
267 385 66
267 734 22
267 623 43
267 505 13
267 475 20
267 485 51
267 678 11
267 477 16
268 497 88
268 718 96
268 426 15
268 508 37
268 714 99
268 378 72
269 446 68
269 558 78
269 411 37
269 523 75
269 520 4
270 369 68
270 626 12
271 582 58
271 516 67
271 469 63
271 452 99
271 484 12
271 382 69
271 709 27
271 375 40
271 494 23
271 652 73
271 602 17
271 468 15
271 444 99
272 587 77
272 432 59
272 612 56
272 497 41
272 500 34
272 607 55
273 582 82
273 625 91
273 656 28
273 681 51
273 448 29
273 486 39
273 374 23
273 633 13
273 717 73
273 733 84
274 630 14
274 705 22
274 578 36
274 394 30
274 391 28
274 483 8
274 377 54
274 420 80
275 430 14
276 370 8
276 713 81
276 482 83
276 633 75
276 672 65
276 457 24
277 608 98
277 495 23
277 458 1
277 694 94
277 670 10
277 581 23
277 532 96
278 671 41
278 592 49
278 369 86
278 597 21
278 672 30
278 606 17
278 471 34
279 550 60
279 546 89
279 378 57
279 406 53
279 590 56
279 383 10
279 491 51
279 556 80
279 610 84
279 521 72
279 481 69
279 654 6
280 702 75
280 589 27
280 439 26
280 545 73
280 556 98
280 493 16
280 607 63
280 456 28
280 673 31
280 404 16
280 733 23
280 599 18
280 588 64
280 548 62
281 419 17
281 522 81
281 495 87
281 643 44
281 636 7
281 421 78
281 669 38
282 662 47
282 419 53
282 675 19
282 594 24
283 638 30
284 518 20
284 468 56
284 614 72
284 571 19
285 371 39
285 667 28
285 421 25
285 484 4
285 482 47
285 600 69
285 573 16
285 613 75
285 511 87
285 382 5
285 543 66
285 571 88
285 706 4
286 457 44
286 394 67
286 575 40
286 387 89
286 651 93
286 401 92
287 514 70
287 494 93
287 617 40
287 635 65
287 604 91
287 555 68
288 622 28
288 634 74
288 721 8
288 385 49
288 579 69
288 519 96
288 489 8
288 470 56
288 379 12
288 530 77
289 585 94
289 424 93
290 649 61
290 613 15
290 673 47
290 392 65
290 402 13
290 500 56
290 731 2
290 492 12
290 630 49
290 596 44
290 656 9
290 607 52
291 663 84
291 604 41
291 583 26
291 733 63
291 387 2
291 392 25
291 625 98
292 558 63
292 722 34
292 728 36
292 556 20
292 386 95
293 384 9
293 414 26
293 720 19
293 435 8
293 713 59
293 556 33
293 601 91
293 618 67
293 681 73
293 611 47
293 571 29
293 423 79
293 595 46
293 499 5
293 373 81
294 465 84
294 642 63
294 649 79
294 703 19
294 544 84
294 512 65
295 407 55
295 566 65
295 401 28
295 426 71
295 533 45
295 423 54
295 687 86
295 400 78
295 582 32
295 483 59
295 376 25
295 477 95
295 584 52
296 590 57
296 697 86
296 419 38
296 657 94
296 413 53
296 660 17
296 708 53
296 531 42
296 700 79
296 533 38
297 480 13
297 433 46
297 625 17
297 455 97
297 644 44
297 419 15
298 608 99
298 468 54
298 681 17
298 606 36
298 499 30
298 437 53
298 564 61
299 580 91
299 725 37
299 677 15
299 588 79
299 390 5
299 525 88
299 619 41
299 612 87
299 682 4
299 598 84
299 415 94
299 499 48
299 589 94
299 711 47
299 613 69
300 605 27
300 668 3
300 421 31
300 727 24
300 431 76
300 682 27
300 675 16
300 432 26
300 563 28
301 668 56
301 720 43
301 385 64
301 657 32
301 588 5
302 666 9
302 497 59
302 542 22
302 391 5
302 682 26
302 473 47
302 692 57
302 550 38
302 381 37
303 414 48
303 372 53
303 418 38
303 388 51
303 493 9
303 437 62
304 445 23
305 384 49
305 574 50
305 667 68
305 634 30
305 418 28
305 614 15
305 393 5
305 522 7
305 408 76
306 628 34
306 666 75
306 678 11
306 564 87
306 650 23
306 659 62
306 582 24
306 439 9
306 580 82
306 563 95
306 466 25
306 545 72
306 418 44
307 629 68
307 428 1
307 513 12
307 586 88
307 729 65
307 600 83
307 717 70
307 676 38
308 572 76
308 380 7
308 735 64
308 599 5
309 514 7
309 657 92
309 687 96
309 652 3
309 599 76
309 490 93
310 473 55
310 545 16
310 505 28
310 465 92
310 648 71
310 734 47
310 528 51
310 522 15
310 373 86
311 398 30
311 618 29
311 461 68
311 525 14
311 554 37
311 616 50
311 673 6
311 416 81
311 457 68
311 648 18
311 726 40
311 589 49
312 639 22
312 660 36
312 719 39
312 683 57
312 434 68
312 371 47
312 613 82
312 550 16
312 682 69
312 665 28
312 698 7
312 525 6
312 619 2
312 377 70
312 489 57
313 602 16
313 557 76
313 523 29
313 453 65
314 718 37
314 486 51
314 507 96
314 704 41
314 697 10
314 409 9
314 383 93
314 605 27
314 511 55
314 579 2
314 590 12
314 620 29
315 602 84
315 542 37
315 665 45
315 420 34
315 463 79
315 519 89
315 497 35
315 473 4
316 690 99
316 500 69
316 369 98
316 671 17
317 552 2
317 703 22
317 591 62
317 459 12
317 571 67
317 504 92
317 442 89
317 657 5
317 543 39
317 581 52
318 474 3
318 699 98
318 598 25
318 682 94
318 539 29
318 455 49
318 477 74
318 642 21
318 434 27
318 512 15
318 684 58
318 521 98
318 551 23
318 463 69
318 373 57
319 550 37
319 634 77
319 532 27
319 375 42
319 704 26
319 394 66
319 538 68
319 568 52
319 638 80
319 657 39
319 488 87
319 387 46
319 484 81
319 480 60
320 735 62
320 452 12
320 441 7
320 726 90
320 557 32
320 635 34
320 527 47
320 650 9
320 604 85
320 392 60
320 463 86
320 605 29
320 464 78
321 550 42
321 409 84
321 732 59
321 567 4
321 548 99
321 629 93
321 392 55
321 379 31
321 574 16
321 380 63
322 529 63
322 399 14
322 412 86
322 619 35
323 458 46
323 526 45
323 691 56
323 567 41
323 685 3
323 437 92
323 479 61
323 474 65
323 553 4
323 426 51
323 391 9
323 720 90
323 665 35
324 525 11
324 443 28
324 699 92
324 456 67
324 616 55
324 493 96
324 557 87
324 673 27
324 588 68
324 658 21
325 615 36
325 429 88
325 646 53
325 396 27
325 605 29
325 484 47
325 400 49
325 638 44
325 670 76
325 674 46
325 651 99
325 633 2
325 657 64
325 482 29
325 667 19
326 383 83
326 490 36
326 606 18
326 408 76
326 451 81
326 590 9
326 508 94
326 660 9
326 455 58
326 436 45
326 692 4
327 578 23
328 590 96
328 471 8
328 646 17
328 697 98
328 559 9
328 418 77
328 564 24
328 525 20
328 558 53
328 644 50
328 688 66
329 419 32
329 672 19
330 546 55
330 411 8
330 711 32
330 686 45
330 603 36
330 543 10
330 551 63
330 718 63
330 618 48
330 642 71
331 658 61
332 678 69
332 537 50
332 528 87
332 398 13
332 428 42
332 402 79
332 452 94
332 549 81
332 724 26
332 696 24
332 659 53
332 617 36
332 431 60
332 594 47
332 669 91
333 456 24
333 425 41
333 540 10
333 572 65
333 418 34
333 645 69
333 394 86
333 718 58
333 421 26
333 712 1
333 463 62
333 407 64
333 490 23
333 396 36
334 535 40
334 497 59
334 578 48
335 389 37
335 485 55
335 659 29
335 703 58
335 385 89
335 588 12
335 430 78
335 558 74
335 451 55
336 438 84
336 540 6
336 685 95
337 387 3
337 530 72
337 586 71
337 589 97
337 454 45
337 673 85
337 401 22
337 512 54
337 546 82
337 713 38
337 453 91
338 414 83
338 427 92
338 697 61
338 641 12
338 493 79
338 489 15
338 589 71
338 379 46
338 649 85
338 583 64
338 534 5
338 458 98
338 524 6
339 725 18
339 456 33
339 679 34
339 666 30
339 720 31
339 540 91
339 514 78
339 525 85
339 471 81
339 602 62
339 575 24
339 682 29
339 411 90
339 642 66
339 551 78
340 675 50
340 682 18
340 619 6
340 446 65
340 543 98
340 371 64
340 598 46
340 546 65
340 664 28
340 685 99
341 675 99
341 706 60
341 541 83
341 733 39
341 496 20
341 434 31
341 470 97
341 685 73
341 682 66
341 569 80
341 617 12
341 730 51
341 649 92
341 530 23
342 692 91
342 463 59
342 435 7
342 547 2
342 447 30
342 684 38
342 565 82
342 405 88
342 644 49
342 588 93
342 575 95
343 547 68
343 722 59
343 594 39
343 501 99
344 403 41
345 575 72
345 556 67
345 667 7
345 606 30
345 447 32
345 617 32
345 677 94
345 693 46
345 605 61
346 427 32
346 689 27
347 652 56
347 655 24
347 415 86
347 503 67
347 480 99
347 486 25
347 607 82
347 372 74
347 478 40
347 670 57
347 634 44
347 514 36
347 658 90
347 725 18
348 699 11
348 456 11
348 436 90
348 615 44
348 695 52
348 429 72
348 692 58
348 437 73
348 394 25
348 594 9
348 724 44
348 666 45
349 728 63
349 696 91
349 729 60
349 586 64
349 636 60
349 606 40
350 628 98
350 675 11
350 459 27
350 390 64
350 621 62
350 533 27
350 586 96
351 623 43
351 402 76
351 460 65
351 526 60
352 386 84
352 731 28
352 518 32
352 713 16
352 548 13
352 730 21
352 646 21
352 697 5
352 586 3
352 390 10
353 556 59
353 469 68
353 381 83
353 519 98
353 677 78
353 416 23
354 420 54
354 563 62
354 400 90
354 392 14
354 733 75
354 415 96
354 731 5
354 531 37
354 580 79
354 595 90
354 550 47
355 502 49
355 567 64
355 406 48
355 489 10
355 734 95
355 547 92
355 385 13
355 407 41
355 642 80
355 696 12
355 569 29
355 411 51
355 654 71
355 550 40
355 634 60
356 433 58
356 573 31
356 683 40
357 722 43
357 582 44
357 474 65
357 434 84
357 707 4
357 521 42
357 666 80
357 553 86
357 568 52
357 435 85
357 471 87
357 404 24
358 512 95
358 662 36
359 717 22
359 384 74
359 708 71
359 661 41
359 378 55
359 709 1
359 461 63
360 726 75
360 475 70
360 551 58
360 517 97
360 667 12
360 467 26
360 375 11
360 648 20
360 605 74
360 376 15
360 656 39
360 461 73
360 708 97
360 503 37
360 395 47
361 455 81
361 590 64
362 630 60
362 467 7
362 375 29
362 626 10
363 709 41
363 650 28
364 558 54
364 711 57
364 389 17
364 712 93
365 382 30
365 440 96
365 733 68
365 601 20
365 706 3
365 518 30
365 622 76
365 470 67
365 428 73
365 559 8
366 390 87
366 592 92
366 569 16
366 548 70
366 582 66
366 725 78
366 683 70
367 524 48
367 636 50
367 567 97
367 633 99
367 719 74
367 585 93
367 513 8
367 544 81
367 386 49
368 553 71
