595 2237
1 498 62
1 510 93
1 583 57
1 590 24
1 566 59
1 438 90
1 361 48
1 470 2
1 555 35
1 545 87
1 547 45
1 473 48
2 398 84
2 353 22
2 476 22
3 465 72
3 390 66
3 540 20
3 536 12
4 489 59
4 565 16
4 382 52
4 484 51
4 385 69
5 582 23
5 411 77
5 479 42
5 572 32
5 552 83
5 499 99
5 434 40
5 322 87
5 496 47
5 438 83
5 354 84
5 350 45
5 405 90
5 525 34
6 390 76
6 321 9
6 387 51
6 564 75
7 586 22
7 549 47
7 481 74
7 522 10
7 482 57
7 517 42
7 589 1
7 417 90
7 318 35
7 315 16
8 380 51
8 351 11
8 392 29
8 484 11
8 442 42
8 363 87
8 570 1
8 517 82
8 435 49
8 559 17
8 329 18
9 529 35
9 408 48
9 338 57
9 433 2
9 308 1
9 306 37
9 397 76
9 541 81
9 590 33
9 515 43
9 497 3
9 573 9
9 331 41
9 526 30
9 552 5
10 332 94
10 506 14
10 315 21
10 301 1
10 478 31
11 569 93
11 594 65
11 310 24
11 339 36
11 524 37
11 324 55
11 347 74
11 466 4
11 427 3
11 520 33
11 555 94
11 568 60
12 411 35
12 441 57
12 382 86
12 578 99
12 408 18
12 517 9
12 369 56
12 510 5
12 461 24
12 450 9
12 415 2
12 511 73
13 480 49
13 482 2
13 525 87
13 541 80
13 325 38
13 395 93
14 435 87
15 420 62
15 565 49
15 378 85
16 492 24
16 422 70
16 386 24
16 572 21
17 359 65
18 438 46
18 543 63
18 546 73
18 523 79
18 502 99
18 380 49
18 407 43
18 315 73
18 405 83
18 442 43
18 491 6
18 484 76
18 310 5
18 514 64
19 580 95
19 497 7
19 575 85
19 528 63
19 470 51
19 547 87
19 572 35
19 399 67
19 557 93
20 328 65
21 472 9
21 386 46
21 373 33
21 474 12
21 396 50
21 389 33
21 533 17
21 563 75
22 532 96
22 299 44
22 336 11
22 541 41
22 584 51
22 579 29
22 327 3
22 493 24
22 525 6
22 378 29
22 366 5
22 451 37
23 438 33
23 484 17
24 384 83
24 484 97
24 324 53
24 462 78
24 441 39
24 584 8
24 510 72
24 472 33
24 530 31
24 531 78
24 525 70
24 330 8
24 564 71
24 392 54
24 393 17
25 546 31
25 526 24
25 345 51
25 496 27
26 583 30
26 482 80
26 564 60
26 542 53
26 501 54
26 329 56
26 529 57
26 557 60
26 589 27
26 443 81
26 544 6
26 485 63
26 477 56
27 501 33
28 399 91
28 389 63
28 543 35
28 385 59
28 460 71
28 308 94
28 350 10
28 352 4
28 593 63
28 525 14
28 431 32
29 590 71
29 501 44
29 397 58
29 390 48
29 583 8
29 354 75
29 299 6
29 356 53
29 516 11
29 535 3
29 552 37
29 577 23
29 510 44
29 537 98
30 576 23
30 440 81
30 384 47
30 380 45
30 487 52
31 445 25
31 434 16
31 398 14
31 409 74
31 374 79
31 572 91
31 429 81
31 509 72
31 544 52
32 494 56
32 544 18
32 563 26
32 386 17
32 343 47
32 452 22
32 497 83
32 421 13
32 509 99
32 499 13
32 447 19
32 478 7
32 450 1
32 586 10
33 545 46
33 367 30
33 560 54
33 371 41
33 450 90
33 439 60
34 390 49
34 426 13
34 353 63
35 588 58
35 472 12
35 575 89
35 420 17
35 466 58
35 442 69
35 567 78
35 559 57
35 356 27
35 330 4
35 543 53
35 448 97
35 340 92
35 422 77
36 559 21
36 466 75
36 584 23
36 311 16
36 562 10
36 580 82
36 407 35
36 302 27
36 424 45
36 503 24
36 464 7
36 436 67
36 391 45
37 443 25
37 451 51
37 434 90
37 330 12
37 381 3
37 459 43
37 323 55
38 386 68
38 331 5
38 302 58
38 506 5
38 486 25
38 528 43
38 371 21
38 300 55
39 518 92
39 545 4
39 507 47
39 475 12
39 478 53
39 402 53
39 413 34
39 386 65
39 573 68
39 467 45
40 513 40
40 299 30
40 304 29
40 474 32
40 425 66
40 508 65
40 475 11
40 406 90
41 554 25
41 558 53
41 514 7
41 415 36
41 377 91
41 550 51
42 354 54
43 474 38
43 527 9
43 422 16
43 584 17
43 541 18
44 479 90
44 551 66
44 561 62
44 346 79
44 319 34
44 539 42
44 403 77
44 576 94
44 451 14
44 588 91
45 330 91
45 594 85
45 359 23
45 317 67
45 492 63
45 489 13
45 396 27
45 560 37
46 589 39
46 357 93
46 398 94
46 448 35
46 404 19
46 330 67
46 480 48
46 301 56
46 536 12
46 324 96
46 524 58
46 353 16
46 413 45
46 590 18
46 470 48
47 426 50
47 385 55
47 472 73
47 449 68
47 577 49
47 360 97
47 423 24
47 503 88
47 518 17
47 308 76
47 321 33
47 330 61
47 455 22
48 529 14
48 486 25
49 500 87
49 486 42
49 491 12
49 460 72
49 494 77
49 510 24
49 506 23
49 519 56
49 572 48
49 511 94
49 562 32
49 541 77
49 479 31
49 336 80
50 369 37
50 363 98
50 402 47
50 519 74
50 408 37
50 302 72
50 526 12
50 530 90
50 491 44
50 525 77
51 307 39
51 447 15
51 442 6
51 500 78
51 390 58
52 371 86
52 508 7
53 574 27
53 381 43
53 528 87
53 470 9
53 562 16
53 526 4
54 445 72
55 558 40
55 541 25
55 424 27
55 581 99
55 441 25
55 383 74
55 566 18
55 563 20
56 496 93
56 555 8
56 557 79
56 565 78
56 564 85
56 414 87
56 497 84
56 369 42
56 428 13
57 469 97
58 499 97
58 566 34
58 530 33
58 506 63
58 584 19
58 430 45
58 528 97
58 552 61
58 478 88
58 595 5
58 379 35
59 528 43
59 580 71
59 565 21
59 322 94
60 357 74
61 561 35
61 367 13
61 500 45
61 309 13
61 442 65
61 315 70
61 412 60
61 559 19
61 354 21
61 363 97
61 455 98
61 470 79
62 583 1
62 352 19
62 339 43
62 453 1
62 349 74
62 531 12
62 395 19
63 492 70
63 308 39
63 585 77
63 496 7
63 473 82
63 483 2
63 334 63
64 444 86
64 472 13
64 363 84
64 368 51
64 375 36
64 503 59
64 434 83
64 595 11
64 555 53
64 385 71
64 489 97
64 469 1
64 466 32
64 471 28
64 487 73
65 423 15
65 541 42
66 474 21
66 538 46
66 409 19
66 568 61
66 369 69
67 394 62
67 367 35
67 356 69
67 510 60
67 409 2
67 565 25
67 427 36
67 376 57
67 576 7
67 505 62
67 486 12
67 390 2
67 399 83
67 357 48
68 514 34
68 340 70
68 494 62
68 559 40
68 339 96
69 562 89
69 318 66
69 417 71
69 371 4
69 527 74
69 398 79
69 455 91
69 339 96
69 333 25
69 499 35
69 589 85
70 576 37
70 434 83
70 375 3
70 382 18
70 443 51
70 416 50
71 391 82
71 486 75
71 562 57
71 298 58
72 321 75
72 482 95
72 303 65
72 556 35
72 496 88
72 510 30
72 307 44
72 327 26
72 334 80
72 427 72
72 346 58
72 535 7
73 335 22
73 327 72
73 516 3
73 535 90
73 470 31
73 582 94
73 396 80
73 589 11
73 376 29
73 539 11
73 436 23
73 553 21
74 441 26
74 576 29
74 427 99
75 352 65
75 416 97
75 333 83
75 348 88
76 392 86
76 495 82
76 438 38
77 490 14
77 560 71
77 369 7
77 447 69
77 385 85
77 436 49
77 433 47
78 378 70
78 330 45
78 470 63
78 547 27
78 389 30
78 312 61
79 328 30
79 404 16
79 360 60
79 417 20
79 538 87
79 459 95
79 461 47
80 502 30
80 351 64
80 590 73
81 509 44
81 583 10
81 587 60
81 531 31
81 319 78
81 394 29
82 389 96
82 431 83
82 517 72
83 451 24
83 298 84
83 418 58
83 539 31
83 360 84
83 543 62
83 553 9
83 422 31
83 558 63
83 402 58
83 500 66
83 318 60
84 329 94
84 375 95
84 496 67
84 555 69
84 327 50
84 512 37
84 463 64
84 394 1
84 391 91
84 317 36
84 520 8
84 418 49
85 395 98
85 449 62
85 451 59
85 337 26
85 518 19
86 407 69
86 474 42
86 504 48
86 416 79
86 418 55
86 515 7
86 398 77
86 399 72
86 545 84
86 524 75
86 329 57
86 311 79
86 306 64
86 563 83
86 350 71
87 539 98
87 494 14
87 391 50
87 360 14
87 515 93
87 351 61
87 429 29
87 358 91
87 577 32
87 493 83
87 419 81
88 446 88
88 401 76
88 567 9
88 518 33
88 479 22
88 503 3
88 506 83
88 358 13
88 421 94
88 554 17
88 375 18
88 337 80
88 524 39
88 411 89
89 465 90
89 359 97
89 303 66
89 512 62
89 450 7
89 334 22
89 491 28
89 506 52
89 552 36
89 542 51
89 456 85
90 353 13
90 343 46
90 444 32
90 435 58
91 394 41
91 425 50
91 548 16
91 442 96
91 552 74
91 407 19
91 428 1
91 398 63
91 354 51
91 588 53
91 376 55
91 580 95
92 351 51
92 431 89
92 402 55
92 434 80
92 559 33
92 594 11
93 577 25
93 564 4
93 533 63
93 550 62
93 491 30
93 313 26
93 571 61
93 321 53
93 425 36
93 451 41
93 312 57
93 572 48
93 417 9
94 397 57
94 458 51
94 368 55
94 509 54
94 548 67
94 471 2
94 411 84
94 393 65
94 342 71
94 413 89
94 521 35
94 434 15
94 489 9
95 570 52
95 514 27
96 445 76
96 460 63
96 539 81
96 425 71
96 488 52
97 547 3
97 537 21
97 431 29
97 404 94
97 569 78
97 499 21
97 573 90
97 399 36
97 461 21
97 560 82
97 408 60
97 332 6
97 539 4
97 363 44
97 347 98
98 397 45
98 463 96
98 469 35
99 435 87
99 565 78
99 474 49
99 380 46
99 594 54
99 451 14
99 532 29
99 527 48
99 425 21
99 552 74
100 412 35
100 505 77
100 461 73
100 417 59
100 568 86
100 414 95
100 364 7
100 438 36
100 490 22
100 311 60
101 469 76
101 379 47
101 586 12
101 328 49
102 331 44
102 398 88
102 360 30
102 373 30
102 552 11
102 595 65
102 455 53
102 577 82
103 348 79
103 406 28
103 416 93
103 562 93
104 569 4
104 504 57
104 350 67
105 423 16
105 376 66
105 542 30
105 375 99
105 526 17
105 331 1
105 323 43
105 574 10
105 421 1
105 505 19
105 303 9
105 299 38
105 306 62
105 420 23
106 494 36
106 325 59
106 490 41
106 432 66
106 456 1
107 303 2
107 435 66
107 505 83
107 363 99
107 554 37
107 320 55
107 524 21
107 319 53
107 337 97
107 449 45
107 416 66
108 461 92
108 548 91
108 502 50
108 551 68
108 468 7
109 348 94
109 573 46
110 331 47
110 370 94
110 355 48
110 347 1
110 398 78
110 591 29
110 478 11
110 445 3
110 542 28
111 514 90
112 513 59
112 370 43
112 404 68
112 466 52
112 460 27
112 373 4
112 300 56
113 400 2
113 382 32
113 354 66
114 511 93
114 441 45
114 467 96
114 475 48
114 538 46
114 453 65
114 461 35
114 382 27
114 478 17
114 332 87
115 363 93
115 447 17
115 313 41
115 453 14
115 324 94
115 343 72
115 469 53
115 391 1
115 435 87
115 498 54
115 545 89
115 543 35
115 476 28
115 396 30
116 305 93
116 549 54
116 345 76
116 523 14
116 368 66
117 314 88
117 469 94
117 431 67
117 552 74
117 421 29
117 301 52
117 502 3
117 387 98
117 446 99
117 430 55
117 551 14
117 479 94
117 398 84
118 316 86
118 445 40
118 515 96
119 302 43
119 527 3
119 586 55
119 514 57
119 579 54
119 562 51
119 493 55
119 587 15
119 377 78
119 452 77
119 446 59
119 508 17
119 334 66
119 550 55
120 320 91
120 347 88
120 574 22
120 478 60
120 497 28
120 498 93
120 340 27
120 563 43
120 301 13
120 584 62
120 366 92
120 590 74
120 362 53
120 376 45
121 365 73
121 456 60
121 331 6
122 519 48
122 437 88
122 554 33
122 395 51
123 465 52
123 357 22
123 430 56
123 519 12
123 347 38
123 537 39
123 534 53
123 393 95
123 298 51
123 515 93
124 587 85
124 337 32
124 562 45
124 316 64
125 557 26
125 559 73
125 583 24
125 526 58
126 568 46
126 428 70
126 509 1
126 320 89
126 385 93
126 585 65
126 474 80
126 561 97
126 329 10
126 419 41
126 361 18
127 387 72
127 310 11
127 437 28
127 366 34
127 417 5
127 513 39
127 359 67
127 348 65
127 569 48
127 589 89
127 443 55
127 298 73
127 363 47
128 489 62
128 313 68
129 558 7
129 473 42
129 567 9
129 465 81
129 570 48
129 492 87
129 524 81
129 517 90
129 497 42
129 547 63
129 358 50
129 428 63
129 565 29
129 393 91
130 337 31
131 550 41
131 474 29
131 302 12
131 437 78
131 344 79
131 521 83
131 476 58
131 538 98
131 575 41
131 581 26
131 509 59
131 552 8
131 357 75
132 458 69
132 563 91
132 366 96
132 542 54
132 390 28
133 413 25
133 508 58
133 444 38
133 515 89
134 408 29
134 585 93
134 439 30
134 321 90
134 347 21
134 581 86
134 323 70
134 375 54
134 534 75
134 434 38
134 589 73
134 418 18
134 427 49
135 584 26
135 329 62
135 513 68
136 306 82
136 540 85
136 498 49
136 450 44
136 495 67
136 460 56
136 496 89
136 447 79
136 518 6
136 552 22
136 431 50
136 434 66
136 561 96
137 518 36
137 388 4
137 411 33
137 486 92
137 397 51
137 551 99
137 532 19
137 523 48
138 577 88
138 455 62
138 322 72
138 570 28
138 544 87
138 412 50
138 344 21
138 392 34
138 381 58
138 496 20
138 565 66
138 436 35
139 350 85
139 553 45
139 388 39
139 574 10
139 420 94
139 496 22
139 361 73
139 366 5
139 540 51
139 398 84
139 468 99
139 432 36
139 336 5
140 396 57
140 528 39
140 557 34
140 304 41
140 378 25
140 311 97
140 517 26
140 590 43
140 470 20
140 486 93
140 548 23
140 332 77
141 458 17
141 348 80
141 533 6
141 592 68
141 315 45
141 543 48
141 336 2
141 453 84
141 395 31
142 429 12
142 333 91
142 460 65
142 458 24
142 335 98
142 355 29
142 449 27
143 346 15
143 374 97
143 411 5
143 591 63
143 448 36
143 534 23
143 559 30
144 557 11
144 429 86
144 558 93
145 385 34
145 467 22
145 461 41
145 485 92
145 504 65
145 490 51
145 460 17
145 472 32
145 415 78
145 548 42
145 298 68
146 299 36
146 408 6
146 426 37
146 566 97
147 449 51
147 480 73
147 533 46
147 318 48
147 349 69
147 500 17
147 554 26
147 358 68
147 462 99
147 496 29
147 595 23
148 555 89
148 582 59
149 490 41
149 477 93
149 331 50
149 557 94
149 468 81
149 571 51
149 549 14
149 440 79
149 573 44
149 317 39
150 373 46
150 336 41
150 590 48
150 337 92
150 405 21
151 437 87
151 405 59
151 544 78
151 323 91
151 493 68
151 333 66
151 563 84
151 503 50
151 424 84
151 339 63
151 590 18
151 461 77
151 439 8
151 455 54
151 562 42
152 478 63
152 417 42
152 374 61
152 465 57
152 396 90
153 496 84
153 337 91
153 341 73
153 329 55
153 405 54
153 478 23
153 319 18
153 468 8
153 456 34
153 487 99
153 338 8
153 416 21
154 554 25
154 465 6
154 579 81
154 593 40
154 590 51
154 561 32
154 444 22
154 508 93
154 446 56
155 431 44
155 458 66
156 578 32
156 454 64
156 470 74
156 559 7
156 536 26
156 489 3
156 494 76
157 504 4
157 577 79
157 449 91
157 302 2
157 456 36
157 322 95
157 403 85
157 467 24
157 432 37
157 570 45
157 398 48
158 385 77
158 432 16
159 433 84
160 471 55
160 431 96
160 392 53
160 583 3
160 487 72
161 505 2
162 574 13
162 495 11
162 460 40
162 593 63
162 492 34
162 546 41
162 445 26
162 517 42
162 566 90
163 484 80
163 428 17
163 589 91
164 536 6
164 339 58
164 312 96
164 352 29
164 330 30
164 419 23
165 444 69
165 442 85
165 335 55
166 363 27
166 356 94
166 400 76
166 517 46
166 315 79
166 562 28
166 539 81
166 430 76
166 477 67
166 422 22
167 469 4
167 535 53
167 321 1
167 549 64
167 415 92
167 382 39
167 421 28
167 303 67
167 384 95
167 337 70
167 490 44
167 351 33
168 473 57
168 556 29
168 345 56
168 532 71
168 349 58
168 316 88
168 311 27
168 481 67
168 386 30
168 415 33
168 346 87
169 517 46
169 484 85
170 550 17
170 411 64
170 396 18
170 465 55
170 372 13
170 328 44
170 377 65
170 301 23
171 359 59
171 318 13
171 329 39
171 392 5
171 324 94
171 461 4
171 347 89
171 570 2
171 438 56
171 303 73
171 364 15
171 382 12
172 371 94
172 520 37
172 509 47
172 521 89
172 436 8
172 460 69
172 298 93
172 366 50
172 350 1
172 500 91
172 414 70
172 524 66
172 382 55
173 550 78
173 375 76
173 398 75
173 526 11
174 342 13
174 310 82
174 585 27
174 593 78
174 524 10
175 454 98
175 521 17
175 365 18
175 372 67
175 487 64
175 512 84
175 417 38
175 371 66
175 307 74
175 338 60
175 472 73
176 446 35
176 488 91
176 512 79
176 301 17
176 451 29
176 306 47
176 414 44
176 510 50
176 464 16
176 537 23
176 382 67
176 392 42
176 492 72
177 373 50
177 566 16
178 528 28
178 381 14
178 522 91
179 304 44
179 577 91
179 535 88
179 528 33
179 589 84
179 458 39
179 583 31
179 592 71
179 451 41
179 373 5
179 336 10
179 376 12
179 420 35
179 547 17
179 335 11
180 339 93
180 454 20
180 577 87
180 477 96
180 311 59
180 348 81
180 513 65
180 437 39
180 569 76
180 476 63
181 436 87
181 447 31
181 330 74
181 374 45
181 553 18
181 545 49
181 565 57
181 440 24
182 573 75
182 368 31
182 457 68
182 444 84
182 426 3
182 513 7
182 311 41
182 461 85
182 344 57
182 313 7
182 369 39
183 335 41
183 387 4
183 595 88
183 371 50
183 400 31
184 568 79
184 552 30
184 362 29
185 555 31
185 411 55
185 308 10
185 445 78
185 443 52
186 594 13
186 378 69
186 426 96
186 451 8
186 405 57
186 425 27
186 499 24
187 592 56
187 430 52
187 348 88
187 393 59
187 335 86
187 349 42
187 391 9
187 553 17
187 404 80
187 360 56
187 398 74
187 357 25
187 331 58
187 301 99
188 500 36
188 593 60
188 483 99
188 441 81
188 475 43
188 409 65
188 344 87
188 434 21
189 368 27
189 488 68
189 462 65
189 561 52
189 482 17
189 514 72
189 576 34
189 506 10
189 483 34
189 326 29
189 374 31
189 565 83
189 591 82
189 473 88
190 302 15
191 305 29
192 345 64
192 384 89
192 385 71
192 591 14
192 523 48
192 522 75
192 454 81
192 517 84
192 580 20
192 322 53
192 455 77
192 546 10
192 592 97
193 323 27
193 442 14
193 482 61
193 425 36
194 485 36
194 380 26
194 487 20
194 469 93
195 522 34
196 505 26
196 417 37
196 565 83
196 427 70
196 470 23
196 407 45
196 336 94
196 487 75
196 530 17
196 579 47
197 467 45
197 335 70
197 556 18
197 358 54
197 356 94
197 522 74
198 466 72
198 424 51
198 568 87
198 521 81
198 447 32
198 370 63
198 425 95
198 472 24
198 526 13
199 460 7
199 453 15
199 510 69
199 379 47
199 367 47
199 339 62
200 334 94
201 450 35
201 447 30
201 346 63
201 508 35
201 403 30
201 433 77
201 339 52
201 338 36
201 312 90
201 388 45
201 408 36
201 425 30
201 322 64
202 307 28
202 432 10
202 395 60
202 509 67
202 579 62
202 566 64
202 493 74
202 299 33
202 594 13
202 476 3
202 516 62
202 324 41
202 375 59
202 366 58
203 397 16
203 592 31
204 322 26
204 403 29
204 369 70
204 310 84
204 418 50
204 512 36
204 462 87
204 386 90
204 406 60
204 329 44
204 410 94
204 382 98
204 416 52
205 435 90
205 487 87
205 501 28
205 543 65
205 567 60
205 425 84
205 332 97
205 364 55
205 353 2
205 448 84
205 449 82
205 465 87
205 587 62
205 376 22
205 356 27
206 317 1
206 511 93
206 391 70
206 465 20
206 401 37
206 514 6
206 489 65
206 593 17
206 312 65
206 479 46
206 345 15
206 490 92
206 457 22
206 462 69
207 509 8
207 358 18
207 526 69
207 485 75
207 483 81
207 461 22
207 372 16
207 425 35
207 465 76
207 505 99
208 348 73
208 517 18
208 457 75
208 548 24
208 520 44
208 383 87
208 328 96
208 433 87
208 309 14
208 495 60
208 587 89
208 547 66
208 483 74
209 593 75
209 504 62
209 528 46
209 386 26
209 378 71
209 437 63
209 502 20
209 487 45
209 559 92
209 535 76
209 404 85
209 359 94
210 468 67
210 405 14
210 540 12
210 383 81
210 521 1
210 556 12
210 443 66
210 464 17
210 568 71
210 433 46
211 555 20
211 557 31
211 459 41
211 322 72
212 586 77
212 517 49
212 407 27
212 341 78
212 564 61
212 485 79
212 553 41
212 439 44
213 385 94
213 365 14
214 457 35
214 554 96
214 517 44
215 459 72
215 492 57
215 456 54
215 325 80
215 365 41
215 409 89
215 363 29
215 586 76
216 350 74
216 323 84
216 368 6
217 426 14
217 416 48
217 573 23
217 478 50
217 334 4
217 569 29
217 315 43
217 593 16
218 579 84
218 448 98
218 399 85
218 343 71
218 434 19
218 488 15
218 391 16
218 304 7
218 312 53
218 511 24
218 513 19
218 393 98
219 301 47
219 592 5
219 383 68
219 474 94
220 416 60
220 301 17
220 511 66
220 459 78
220 482 41
220 568 13
220 506 96
220 564 3
221 467 64
221 420 21
221 581 65
221 499 13
221 445 56
222 569 91
222 473 41
222 561 65
222 363 71
222 524 19
222 396 12
222 542 46
223 309 86
223 452 85
223 550 36
224 351 66
224 570 26
225 547 83
225 392 75
225 459 53
225 474 56
225 312 86
225 304 59
225 417 10
225 561 80
225 427 29
225 432 89
226 398 86
226 520 63
226 480 64
226 326 75
226 309 72
226 366 3
226 548 82
226 389 8
226 424 97
227 417 49
227 408 3
227 523 50
227 318 62
227 355 83
227 465 53
228 327 28
228 316 28
228 473 92
228 510 22
228 413 9
228 581 75
228 468 80
228 486 99
229 566 52
229 427 58
229 562 37
230 507 43
230 432 47
230 526 77
231 593 62
231 319 56
231 459 32
232 440 28
232 481 3
232 378 54
232 558 3
232 443 7
232 362 44
232 428 39
232 579 44
232 532 4
232 454 78
232 552 39
232 435 18
232 565 24
232 531 34
232 409 14
233 552 70
233 580 3
233 534 59
233 309 32
233 436 17
233 567 59
233 395 20
233 418 15
233 423 7
233 368 63
233 504 13
233 478 17
234 320 36
234 333 59
234 303 36
234 465 30
234 483 36
234 430 92
234 393 70
234 547 22
234 566 60
235 338 30
235 502 51
235 402 21
235 410 83
235 470 54
235 425 77
235 384 5
235 572 96
235 321 42
235 567 82
235 400 28
235 310 24
236 448 23
236 440 73
236 469 44
236 384 19
236 556 31
237 372 40
237 453 73
237 444 9
237 399 87
237 364 47
237 432 39
237 516 93
238 397 27
238 346 3
238 574 85
238 459 68
238 302 49
238 312 3
238 316 25
239 529 53
239 463 12
239 581 53
239 543 41
239 593 52
239 579 38
239 528 48
239 556 62
239 506 81
239 363 16
239 307 18
239 549 64
239 451 81
239 323 84
240 343 93
241 412 13
241 491 86
241 360 91
241 489 12
241 401 6
241 335 53
241 573 97
242 592 14
242 583 72
242 523 82
242 342 12
242 405 27
242 395 56
242 594 52
242 362 92
242 477 36
242 506 48
242 303 39
242 398 57
242 310 75
243 388 12
243 521 69
243 483 33
243 489 92
243 299 80
243 422 82
243 563 78
244 372 91
244 332 92
244 529 69
244 324 82
244 485 57
244 417 9
244 551 34
244 375 89
244 426 99
244 305 77
244 589 37
244 299 97
244 592 72
245 511 55
246 563 98
246 308 81
246 484 58
246 569 41
246 412 11
246 306 92
247 421 11
247 572 89
247 400 80
247 435 70
247 304 26
247 508 24
247 333 10
247 449 81
247 582 44
247 316 54
247 509 99
247 489 32
247 409 23
248 505 75
248 475 7
248 407 21
248 400 3
248 378 99
249 391 54
249 316 18
249 434 22
249 392 62
249 516 93
249 568 58
249 388 11
249 332 42
249 411 85
250 302 20
250 555 14
250 323 88
250 584 74
251 509 52
251 314 69
251 414 90
251 369 67
251 514 2
251 390 13
251 452 99
251 304 57
251 579 34
251 381 99
251 409 53
252 317 46
252 355 46
252 429 78
252 375 6
252 467 75
252 332 97
253 447 49
253 402 78
253 436 78
253 305 59
253 515 86
253 331 93
253 417 70
254 335 48
255 312 95
255 550 22
255 463 60
255 421 84
255 475 38
255 592 89
255 458 67
255 589 55
255 329 79
255 459 48
255 380 63
256 310 33
256 451 8
256 309 5
256 404 8
256 466 4
256 369 43
256 572 21
256 578 19
256 299 69
256 430 17
256 520 48
256 490 80
257 395 6
257 370 66
257 306 88
257 494 71
257 335 35
257 394 10
257 388 16
258 396 65
258 564 76
258 427 20
258 541 20
258 574 7
258 437 91
259 566 40
259 382 73
259 435 95
259 469 10
260 508 85
260 390 90
260 581 66
261 409 31
261 461 43
261 346 42
261 323 89
261 353 44
261 502 70
261 477 75
261 327 16
261 569 66
261 583 74
261 378 2
261 519 32
261 450 48
261 392 41
261 590 54
262 588 18
262 418 50
262 509 19
262 482 33
263 458 45
263 488 64
263 528 82
263 511 87
263 309 13
263 513 88
263 590 98
263 348 17
263 441 63
263 522 69
264 385 26
265 383 9
266 346 83
266 363 26
266 359 82
266 490 49
266 385 62
266 397 25
266 568 98
266 587 27
266 356 65
267 414 35
267 585 99
267 441 99
267 404 2
267 354 19
267 387 87
267 476 58
268 412 50
268 546 85
268 568 56
268 413 45
268 408 90
269 584 53
269 482 46
269 575 2
270 358 49
270 373 56
270 431 30
270 438 2
270 307 46
270 418 54
270 313 12
271 357 47
271 316 41
271 395 65
271 378 19
271 485 6
271 497 66
271 469 92
271 373 92
271 490 92
271 523 51
271 446 92
271 540 67
272 432 10
272 422 65
272 585 82
272 493 85
273 529 93
273 551 1
273 314 40
273 501 66
273 498 78
273 418 14
273 440 80
273 526 19
273 579 30
273 302 80
273 572 80
274 321 1
274 388 7
274 427 94
274 328 97
274 457 80
274 299 12
274 331 24
274 359 53
274 369 59
274 540 36
274 333 1
274 448 81
274 358 92
274 332 58
275 522 93
275 547 63
275 442 94
276 470 98
276 517 86
276 380 36
276 566 37
276 340 66
276 411 70
276 492 36
276 556 2
276 343 6
276 567 87
276 486 34
276 368 33
276 513 60
277 423 47
277 449 88
277 553 26
277 401 85
277 560 91
277 583 85
277 459 98
277 371 54
277 425 12
277 584 56
277 516 86
277 462 12
277 440 24
278 383 49
278 400 93
278 301 19
278 330 48
278 455 8
278 329 85
278 403 51
278 399 85
278 305 20
279 583 44
279 344 45
279 402 43
279 370 35
279 313 36
279 398 59
279 351 95
279 560 75
279 531 24
280 506 90
280 479 20
280 380 98
280 419 89
280 582 13
280 454 56
281 397 7
281 390 67
281 391 8
281 348 65
281 474 41
282 327 86
282 471 30
282 538 49
282 563 25
282 454 42
282 509 22
282 481 43
282 437 82
282 321 58
282 441 79
282 394 49
282 413 82
282 513 75
282 478 27
283 355 44
283 324 81
283 531 42
283 552 56
283 526 50
284 552 39
284 499 58
285 478 37
286 298 33
286 545 96
286 304 91
287 510 25
288 407 59
288 374 81
288 373 62
288 495 41
288 370 41
288 431 77
289 349 86
289 347 45
289 570 34
289 482 15
289 335 95
289 582 19
289 303 93
289 366 15
289 572 17
289 589 14
290 363 17
290 456 44
290 391 42
291 537 38
291 371 24
291 567 63
291 519 68
291 382 75
291 408 65
291 508 11
291 531 58
291 431 26
291 312 82
291 527 50
291 583 97
291 304 52
292 403 34
292 486 17
292 580 62
292 489 61
292 335 20
292 501 18
292 477 39
292 352 71
293 462 95
293 331 30
293 473 93
293 573 30
294 552 85
294 560 24
295 351 63
295 313 35
295 459 23
295 433 45
295 300 21
295 523 88
295 447 55
295 346 53
295 382 2
295 436 96
295 412 13
295 468 87
296 594 76
296 525 30
296 466 20
296 400 60
296 355 63
297 419 83
297 486 18
297 364 44
297 482 85
297 301 76
297 403 52
297 485 55
297 505 93
297 431 98
