427 1743
1 407 86
1 291 6
1 376 58
1 324 56
1 298 51
1 281 87
1 333 92
1 222 14
2 224 68
3 366 53
3 409 6
3 391 95
3 316 75
3 380 2
3 332 49
3 232 11
4 226 32
4 236 60
5 226 3
5 303 98
5 233 23
5 410 2
5 422 91
5 332 65
5 354 79
5 271 71
5 314 94
5 283 14
6 278 10
6 388 87
6 410 2
6 293 47
6 321 56
6 380 85
6 363 40
6 276 24
6 320 60
6 427 8
6 326 95
7 318 81
7 391 59
8 309 80
8 245 4
8 255 45
8 409 76
8 371 18
8 279 26
8 293 76
8 269 93
8 287 22
8 305 89
8 316 54
9 214 46
9 295 64
9 383 40
9 338 84
9 237 14
9 221 92
10 217 77
10 334 79
10 301 93
10 225 79
10 279 4
10 294 81
10 377 51
10 344 58
10 352 39
10 327 89
11 342 61
11 232 26
11 257 50
11 237 24
11 322 64
11 230 22
12 339 39
12 293 43
12 412 97
12 332 46
12 345 88
12 219 61
12 229 46
12 278 19
12 289 21
13 239 87
13 257 97
13 415 48
13 421 2
13 310 91
14 374 45
14 403 56
14 372 11
14 243 68
15 291 31
15 329 17
15 377 88
15 345 80
15 379 76
15 215 23
15 390 93
15 298 18
15 244 78
15 405 36
16 367 15
16 219 67
16 326 71
16 356 66
16 360 89
16 313 25
16 416 25
16 295 96
16 424 87
16 214 67
16 218 4
16 316 17
16 319 34
16 308 74
17 292 58
17 246 16
17 399 84
17 310 4
17 261 57
17 378 48
17 415 44
17 416 6
17 262 16
18 248 82
18 415 93
18 394 48
18 218 34
18 266 59
18 408 67
18 259 75
18 298 53
18 318 71
18 409 83
18 309 10
18 382 5
19 275 53
19 415 17
19 290 31
19 247 58
19 343 77
19 286 66
19 227 49
19 272 68
19 251 43
20 351 64
20 358 14
20 326 82
21 357 14
21 236 22
21 380 61
21 231 38
21 278 90
21 392 61
21 325 31
21 326 92
21 235 9
21 291 52
21 371 89
22 387 73
22 231 42
23 417 90
23 357 66
23 410 30
23 292 12
24 248 15
24 274 33
24 301 34
24 381 25
24 287 70
25 378 6
25 404 99
25 354 53
25 294 45
25 336 80
25 295 81
25 324 95
25 368 37
25 244 72
25 366 18
25 392 79
25 245 65
25 417 20
26 377 38
27 427 6
27 303 37
27 322 62
27 326 11
27 423 52
27 219 18
27 261 95
27 323 1
27 368 27
27 279 58
27 256 17
27 327 86
27 296 1
28 426 19
28 371 57
28 302 29
28 228 32
28 349 80
28 376 57
28 308 44
28 424 16
28 249 62
28 367 85
28 276 46
29 236 80
29 265 49
29 392 96
29 379 71
29 302 80
29 282 71
30 309 93
30 302 76
30 292 71
30 393 29
30 290 25
30 382 74
31 330 52
31 245 23
31 354 81
31 270 8
31 252 74
31 425 6
31 286 72
31 309 94
31 367 28
31 235 94
31 371 81
31 403 76
31 295 80
32 298 43
33 268 86
34 263 98
34 346 8
34 411 75
34 423 22
34 358 43
34 417 52
34 405 16
34 401 30
34 242 4
34 415 21
34 274 24
34 348 21
35 225 56
35 273 64
35 377 40
35 259 15
35 277 72
35 284 94
35 407 83
35 328 76
35 279 10
35 218 99
35 354 50
35 325 69
35 371 11
35 222 90
36 414 90
36 298 18
36 225 85
36 299 67
36 237 20
36 241 91
36 249 37
37 335 84
37 314 94
37 364 69
37 293 96
37 279 7
37 396 81
37 299 23
37 249 37
37 233 92
37 257 77
37 359 86
37 343 51
37 345 84
37 383 16
37 234 31
38 289 88
38 267 80
38 412 10
38 342 82
38 270 96
38 311 67
38 415 77
38 408 99
38 291 58
38 372 6
39 402 11
39 324 53
39 394 61
39 412 98
39 238 44
39 389 36
39 351 1
39 391 32
39 347 84
39 328 71
39 263 69
39 310 71
39 318 19
40 328 65
40 290 13
40 411 61
40 283 40
40 342 17
40 418 22
40 368 63
41 385 19
41 257 27
41 335 74
41 359 60
41 237 29
41 326 6
41 384 58
41 215 38
41 291 95
41 238 69
41 323 8
41 274 95
42 290 11
42 375 90
42 319 96
42 383 29
42 246 61
42 270 38
42 225 48
42 388 41
42 217 86
43 422 19
43 379 1
43 219 44
43 301 61
43 332 18
43 308 61
43 345 45
43 244 69
44 248 36
44 375 27
44 223 60
44 369 77
44 330 94
44 244 86
44 327 84
44 278 78
44 391 2
44 326 69
44 399 39
44 286 78
44 238 62
44 257 37
45 251 15
45 343 64
45 305 74
45 327 60
45 309 28
45 362 68
45 356 84
45 415 1
45 382 2
45 369 69
45 340 81
45 407 77
45 232 1
46 265 26
46 335 30
47 422 98
47 338 12
47 240 45
47 389 14
47 281 68
47 220 60
47 417 43
47 353 47
47 346 18
47 420 17
47 262 4
47 275 13
48 242 51
48 398 59
48 336 69
49 263 10
49 416 63
49 216 24
50 362 81
50 265 86
51 388 80
51 269 87
51 427 57
51 417 33
51 265 76
51 309 85
51 252 36
51 339 25
52 239 91
52 292 96
52 327 18
52 231 86
52 221 58
52 397 48
52 336 4
52 316 57
52 402 94
52 391 65
52 370 93
52 308 77
52 353 71
52 350 17
52 340 56
53 285 44
53 409 25
53 403 56
53 276 33
53 332 41
53 355 33
53 273 59
53 287 19
53 347 53
53 215 19
53 226 40
54 427 50
55 250 11
55 381 54
55 350 12
55 284 37
55 219 83
55 378 25
56 243 18
56 294 56
56 327 21
56 258 99
56 398 17
56 323 54
56 226 3
57 346 56
57 300 12
57 262 16
58 328 97
58 277 30
58 300 5
58 312 15
58 232 63
58 254 31
58 311 14
58 220 9
58 385 20
58 330 52
58 317 94
58 313 92
58 355 32
59 385 78
59 283 64
59 344 67
59 390 19
59 299 98
59 395 92
59 379 3
59 323 82
59 410 28
59 219 11
59 311 53
59 302 54
59 391 61
59 335 36
60 348 45
60 379 8
60 322 3
60 349 31
60 317 84
60 287 22
60 411 44
61 360 21
61 243 24
61 220 15
61 237 25
61 336 86
61 391 79
61 223 41
61 372 4
61 257 17
62 268 31
62 392 30
62 215 26
62 338 24
62 390 42
62 226 35
62 377 49
62 381 36
62 294 4
63 214 63
63 357 9
63 290 33
63 404 70
63 252 20
63 291 52
64 366 60
64 419 2
64 219 95
64 313 69
64 312 1
64 300 18
64 223 22
64 243 10
64 269 70
64 388 88
64 356 58
64 414 41
64 232 53
64 423 93
65 258 12
65 271 13
65 280 62
65 216 79
65 306 11
65 224 80
65 416 23
65 309 29
65 400 38
65 364 93
65 420 10
66 334 58
66 216 66
66 380 27
66 243 21
66 412 14
66 259 11
66 410 51
66 285 5
66 381 62
67 234 65
67 383 85
67 306 84
68 308 72
68 335 3
68 266 99
68 234 10
68 394 20
68 275 55
68 299 36
68 312 84
68 233 94
68 337 96
68 250 43
68 412 91
68 399 51
68 378 46
69 246 53
69 376 59
69 319 39
69 398 29
69 316 32
69 241 64
69 358 3
70 369 59
70 250 42
70 352 52
70 413 94
70 220 89
70 324 57
70 338 77
70 313 8
70 344 37
70 294 91
70 257 29
71 398 27
71 359 29
71 244 90
71 273 77
71 331 12
71 361 70
71 333 4
71 376 74
71 274 3
71 225 9
71 335 15
71 271 62
72 286 24
73 335 36
73 318 70
73 280 67
73 233 58
74 239 91
74 238 65
74 375 34
74 290 33
74 306 22
74 410 81
75 339 13
76 268 60
76 297 48
76 280 16
76 294 31
76 406 98
76 388 59
76 367 77
77 337 58
77 382 6
77 238 14
77 423 65
78 239 22
78 231 56
78 356 76
78 214 48
78 392 69
78 260 26
78 216 58
79 277 61
79 274 93
79 350 45
79 302 80
79 372 28
79 334 59
79 297 19
79 411 89
79 239 20
79 379 16
79 320 71
79 250 57
79 389 95
79 384 6
79 251 48
80 352 77
80 307 17
80 317 64
80 396 55
80 275 72
80 371 76
80 279 44
80 310 32
80 296 56
80 358 57
80 427 10
80 357 70
80 361 49
80 305 11
80 231 81
81 337 44
81 318 95
81 419 8
81 236 75
81 358 60
81 420 87
81 247 67
81 267 79
81 283 20
81 273 57
81 312 13
81 216 9
81 346 40
82 346 61
82 283 86
82 407 48
82 365 19
82 290 59
82 298 74
82 370 78
82 248 59
82 360 83
82 334 15
82 423 53
82 253 81
82 220 18
83 335 62
84 263 88
84 361 24
84 362 18
84 354 88
84 341 69
84 284 78
84 392 38
84 228 72
84 274 75
84 360 50
85 326 20
85 215 46
85 272 60
85 277 11
86 337 37
86 226 44
86 357 97
86 378 60
86 423 67
86 229 5
86 360 71
86 238 70
86 303 10
86 385 91
86 299 12
86 241 75
86 318 33
87 233 22
87 359 60
87 344 81
87 224 54
87 378 93
87 281 42
87 419 26
87 259 79
87 275 56
87 318 2
87 393 69
87 305 43
87 357 30
87 238 2
87 319 88
88 359 11
88 275 97
88 360 98
88 289 14
88 310 15
88 215 68
88 405 23
88 417 39
88 267 17
88 346 93
89 330 15
90 327 14
90 307 90
90 415 19
91 374 15
91 254 27
91 332 77
91 410 94
91 419 46
91 322 17
91 423 13
91 400 94
91 292 95
91 378 27
91 253 4
91 412 34
92 299 31
92 336 81
92 346 43
92 381 29
92 240 17
92 237 38
92 308 3
92 243 82
92 317 59
93 382 12
93 354 92
94 245 97
94 280 61
94 303 64
94 220 99
94 376 21
94 225 65
94 406 61
94 349 79
94 411 29
94 415 36
94 367 61
95 380 42
95 365 75
95 317 91
95 232 49
95 265 83
95 366 84
95 218 76
95 363 17
95 260 3
95 307 72
95 412 11
96 300 80
96 283 37
96 320 42
96 354 96
96 270 87
96 237 76
97 270 76
97 249 11
97 290 8
97 357 59
97 310 3
97 285 34
97 215 79
97 242 33
97 220 81
97 410 18
97 315 91
97 353 29
98 228 34
98 300 47
98 284 75
98 371 98
98 353 70
98 299 39
98 393 67
98 229 37
98 349 68
98 234 55
98 413 18
99 319 7
99 349 42
99 289 10
99 369 21
99 299 87
99 422 80
99 355 27
99 387 57
99 250 24
99 311 77
99 332 85
99 304 4
99 222 18
99 220 28
100 264 2
100 338 39
100 426 41
100 380 13
100 373 16
100 381 2
100 267 67
100 284 84
100 214 87
100 427 68
100 376 25
101 271 35
101 362 82
101 348 67
101 228 3
101 305 29
101 384 51
101 418 9
101 364 22
101 354 92
101 300 2
101 416 18
101 388 93
102 321 13
102 345 92
102 395 53
102 408 54
102 363 60
102 347 67
102 353 52
102 343 49
102 319 44
102 351 58
102 282 70
102 253 68
102 232 99
103 279 27
103 289 25
103 369 52
103 351 53
104 383 51
104 330 22
104 316 54
104 390 42
104 318 95
104 426 52
104 265 98
104 229 60
104 224 55
104 338 95
104 251 27
104 291 77
104 392 82
104 412 25
104 416 26
105 367 84
105 246 46
105 232 28
105 226 20
105 295 63
105 260 48
105 355 8
105 257 18
105 425 36
105 374 19
105 265 81
105 365 77
106 299 12
106 278 98
106 359 3
106 425 3
106 422 26
106 218 56
106 277 69
106 219 42
106 382 79
106 291 63
106 409 52
107 331 18
107 343 40
107 219 54
107 282 94
107 273 5
107 317 72
107 269 26
108 320 72
108 339 61
108 257 33
109 338 44
109 339 84
109 337 54
109 402 98
109 273 5
109 392 88
109 372 5
109 375 43
109 328 5
109 291 19
110 273 23
110 320 14
110 294 75
110 397 86
110 407 61
110 353 52
110 367 92
110 412 1
110 382 21
110 250 13
111 392 82
111 345 47
111 350 21
111 402 93
111 366 11
111 270 80
111 424 9
111 334 53
111 259 3
111 387 45
112 221 11
112 300 47
113 309 20
113 302 44
113 374 67
113 418 15
113 347 49
113 248 5
114 254 21
114 418 67
114 374 64
114 389 99
114 407 75
114 347 44
114 289 30
114 319 4
114 381 65
114 355 67
114 302 34
114 314 53
114 424 79
114 375 25
115 266 51
115 298 48
115 240 51
115 315 97
115 378 63
115 421 60
115 245 87
115 393 25
115 252 79
115 312 52
115 314 41
115 264 59
115 420 9
116 249 75
116 216 93
116 359 31
116 352 20
116 355 46
116 404 3
116 226 88
116 386 80
116 350 54
116 348 49
116 229 83
116 306 71
116 245 76
116 360 64
116 335 8
117 349 15
117 317 42
117 250 20
117 290 49
117 392 65
117 245 86
117 298 96
118 222 71
118 238 93
118 335 69
118 291 51
118 413 89
118 247 17
118 404 95
118 268 87
118 388 12
118 361 58
118 266 17
118 312 36
118 278 54
118 237 10
119 285 35
119 281 48
119 393 87
119 243 50
119 406 91
119 367 44
120 319 97
120 404 99
120 331 67
120 393 27
120 422 86
120 227 95
120 344 80
120 244 11
120 218 38
120 346 33
120 369 91
121 331 93
121 282 22
121 363 79
121 401 22
121 317 37
121 371 50
121 388 95
121 345 14
121 312 71
121 307 84
122 239 66
122 326 37
123 389 25
123 219 55
123 324 41
124 268 11
124 225 97
124 283 80
124 304 93
124 230 32
125 295 99
125 281 74
125 409 42
125 255 98
125 258 72
125 331 27
125 262 43
125 394 64
126 322 93
126 375 37
126 221 85
126 350 50
126 307 79
126 289 67
126 299 23
126 231 15
126 235 74
127 225 87
127 381 97
127 306 97
127 281 92
128 266 36
128 339 21
128 347 59
128 365 32
128 291 62
128 358 43
128 273 72
128 240 46
128 265 85
128 262 83
128 320 30
128 249 45
129 347 1
129 301 92
129 409 20
129 258 79
129 271 80
129 330 50
129 218 11
129 305 8
129 381 31
129 297 21
129 231 34
129 418 99
129 396 17
130 262 58
130 255 57
130 219 32
130 360 26
130 417 37
130 214 10
130 239 83
130 416 95
130 347 40
130 411 63
130 325 53
130 316 82
130 406 67
130 349 11
131 301 83
131 415 71
131 253 19
131 337 9
131 311 54
131 362 56
131 281 5
131 394 78
131 324 75
131 403 4
131 277 35
131 292 93
132 256 38
132 330 87
132 375 90
132 323 61
132 364 16
132 224 86
132 412 60
133 330 16
133 249 4
133 364 85
134 381 40
134 425 20
134 361 48
134 383 73
134 352 47
134 384 49
134 423 61
134 243 29
134 379 66
135 324 96
135 328 14
135 402 39
135 253 27
135 250 37
136 365 13
136 375 12
137 305 80
137 295 43
137 378 12
137 420 79
137 255 82
137 251 29
137 364 91
137 338 43
138 299 71
138 218 95
138 401 6
138 380 78
138 408 47
138 283 67
138 246 23
138 369 52
138 264 7
138 321 98
138 336 31
138 315 98
138 260 60
139 423 80
139 265 9
139 254 56
139 324 18
139 224 46
139 221 37
139 293 38
140 312 80
140 416 98
140 255 60
140 290 53
140 344 49
140 411 4
140 390 6
140 311 17
141 233 4
141 301 25
141 238 4
141 372 12
141 374 29
141 298 6
141 371 2
141 348 51
141 332 43
141 220 83
142 391 82
142 257 99
142 252 74
142 215 62
142 259 33
142 422 29
142 382 7
143 214 15
143 355 52
143 354 1
143 330 34
143 319 56
143 410 62
143 334 36
143 412 91
143 338 54
143 331 63
143 367 73
144 406 36
144 380 53
144 403 29
144 316 44
145 235 61
145 356 6
146 394 48
146 311 82
146 404 95
146 319 20
147 411 69
148 268 54
148 378 78
148 254 58
148 245 13
148 349 35
148 243 64
148 235 38
148 311 63
148 418 19
148 307 65
149 347 32
149 389 47
149 254 35
149 313 52
149 246 6
149 230 82
149 392 48
149 385 62
149 331 67
149 224 20
149 282 74
149 364 43
149 415 29
150 280 16
150 332 90
151 330 54
151 379 39
151 248 38
151 335 69
151 272 14
151 279 51
151 298 34
151 300 86
151 232 45
151 233 97
151 384 22
151 283 76
152 222 43
152 258 28
152 316 72
152 395 53
152 295 90
152 278 45
152 387 8
152 355 5
152 256 7
152 294 94
152 341 91
152 414 56
152 227 23
153 221 99
153 283 20
153 338 28
153 260 99
154 253 94
154 273 12
154 281 49
154 225 42
154 331 23
154 403 80
154 278 26
154 376 1
154 358 94
154 374 5
154 366 15
154 369 98
154 297 60
155 371 89
155 349 54
155 312 83
155 324 7
155 321 6
155 266 35
155 419 95
155 287 67
155 255 84
156 293 97
156 235 22
156 245 12
156 292 84
156 377 59
156 322 47
156 338 82
156 303 47
156 372 14
156 404 31
157 278 6
157 247 86
157 230 50
157 329 85
157 243 72
157 408 34
157 318 21
158 400 47
158 331 46
158 300 53
158 323 96
158 398 40
158 228 92
158 367 6
158 355 46
158 262 6
159 422 38
159 397 72
159 400 17
159 323 94
159 257 85
159 344 33
159 279 33
159 425 11
159 250 15
159 280 28
159 352 31
160 395 39
160 258 22
160 248 79
160 291 18
160 304 48
160 364 90
160 390 83
160 340 92
160 396 73
160 334 40
160 386 69
160 389 11
160 362 72
160 350 85
161 406 87
161 308 49
161 398 15
161 375 87
161 324 57
161 425 29
161 409 6
161 335 38
161 306 54
161 351 9
161 400 11
161 413 30
161 391 20
161 411 46
161 274 72
162 333 54
162 406 39
162 322 71
162 356 45
162 255 4
162 363 81
162 365 25
163 419 67
163 299 35
163 253 49
163 239 50
163 277 10
164 361 13
165 422 72
165 286 65
165 232 69
165 377 61
165 279 44
165 333 10
165 241 98
165 408 83
166 350 19
166 370 24
166 367 57
166 332 99
166 379 26
166 427 1
166 357 68
166 336 70
166 236 8
166 267 18
166 411 71
166 253 38
166 421 21
167 371 19
167 336 1
167 384 97
168 385 66
168 383 69
169 292 4
169 417 62
169 291 82
169 418 79
169 318 38
170 324 8
170 247 19
170 214 92
170 379 65
170 342 88
170 370 40
170 332 49
170 421 86
170 425 11
170 372 48
170 253 88
170 300 36
171 254 16
171 388 14
171 378 45
171 283 77
171 215 81
171 335 57
171 404 96
171 220 27
171 370 32
172 216 78
172 237 72
172 243 92
172 292 53
172 291 64
172 378 71
172 254 95
172 388 75
172 322 6
172 392 36
172 225 2
172 417 39
173 245 85
173 339 49
173 264 80
173 260 33
174 373 35
174 392 80
174 344 31
174 366 59
175 266 31
175 231 61
175 332 90
175 252 32
175 222 83
176 411 85
176 416 83
176 318 22
176 304 91
176 265 23
176 376 5
176 340 86
176 254 52
176 343 7
176 261 30
176 332 47
176 292 99
176 406 13
176 360 24
177 265 68
177 335 53
177 347 11
177 371 5
177 378 12
177 289 87
177 354 96
177 274 30
178 246 65
178 278 64
178 390 44
178 405 46
178 274 77
178 387 65
178 339 68
178 245 1
178 399 17
178 338 81
178 404 61
178 334 70
178 326 79
178 215 87
179 234 74
179 351 84
179 219 83
179 347 31
179 326 16
179 273 87
180 388 79
180 342 20
180 374 34
180 394 34
181 333 23
181 278 56
181 253 62
181 335 7
181 275 21
181 258 57
181 326 78
181 233 44
181 312 86
181 356 56
181 363 19
181 407 57
181 383 47
181 349 77
181 300 28
182 281 21
182 383 84
182 413 6
182 366 13
182 334 65
182 263 39
182 351 42
182 240 45
183 221 81
183 375 79
183 346 27
183 408 22
183 318 80
184 245 72
184 308 10
184 390 50
184 220 45
185 360 31
185 216 11
185 343 23
185 290 21
185 214 4
185 410 62
185 412 80
185 306 60
185 416 4
185 240 17
185 392 83
185 405 23
185 401 68
186 320 17
186 386 37
186 388 6
186 241 4
186 304 95
186 283 4
186 355 74
186 226 7
186 266 68
186 268 94
186 310 80
186 407 12
187 422 81
187 307 27
187 331 94
188 421 35
188 343 98
188 332 72
188 389 77
188 278 6
188 254 74
188 336 27
189 351 36
189 279 54
189 258 7
189 252 17
189 256 22
189 398 26
189 372 53
189 250 62
189 425 23
189 303 59
190 280 22
190 299 13
190 364 62
190 254 89
190 347 16
191 289 77
191 408 77
191 234 7
191 371 76
191 418 38
191 426 62
191 298 17
191 356 42
191 398 10
191 275 23
191 282 35
191 411 85
192 346 25
192 265 6
192 303 45
193 218 7
193 310 18
193 402 94
193 223 89
193 225 1
193 339 52
193 248 96
193 216 78
193 424 81
193 260 48
193 246 54
194 406 7
194 292 72
194 255 22
194 328 89
194 393 68
194 356 65
194 345 5
194 408 20
194 288 21
195 381 95
195 328 70
195 285 29
195 336 36
196 267 64
196 384 20
196 385 12
196 232 97
196 404 94
196 346 87
196 359 40
197 373 28
197 369 57
197 277 77
197 282 52
197 414 5
197 421 19
197 422 72
197 251 88
197 323 64
197 297 81
198 369 98
198 355 26
198 381 29
198 337 84
198 386 56
198 400 44
198 357 21
198 264 20
198 234 54
198 322 70
198 367 81
198 217 6
198 372 84
198 377 49
198 254 36
199 241 88
199 269 59
199 416 25
199 260 81
200 309 40
200 386 98
200 329 83
200 288 93
200 359 8
200 253 27
200 295 50
200 265 94
200 343 69
200 218 85
201 253 50
202 325 92
202 242 16
202 218 55
202 323 39
202 232 96
202 374 45
202 216 1
202 320 51
203 260 9
203 338 75
203 278 91
203 255 78
203 419 41
203 380 18
203 375 59
203 223 23
203 268 72
203 289 29
204 283 16
204 274 17
204 396 59
205 262 47
205 241 8
205 361 25
205 276 83
206 318 16
206 317 32
206 358 21
206 392 58
206 272 7
206 266 50
206 225 51
206 256 34
206 346 4
206 250 78
206 258 65
206 242 50
206 384 45
206 340 53
207 223 91
207 317 87
207 261 8
207 342 17
207 333 6
207 378 48
207 361 21
207 217 43
207 244 76
207 264 49
207 273 5
207 380 77
207 275 66
207 419 53
208 367 69
209 248 90
209 370 45
209 407 8
209 314 31
209 410 56
209 367 81
209 368 13
209 333 80
210 231 93
210 246 3
210 419 26
210 254 41
210 318 44
210 270 37
210 275 40
211 351 94
211 313 72
211 361 27
212 412 75
212 367 25
212 425 29
212 389 52
212 241 31
212 215 3
212 380 77
212 304 63
213 259 72
213 242 56
213 318 71
213 348 54
213 349 29
