896 3504
1 607 69
1 699 27
2 825 31
2 453 45
2 611 34
2 451 27
2 517 87
2 785 72
2 717 10
2 602 26
2 763 88
2 592 2
2 870 9
2 673 84
2 609 78
2 837 85
2 843 54
3 641 80
3 789 58
3 473 83
3 565 28
4 845 78
4 462 90
4 730 68
4 802 21
5 536 2
5 587 89
5 763 48
6 450 22
6 667 56
6 846 13
7 655 77
7 722 49
7 780 70
7 609 91
7 775 51
7 484 82
7 685 59
7 802 48
7 890 75
7 705 56
7 515 60
7 824 77
7 894 12
8 888 32
8 639 23
8 653 38
8 606 61
8 582 49
9 876 69
9 888 63
9 778 28
9 545 47
9 698 74
9 579 10
9 736 90
9 680 37
9 590 62
9 651 25
9 723 33
10 630 37
10 570 40
10 676 50
10 480 54
10 462 13
10 886 12
10 777 52
10 635 39
10 851 93
11 664 27
11 874 3
11 540 94
11 818 33
11 595 83
11 572 28
11 776 67
12 534 2
12 713 78
12 475 36
12 675 98
12 730 64
12 450 29
12 512 99
12 795 52
12 682 92
12 554 85
13 659 30
13 563 75
13 760 60
14 649 1
14 881 15
14 767 21
14 859 34
15 592 16
15 593 38
15 702 17
15 599 11
15 474 23
15 683 98
16 568 21
16 785 70
16 777 98
16 881 68
17 800 22
17 746 67
17 566 68
17 459 94
17 668 64
17 851 47
18 674 43
18 865 89
18 563 58
18 653 26
18 671 27
18 569 69
18 641 9
18 539 40
18 800 97
18 773 62
19 833 28
19 724 81
19 609 77
19 604 78
19 597 92
19 837 13
19 460 82
19 772 61
19 650 18
19 496 45
19 784 11
19 841 57
20 801 79
21 799 79
21 756 16
21 713 28
21 643 65
21 539 61
22 479 77
22 480 85
22 634 24
22 653 90
22 477 66
22 837 28
22 478 18
22 729 11
22 592 56
22 660 94
22 691 8
22 894 46
22 841 30
22 605 76
23 645 13
24 625 61
24 896 71
24 792 39
24 649 92
24 689 21
24 787 75
25 553 10
26 550 85
26 666 8
26 782 77
26 723 20
26 606 36
26 683 85
26 807 11
26 803 78
26 693 11
26 872 98
26 848 4
27 449 48
27 877 63
27 743 12
27 817 38
28 573 37
28 599 16
28 462 49
28 857 60
28 862 81
28 797 56
28 559 87
28 563 54
28 466 71
28 540 16
28 534 34
28 726 44
29 743 19
29 629 9
29 821 76
29 537 35
29 826 45
29 708 85
29 844 68
29 766 1
30 456 16
30 535 13
31 808 47
31 475 91
32 479 32
32 625 1
32 467 77
32 498 84
32 729 9
32 786 43
32 663 81
32 770 14
32 539 2
33 584 23
33 766 35
33 671 24
33 608 43
33 588 60
33 592 93
33 721 53
33 526 97
33 454 54
33 578 7
33 667 4
33 643 2
34 499 42
34 483 92
34 869 70
34 482 34
34 519 64
34 591 59
34 823 62
34 819 94
34 502 12
34 770 22
34 763 24
34 533 68
34 738 58
35 485 29
35 893 81
35 798 78
36 755 3
36 731 45
36 646 28
37 839 34
37 622 21
37 606 43
37 810 95
37 761 74
37 710 53
37 857 91
37 803 85
37 793 92
38 732 15
39 865 3
39 464 62
39 756 7
39 752 43
39 593 89
39 627 90
39 612 9
39 531 8
40 805 51
40 523 45
40 747 84
40 520 20
40 685 19
40 529 89
40 553 1
40 499 11
40 809 55
40 611 85
40 706 32
40 540 13
40 696 75
40 772 94
41 727 9
41 562 78
41 858 70
41 595 81
41 873 99
41 737 96
42 473 96
42 553 80
42 470 72
42 586 74
42 495 69
42 831 80
42 576 9
42 567 60
42 677 17
43 843 26
43 714 68
43 532 39
43 512 73
43 690 71
43 474 52
44 699 1
44 743 44
44 562 15
44 819 2
44 551 53
44 607 95
44 820 63
44 508 98
44 876 7
44 885 53
44 797 80
44 499 40
45 833 8
46 517 53
47 723 29
47 864 72
47 664 9
47 839 90
47 506 12
47 564 12
47 681 70
47 691 72
47 830 10
47 547 50
48 879 39
48 689 81
48 542 40
48 486 93
48 536 29
49 793 18
49 578 93
49 623 39
50 819 4
50 842 42
50 546 9
50 527 34
50 515 56
50 843 79
50 676 46
50 517 1
50 669 33
50 671 81
50 824 66
51 706 21
51 685 89
51 723 40
51 835 1
51 641 7
51 628 88
52 577 53
52 617 60
52 509 48
52 675 61
52 525 60
52 635 82
52 791 28
52 759 35
52 859 64
52 823 63
52 488 71
52 786 55
53 844 70
53 800 70
53 470 88
53 566 60
53 761 41
53 887 36
53 617 66
53 453 45
53 622 94
53 609 17
53 773 29
53 666 44
54 880 12
54 753 78
54 660 89
54 726 7
54 591 89
54 600 60
54 847 98
54 742 81
55 651 33
55 782 5
55 767 76
55 450 58
55 777 45
55 501 78
55 813 44
56 743 60
56 631 80
56 487 99
56 752 91
57 782 17
57 701 75
57 589 45
57 522 63
57 650 12
57 460 77
57 773 60
57 851 48
57 456 4
57 633 35
57 458 62
58 652 94
58 487 36
58 548 31
58 581 4
58 680 49
58 784 81
58 835 93
58 497 21
58 647 46
58 598 4
59 695 64
59 760 90
59 559 22
59 564 65
59 536 93
60 763 31
60 590 16
60 627 62
61 570 92
61 868 6
61 856 65
61 586 95
61 518 25
61 847 13
61 835 69
61 865 66
61 691 16
61 643 77
61 598 29
61 758 29
61 607 12
62 463 94
62 714 46
62 870 71
62 511 11
62 744 40
63 703 27
63 561 41
63 633 30
63 564 63
64 658 67
64 540 59
64 792 54
64 685 87
64 783 52
64 589 84
64 491 24
64 727 97
64 809 18
64 530 47
64 515 45
65 611 86
65 834 12
65 449 30
65 529 97
65 852 98
65 851 12
65 884 19
65 602 35
65 881 83
65 550 65
65 719 16
65 544 91
65 701 17
65 743 91
66 573 70
66 458 45
66 684 51
67 693 54
67 756 54
67 755 4
67 492 74
67 628 33
67 804 30
67 502 38
67 555 6
67 479 42
67 694 37
68 844 60
68 573 85
69 796 43
69 806 19
69 548 60
69 623 82
69 605 83
69 678 26
69 577 83
69 852 17
69 505 74
69 555 12
69 691 29
69 863 8
69 688 7
69 785 46
69 645 97
70 685 52
70 521 67
70 728 37
70 746 96
70 647 82
70 752 39
70 527 72
71 797 43
71 496 63
71 778 44
71 803 71
71 804 53
71 837 82
71 602 91
71 594 91
71 565 57
71 801 74
71 833 59
71 877 49
71 846 41
72 454 47
72 611 55
72 737 10
72 699 33
72 648 66
72 698 87
72 662 28
72 565 76
72 614 43
72 806 26
72 728 95
73 868 67
74 724 86
74 677 33
74 493 86
74 727 39
75 722 5
75 557 41
75 777 77
75 695 46
75 497 70
76 614 75
76 537 96
76 717 39
76 571 13
76 880 72
77 668 2
77 735 26
77 722 82
77 583 55
77 806 54
77 501 49
77 775 58
77 604 6
78 828 50
78 632 96
78 869 57
78 524 4
78 795 30
79 486 95
79 767 11
79 785 95
79 757 1
79 554 38
79 734 48
79 573 5
79 641 66
79 813 49
79 688 5
79 551 53
79 483 52
79 609 33
80 891 81
80 630 3
80 545 70
80 508 71
80 619 59
80 648 71
80 739 21
80 590 93
80 767 85
80 889 3
80 849 94
80 883 87
80 586 72
80 626 46
81 723 9
81 870 81
81 699 82
81 644 89
81 499 81
82 682 1
82 572 11
82 604 82
82 830 36
82 611 74
82 476 75
82 598 59
82 667 90
82 566 9
82 847 6
82 741 52
82 892 21
82 639 30
82 833 3
83 772 21
84 624 68
85 644 55
85 625 35
85 466 78
85 765 38
85 602 86
85 748 83
85 883 37
85 463 10
86 538 9
86 715 2
86 749 14
86 735 66
86 558 2
86 891 95
86 657 85
86 506 67
86 838 16
86 575 72
86 457 51
86 620 23
86 590 98
86 820 67
86 650 95
87 556 96
87 888 99
88 689 80
88 592 13
88 847 87
88 854 34
88 523 82
88 874 65
88 751 84
88 670 51
88 664 78
88 704 54
88 450 46
88 531 4
88 624 52
88 462 94
89 577 18
89 748 74
89 546 73
89 455 27
89 782 73
89 645 62
90 841 93
90 831 89
90 786 13
90 615 21
90 495 84
90 503 6
91 713 57
91 723 52
91 494 98
91 757 69
91 488 88
91 671 39
91 732 82
91 587 38
92 757 7
92 704 71
92 670 50
92 890 75
92 699 27
92 836 37
92 493 29
92 730 15
93 868 24
93 691 42
93 799 39
93 841 63
93 550 63
93 554 77
94 513 34
94 648 48
94 465 26
94 517 40
94 804 23
94 827 35
94 697 7
95 848 91
95 878 99
95 853 66
95 671 50
95 585 76
95 687 8
95 782 33
95 886 52
95 887 9
95 768 65
95 594 7
95 527 22
95 871 15
95 632 88
96 892 47
96 742 25
96 782 97
96 785 1
96 532 37
97 811 33
98 841 78
98 651 66
98 737 71
98 607 82
98 533 21
98 571 42
98 689 79
98 767 18
98 826 50
98 455 43
98 702 48
98 490 17
99 880 47
99 718 32
99 594 16
99 816 72
99 534 83
99 701 26
99 808 50
99 521 29
99 852 96
99 476 62
100 777 15
100 506 76
100 470 32
100 672 42
100 491 49
100 613 89
100 853 87
101 548 24
101 460 29
102 744 40
103 698 86
103 764 2
103 647 28
104 664 25
105 618 28
105 590 84
105 769 29
106 472 35
107 865 28
107 895 15
107 655 3
107 451 65
107 706 17
107 886 90
107 623 74
108 726 82
108 476 72
108 550 75
109 745 41
110 739 72
110 745 51
110 454 8
110 619 37
110 869 17
110 698 51
110 746 95
110 735 50
110 733 78
110 834 93
110 610 90
110 519 31
111 853 26
111 504 15
111 636 9
111 633 30
111 458 46
111 648 4
111 730 90
112 615 44
112 647 98
112 482 96
113 470 16
113 742 2
113 680 81
113 700 60
113 670 49
113 662 59
113 629 41
113 601 68
113 777 66
113 678 18
114 584 13
114 599 82
114 488 56
114 671 88
114 787 79
114 579 65
114 610 12
114 717 74
114 738 33
114 635 35
114 699 50
115 457 41
115 538 38
115 739 83
115 540 76
115 714 50
115 464 9
115 711 60
115 572 29
116 868 78
116 777 82
116 847 31
116 852 43
117 483 75
117 511 36
117 620 6
118 815 56
118 755 56
118 624 3
118 632 36
118 500 9
118 482 11
118 867 28
118 874 72
118 839 19
118 454 44
118 827 58
118 641 20
118 551 51
118 668 80
119 672 92
119 611 17
119 828 12
120 812 64
120 585 46
120 515 74
120 555 63
120 670 97
121 719 83
121 537 98
121 715 51
121 721 81
121 544 40
121 548 87
122 757 36
122 717 81
122 840 40
122 491 81
123 486 53
123 705 73
123 570 10
123 736 55
123 521 71
123 768 96
123 567 26
123 617 40
123 676 14
123 674 65
124 776 65
124 739 33
124 769 92
124 580 88
124 498 10
124 514 48
124 678 86
125 518 65
125 858 19
125 785 78
125 660 29
125 778 61
125 608 42
125 566 58
125 744 73
125 802 4
126 781 84
126 731 28
126 724 71
126 482 40
126 846 37
126 573 38
126 571 4
126 450 77
126 525 67
126 512 77
127 884 71
127 502 37
127 833 45
127 493 16
127 805 39
127 836 7
127 879 61
128 865 98
128 495 33
128 692 51
128 487 7
128 600 63
128 870 71
128 761 91
128 598 1
129 688 70
129 577 62
130 472 62
130 661 52
130 783 91
130 791 31
130 840 51
130 801 82
130 742 68
130 790 12
130 644 98
130 457 68
130 497 73
130 886 28
130 614 28
130 493 30
131 804 15
131 848 21
131 616 32
132 669 76
132 584 49
132 520 21
132 834 4
132 684 40
132 538 22
132 692 1
132 572 44
132 508 26
132 534 23
132 872 97
132 526 22
132 658 56
132 844 79
132 557 39
133 672 67
133 616 75
133 490 42
133 549 25
133 453 75
133 542 47
134 476 20
134 856 55
134 895 77
135 770 4
135 555 41
135 789 39
135 853 87
135 647 70
135 774 6
135 715 21
135 805 91
135 716 42
136 724 40
136 548 16
136 702 52
136 596 50
136 677 59
136 682 22
136 704 31
136 669 91
136 828 87
136 735 26
136 490 60
136 505 70
136 770 90
136 755 42
137 806 88
137 515 34
137 865 61
137 575 53
137 495 88
137 493 89
137 875 46
138 732 85
138 819 56
138 466 94
138 616 44
138 577 1
138 674 99
138 649 83
138 840 13
139 738 74
139 668 21
140 517 2
140 685 6
140 850 79
140 672 17
140 756 64
140 730 87
140 704 18
140 476 16
140 608 20
140 661 94
140 713 84
140 682 60
140 482 94
140 665 95
141 707 7
141 746 13
141 678 98
141 669 50
141 805 53
141 745 9
141 759 52
141 867 33
141 673 2
141 660 96
142 575 55
142 892 59
142 628 57
143 450 7
143 664 58
143 551 23
143 807 47
143 568 78
143 570 13
143 562 6
143 641 58
143 716 65
143 662 12
143 685 26
143 847 25
144 519 46
144 555 44
144 681 37
145 809 68
145 833 95
145 838 61
145 542 25
145 706 62
146 760 98
146 548 37
146 655 87
147 625 1
147 461 34
147 690 59
147 603 65
147 709 68
147 745 68
147 713 4
147 660 82
147 497 61
148 572 6
148 546 30
148 616 12
148 593 58
148 553 97
149 456 47
149 568 6
149 795 47
149 682 88
149 796 37
149 567 42
149 876 2
149 829 73
149 663 26
149 507 7
149 686 65
149 698 16
149 640 65
149 596 7
150 708 36
150 810 30
150 752 97
150 834 59
150 629 69
150 474 71
150 507 22
150 873 14
150 551 19
151 756 48
151 506 38
151 550 90
151 459 61
151 711 30
151 666 64
151 693 19
151 885 17
151 744 33
152 640 79
152 649 71
152 869 48
153 506 56
153 481 78
153 758 73
153 837 62
153 650 95
153 507 86
153 463 28
153 468 8
153 798 52
153 788 1
153 761 52
153 633 4
153 760 97
154 821 46
154 833 32
154 846 9
154 591 71
154 692 42
154 870 86
154 489 75
155 775 34
155 818 86
155 848 98
156 890 51
156 710 47
156 793 80
156 535 71
156 496 10
156 507 7
156 837 90
156 834 32
156 776 37
156 596 93
157 566 58
157 672 80
157 493 52
157 694 24
157 736 96
157 605 73
158 594 84
158 527 94
158 802 6
158 486 67
158 513 48
158 808 85
158 559 86
159 853 64
159 896 83
160 893 33
160 603 11
160 836 45
160 886 90
160 809 92
160 514 96
160 650 15
160 572 69
160 711 79
160 741 23
160 702 15
161 823 15
161 776 16
161 673 18
161 668 2
161 729 62
161 816 68
161 648 15
161 624 10
161 649 39
162 566 66
162 673 80
162 770 84
162 832 74
162 853 68
162 645 3
162 882 80
162 873 28
162 895 20
162 550 51
162 837 65
162 508 60
163 889 17
163 674 88
163 577 76
163 759 95
163 876 46
163 493 41
163 613 45
163 790 97
163 813 43
163 789 11
163 731 72
163 875 2
164 736 82
164 588 59
164 727 69
164 577 76
164 654 5
164 721 6
165 541 79
165 486 71
165 612 77
165 565 25
165 873 17
166 454 52
166 587 27
166 735 70
166 743 23
167 752 89
167 764 17
167 894 87
167 680 49
167 890 28
167 601 57
168 669 55
168 579 98
169 459 27
169 649 42
170 487 6
170 854 16
170 695 28
170 805 70
170 742 13
170 594 96
170 766 56
170 793 8
170 565 82
170 832 92
170 687 10
170 852 34
171 461 4
171 783 23
171 767 15
172 475 72
172 504 94
173 636 83
173 876 91
173 560 71
174 504 24
174 594 69
174 575 76
174 520 19
174 881 55
174 590 81
175 530 56
175 733 61
175 728 44
176 468 45
176 759 28
176 545 60
177 589 42
177 873 35
177 704 99
177 636 89
177 828 51
177 655 1
177 725 65
177 619 29
178 540 61
178 458 45
178 852 44
178 579 77
178 593 13
178 508 56
178 742 14
178 535 65
178 749 35
178 596 55
178 468 63
178 694 71
179 871 7
179 744 55
179 605 18
179 568 37
179 680 40
179 831 9
179 763 15
179 457 32
179 840 40
179 630 94
179 811 64
179 542 38
179 829 65
180 628 49
180 850 91
180 676 68
180 663 24
180 882 26
180 797 21
180 531 93
180 499 19
180 527 63
181 602 11
181 583 79
181 466 25
181 623 98
181 672 6
182 593 99
182 569 68
182 627 91
182 792 27
182 661 88
182 533 81
182 498 56
182 605 54
182 596 86
183 753 18
183 791 62
183 597 50
183 724 43
183 489 85
183 485 33
183 660 88
184 562 66
184 581 80
184 522 6
184 830 13
184 483 63
184 794 65
184 726 45
184 820 41
184 665 10
185 862 35
185 545 69
186 589 53
186 681 43
186 596 45
186 486 38
186 691 12
186 812 42
186 476 3
186 544 16
186 800 64
186 519 49
186 515 67
186 677 75
187 636 57
187 799 9
188 534 95
188 565 5
188 820 50
188 646 61
188 509 75
188 539 78
188 619 8
188 660 85
188 535 74
189 514 44
189 738 98
189 764 19
189 468 85
189 639 43
189 500 35
189 737 23
189 613 50
189 558 18
189 449 54
190 695 12
190 570 4
190 623 11
190 689 42
190 467 80
190 678 51
190 451 8
190 764 40
191 749 70
191 538 69
191 469 40
191 863 99
191 842 6
191 745 49
191 622 4
191 616 68
191 528 60
192 874 95
192 722 80
192 604 34
192 531 56
192 869 62
193 676 68
193 781 68
193 777 1
193 464 39
193 837 92
193 527 56
194 460 60
194 735 81
194 892 41
194 646 98
194 854 49
194 490 21
194 758 45
194 616 6
194 793 85
194 730 62
194 877 69
194 872 11
195 798 68
195 522 39
195 791 38
195 775 16
195 570 35
195 533 45
195 865 93
195 471 69
195 862 82
196 488 75
196 651 74
196 503 28
196 688 70
197 571 84
197 748 98
197 762 50
197 869 36
197 460 42
197 567 42
197 851 42
197 556 58
197 750 52
197 872 79
197 658 89
197 487 28
198 707 41
198 826 50
198 771 85
198 550 5
198 893 97
198 814 82
198 774 97
198 882 26
198 585 69
199 693 66
199 558 17
199 777 24
199 495 52
199 643 34
199 853 55
199 892 46
199 800 24
199 699 74
200 494 85
200 493 7
200 864 14
200 457 29
200 860 65
200 598 22
200 844 94
200 863 70
200 489 44
200 799 20
200 808 28
200 585 53
200 661 16
201 666 60
201 834 49
202 585 87
202 811 94
202 534 95
202 611 9
202 495 65
202 625 84
203 687 92
203 804 76
203 809 2
203 793 1
203 877 19
203 755 82
203 685 27
203 763 83
203 661 9
203 781 87
203 803 96
203 542 35
204 664 78
204 826 93
205 842 82
205 683 15
205 804 12
205 647 84
205 870 63
205 565 11
205 460 27
205 874 39
205 467 77
205 686 97
206 784 17
206 776 50
206 806 56
206 778 75
206 818 64
206 728 39
206 510 60
206 808 37
207 502 59
207 593 89
208 501 93
208 706 30
208 718 13
208 896 29
208 600 46
208 759 40
208 741 68
208 621 87
208 817 35
208 881 33
208 690 32
208 640 18
208 825 38
209 875 67
209 825 66
209 570 73
209 793 83
209 832 11
210 639 45
210 540 54
210 797 58
210 884 53
210 751 98
210 452 5
210 881 83
210 710 69
210 868 26
210 753 51
210 786 20
211 697 69
211 761 27
211 751 59
211 837 76
211 600 89
211 565 1
211 756 52
211 563 2
212 514 83
212 743 39
212 800 23
212 534 43
212 615 40
212 850 4
213 750 45
213 581 66
213 686 98
213 593 13
213 567 89
213 715 9
213 627 90
213 857 56
214 731 50
214 593 92
214 596 5
214 775 32
214 479 40
214 649 31
214 513 9
214 544 45
214 452 77
214 839 14
214 512 17
214 732 68
215 674 66
215 454 7
216 718 72
216 600 42
217 694 48
217 893 67
217 799 15
217 585 71
217 499 99
218 857 72
218 735 23
218 515 12
218 642 18
218 569 50
218 879 54
218 583 38
219 480 84
219 766 56
219 868 37
219 609 42
219 685 29
219 593 14
219 761 77
219 678 67
219 705 71
219 531 58
219 672 60
219 786 21
220 712 93
220 804 39
220 681 61
220 556 9
220 746 26
220 563 72
220 501 38
220 611 39
220 809 93
220 829 56
220 457 64
220 546 23
220 573 94
220 518 20
221 895 56
221 798 77
221 779 69
221 856 92
221 826 14
221 838 90
221 455 77
221 805 70
221 483 60
221 773 22
221 481 77
221 710 74
222 637 40
223 809 53
223 609 29
223 703 6
223 593 71
223 828 90
223 730 7
223 534 93
223 719 77
223 764 61
224 627 11
224 567 14
224 834 86
225 511 46
225 560 12
225 523 16
225 847 45
225 680 29
225 803 92
225 648 14
225 713 48
225 857 9
225 454 57
225 705 99
225 895 97
225 646 78
226 556 44
226 688 70
226 595 44
226 621 24
226 561 78
226 544 40
226 834 31
226 766 51
226 821 33
227 613 85
227 713 10
227 508 87
227 540 85
227 745 73
227 660 17
227 785 1
227 868 42
227 520 95
227 710 67
227 818 56
227 829 7
227 759 68
227 681 78
227 730 61
228 545 26
228 649 32
228 698 29
229 829 64
229 533 27
229 750 31
229 455 95
229 656 29
229 738 9
229 481 92
229 843 46
229 721 36
229 764 50
229 574 54
229 690 82
230 864 71
230 516 82
230 539 35
230 588 13
230 621 27
230 560 6
231 817 57
231 476 43
231 575 19
231 867 97
231 792 47
231 624 67
231 825 61
231 810 33
231 787 41
232 896 72
232 633 76
233 485 92
233 498 82
233 529 98
234 502 47
234 780 11
234 455 67
234 627 24
234 839 3
234 595 89
234 652 81
234 585 79
234 576 93
234 679 27
234 792 80
234 614 51
234 639 88
234 826 13
235 537 95
235 456 73
235 864 71
235 801 55
235 854 51
235 780 56
235 560 68
235 481 88
235 809 11
235 567 66
235 504 79
235 678 63
235 765 34
236 622 96
236 562 67
236 815 21
236 884 70
236 577 44
236 535 67
236 738 56
236 554 36
236 512 60
236 875 16
236 778 11
236 820 11
236 730 37
236 664 25
237 482 78
237 645 50
237 596 91
237 563 18
237 524 96
237 545 79
237 510 49
237 518 37
237 594 67
237 571 1
237 527 22
237 838 41
237 748 27
237 542 30
238 783 58
238 813 1
239 850 1
239 565 45
239 874 39
239 627 55
239 511 85
239 740 12
239 531 73
240 840 57
240 885 37
240 472 83
240 483 32
240 499 77
240 792 35
240 536 58
240 776 60
240 818 44
240 804 14
240 564 31
240 690 90
240 741 39
240 561 19
240 493 49
241 761 83
241 498 84
241 593 85
241 886 59
241 460 1
241 451 20
241 540 48
241 861 3
242 534 41
242 710 27
243 505 77
243 467 60
243 533 15
243 720 66
243 890 72
243 561 82
243 566 40
243 529 67
243 570 77
243 537 35
244 495 80
245 663 13
245 587 47
245 876 71
245 698 3
245 542 9
245 800 40
245 738 78
245 521 27
246 762 95
246 462 39
246 595 20
246 541 82
246 868 52
246 838 61
246 794 54
247 894 69
247 861 26
248 707 11
248 719 53
248 800 9
249 741 34
249 696 43
249 628 6
249 891 99
249 860 75
249 548 44
249 672 93
249 469 71
249 547 32
249 674 91
250 760 24
250 560 62
250 612 83
250 839 68
250 631 71
250 868 38
250 652 15
250 749 56
250 601 91
251 573 79
251 797 70
251 590 76
252 632 46
252 512 87
252 539 58
252 513 78
252 861 62
252 850 6
253 683 18
253 606 13
253 854 14
253 742 56
253 620 24
253 744 26
253 558 47
253 553 70
253 539 41
253 890 71
253 497 28
253 763 64
253 623 47
253 526 7
254 792 94
254 504 4
254 678 16
254 558 57
254 867 98
254 648 83
255 796 89
255 487 17
255 715 55
255 677 70
255 485 20
255 581 73
256 582 39
256 721 58
256 749 96
256 526 19
256 851 42
256 654 97
256 545 81
256 460 87
256 573 53
256 543 20
256 644 77
256 510 68
256 527 38
256 524 57
257 863 22
257 547 2
258 616 96
258 484 43
258 732 29
258 751 27
258 795 33
258 870 63
258 854 81
258 686 42
258 843 72
258 582 1
258 477 79
258 777 79
258 517 17
259 486 2
259 811 57
259 491 44
259 770 36
259 449 50
259 727 87
259 586 88
259 856 73
259 667 22
259 882 30
259 857 30
259 671 83
259 570 59
260 761 53
260 520 75
260 616 27
260 728 47
261 546 20
261 569 41
261 728 61
261 822 87
261 775 20
261 490 13
261 893 41
261 864 92
261 598 41
261 774 75
261 544 77
262 576 55
262 553 47
262 489 41
262 610 18
262 888 3
262 541 71
262 547 52
262 567 63
263 524 34
263 513 32
264 834 87
264 648 70
264 794 33
264 733 29
264 595 75
264 531 13
264 510 98
264 757 44
264 498 74
264 649 11
264 756 7
265 532 16
265 565 25
265 892 81
265 855 38
265 730 18
265 618 29
265 706 81
265 789 44
265 786 4
265 643 44
265 544 10
265 482 13
265 529 12
266 769 18
266 876 75
266 518 89
266 609 13
266 735 80
266 470 87
266 504 1
266 859 12
266 884 92
266 576 16
266 593 32
266 718 71
267 713 29
267 684 59
267 613 45
268 693 1
268 572 42
268 526 49
268 772 67
268 546 64
268 589 70
268 734 40
268 757 22
268 715 59
268 621 80
268 876 84
268 640 43
268 553 70
269 653 20
269 664 31
269 658 87
269 530 78
269 688 58
269 786 21
269 811 11
269 734 99
269 758 23
269 569 86
269 578 63
270 710 86
270 570 10
270 797 94
270 639 23
270 524 9
270 551 50
270 478 66
270 617 89
270 685 70
270 853 37
270 749 43
271 778 61
271 825 95
271 772 43
271 874 48
271 652 42
271 780 78
271 879 53
271 693 30
271 472 32
271 729 96
271 852 45
271 502 31
271 754 92
271 631 62
271 892 28
272 461 53
272 856 14
272 711 8
272 854 48
272 643 45
272 678 77
272 775 56
272 612 85
272 857 80
272 524 55
273 774 75
273 610 17
273 832 14
273 524 9
274 812 15
274 660 95
274 648 73
274 760 34
274 462 76
274 833 70
274 530 92
274 874 36
274 587 10
275 741 79
275 877 33
275 614 46
275 743 92
275 781 55
275 789 67
275 556 42
275 650 79
275 604 3
275 726 60
275 590 80
275 792 97
276 549 52
276 498 81
276 608 22
276 465 91
276 577 66
276 683 6
276 554 10
276 531 62
276 536 92
277 605 66
277 587 61
277 543 40
277 879 22
277 580 18
277 710 2
277 524 72
278 733 97
278 715 17
278 758 92
278 834 36
278 795 17
278 894 4
278 563 29
278 639 16
278 653 98
278 667 84
278 857 1
279 694 18
279 554 39
279 469 76
279 856 73
279 548 56
279 710 33
279 751 12
279 816 62
280 640 14
280 482 51
280 699 42
280 654 11
280 671 65
280 458 82
280 605 73
280 687 17
280 807 13
280 872 71
280 836 7
280 529 71
280 848 38
280 753 66
281 839 69
281 611 82
281 600 86
282 799 68
282 834 45
282 478 80
282 783 49
282 571 53
282 756 6
283 499 93
283 567 81
283 584 5
283 779 92
283 767 24
283 856 17
283 604 92
283 821 5
283 542 8
283 682 10
283 507 56
283 628 87
283 572 21
283 885 55
284 849 6
284 743 28
284 692 53
284 469 44
284 596 86
284 697 16
284 840 45
284 465 92
284 833 14
284 558 63
284 588 52
284 466 70
284 464 94
285 595 87
285 576 88
285 794 87
285 712 32
285 855 13
285 486 61
286 476 46
286 553 49
286 877 30
286 821 60
287 660 90
288 780 50
288 880 1
288 477 20
288 623 66
288 841 98
288 881 62
288 632 81
288 540 78
288 551 48
288 608 27
289 699 80
289 623 41
289 567 92
289 843 37
290 716 62
290 587 37
290 805 60
290 828 1
290 536 68
290 827 41
290 731 40
291 478 53
291 817 23
291 746 6
291 715 17
291 587 20
291 489 77
291 672 43
291 716 27
291 485 75
291 550 7
291 582 76
292 530 67
292 862 62
292 522 93
292 479 86
292 875 95
292 503 79
292 474 93
292 635 51
292 598 81
292 605 73
292 760 22
292 881 67
292 793 7
293 682 48
293 567 95
293 729 95
293 652 51
293 849 24
293 598 85
294 593 48
294 472 61
294 584 20
294 814 50
294 850 96
294 510 78
295 742 15
295 662 49
295 522 79
295 881 84
295 889 39
295 575 51
295 750 73
295 513 20
295 775 4
295 849 73
295 481 30
295 802 43
295 544 75
296 769 42
296 505 81
296 761 7
296 634 17
296 690 59
296 777 67
297 598 32
297 652 55
297 794 99
297 629 69
297 701 24
297 811 82
297 718 91
297 498 4
297 792 89
297 509 58
297 550 15
297 861 48
297 699 13
297 752 96
297 840 8
298 449 81
298 537 30
298 666 15
298 755 67
298 617 43
298 689 23
298 777 48
298 619 47
299 502 3
299 457 74
300 864 65
300 719 52
300 628 75
300 608 82
300 630 4
300 842 42
300 593 45
300 458 60
300 624 83
300 700 65
301 661 23
301 481 16
301 464 79
301 879 55
301 788 2
301 828 48
301 837 48
302 752 83
302 826 62
302 715 89
302 761 25
302 545 18
302 473 47
302 470 67
302 718 60
302 806 52
302 772 92
303 582 50
303 648 17
303 802 44
303 894 84
303 531 8
303 522 96
304 838 95
304 679 59
304 753 31
304 607 16
304 830 22
304 511 86
304 645 17
304 798 70
304 453 88
304 722 29
304 602 32
304 706 85
305 688 66
305 555 50
305 656 59
305 602 65
305 790 95
305 597 75
305 854 64
305 531 85
305 584 14
305 609 49
305 573 48
305 684 5
305 582 9
305 449 22
305 567 52
306 756 50
306 483 95
306 829 44
306 806 39
306 459 81
306 886 16
306 607 19
306 593 84
306 893 96
306 652 71
306 565 32
306 644 26
306 468 97
307 548 46
307 784 19
307 832 37
307 475 89
308 648 16
308 552 82
308 830 94
308 564 2
308 695 33
308 703 84
308 519 21
308 629 69
308 820 20
308 696 22
308 511 82
308 526 46
308 810 11
308 594 26
308 687 8
309 796 1
309 874 34
309 698 66
309 845 75
309 667 44
309 458 89
309 794 51
309 842 69
310 784 47
310 564 65
310 861 63
310 457 93
310 584 63
310 695 49
310 514 67
310 541 40
310 892 95
310 557 12
311 895 59
311 691 88
311 660 26
311 632 27
311 537 50
311 705 18
311 669 11
311 645 23
311 589 69
311 487 61
311 730 93
311 771 36
311 853 39
312 649 85
312 807 46
312 582 25
312 527 26
312 670 63
312 638 79
312 655 44
312 885 92
312 722 99
312 587 65
312 554 13
313 684 47
313 450 36
313 893 69
313 881 91
313 814 57
313 485 21
314 670 52
314 554 82
314 662 87
314 515 34
314 756 52
314 858 37
314 685 82
314 598 73
314 701 84
314 699 49
314 503 65
315 456 22
315 562 20
315 832 89
315 785 76
315 828 12
315 463 27
315 671 77
315 816 48
315 622 39
316 865 24
317 493 4
317 879 61
317 533 51
317 882 19
317 644 59
317 593 24
317 503 13
317 812 80
317 734 15
317 546 48
317 570 20
318 593 65
318 515 49
318 667 9
318 708 12
319 506 49
319 632 5
319 471 34
319 753 9
319 794 43
319 547 52
319 507 79
319 748 30
319 562 79
319 513 71
319 867 79
319 592 76
319 566 37
319 583 36
320 585 9
320 809 92
320 471 43
320 773 19
320 700 96
320 851 48
320 557 21
321 587 36
321 852 15
321 807 92
321 888 14
321 737 69
321 640 93
321 762 70
322 859 1
322 863 45
322 564 56
322 724 71
322 843 80
322 893 65
322 595 62
322 781 23
322 475 44
323 530 40
323 528 96
323 532 72
323 669 25
323 617 31
324 807 72
324 855 48
324 680 79
324 493 47
324 791 76
324 831 44
324 598 6
324 552 56
324 523 76
324 723 47
324 614 52
324 838 61
324 637 90
324 515 13
325 818 89
326 624 41
326 629 94
326 599 73
326 467 58
326 832 10
326 639 29
326 813 34
327 889 15
327 747 9
327 566 96
327 769 72
327 478 73
327 561 86
327 815 49
327 684 4
327 844 22
327 530 25
327 779 24
328 718 90
328 798 63
328 477 67
328 714 14
328 461 67
328 649 93
328 568 50
328 727 64
328 653 45
328 592 69
328 856 10
328 572 19
328 608 20
328 776 74
329 489 50
329 466 33
329 840 3
329 871 45
329 665 23
329 764 14
329 616 16
329 798 2
329 533 39
329 480 33
329 679 70
329 494 51
330 696 4
330 603 70
330 690 19
330 881 8
330 577 73
330 858 25
331 722 27
331 601 37
331 781 1
331 454 49
331 632 23
331 519 27
331 534 28
331 568 80
331 746 9
331 787 45
331 891 84
331 609 64
331 598 5
332 775 90
332 666 76
332 452 97
332 556 24
332 562 54
332 541 46
332 550 58
333 840 98
333 683 12
333 679 8
333 604 88
333 855 24
333 479 35
333 498 43
333 799 16
333 871 89
333 891 79
333 647 46
333 846 38
333 531 95
333 784 85
333 581 91
334 688 82
334 594 74
334 678 1
334 497 11
334 501 75
334 642 18
334 486 43
334 519 5
334 792 71
334 854 18
334 818 75
334 833 28
334 686 80
335 464 74
335 765 7
335 726 47
335 723 65
335 657 61
335 547 16
335 672 26
335 476 16
335 561 30
335 503 12
335 518 25
336 813 88
336 449 84
336 859 13
336 649 90
336 570 30
336 887 98
336 534 46
336 514 69
336 765 20
336 864 98
336 759 94
336 502 23
336 844 23
336 647 43
337 609 70
337 708 41
337 449 56
337 557 7
337 562 36
337 546 71
338 778 49
338 569 7
338 705 63
338 575 41
338 482 82
338 611 33
338 660 80
338 623 77
338 875 80
338 555 60
338 726 76
338 485 52
338 557 62
338 592 75
339 828 23
339 748 91
339 620 6
339 457 53
339 496 75
339 455 72
339 672 72
339 776 6
339 459 9
339 798 81
340 665 80
340 560 84
340 842 24
341 730 22
341 715 91
341 470 75
341 529 70
341 761 9
341 760 93
341 500 41
341 800 75
341 554 81
341 831 21
341 584 71
341 523 8
341 738 96
342 609 19
342 501 69
342 565 88
342 613 60
342 626 23
342 711 42
342 838 60
342 537 47
342 828 21
342 772 78
342 793 35
342 826 3
343 547 31
343 891 64
343 818 98
343 678 44
343 471 97
344 459 81
344 464 61
344 476 98
344 511 9
344 868 59
344 516 85
344 696 6
344 717 89
344 800 67
344 562 59
345 597 22
345 487 1
345 538 41
345 638 71
345 460 34
345 549 45
345 844 78
345 665 54
345 591 4
345 789 18
345 626 49
346 654 59
346 633 39
346 832 24
346 644 76
347 701 1
347 559 13
347 461 40
347 803 67
347 501 78
347 465 30
347 807 42
347 593 32
347 473 84
347 503 40
347 642 11
347 463 10
348 634 88
348 714 59
348 454 83
348 644 83
348 788 70
349 839 55
350 791 82
350 871 39
350 461 47
351 829 80
351 729 8
351 822 2
351 719 58
351 774 52
351 484 10
351 769 95
351 776 26
351 465 49
351 690 22
351 549 23
352 545 75
352 470 33
352 628 58
352 493 73
352 883 65
352 495 23
352 651 89
352 555 30
352 576 79
352 668 68
352 889 56
352 721 31
352 649 24
352 886 36
353 617 90
353 874 94
354 664 20
354 487 34
354 790 79
354 621 5
354 533 56
354 526 85
355 651 29
355 625 21
355 606 5
355 686 39
355 583 10
355 554 26
355 840 20
355 613 46
356 547 6
356 766 36
357 794 18
357 549 88
357 745 34
357 668 56
357 803 2
357 649 10
357 610 18
357 736 47
357 519 66
358 888 53
358 600 59
358 799 79
358 748 24
358 474 76
358 511 77
358 518 22
358 820 62
358 834 16
358 551 76
358 721 92
358 681 69
359 493 18
359 765 66
359 889 89
359 563 4
359 497 38
359 556 68
359 607 27
359 787 14
359 623 64
359 770 11
359 528 34
360 816 62
360 715 21
360 884 13
361 819 36
361 686 2
361 568 35
361 581 93
361 736 11
361 614 16
361 535 32
361 680 39
361 702 3
361 815 26
361 551 50
361 869 96
361 624 29
361 829 61
361 641 87
362 765 64
362 875 5
362 624 70
363 656 14
363 496 66
364 889 1
364 808 22
364 895 45
364 714 52
364 726 63
364 720 42
364 684 91
364 554 34
365 531 3
365 847 43
365 463 25
365 761 18
365 602 3
365 548 63
365 479 42
365 776 21
365 678 27
366 757 22
366 579 66
366 453 76
366 635 37
366 611 79
366 691 64
366 578 63
367 643 54
368 540 41
368 845 40
368 662 66
368 772 27
368 895 1
368 575 7
368 669 64
368 737 48
368 796 54
368 705 13
368 857 14
368 467 57
368 710 82
368 756 30
369 673 68
369 814 25
369 777 98
369 816 36
369 666 60
369 844 2
369 744 33
369 705 94
369 895 65
369 635 19
369 557 66
369 884 37
370 732 82
370 472 5
370 597 38
370 713 29
370 489 22
370 613 58
371 583 81
371 634 98
371 588 23
371 762 2
371 475 26
371 775 8
372 876 3
372 869 36
372 697 61
372 739 69
372 765 48
372 594 51
372 745 28
373 774 64
373 698 45
373 536 91
373 874 97
373 890 51
373 692 39
373 588 43
373 663 4
373 585 62
373 786 21
373 496 47
373 453 75
374 557 47
374 592 60
374 874 63
374 545 24
374 605 59
374 652 11
374 488 26
374 674 90
374 463 56
374 789 76
374 787 83
375 765 8
375 733 67
375 647 99
375 793 90
375 688 34
375 739 24
375 774 40
376 595 64
376 796 46
376 626 14
376 512 90
376 620 3
376 804 92
376 891 91
376 867 8
376 452 86
376 872 90
376 784 79
376 728 54
377 551 19
377 761 78
377 553 76
377 762 27
377 669 78
377 886 47
377 541 39
378 548 13
378 684 3
378 643 58
378 536 23
378 685 60
378 824 72
378 752 88
378 465 61
378 688 83
378 547 30
378 745 52
378 618 48
379 627 9
379 658 79
379 863 23
379 811 57
380 697 2
380 658 61
380 517 56
380 671 58
380 487 71
380 453 33
380 508 52
380 468 24
380 663 36
380 868 12
380 543 2
380 480 57
381 682 6
381 896 32
381 495 41
381 561 21
381 879 44
381 872 95
381 831 12
381 877 38
381 588 6
381 851 23
381 660 53
382 488 19
382 558 14
382 527 31
382 821 8
382 552 77
382 586 35
382 847 42
382 743 70
382 637 75
382 780 96
382 727 21
383 645 75
383 638 65
383 477 22
383 665 89
383 610 68
383 780 80
383 819 50
383 657 34
383 527 87
383 892 49
383 833 71
384 580 31
384 546 55
384 880 52
384 835 89
385 716 31
385 518 5
385 562 13
385 460 68
385 609 84
385 862 52
385 846 78
385 838 9
385 738 38
385 765 44
385 853 40
385 529 26
385 621 74
385 561 89
385 799 93
386 618 41
386 812 27
386 690 61
386 844 85
386 615 57
386 716 75
387 481 98
387 451 54
387 696 28
387 492 32
387 621 87
387 869 71
387 689 36
387 454 5
387 603 48
388 752 83
389 710 76
389 613 55
389 763 87
389 485 5
389 672 38
389 527 57
389 724 7
389 768 12
389 464 69
389 862 96
389 576 56
389 802 84
389 779 45
390 834 28
390 859 55
391 639 76
391 887 45
391 720 94
391 449 8
391 711 44
391 530 70
391 457 70
392 819 95
392 673 15
392 866 32
392 498 50
392 759 85
392 698 37
392 517 97
392 765 80
392 641 43
392 538 5
392 453 90
392 752 61
392 775 64
393 766 70
394 845 86
394 689 85
394 515 56
394 772 83
394 790 20
394 610 50
394 587 16
394 483 60
394 727 19
394 721 15
394 861 10
394 471 99
395 817 77
395 896 12
396 754 26
396 572 41
396 750 96
397 754 4
397 718 13
397 601 6
397 612 60
397 508 73
397 485 73
397 587 87
397 842 72
397 829 70
397 555 14
397 752 88
398 570 54
398 829 52
398 501 94
398 470 83
398 464 64
398 581 84
399 657 89
400 831 60
400 667 38
400 487 24
401 495 25
401 733 20
401 721 54
401 538 36
401 818 95
401 894 17
401 652 40
401 612 86
401 464 59
401 482 85
402 537 54
402 799 2
402 712 8
402 753 86
402 472 48
403 551 58
403 620 11
403 865 13
403 688 13
403 797 68
403 548 12
403 765 49
404 517 36
404 622 28
404 552 7
404 541 67
404 665 20
404 820 26
404 499 35
404 562 92
404 775 23
404 462 66
404 648 3
404 762 73
404 752 78
404 459 93
404 558 51
405 457 24
405 554 78
405 795 56
405 822 47
406 561 85
406 766 11
406 612 29
406 634 34
406 789 52
406 729 45
406 496 8
406 518 36
406 495 7
406 594 74
406 852 76
407 721 48
407 549 70
407 519 12
407 696 76
407 559 84
407 524 27
407 871 30
407 473 29
407 699 96
407 553 15
407 606 52
408 540 67
408 511 63
408 766 88
408 679 98
408 692 34
408 650 9
408 839 55
408 493 7
408 852 86
408 752 35
408 836 56
408 804 21
409 540 27
409 452 38
409 493 8
409 728 94
409 765 54
409 463 22
409 807 13
409 640 90
409 606 29
409 733 19
409 895 46
410 755 19
410 685 33
410 747 61
410 855 3
410 537 9
410 516 25
410 507 94
410 476 50
410 452 59
410 638 33
410 881 33
410 649 44
410 712 65
411 880 46
411 462 54
411 516 11
411 795 99
411 865 80
411 609 99
411 612 87
411 821 42
411 468 91
411 520 49
411 827 84
411 641 38
412 538 77
412 696 32
412 595 75
412 831 7
412 675 84
412 767 25
412 742 24
412 833 48
412 862 17
412 541 69
412 534 66
412 763 72
412 685 6
413 776 47
413 769 82
413 799 91
413 468 84
413 740 97
413 465 88
413 863 93
413 480 93
413 793 42
413 572 49
413 707 1
413 764 11
414 671 13
414 831 10
414 666 29
414 675 31
414 477 5
414 793 28
414 582 83
414 866 77
414 677 64
414 753 32
415 655 92
415 778 19
415 867 43
415 862 74
415 467 8
415 817 10
415 878 95
415 480 49
415 629 76
416 732 88
416 500 39
416 566 93
416 501 34
416 535 17
416 624 95
416 864 57
416 507 93
416 799 61
416 471 91
417 807 44
417 481 36
417 519 83
417 450 75
417 645 96
418 506 72
418 867 15
418 551 94
418 808 18
418 548 13
418 464 42
418 543 82
418 709 95
418 859 41
418 495 16
418 449 89
419 873 72
420 676 41
420 584 24
420 455 80
420 836 84
420 779 98
421 622 92
421 838 73
421 617 12
421 615 72
422 774 19
422 731 75
422 580 13
422 745 35
422 746 47
422 796 34
422 860 23
422 718 85
422 503 20
422 821 95
422 510 10
422 526 43
422 817 47
423 485 3
423 471 92
423 688 15
423 573 78
423 578 36
423 863 34
423 494 6
424 777 43
424 793 52
424 671 19
424 474 28
424 580 24
424 567 17
424 545 70
424 589 81
424 564 7
424 698 46
424 833 43
424 449 11
424 670 64
425 860 25
425 861 53
425 561 40
425 595 82
425 485 82
425 639 66
425 818 9
426 614 60
426 507 10
426 535 21
426 652 20
426 743 79
426 526 29
426 830 94
426 714 21
427 649 87
427 762 69
428 850 20
428 684 57
428 523 39
428 720 6
428 665 29
428 742 67
428 622 57
428 811 84
428 705 12
428 709 30
428 589 64
428 816 42
428 859 79
428 752 74
429 724 53
429 460 99
430 826 79
430 751 23
430 453 50
430 559 53
430 627 33
430 612 95
430 836 70
430 824 26
430 721 46
430 467 33
430 655 31
430 747 99
430 658 48
430 633 94
430 584 22
431 676 49
431 624 93
431 786 38
431 737 27
431 826 86
431 640 71
431 466 58
431 456 95
431 857 85
431 801 82
432 615 97
432 690 71
432 887 36
432 468 44
432 555 19
432 702 31
432 506 47
432 719 67
432 459 80
432 843 50
432 740 72
432 808 71
433 738 34
433 469 37
433 604 25
433 855 86
433 500 14
433 853 60
433 680 95
433 589 36
433 525 58
433 780 37
433 834 18
434 501 9
434 635 15
434 734 48
434 894 42
434 598 48
434 722 66
435 670 28
435 583 22
435 730 27
435 896 64
435 549 70
435 493 35
435 600 25
435 810 35
435 574 81
436 832 28
436 567 3
436 875 84
436 854 32
436 537 67
436 620 44
436 759 50
436 748 77
436 451 59
436 750 1
436 858 2
437 550 99
437 811 58
437 584 97
437 617 99
437 531 50
437 453 25
437 533 61
437 622 53
437 846 28
437 590 29
437 680 70
437 562 89
437 559 99
438 635 1
438 605 53
438 504 28
438 811 45
438 796 8
438 492 63
439 713 2
439 589 1
439 662 52
439 855 32
440 861 32
440 463 93
440 872 52
440 594 26
440 596 69
440 869 73
440 733 58
440 735 38
441 816 88
441 760 41
442 859 46
442 596 67
442 726 69
442 848 24
442 823 27
442 690 14
442 784 46
442 762 73
442 743 71
442 829 7
442 881 52
442 602 58
442 693 14
443 851 84
443 815 32
443 724 15
444 670 17
444 819 6
444 659 70
444 765 95
444 488 99
444 518 2
444 647 47
444 700 27
444 891 66
444 707 7
445 720 98
445 571 99
445 716 92
445 741 80
445 573 70
445 848 91
445 648 81
445 662 48
445 604 54
445 787 33
446 774 83
446 542 4
446 816 18
446 480 93
446 479 18
446 718 28
446 798 29
446 508 45
446 467 79
446 814 74
446 459 80
446 645 67
447 838 94
447 617 54
447 542 57
447 557 52
447 656 67
448 571 93
448 696 41
448 525 44
448 484 20
448 471 43
448 707 58
448 613 21
