549 2097
1 499 69
1 284 15
1 316 75
2 329 75
2 537 99
2 450 25
2 489 93
2 275 86
2 378 40
3 494 67
3 439 45
3 358 33
3 484 14
3 441 23
3 449 24
3 385 74
3 279 21
3 517 64
3 318 14
3 520 45
3 512 25
3 290 58
3 368 48
3 529 11
4 376 42
4 454 34
4 361 1
4 527 8
4 438 45
4 464 73
4 534 78
4 468 28
4 483 86
4 427 66
4 313 17
4 330 42
4 325 73
4 393 15
5 450 17
5 526 10
5 542 92
5 298 62
5 426 12
5 290 96
5 458 99
5 377 71
5 361 74
6 549 22
6 529 12
6 322 29
6 301 5
6 279 20
6 349 53
6 290 78
6 309 79
6 463 11
7 370 66
7 305 65
7 454 34
7 440 66
7 276 24
7 289 86
7 411 41
8 503 67
8 398 88
8 402 17
8 344 47
9 297 48
9 345 6
9 378 82
9 505 2
9 352 7
9 546 47
9 534 4
9 503 53
9 294 62
9 535 46
9 488 52
9 436 11
9 400 71
9 309 59
10 309 78
10 319 96
10 431 17
10 536 68
10 400 59
10 447 74
10 542 8
10 521 86
10 297 7
10 443 75
10 516 8
10 518 80
10 407 51
11 421 85
11 459 7
11 336 22
12 484 45
13 334 8
13 546 82
13 313 24
13 479 27
13 447 17
13 292 30
13 285 27
13 469 98
13 501 72
13 389 49
13 439 26
13 377 18
13 349 64
13 468 15
14 521 54
14 357 62
14 410 7
14 399 46
14 352 90
15 380 25
15 329 98
15 377 30
15 292 43
15 535 40
15 495 61
15 523 99
15 388 8
16 375 93
16 396 26
17 284 96
17 525 19
17 322 46
17 392 40
17 332 2
17 503 44
18 532 29
18 326 47
18 449 32
18 458 62
18 279 66
18 414 89
18 443 69
18 488 86
18 516 25
19 376 82
19 476 69
19 429 42
19 407 60
19 388 53
19 504 18
19 491 44
19 486 40
19 462 17
20 311 97
20 356 46
20 472 78
20 289 40
21 277 84
21 339 65
21 493 18
22 404 23
22 300 34
23 518 73
23 369 76
23 355 31
23 480 79
23 421 77
23 372 63
23 428 71
23 366 26
23 281 16
24 477 75
24 448 84
24 517 24
24 446 35
24 295 29
24 380 43
24 455 18
24 420 57
24 315 92
24 358 57
24 495 47
25 527 40
25 443 8
25 512 53
25 411 78
25 378 30
25 545 43
25 485 55
25 320 66
25 351 88
25 293 63
25 460 66
25 312 44
25 307 43
25 298 56
26 388 96
26 308 11
26 370 94
26 340 4
27 418 92
27 544 79
28 349 89
28 309 28
28 443 3
28 473 69
28 475 56
28 498 92
28 430 62
29 435 18
29 423 35
29 385 23
29 503 27
29 528 73
29 410 60
29 291 75
29 537 93
30 345 66
31 401 23
31 429 52
31 332 50
31 479 34
31 414 9
31 546 6
31 310 37
31 341 53
31 386 9
31 495 40
32 465 80
33 532 79
33 328 33
33 437 33
33 377 24
33 485 54
33 347 1
34 371 78
35 427 58
35 299 13
35 438 5
35 471 84
35 344 23
35 366 37
35 528 80
35 292 38
35 382 31
35 330 66
35 509 36
36 418 92
36 510 84
36 291 67
36 380 62
36 303 31
36 476 87
36 439 42
36 432 53
36 319 58
36 471 70
36 417 84
36 508 90
36 284 49
36 521 60
37 522 16
37 464 13
37 327 83
37 488 85
37 335 3
37 345 98
37 480 73
37 277 73
37 308 82
37 315 18
37 493 80
38 493 61
38 363 39
38 368 30
38 387 14
38 512 53
38 506 70
38 400 74
38 388 71
38 367 18
38 420 16
38 546 56
38 456 13
39 395 17
39 489 2
39 426 45
39 506 82
39 431 1
39 480 42
39 462 8
39 373 74
40 281 23
40 378 55
40 330 24
40 391 7
40 448 24
40 455 97
40 487 53
40 508 29
40 533 68
40 339 62
41 549 20
41 495 3
41 344 50
41 501 82
41 358 70
42 277 49
42 433 12
42 407 40
42 382 5
42 376 99
42 467 10
42 420 20
42 343 32
42 490 44
42 406 60
43 320 99
43 426 66
43 385 83
44 378 57
44 327 17
45 539 72
45 332 31
45 396 74
45 495 44
46 409 58
46 437 6
46 482 15
46 371 23
46 420 89
46 449 55
46 475 18
46 422 46
46 526 4
47 303 55
47 515 96
47 333 53
47 454 63
47 461 35
47 459 32
47 323 96
47 508 70
47 324 61
47 433 38
47 462 8
47 382 64
48 329 4
48 446 24
48 443 80
48 537 46
48 511 25
48 301 31
48 334 69
48 494 72
48 488 51
48 507 89
48 523 88
48 489 28
48 534 6
49 472 25
49 315 65
49 535 34
50 447 89
50 450 50
50 457 49
50 277 82
50 413 64
50 543 17
50 452 76
50 352 48
51 348 8
51 374 36
51 445 32
51 292 52
51 497 61
51 329 46
51 529 12
51 316 93
51 524 67
52 433 79
53 396 54
53 466 81
53 533 35
53 364 77
53 283 65
53 360 25
53 515 49
53 477 73
53 410 52
53 400 66
53 467 8
53 338 26
53 304 58
53 289 10
54 320 66
54 326 62
54 307 81
54 450 11
54 359 88
54 433 26
54 428 1
54 536 87
54 395 47
54 317 33
54 489 39
54 301 88
55 280 99
55 282 18
55 498 11
55 309 5
55 377 78
55 440 95
55 326 61
55 533 26
55 474 70
56 405 83
56 457 99
56 487 13
56 425 85
56 287 25
56 497 33
56 382 90
56 538 64
56 482 11
56 397 40
57 539 81
57 491 78
57 380 22
57 348 85
57 354 99
57 518 65
57 480 1
57 412 5
57 321 41
57 343 79
57 334 67
57 355 34
58 402 2
58 452 38
58 432 76
58 511 25
58 413 32
58 513 62
58 498 47
58 395 88
58 542 12
59 283 64
59 415 32
59 313 40
59 487 82
59 485 62
59 501 69
59 368 26
59 311 63
59 346 92
60 281 10
61 304 23
61 361 37
61 357 92
61 327 57
61 336 10
61 416 77
61 398 32
61 406 12
61 504 40
61 435 77
61 319 90
62 420 20
62 400 47
63 448 3
63 362 49
63 401 98
63 313 74
63 388 10
63 475 1
63 346 2
63 377 28
63 442 18
63 386 23
63 391 29
63 515 18
63 319 47
64 383 82
64 446 3
64 503 37
64 482 96
64 326 75
64 430 42
65 547 48
65 391 70
65 418 45
65 291 97
66 529 10
66 543 80
66 463 66
67 376 47
67 399 1
67 413 50
67 533 8
68 517 11
68 365 22
68 378 44
68 289 85
68 530 38
68 435 34
68 411 64
68 305 94
68 494 17
68 433 63
69 379 91
69 326 81
69 423 5
69 346 15
69 488 64
70 364 40
70 277 63
70 304 95
70 403 29
71 519 75
71 458 44
71 292 3
71 397 49
71 448 72
71 287 76
71 320 58
71 290 52
71 391 88
71 455 93
71 416 43
72 478 53
72 413 1
72 378 77
72 312 11
72 449 12
72 286 7
72 472 73
72 517 62
72 446 45
72 535 69
72 479 73
72 499 2
73 394 59
73 391 78
73 402 56
73 303 88
73 309 40
73 410 83
73 504 46
73 313 41
73 319 4
73 395 52
73 469 71
73 547 75
74 536 64
74 399 9
74 534 72
74 479 72
74 316 9
74 456 79
74 513 82
74 384 75
75 482 1
75 384 73
75 311 11
75 464 90
75 540 4
75 381 94
75 436 3
75 301 57
75 534 67
75 529 2
75 342 51
75 469 59
75 329 2
76 468 42
76 537 43
76 356 71
76 320 16
76 461 88
76 453 18
76 433 68
76 293 42
76 459 53
76 314 40
77 300 1
77 347 30
77 532 3
78 493 47
78 297 4
78 536 35
78 368 1
78 449 53
78 459 65
78 292 87
78 542 97
78 395 1
78 420 85
78 397 67
78 427 66
78 293 84
78 410 46
79 479 81
79 487 89
79 482 73
79 504 2
79 340 1
79 492 12
79 509 74
79 411 22
79 326 65
79 481 2
79 336 57
79 463 21
80 546 62
80 421 14
80 515 34
80 309 48
80 453 34
80 334 10
80 315 61
80 506 2
80 355 48
80 376 98
80 429 22
81 451 66
81 544 48
81 511 86
81 449 72
81 338 4
81 301 41
81 415 58
81 432 4
81 519 50
81 384 4
81 379 72
81 367 86
81 392 52
81 466 79
81 299 38
82 436 1
82 484 18
82 387 28
82 545 25
82 367 39
82 546 33
82 523 44
82 455 33
82 363 3
82 508 73
82 370 64
82 533 53
82 399 52
83 327 58
83 518 5
83 439 82
83 497 98
83 548 83
83 511 68
83 538 8
84 471 54
84 306 15
84 505 40
84 436 70
84 317 81
84 422 8
84 466 98
84 536 7
84 310 17
84 331 90
85 420 27
85 489 81
85 317 68
85 539 95
86 548 10
86 538 44
86 544 74
86 524 23
86 327 59
87 336 88
87 536 22
87 535 15
87 543 83
87 315 98
87 424 40
87 302 87
87 351 6
87 475 46
88 531 45
88 465 21
88 514 74
88 411 4
88 384 84
88 480 72
88 307 84
88 446 85
88 536 77
88 473 57
88 314 44
88 463 32
88 528 35
89 285 37
89 528 17
89 356 13
89 498 46
89 284 83
89 517 85
89 288 56
89 402 48
89 290 61
89 519 9
90 451 75
90 324 24
90 382 79
90 317 85
90 509 39
90 508 31
90 344 42
90 419 31
90 474 93
90 507 2
90 401 53
90 300 62
90 496 95
90 439 17
91 511 24
91 352 96
91 341 96
91 532 12
92 347 25
92 281 66
93 304 17
93 445 79
93 496 28
93 402 54
93 526 85
93 508 98
94 404 71
94 450 52
94 544 57
94 442 3
94 483 49
94 431 97
94 475 84
94 302 13
94 515 98
94 519 79
94 318 6
95 489 86
95 434 45
95 503 55
96 334 36
96 501 27
96 280 51
96 486 30
96 335 82
96 308 75
96 497 22
96 446 95
97 503 23
97 352 86
97 422 89
97 288 45
97 380 24
97 368 94
97 461 92
97 542 96
97 377 96
97 501 25
98 329 1
98 505 41
99 310 59
99 498 89
99 314 74
99 291 90
99 327 52
99 304 55
99 502 77
99 430 83
99 420 18
99 491 44
100 343 90
100 300 10
100 502 67
100 546 69
101 322 31
101 545 89
101 314 28
101 478 97
101 398 72
101 532 10
101 289 77
101 410 76
102 406 29
102 337 70
102 387 14
102 483 5
102 472 74
102 355 89
102 379 20
102 325 3
102 519 83
103 296 81
103 291 85
103 444 5
103 417 95
103 491 46
103 347 52
103 481 60
103 480 77
103 476 27
103 312 97
103 343 38
103 509 77
103 546 79
103 308 95
103 359 79
104 333 77
104 466 54
104 522 64
104 462 3
104 516 68
104 300 98
104 430 52
104 451 91
104 447 64
104 440 83
104 318 60
104 487 4
104 294 76
104 280 48
104 513 80
105 532 88
105 283 63
105 322 16
105 400 60
105 428 10
105 403 25
105 372 63
105 405 74
105 466 84
105 326 37
105 362 67
105 373 20
105 358 45
105 447 12
106 353 39
106 398 98
106 488 50
106 297 75
107 353 35
107 331 28
107 296 21
107 546 26
107 410 17
107 542 35
107 520 84
107 326 29
107 303 94
107 544 41
107 460 13
108 348 86
108 368 48
108 526 83
108 538 30
108 536 47
108 509 10
108 379 75
108 480 62
108 391 19
108 546 86
109 487 54
109 332 15
109 368 80
109 549 80
109 373 65
109 515 1
109 363 78
109 356 8
109 533 79
109 325 25
109 446 84
110 536 11
110 325 29
110 539 42
110 436 21
110 432 60
110 320 63
110 376 47
110 471 80
110 415 76
110 441 80
110 300 31
111 471 23
111 353 61
111 366 97
111 439 88
111 383 83
111 367 90
111 369 98
111 511 3
111 335 64
111 381 36
111 334 32
111 448 89
111 520 80
111 502 13
112 456 40
112 379 45
112 487 51
112 297 34
113 325 6
113 276 22
113 486 15
113 519 16
113 493 28
113 322 76
113 323 20
113 289 42
113 349 10
113 321 86
114 379 47
114 352 29
115 424 81
115 473 43
116 441 6
116 506 24
116 484 92
116 415 19
116 429 82
116 541 76
116 460 17
116 537 88
116 461 9
116 368 77
116 313 61
116 290 49
116 311 78
116 504 40
117 341 61
118 351 8
118 429 20
118 469 18
118 440 95
118 319 47
118 320 70
118 496 59
118 535 16
119 287 7
119 321 34
119 344 22
119 442 69
120 464 42
120 532 80
120 407 12
120 321 55
120 340 36
120 537 54
120 459 89
120 397 83
120 494 57
120 334 21
120 505 22
120 410 63
121 526 74
121 334 18
121 287 18
121 367 13
121 304 38
121 312 54
121 481 79
121 494 97
121 544 80
121 278 80
121 357 3
121 396 67
121 461 30
122 429 33
122 371 35
122 528 72
122 414 46
122 468 8
122 294 85
122 436 85
122 398 60
122 307 8
122 454 74
122 457 9
122 487 96
122 354 23
122 512 26
122 504 94
123 410 89
123 484 56
123 459 5
123 365 87
123 520 98
123 476 55
123 320 22
123 470 29
123 292 53
123 306 46
123 511 78
123 537 52
124 528 55
124 324 25
124 474 89
124 429 61
124 549 77
124 304 45
124 300 26
124 516 3
124 469 20
124 312 17
124 391 38
125 402 49
125 301 35
125 383 36
125 459 3
126 508 67
126 519 43
126 540 9
126 333 16
126 418 16
127 487 29
127 370 84
127 292 9
127 503 24
127 326 76
127 332 16
127 396 69
127 436 74
128 478 12
128 329 6
128 404 20
128 533 1
128 333 30
128 354 33
128 482 31
128 518 36
128 491 18
129 342 14
129 296 31
129 392 52
129 449 96
129 486 24
129 286 75
129 475 72
129 348 19
129 542 55
129 546 52
130 385 62
130 451 53
130 536 54
130 333 86
130 532 44
130 350 30
130 524 63
130 458 24
131 426 70
131 333 17
131 445 65
131 474 85
132 528 62
132 475 76
132 308 51
132 429 91
132 311 14
132 337 96
132 365 38
132 476 20
132 526 2
132 420 6
132 348 67
132 449 49
132 328 30
132 389 78
133 471 64
133 362 19
133 340 5
134 341 10
134 493 36
134 502 6
134 546 22
134 549 63
134 372 8
134 406 22
134 503 57
134 334 19
134 418 76
135 283 70
135 401 67
136 478 10
136 508 60
136 360 19
136 442 53
136 469 28
136 505 68
136 484 76
136 321 46
136 458 32
136 475 61
136 391 76
137 357 81
137 297 36
137 410 51
137 412 56
137 426 85
137 338 6
137 543 57
137 407 66
137 303 66
137 301 45
137 479 19
137 309 60
137 332 80
137 455 60
138 305 64
138 333 99
138 506 68
138 411 29
138 497 34
138 531 95
139 431 20
139 509 67
139 303 53
139 443 92
139 385 46
139 517 48
139 295 96
140 301 2
140 429 10
141 289 87
142 367 72
142 471 73
142 541 49
142 506 59
142 290 25
142 408 86
143 449 12
143 481 51
143 431 36
143 408 51
144 325 62
144 375 11
144 291 4
144 399 23
144 519 90
144 530 99
144 313 39
144 376 92
145 529 64
145 453 68
145 398 8
145 445 17
145 433 98
145 300 66
145 386 56
145 542 14
145 549 82
145 324 59
146 317 11
146 345 38
147 383 10
148 275 56
148 396 56
148 363 78
148 470 72
149 499 46
149 353 12
149 444 22
149 305 36
149 334 78
149 416 88
149 279 18
149 460 92
149 332 82
149 449 33
149 525 10
149 463 63
149 487 31
150 293 2
150 418 46
150 335 10
150 406 4
150 382 37
150 499 41
150 457 80
151 381 55
151 388 74
151 370 83
151 529 4
151 359 11
151 457 4
151 333 53
151 518 41
151 408 98
151 499 42
151 455 7
151 496 54
152 374 26
152 503 50
153 373 44
153 434 88
153 382 17
153 357 57
153 491 86
153 425 80
153 319 90
153 403 25
154 452 16
154 364 33
154 473 47
154 489 50
154 539 52
154 531 57
154 521 65
154 318 29
155 521 7
156 485 19
156 355 16
156 331 97
156 371 18
157 363 71
157 315 29
157 301 19
157 282 25
157 541 74
157 358 35
157 469 77
158 470 94
158 308 41
158 498 27
158 391 56
158 375 38
158 539 80
158 506 57
158 343 57
158 516 92
158 396 46
158 457 51
159 409 60
159 304 90
159 419 31
159 518 59
159 484 50
159 453 56
160 403 61
161 478 51
161 293 95
161 377 76
161 285 69
161 505 36
161 403 87
161 384 39
161 396 28
161 416 33
162 445 72
162 283 60
162 293 98
162 506 33
162 308 12
162 404 45
163 302 14
163 290 30
163 537 74
163 519 6
163 508 90
163 424 13
163 278 72
163 542 99
163 334 8
163 446 37
163 332 60
163 347 67
164 346 55
164 340 8
164 292 86
164 542 13
164 289 78
165 380 62
165 419 64
165 411 24
165 396 40
165 325 1
165 394 25
165 529 6
166 473 39
166 401 18
166 285 10
166 462 48
166 485 84
167 509 97
167 533 93
167 387 14
167 459 39
168 503 15
168 282 77
168 512 1
168 343 84
169 511 44
169 323 66
169 328 48
169 297 79
169 379 95
169 540 69
169 301 33
169 492 76
169 462 21
169 299 83
169 348 20
169 441 46
170 487 60
170 399 81
170 529 37
170 336 68
170 355 88
170 415 6
170 324 13
170 534 6
170 396 69
170 542 67
171 362 73
171 503 3
171 383 24
171 307 15
171 504 10
171 441 43
171 372 46
171 456 28
172 458 40
172 364 31
172 346 86
172 476 28
173 368 34
173 411 96
173 533 16
173 520 44
174 331 44
174 436 32
175 493 91
175 522 30
175 384 19
175 355 34
175 442 89
175 477 2
176 294 25
176 504 17
176 389 56
176 331 46
176 475 51
176 484 10
177 431 64
177 544 94
177 537 16
177 296 77
177 476 92
177 441 45
177 373 55
177 535 80
177 397 59
178 328 89
178 545 30
178 536 92
179 340 43
180 374 89
181 517 60
181 545 33
181 284 47
181 410 41
181 473 52
181 424 44
181 549 62
181 445 80
181 359 14
181 323 40
181 503 48
181 525 40
182 276 14
183 492 23
183 529 90
183 539 92
183 532 87
183 276 99
183 405 77
183 545 31
183 544 66
184 399 91
184 330 13
184 302 56
184 446 4
184 491 71
184 368 88
184 503 63
184 489 72
184 289 2
184 394 99
184 508 27
184 488 90
184 416 1
185 345 42
185 388 92
186 305 69
186 356 16
187 307 93
187 422 7
187 314 48
188 413 84
188 318 81
188 299 76
189 306 30
189 372 53
189 356 32
189 521 33
189 276 90
190 286 67
190 418 3
190 396 30
191 504 15
191 540 13
191 370 23
191 288 68
191 510 20
191 445 91
192 468 38
192 350 81
192 508 55
193 419 98
193 530 8
193 374 12
193 463 40
193 495 22
193 475 49
193 526 14
193 291 80
193 525 98
193 308 24
193 447 72
194 426 7
194 458 71
194 467 83
194 313 82
195 487 11
195 365 37
195 285 27
195 477 51
195 541 39
195 468 56
195 351 73
195 366 6
195 503 99
195 293 69
195 462 12
195 418 78
195 284 77
195 494 73
195 517 72
196 432 78
196 436 78
196 392 12
196 531 51
197 331 49
197 400 77
197 309 69
197 401 36
198 343 8
198 331 5
198 470 19
198 493 53
198 380 91
198 317 43
198 406 31
198 530 24
199 498 44
199 541 29
199 428 41
199 336 58
199 298 83
199 371 64
199 457 86
199 339 43
199 422 99
199 516 26
199 364 2
199 479 13
199 278 71
199 544 11
200 349 70
200 331 36
201 431 7
201 514 26
201 525 45
201 350 94
201 394 95
201 399 20
201 295 34
201 445 5
201 285 42
201 462 2
201 419 19
201 287 47
202 514 21
202 532 4
202 392 81
202 441 62
202 283 68
202 331 46
202 508 67
202 512 49
202 339 36
202 493 16
202 520 89
202 529 14
202 455 91
203 401 69
203 467 51
203 499 24
203 358 75
203 517 56
203 350 64
203 404 97
203 373 34
203 296 82
203 522 46
203 465 65
203 309 97
203 486 37
203 278 28
204 531 25
204 544 94
204 469 37
204 410 17
204 289 82
204 399 45
204 497 40
204 436 22
204 377 96
204 288 44
204 293 39
205 515 45
205 366 26
205 296 44
205 280 21
205 371 1
205 488 91
206 443 37
206 528 32
206 335 3
206 378 27
206 452 68
206 486 11
206 372 30
206 415 85
207 419 37
207 525 22
207 524 13
207 394 38
207 505 57
207 310 16
207 358 65
207 498 31
207 325 18
207 441 43
207 404 55
207 453 99
208 396 99
208 345 7
209 527 68
209 439 51
209 281 47
209 275 55
209 516 80
209 369 36
209 370 11
209 341 39
209 384 53
209 497 13
209 470 81
209 441 54
209 292 28
210 466 66
210 534 34
210 537 2
210 291 56
210 402 84
210 314 7
210 449 31
210 416 46
210 479 24
210 283 27
210 347 83
211 526 39
211 322 28
211 290 74
211 540 14
211 497 8
211 489 2
211 308 66
211 502 2
211 509 91
211 483 31
211 408 64
211 510 52
211 453 80
212 428 13
212 327 31
212 396 93
212 362 74
212 438 97
212 332 68
212 308 1
212 470 56
212 525 4
213 466 87
213 289 98
213 544 96
213 306 17
213 324 86
213 385 70
213 509 92
213 548 68
214 286 61
214 392 45
214 323 24
214 326 63
214 394 17
214 275 52
214 531 62
214 407 97
214 339 32
214 514 52
214 533 46
214 401 80
215 388 62
215 521 97
216 396 3
216 295 82
216 391 22
216 394 43
216 290 53
216 471 14
216 331 56
216 347 48
216 419 55
217 483 27
217 494 27
217 277 36
217 453 41
217 398 75
218 409 17
218 307 91
218 441 15
218 313 95
218 380 9
218 275 24
218 276 69
218 362 19
218 457 28
218 474 17
218 519 96
218 506 79
218 542 32
218 294 77
219 450 66
219 298 17
219 420 54
219 477 76
219 364 41
219 392 89
219 429 96
219 461 14
219 365 95
220 525 43
220 457 18
220 320 79
220 342 13
221 405 14
221 436 90
221 390 97
222 541 36
223 497 80
223 482 11
223 329 86
223 395 80
223 293 41
223 304 37
223 487 51
223 365 71
223 501 39
223 374 29
223 355 83
223 400 55
223 459 5
223 307 47
223 471 74
224 525 81
224 308 79
224 405 82
224 530 39
224 395 73
224 350 51
224 527 95
224 404 51
225 506 79
225 295 3
225 420 96
225 344 72
225 358 78
225 391 30
226 302 12
226 445 55
226 503 29
226 365 30
226 366 81
226 357 16
226 345 68
226 363 45
226 491 97
226 371 26
226 414 79
226 511 4
226 332 5
226 410 2
227 390 60
227 549 13
228 356 59
228 428 90
228 286 96
228 423 43
228 421 97
228 505 33
228 474 31
228 302 52
228 337 24
228 284 84
228 342 85
229 418 60
229 533 7
230 372 77
230 289 44
230 353 65
230 381 72
230 315 42
230 443 28
231 317 73
231 313 54
231 299 25
231 486 23
231 290 31
231 509 7
231 311 36
231 370 82
231 535 57
231 305 59
231 344 70
231 447 47
231 309 94
232 291 90
232 296 66
232 356 44
232 409 6
232 441 76
232 330 36
233 354 32
234 349 78
234 545 24
234 528 77
234 348 6
234 510 97
234 396 31
234 505 8
234 284 39
234 509 20
235 393 81
236 522 15
236 398 31
236 485 62
236 490 73
236 515 87
236 540 59
236 517 34
237 312 68
237 502 65
238 498 37
238 543 61
238 355 51
238 542 74
238 546 92
238 521 54
238 423 38
238 388 91
238 504 70
238 512 40
238 439 33
238 500 39
238 490 88
238 312 37
239 351 11
239 523 50
239 304 49
239 296 76
239 385 19
239 430 26
239 465 1
239 541 98
239 319 97
240 421 62
240 469 75
240 475 45
240 339 39
240 315 84
240 330 21
240 387 4
240 396 8
240 300 11
240 304 37
241 429 11
241 403 98
241 509 71
241 312 27
241 360 50
242 438 85
242 424 52
242 358 59
242 447 39
242 545 38
242 452 98
242 354 87
242 463 42
242 543 26
243 391 94
244 307 52
244 277 23
244 311 38
244 369 82
244 400 15
245 498 43
245 323 65
245 463 38
246 326 63
246 378 89
246 465 98
246 282 47
246 356 16
246 471 53
246 395 70
246 345 66
246 533 33
246 300 23
247 301 3
247 392 78
247 510 38
247 275 40
247 425 24
247 291 99
247 395 91
247 322 67
247 336 66
247 371 61
247 280 60
247 484 99
247 546 75
248 393 34
248 309 20
248 383 44
248 536 33
248 411 97
249 525 65
249 517 26
249 306 95
249 343 94
249 355 45
249 445 61
249 548 8
249 542 38
250 473 51
250 307 38
250 366 36
250 389 7
250 280 68
250 434 72
250 350 65
250 368 64
250 524 39
251 377 47
251 447 57
252 394 13
252 505 99
252 373 38
252 530 90
252 285 48
252 279 76
252 353 5
252 360 78
253 547 64
253 438 15
253 395 65
253 326 28
253 425 71
253 479 21
253 482 73
253 345 1
253 396 8
253 397 27
253 433 8
253 448 33
253 413 76
254 464 32
254 370 85
254 541 49
254 467 53
255 491 31
255 408 60
255 501 92
256 508 88
256 383 34
257 350 11
257 520 94
257 374 72
257 434 87
257 543 21
257 464 97
257 338 28
258 310 35
258 477 48
258 544 18
258 503 41
258 284 83
258 421 43
258 435 23
258 454 85
258 463 11
258 530 65
258 289 85
258 518 95
258 531 71
259 459 58
259 435 37
259 294 31
259 361 15
259 309 80
259 418 80
259 378 14
259 320 88
259 404 37
259 437 17
260 302 16
260 403 12
260 511 89
260 520 30
260 519 4
260 385 70
260 452 55
260 303 84
260 536 1
260 375 75
261 458 73
261 447 73
261 330 79
262 312 89
262 329 91
262 493 93
262 414 89
262 416 63
262 458 64
262 335 43
262 489 66
262 415 74
262 457 97
262 429 18
262 469 76
262 407 73
263 347 63
263 382 58
263 285 7
263 531 40
263 292 83
263 473 39
263 484 97
263 502 31
263 401 3
263 319 30
263 408 93
263 353 13
263 413 19
263 472 16
263 334 55
264 452 80
264 412 85
264 362 21
264 424 97
264 283 85
264 350 58
264 493 41
264 354 23
264 436 86
264 494 91
264 450 51
264 306 25
264 371 94
264 496 50
264 365 42
265 319 15
265 313 71
265 463 54
265 543 31
265 302 7
265 477 97
265 429 77
265 406 60
265 294 91
265 360 34
265 478 75
266 281 48
266 337 87
266 319 62
266 413 1
266 429 76
266 432 44
266 279 49
266 291 88
266 381 86
266 533 88
267 547 76
267 439 20
267 481 91
267 370 16
267 347 22
267 298 36
267 452 20
267 405 49
267 454 33
267 504 15
267 492 4
267 308 81
267 375 60
267 283 16
268 505 22
268 525 59
268 532 88
268 506 9
269 472 58
269 422 3
269 318 26
269 347 30
269 373 64
269 450 10
269 312 10
269 426 54
270 492 61
270 349 86
270 358 15
270 336 8
270 331 76
270 466 7
270 378 64
270 370 53
270 382 38
270 357 52
270 383 63
270 392 15
271 298 85
271 495 62
271 338 57
271 303 11
271 494 59
271 404 20
271 362 72
271 477 67
271 308 27
271 425 46
271 403 78
271 334 18
272 395 55
272 408 40
272 546 30
272 447 83
272 535 63
272 300 47
272 467 56
273 430 81
273 408 7
273 522 68
273 318 74
273 367 34
273 512 35
273 409 25
273 418 38
273 450 96
273 397 18
273 287 8
273 517 77
273 398 70
274 283 95
274 344 73
274 505 23
274 458 96
274 339 45
274 286 16
