575 2201
1 373 84
1 409 48
1 290 34
1 451 31
2 375 50
2 368 36
2 463 78
2 293 25
2 303 8
2 571 62
2 521 86
3 505 37
3 381 76
3 475 81
3 443 52
3 441 4
3 456 53
3 531 77
3 406 31
3 316 56
3 298 69
3 504 5
3 349 46
3 559 78
4 338 69
4 550 1
4 330 5
4 312 51
4 563 3
5 396 57
5 473 40
5 327 96
5 348 51
5 394 58
5 319 85
5 310 6
5 571 55
6 377 10
6 459 7
6 300 75
6 568 66
6 489 75
6 501 98
7 522 15
7 306 32
7 516 31
8 408 15
8 542 58
8 380 23
8 567 51
8 523 85
8 344 99
8 391 69
8 288 11
8 413 33
8 319 79
8 548 2
8 547 56
8 533 61
8 397 49
9 435 32
9 382 27
9 337 22
9 409 51
9 433 23
9 535 90
9 307 86
9 514 18
9 414 96
9 491 46
9 356 49
10 443 44
10 569 70
10 316 56
10 312 90
11 292 93
11 304 7
11 429 31
11 380 46
11 335 38
12 337 85
12 503 46
12 310 29
12 446 52
12 356 72
12 405 40
13 343 27
13 442 40
13 379 26
13 304 6
13 484 4
13 427 98
13 544 48
13 395 58
13 413 44
13 448 39
13 522 53
14 441 47
14 319 92
14 564 42
14 321 45
14 421 97
14 419 62
14 290 76
14 524 3
15 528 41
15 397 30
15 543 13
15 392 21
15 387 39
15 556 73
15 288 71
15 481 10
15 411 23
15 377 63
16 397 85
16 502 98
16 436 69
16 489 79
16 554 82
16 426 63
16 373 46
16 464 91
16 343 90
16 552 42
16 454 50
16 432 96
16 483 13
17 470 12
17 369 51
17 348 40
17 465 60
17 315 39
17 353 5
17 456 92
17 312 88
17 390 83
17 333 52
17 412 50
18 384 31
18 447 11
18 544 14
18 489 19
18 289 87
18 358 33
18 571 33
18 332 89
18 514 25
18 459 94
18 363 58
19 570 41
19 334 84
19 402 68
20 487 10
20 361 78
20 540 98
20 348 6
20 452 72
20 493 35
20 475 52
20 515 45
20 299 18
20 522 2
21 461 70
21 516 98
21 478 14
21 333 33
22 430 5
22 513 30
22 564 75
22 305 2
22 375 46
22 351 20
22 453 49
22 361 72
22 487 49
23 531 28
23 485 5
23 561 58
23 414 9
23 470 60
23 556 71
23 526 19
23 563 54
23 400 10
23 316 56
24 351 92
24 323 29
24 467 26
24 548 94
24 316 83
25 343 12
25 296 18
25 398 97
25 391 86
25 324 93
25 414 13
25 495 48
25 489 88
25 344 20
25 345 1
26 382 84
26 424 94
26 484 19
26 466 57
26 437 94
26 557 64
27 565 20
27 530 38
27 460 29
27 340 71
27 369 1
27 510 14
27 528 26
27 366 92
27 304 73
27 363 99
27 478 48
27 384 60
28 346 42
28 449 21
28 397 5
29 377 79
29 367 36
29 495 91
29 359 89
30 501 29
30 413 23
30 498 62
30 429 79
31 552 37
31 407 79
31 477 17
31 490 39
31 342 9
31 505 76
31 558 77
31 361 99
31 305 96
31 291 16
32 463 92
32 438 73
32 534 90
32 397 96
32 420 23
32 410 83
32 442 98
32 537 91
32 340 6
32 323 13
32 550 93
32 375 65
33 348 88
33 477 47
33 329 98
33 493 96
33 463 6
33 534 58
34 446 27
34 369 67
34 347 66
34 389 42
34 473 57
34 461 59
34 452 92
34 423 91
34 454 84
34 350 75
34 560 17
34 432 17
35 427 96
35 489 99
35 505 51
35 537 45
35 538 50
35 510 48
36 546 14
36 537 82
36 376 14
36 434 9
36 289 91
37 364 37
37 429 17
38 464 49
38 352 85
38 474 71
38 346 91
38 364 69
38 343 40
38 381 13
38 379 70
39 500 19
39 535 72
39 534 30
39 307 49
39 370 50
39 566 16
39 338 32
39 406 5
40 550 31
40 434 98
40 548 23
40 367 75
40 531 89
40 529 17
40 444 94
40 532 15
40 485 44
40 568 96
40 488 50
40 387 82
40 440 24
40 384 45
40 310 19
41 566 75
41 573 29
41 374 25
41 317 8
41 371 73
41 395 22
41 413 1
41 393 15
41 326 35
41 551 5
41 420 46
41 527 78
41 455 28
41 386 21
42 459 95
42 339 99
42 390 33
42 571 81
42 468 78
42 384 82
43 520 11
43 478 69
43 408 62
43 434 28
43 389 33
43 466 91
44 347 56
44 438 48
44 511 73
45 379 90
45 568 30
46 319 47
46 527 73
46 466 54
46 326 55
46 422 20
46 550 26
46 493 9
46 554 59
46 311 82
46 292 31
46 317 84
46 469 87
46 392 70
46 504 43
47 569 39
47 315 66
47 378 94
47 470 48
47 464 97
47 430 18
48 485 1
48 512 46
48 294 63
48 522 8
48 349 7
48 554 67
48 400 97
48 490 74
48 363 82
49 420 65
49 428 53
49 387 42
49 500 45
49 532 74
49 333 99
50 479 5
50 541 74
50 454 66
50 403 75
50 404 74
50 495 24
50 362 23
51 533 95
51 445 52
51 484 26
51 522 81
51 485 91
51 392 84
51 396 94
52 330 25
52 529 62
52 320 99
52 475 75
52 489 73
52 514 29
52 442 1
52 402 11
53 529 46
53 364 48
53 548 53
53 290 29
54 358 34
54 332 77
54 347 17
54 561 77
55 305 42
55 369 42
55 395 96
55 374 44
55 448 34
55 520 92
55 309 28
55 530 72
55 289 24
55 544 93
56 289 78
56 311 50
56 292 12
56 344 82
56 546 25
56 500 75
56 433 13
56 496 80
56 540 57
57 340 4
57 313 53
57 450 66
57 419 72
57 389 45
57 328 98
58 375 94
58 413 28
58 477 18
58 425 22
58 407 46
58 508 90
58 405 46
58 537 78
58 421 74
58 521 83
58 314 39
58 544 95
58 493 41
59 401 61
59 408 33
59 363 34
59 524 28
59 359 52
59 521 80
59 387 51
59 434 51
59 474 99
59 426 64
60 365 24
60 541 78
61 521 16
61 531 54
61 346 20
62 354 14
62 443 24
62 451 76
62 355 70
62 316 51
62 458 46
62 379 39
62 463 64
62 383 11
62 412 50
62 554 77
63 528 3
63 335 32
63 475 71
63 515 37
63 480 98
63 374 85
63 343 80
64 544 71
64 297 19
64 564 24
64 554 69
64 290 26
64 574 14
64 385 92
64 430 93
65 481 48
65 476 95
65 565 64
65 543 94
65 351 44
65 426 30
65 332 36
65 525 26
66 335 65
66 481 51
66 432 8
67 425 69
67 551 44
67 455 94
67 355 22
67 474 68
67 550 24
67 466 77
67 314 74
67 438 77
67 434 20
68 481 79
68 511 63
68 345 65
68 454 38
68 472 98
68 352 45
68 317 35
68 360 95
68 525 45
68 311 97
69 511 62
69 564 78
69 439 57
69 464 98
69 484 44
69 431 99
69 565 17
69 427 6
69 327 48
69 438 67
70 360 6
71 301 7
71 387 85
71 511 90
71 388 17
71 411 36
71 540 76
71 413 97
71 331 56
71 330 45
72 350 49
72 416 40
72 369 15
72 453 74
72 340 69
73 306 33
73 408 98
73 483 56
73 448 46
73 523 85
73 327 2
73 466 30
73 492 20
73 297 53
73 353 46
73 323 90
73 324 86
73 299 96
73 394 78
74 438 68
74 473 8
74 441 71
74 373 27
74 417 10
74 504 14
74 524 72
74 561 77
74 435 75
75 474 21
75 376 62
75 336 68
75 403 38
75 553 40
75 513 99
75 438 49
75 309 23
75 317 63
75 388 83
76 499 30
76 549 11
76 496 2
76 306 60
76 378 60
76 346 63
76 504 65
76 377 76
76 319 87
76 512 32
76 341 45
77 553 27
77 471 49
77 300 80
77 542 19
77 435 87
77 377 38
77 460 78
77 498 13
77 551 5
78 435 61
78 568 96
78 404 56
78 537 24
78 526 35
79 386 84
79 436 18
79 373 64
80 372 89
81 549 20
81 467 5
81 453 23
81 398 27
81 414 4
81 466 67
81 344 68
81 383 67
81 403 48
81 532 12
81 420 64
81 499 44
81 358 38
82 541 84
82 547 45
82 290 30
82 507 94
82 433 13
82 466 88
82 512 19
82 411 53
82 402 62
82 503 70
82 478 10
82 416 58
83 447 23
83 566 33
83 459 55
83 426 77
83 334 25
83 368 75
84 497 45
84 408 2
85 324 86
85 538 67
85 570 27
85 441 22
85 455 99
86 478 46
86 435 13
86 480 51
86 467 21
86 306 89
86 380 66
86 415 48
86 433 60
86 442 24
86 437 12
86 481 11
86 302 93
86 426 41
86 353 71
87 496 30
87 573 46
87 358 37
87 472 58
87 393 34
87 519 14
87 394 68
87 374 80
87 418 35
87 331 13
87 298 89
87 420 23
87 458 36
88 544 19
88 439 43
88 312 51
88 344 18
88 437 19
88 499 9
88 356 95
88 573 66
88 525 75
88 377 67
88 354 33
88 438 72
88 313 5
88 560 61
89 463 97
89 300 99
89 359 21
89 343 44
89 426 83
89 404 84
89 541 5
89 500 16
89 544 56
89 350 49
90 372 10
90 349 92
91 423 9
91 296 31
91 536 65
91 533 78
92 473 39
92 574 31
92 457 67
92 533 31
92 564 30
92 429 18
92 498 72
92 336 94
92 556 92
93 530 85
93 494 46
93 409 5
93 477 54
93 531 78
93 318 5
93 515 85
94 319 30
94 426 52
94 291 70
94 515 81
94 343 14
95 408 68
95 414 7
95 295 39
95 511 32
95 389 3
95 369 86
95 394 3
95 481 9
95 422 26
95 375 1
95 474 64
95 293 2
95 343 97
95 370 29
95 489 2
96 481 6
96 493 73
96 519 32
96 426 79
96 395 28
96 399 27
96 538 52
96 448 98
96 394 39
96 393 99
96 357 62
96 459 78
96 501 44
96 328 25
97 347 62
97 401 57
97 538 60
97 443 84
97 303 64
97 450 70
97 563 24
97 522 28
97 475 99
97 299 27
98 360 32
98 322 69
98 290 85
99 550 66
99 432 85
99 451 81
99 350 4
99 521 56
99 374 50
99 571 3
99 492 79
99 462 57
99 297 20
99 422 91
99 404 54
100 300 87
100 511 17
100 555 8
100 381 1
100 481 33
100 415 41
100 468 9
100 380 58
100 502 84
100 474 63
100 382 43
100 494 4
100 547 17
100 332 34
101 326 58
101 504 77
101 445 78
102 500 74
102 295 6
102 439 48
102 383 58
102 351 41
102 484 85
103 434 14
103 427 57
103 315 95
103 446 6
104 462 28
104 364 41
104 357 45
104 554 6
104 417 37
104 450 69
104 345 30
104 458 76
104 505 54
104 553 17
104 544 28
104 315 67
104 403 85
105 365 24
105 403 11
105 546 2
105 523 4
105 553 42
105 535 78
105 442 86
105 375 23
105 503 91
105 404 25
105 573 2
105 386 82
105 352 15
106 304 43
106 356 96
106 334 47
106 354 31
106 335 94
106 309 44
106 445 37
106 338 36
106 564 80
106 348 18
106 374 39
106 571 57
106 387 7
106 536 34
107 470 87
107 356 58
108 400 5
108 406 61
108 536 50
108 464 8
108 479 20
108 338 25
108 487 47
108 370 39
108 374 82
108 436 71
108 529 78
108 557 9
108 319 82
108 386 36
109 441 16
109 437 44
109 507 23
109 478 22
110 381 27
110 369 33
110 315 29
110 414 23
110 486 22
110 436 84
110 557 30
110 435 50
110 482 43
110 380 93
110 473 62
110 509 46
110 505 35
110 406 44
111 440 99
111 344 65
111 468 86
111 430 64
111 303 51
111 424 75
111 515 95
111 359 19
111 477 50
111 323 8
111 367 49
111 343 23
111 472 65
112 382 29
112 422 53
113 568 44
113 377 2
113 462 95
113 318 35
113 379 84
113 409 8
114 331 54
114 356 29
114 339 82
114 463 39
114 570 66
114 539 77
114 307 69
114 340 81
114 489 53
114 434 76
114 497 36
114 384 36
114 545 34
114 364 10
115 419 18
115 441 50
115 298 52
115 413 93
115 379 48
115 407 27
115 381 8
115 373 83
115 410 22
115 388 74
116 374 98
116 517 19
116 415 2
116 519 96
116 497 98
116 348 92
116 511 67
116 490 12
116 387 51
116 523 37
116 373 45
116 339 37
116 364 5
117 304 25
117 315 84
117 430 97
117 326 26
117 391 37
117 574 96
117 453 32
117 310 13
117 393 87
117 533 31
117 308 19
118 317 36
118 434 94
118 525 50
118 559 3
118 504 87
118 363 58
118 324 99
118 452 70
118 365 7
118 500 9
118 545 41
118 512 47
118 436 76
118 449 72
119 553 83
119 515 61
119 333 9
120 509 25
120 474 85
120 363 97
120 380 64
120 527 80
120 334 46
121 389 27
122 352 9
122 412 50
122 457 1
122 499 70
122 477 87
123 481 89
123 343 61
123 437 12
123 539 88
123 444 82
124 328 61
124 350 4
124 514 42
124 390 65
124 460 25
124 389 92
124 531 37
124 412 74
124 398 30
124 332 96
124 454 84
124 488 37
124 494 22
124 374 54
125 530 54
125 342 35
125 574 23
125 512 87
126 549 2
126 531 33
126 387 55
126 529 55
126 330 49
126 334 23
126 323 93
126 342 37
126 543 58
126 575 29
126 403 83
127 465 17
127 413 47
127 469 29
127 412 59
127 425 93
127 565 12
127 354 79
127 521 19
127 351 44
127 552 1
127 546 93
127 307 61
127 534 89
127 545 51
128 390 49
129 527 43
129 288 71
130 314 28
130 533 46
130 290 17
130 372 53
130 538 67
130 560 74
130 348 11
130 414 55
131 476 28
131 445 6
131 399 55
131 505 20
132 310 72
132 369 87
132 481 35
132 519 8
132 393 91
132 353 13
132 508 49
132 567 56
132 423 78
132 572 28
133 367 42
133 571 75
133 360 16
133 330 79
133 508 87
133 316 8
133 304 72
133 574 65
133 540 5
133 525 99
133 507 79
133 410 22
133 384 9
133 449 12
133 440 13
134 516 30
134 455 50
134 450 73
134 395 18
134 435 5
134 378 66
134 344 7
134 523 25
134 499 99
134 485 72
134 370 13
134 422 59
135 506 53
135 323 97
135 398 38
135 294 1
135 387 87
135 458 93
135 565 99
135 564 5
135 371 42
135 420 37
135 448 88
135 428 86
136 540 3
136 528 82
136 378 62
136 534 1
136 385 55
136 358 40
137 425 50
137 568 78
137 399 23
137 548 95
137 465 61
137 414 63
137 565 76
137 515 38
137 413 74
137 406 62
137 311 36
137 521 50
137 458 17
138 322 7
138 490 74
138 396 49
138 404 20
139 567 67
139 451 67
139 515 99
139 432 92
139 322 29
139 290 9
139 542 8
139 414 70
139 391 93
139 541 61
139 388 86
139 300 16
139 469 22
140 514 4
140 499 6
140 426 69
140 404 59
140 549 22
141 337 34
141 439 36
141 541 58
141 397 36
141 502 75
141 546 24
141 505 50
141 326 20
141 558 38
142 388 68
142 366 91
142 365 20
142 485 81
142 423 12
142 545 54
143 379 63
143 438 95
143 411 34
143 556 56
143 441 48
143 499 21
143 509 69
143 564 16
143 553 25
143 384 68
143 566 2
144 575 90
144 311 23
144 385 52
144 401 58
144 364 30
144 466 81
144 501 58
144 363 85
144 571 40
144 561 13
144 484 61
144 353 31
144 450 91
144 411 76
145 509 43
145 392 10
145 464 71
145 378 39
145 422 79
145 456 73
145 482 79
145 457 74
145 318 61
145 502 58
145 458 9
145 387 72
145 474 14
145 569 11
145 558 2
146 409 64
146 335 21
146 299 34
146 417 68
147 557 73
147 539 33
147 408 27
147 532 67
147 439 79
148 503 39
148 394 11
148 530 62
148 346 96
148 318 72
148 499 41
148 575 3
148 459 64
148 376 42
149 432 79
150 381 6
150 429 12
150 355 98
150 475 77
150 482 45
151 315 94
151 370 22
151 301 16
151 489 61
151 363 94
152 438 50
153 498 58
153 528 67
153 428 48
153 344 83
153 421 75
153 558 92
153 562 28
153 555 63
153 351 19
153 364 43
153 443 16
153 357 43
153 550 91
153 570 1
154 559 68
154 403 12
154 478 83
154 497 3
154 324 21
154 511 56
155 352 45
155 502 31
155 453 34
155 412 5
155 387 89
155 489 66
155 480 43
155 454 88
155 328 73
155 532 51
155 325 18
156 334 66
157 319 73
157 448 30
158 391 80
158 402 43
158 366 14
158 567 13
158 319 96
158 418 48
158 297 74
158 340 2
158 376 23
159 505 37
159 536 90
159 403 69
159 517 7
159 532 77
159 563 76
159 327 83
159 364 39
159 418 14
159 543 40
159 433 38
160 353 6
160 446 27
160 486 33
160 403 43
160 395 94
160 320 10
160 549 49
160 523 39
160 355 89
160 527 67
161 316 26
161 393 49
161 497 70
161 432 62
161 320 20
161 371 25
161 443 97
161 360 70
161 299 7
161 575 72
161 551 81
161 493 43
162 302 8
162 368 97
162 301 15
162 295 21
162 530 60
162 477 66
162 480 12
162 305 90
162 504 12
162 337 4
162 495 26
162 369 35
163 311 24
163 553 54
163 366 11
163 428 71
163 422 19
163 294 86
163 375 99
163 411 36
163 323 12
163 418 56
164 331 12
164 334 41
164 387 99
164 360 44
164 451 58
164 353 51
164 471 85
165 478 69
165 380 8
165 528 68
165 536 56
165 516 62
165 400 20
165 338 36
165 337 28
165 299 73
165 464 50
165 448 82
165 513 28
165 416 99
165 405 55
165 348 22
166 569 24
166 446 35
166 440 39
166 573 66
166 486 15
166 414 27
166 466 51
166 333 20
166 458 73
166 465 46
167 430 32
167 380 52
167 520 86
167 340 73
167 559 22
167 312 16
167 376 9
167 301 60
167 506 6
167 313 43
167 406 95
168 310 58
168 503 78
168 532 62
168 363 34
168 523 74
168 450 43
168 481 46
168 564 37
168 502 17
168 562 8
168 497 13
169 293 1
169 489 89
169 474 18
169 369 64
169 352 6
170 483 92
170 365 37
170 338 59
170 488 18
170 532 88
170 354 94
170 411 11
170 464 31
170 327 68
171 417 50
171 441 55
171 451 52
171 533 34
171 418 74
171 357 67
172 338 94
172 519 13
172 458 26
172 553 65
172 477 57
172 561 76
172 444 32
172 459 40
172 441 83
172 335 6
172 358 82
172 414 56
172 294 38
173 304 20
173 406 51
173 328 96
173 438 56
173 397 57
173 308 10
173 288 17
173 297 24
173 399 47
173 561 26
173 568 8
173 524 63
173 398 68
174 344 32
174 490 65
174 335 25
174 358 88
174 404 94
174 415 3
174 302 43
174 546 41
175 387 18
175 437 88
176 326 63
176 360 52
176 489 8
176 364 29
176 393 60
176 361 96
176 321 75
176 442 12
176 401 7
176 323 38
176 411 72
176 383 11
177 336 17
177 529 53
178 408 98
178 472 94
178 560 24
179 450 57
179 299 44
179 403 48
179 526 86
179 575 19
179 297 3
179 455 89
179 510 45
179 333 66
179 381 16
179 516 95
179 289 12
180 558 79
180 503 14
180 384 97
180 322 2
180 455 63
180 495 34
180 491 4
180 532 50
180 319 80
180 309 56
181 528 27
181 338 71
181 356 14
181 461 2
181 549 25
182 415 95
182 403 21
182 484 49
182 340 71
182 315 89
182 533 99
182 538 79
182 365 85
183 352 97
183 441 70
183 507 2
183 356 44
183 517 50
183 470 19
184 414 84
184 354 93
184 314 81
184 520 79
184 373 1
185 353 27
186 494 25
186 556 74
187 446 10
187 335 54
187 525 20
187 517 95
187 569 45
188 482 43
188 541 1
188 401 17
188 380 76
188 417 73
188 530 18
188 545 77
188 421 93
188 533 24
188 349 18
188 430 44
188 337 6
188 312 12
189 367 1
189 472 29
189 434 1
189 500 31
189 290 62
189 435 89
189 316 53
189 341 32
189 399 96
189 337 63
189 448 46
189 422 91
189 335 13
189 439 74
190 318 1
190 444 21
190 410 12
190 448 95
190 546 52
191 551 93
191 357 55
191 290 36
191 573 84
191 399 80
191 344 94
191 387 28
191 415 27
191 530 72
192 562 25
192 469 61
192 304 76
192 302 38
192 550 73
192 476 88
192 313 27
192 515 96
192 422 74
192 508 78
192 429 91
193 351 30
193 508 42
193 570 13
193 483 47
193 394 38
193 329 70
193 503 84
193 481 60
194 465 43
194 342 77
195 392 72
195 403 13
195 431 23
195 503 91
195 466 13
196 505 57
196 501 65
196 444 44
196 414 20
196 461 37
197 318 34
197 424 63
197 405 81
197 417 7
197 419 36
197 471 86
197 314 9
197 325 18
197 307 25
197 409 48
197 293 4
197 358 47
197 290 33
198 526 4
198 346 22
198 488 52
198 337 42
198 479 88
198 385 46
198 415 11
198 502 10
198 486 68
198 434 83
198 333 95
199 336 52
199 331 48
199 291 54
199 503 46
199 562 61
199 513 32
200 330 62
200 452 52
200 545 54
201 374 42
201 349 58
201 411 67
201 438 61
201 304 7
201 358 12
201 558 52
201 397 61
201 361 67
201 500 36
201 550 95
201 428 73
202 301 26
202 394 79
202 511 19
202 363 70
202 401 60
202 391 15
202 514 76
202 546 97
202 372 10
203 423 28
203 559 66
204 379 79
204 423 85
205 311 55
205 535 87
205 327 33
205 556 63
206 402 56
206 564 93
206 355 85
206 523 52
206 398 92
206 432 91
206 503 45
207 547 54
207 461 90
208 478 36
208 420 77
208 490 94
208 455 49
209 547 43
210 348 32
210 319 87
210 529 22
210 290 26
210 316 68
210 564 35
210 455 76
210 559 1
210 554 17
210 423 85
210 329 55
210 338 45
211 510 15
211 448 92
211 313 88
211 474 75
211 406 52
211 444 24
211 416 19
211 290 98
211 535 11
211 298 42
211 509 11
211 401 22
211 435 34
211 349 88
212 477 74
212 465 16
212 543 70
212 354 78
212 339 99
213 555 3
213 524 60
214 400 84
214 535 34
214 366 92
214 355 64
214 415 29
214 454 19
214 368 98
214 571 86
214 496 56
215 318 76
215 395 1
215 304 96
215 337 47
215 421 77
215 419 53
215 502 66
215 389 16
216 308 84
216 465 53
217 503 76
217 375 51
217 369 33
217 377 90
217 456 77
217 551 99
217 574 92
217 510 80
217 530 60
218 420 60
218 362 31
218 446 38
218 365 86
218 348 52
218 451 85
218 368 30
218 506 58
218 514 96
218 480 12
218 515 23
218 497 5
219 369 20
219 448 12
219 493 55
220 496 65
220 391 10
220 454 25
220 503 86
220 448 12
220 511 21
220 366 50
220 439 55
220 556 94
220 333 46
220 365 27
220 488 10
221 497 52
221 561 44
222 395 15
222 550 64
222 517 36
222 466 39
222 344 38
222 358 27
222 339 25
222 308 39
222 378 15
222 369 45
223 517 62
223 293 48
223 325 95
223 575 69
223 504 5
223 538 61
223 331 49
223 365 56
223 407 40
223 364 78
223 571 25
223 548 67
223 427 75
223 368 6
223 501 69
224 405 40
224 291 11
224 306 76
224 494 44
224 558 40
225 312 25
225 518 76
225 395 77
225 507 15
225 315 81
225 452 47
225 426 87
225 339 66
225 433 82
225 412 85
225 366 30
225 526 27
225 424 95
226 519 79
226 333 24
226 437 64
226 525 26
226 552 80
226 419 50
226 442 33
226 396 97
227 290 71
227 378 69
227 386 74
227 418 19
227 566 48
227 510 89
228 360 30
229 289 70
229 563 98
229 557 16
229 383 48
229 468 95
229 572 74
229 510 21
229 455 86
229 515 70
230 507 80
230 447 88
230 469 57
230 476 74
231 355 83
231 424 74
231 359 54
231 429 48
231 356 98
231 518 71
231 426 95
231 375 82
231 492 6
231 407 15
231 392 31
231 416 26
231 505 11
232 435 43
232 405 54
233 340 7
233 491 3
233 525 96
233 437 34
233 452 58
233 423 57
233 440 95
234 302 84
234 385 69
234 480 81
234 374 32
234 464 22
234 528 59
234 396 37
234 477 93
235 351 46
235 429 92
235 438 93
235 451 59
235 292 15
235 509 97
235 475 16
235 353 27
236 364 21
236 444 76
236 293 93
236 422 48
236 367 65
236 525 84
236 378 84
236 395 23
236 554 84
236 527 31
236 370 66
236 478 80
236 289 67
236 494 84
237 341 54
237 421 98
237 522 18
237 288 87
237 315 90
237 455 84
237 572 66
237 515 67
237 350 50
237 545 37
237 293 45
237 542 12
237 541 69
237 335 39
237 557 33
238 537 52
238 387 28
238 447 57
238 364 90
238 572 76
239 539 76
240 424 58
240 374 65
240 421 9
240 417 31
240 526 1
240 360 85
241 428 59
241 519 47
241 462 90
241 526 92
241 376 57
241 492 27
241 475 61
241 326 38
241 384 94
242 505 41
242 519 28
242 452 7
242 361 31
242 559 60
243 347 54
243 572 27
243 441 57
243 408 4
243 379 53
243 417 15
244 332 46
244 457 90
244 409 33
244 439 3
244 517 10
244 322 89
244 442 90
244 564 8
244 565 96
244 384 34
244 441 9
244 310 56
244 366 89
244 385 99
244 469 8
245 350 20
245 348 59
245 351 44
245 573 88
245 355 85
245 353 8
245 374 1
245 326 38
245 441 11
246 361 1
246 420 50
246 372 60
246 527 16
246 357 23
246 299 31
246 389 9
246 469 6
246 482 77
246 494 85
246 370 39
246 323 68
246 385 14
247 501 87
247 516 82
247 529 67
247 356 36
248 536 53
248 334 41
248 537 61
248 391 33
248 559 71
248 346 17
248 319 31
248 353 53
248 420 34
248 501 67
248 554 13
249 371 16
249 574 68
249 556 8
249 536 45
249 309 53
250 326 23
250 314 3
250 429 60
250 497 29
250 473 75
250 478 85
250 551 65
250 374 26
250 315 4
250 539 78
251 359 5
252 400 61
252 305 39
252 405 7
252 481 71
252 489 61
252 317 21
253 468 50
253 326 54
253 521 59
253 545 77
253 543 77
253 504 30
254 575 33
254 324 30
254 404 63
254 390 88
254 480 64
254 490 95
255 355 90
255 327 10
255 437 77
256 415 93
256 472 16
256 319 90
256 355 85
257 349 23
257 374 38
257 441 60
257 353 67
258 380 76
258 355 35
258 423 30
258 567 92
258 378 13
258 433 69
258 564 15
258 483 27
258 527 95
258 506 51
258 550 94
258 428 19
258 375 54
258 566 86
259 473 75
259 455 45
259 378 72
259 485 27
259 552 99
259 338 13
259 442 97
259 340 2
260 478 30
260 492 13
260 437 69
261 456 28
261 484 68
261 457 23
261 350 16
261 345 86
261 322 39
261 520 82
261 337 89
261 542 86
261 488 83
261 522 42
261 341 48
261 447 37
262 507 21
262 371 60
262 562 48
262 385 61
262 329 68
263 455 45
263 469 96
263 572 90
263 531 24
263 377 8
263 490 40
263 514 45
263 303 13
263 370 95
263 376 39
263 461 48
264 315 70
265 336 75
265 488 6
265 371 17
266 333 23
266 373 84
266 506 2
267 432 92
267 428 12
267 498 10
267 467 13
267 355 12
267 409 30
267 545 68
267 491 3
267 395 34
267 325 97
267 288 36
267 302 7
267 460 40
268 543 64
268 408 36
268 294 33
268 321 84
268 460 17
268 399 79
269 348 5
269 324 60
269 419 82
269 331 70
270 459 73
270 478 43
270 332 44
270 571 41
270 424 16
270 525 9
270 502 36
270 428 31
270 391 15
271 310 36
271 447 58
271 470 56
271 401 50
271 461 59
271 354 33
271 464 84
271 556 61
271 315 56
272 452 5
272 382 7
273 508 48
273 327 77
273 339 89
273 334 99
273 431 84
273 371 35
273 368 42
274 335 21
274 311 1
274 527 44
274 374 80
274 300 41
274 350 10
274 400 41
274 477 36
274 339 69
274 375 67
275 291 89
275 376 52
276 423 94
276 427 97
276 346 66
276 514 21
276 570 71
276 459 81
277 392 8
277 302 86
277 293 73
278 362 52
278 400 32
278 531 19
278 372 49
278 478 56
279 344 75
279 311 23
279 568 96
279 551 54
280 519 45
280 314 56
280 448 81
280 291 66
280 352 16
280 367 31
280 552 70
280 517 55
281 378 18
281 315 47
281 410 9
281 480 23
281 488 63
281 564 17
281 492 72
282 484 4
282 406 10
282 519 9
282 297 82
282 521 56
283 514 19
284 444 18
284 392 76
284 437 49
284 304 69
284 552 68
284 556 68
284 383 26
284 410 32
284 575 85
284 484 34
284 319 19
284 354 40
284 566 16
285 552 22
285 416 33
285 360 71
285 450 29
285 562 82
285 334 35
286 339 50
286 460 16
286 490 64
286 443 61
286 543 77
286 402 50
286 450 88
286 320 15
286 414 47
286 574 45
286 305 46
286 510 67
286 341 40
286 483 40
286 550 36
287 501 28
287 442 80
287 398 33
287 508 97
287 288 47
287 481 63
287 291 45
