788 3033
1 760 78
1 611 11
1 731 78
1 590 3
1 580 13
1 602 6
1 530 81
1 773 12
1 658 94
2 405 78
2 762 64
2 735 57
2 595 25
2 583 92
2 749 24
2 521 54
2 708 71
2 606 73
2 745 21
2 468 53
2 615 63
2 621 47
2 590 96
2 691 74
3 578 83
3 548 33
4 635 22
4 664 42
4 764 29
5 480 53
5 774 67
5 511 63
5 510 24
5 540 90
5 498 66
5 478 19
5 575 27
5 436 79
5 655 87
6 668 37
6 518 8
6 626 59
6 444 99
6 485 96
6 764 9
6 496 3
7 780 49
7 739 16
7 539 1
7 779 74
7 535 27
7 688 28
7 547 70
7 419 61
8 700 28
8 418 31
8 516 15
8 429 5
8 509 19
8 650 80
8 609 83
8 466 40
8 633 83
8 770 42
8 605 11
8 523 2
8 564 33
8 427 34
8 748 26
9 711 5
9 567 27
10 529 91
10 458 86
10 493 83
10 533 46
10 434 5
10 773 47
10 697 1
10 729 65
11 521 81
11 763 84
11 641 7
11 739 41
11 453 54
11 593 26
11 525 39
11 632 92
11 450 63
12 404 63
12 765 35
12 623 5
12 413 23
12 525 60
12 515 8
12 415 54
12 651 68
12 570 76
12 507 58
13 729 85
13 613 7
13 515 69
13 746 16
13 678 89
13 708 96
13 602 48
13 674 36
14 444 42
14 601 87
14 709 15
14 768 24
15 658 83
15 523 15
15 654 39
15 465 38
15 760 96
15 691 77
15 510 98
15 783 29
15 472 16
15 558 71
15 614 10
15 694 69
15 439 71
16 412 91
16 413 1
16 517 5
16 521 31
16 617 78
16 444 30
16 580 77
16 545 28
16 520 89
16 782 15
16 563 59
16 673 12
16 711 69
16 747 17
17 584 45
17 591 7
17 450 90
17 644 97
17 467 6
17 655 49
17 780 39
17 550 51
17 580 90
17 598 83
17 605 23
17 464 12
17 735 76
17 535 69
18 526 47
18 773 43
18 663 14
18 634 97
18 656 99
18 458 44
18 716 98
18 474 95
18 487 43
18 719 5
18 548 63
18 508 57
18 398 37
18 660 95
19 481 94
19 768 99
19 552 80
19 416 26
19 677 27
19 755 60
19 558 53
19 445 23
19 761 25
19 495 74
19 420 5
19 652 21
20 711 32
20 407 40
20 768 11
20 634 22
20 405 9
20 563 67
20 650 53
20 579 8
20 404 81
20 472 47
20 485 2
20 698 61
20 657 12
21 752 25
21 714 19
21 708 49
21 542 63
21 777 86
22 679 34
22 512 48
22 626 12
22 701 43
22 713 57
22 647 91
22 779 3
22 756 96
22 723 84
22 691 17
22 533 17
23 595 25
23 779 18
23 551 39
23 475 93
23 739 79
23 702 12
23 497 59
23 623 85
23 405 22
23 505 95
24 690 96
24 461 5
24 506 29
25 638 15
26 520 48
26 448 98
26 742 20
26 431 14
26 763 3
26 441 41
26 594 4
26 569 59
27 710 39
27 546 41
27 573 56
28 645 10
28 502 89
28 727 83
28 642 20
28 497 19
28 666 13
28 750 83
28 671 37
28 763 91
28 400 56
28 439 29
29 668 62
29 568 68
29 434 33
29 724 13
29 634 60
29 602 64
30 536 42
30 556 90
30 598 38
30 638 44
30 580 82
30 594 28
30 621 9
30 733 92
30 745 83
31 672 82
31 781 81
31 739 75
31 444 13
31 510 66
31 649 79
31 758 98
31 751 37
31 608 69
31 403 23
31 537 75
31 676 66
32 545 3
32 442 83
32 697 13
32 671 67
32 489 38
32 661 59
32 554 19
32 634 37
32 616 51
32 503 81
32 708 90
32 432 81
32 522 40
33 653 17
33 542 48
34 665 4
34 722 13
35 766 27
36 407 61
36 488 74
36 499 27
36 552 36
37 465 30
37 761 2
37 421 61
37 593 78
37 485 90
37 648 50
37 632 63
37 447 31
37 590 63
37 671 89
37 712 84
37 526 97
38 585 40
38 454 8
38 450 25
39 426 76
39 407 45
39 777 69
39 601 89
39 500 56
39 604 32
39 560 2
39 527 91
39 603 94
39 671 73
39 735 49
40 430 32
40 603 94
40 566 24
41 742 42
41 484 62
41 661 2
41 590 40
41 698 67
41 618 53
41 573 11
41 678 7
41 783 59
41 457 69
41 659 69
41 519 73
41 534 21
42 603 18
42 706 1
42 430 96
42 522 42
42 457 77
42 487 40
42 563 79
42 501 37
42 753 82
42 552 92
43 460 85
43 670 70
43 765 4
43 685 29
43 782 10
43 554 66
43 463 6
43 541 41
43 588 19
43 513 69
44 581 8
44 649 22
44 763 28
44 597 83
45 493 58
45 607 72
45 437 55
45 733 14
45 435 70
45 782 86
45 742 99
45 463 21
45 423 83
46 696 12
47 473 84
47 558 91
47 636 98
47 519 32
47 504 72
47 729 91
48 736 16
48 597 87
48 782 60
48 396 70
48 692 17
48 591 69
48 766 64
48 734 24
48 531 2
48 502 40
49 570 53
49 548 29
49 649 51
49 654 5
49 464 13
50 711 96
50 607 73
50 609 13
50 467 83
50 717 5
50 696 84
50 656 65
50 759 67
50 647 96
50 463 92
51 666 64
51 765 87
52 708 91
52 525 45
52 649 19
53 500 68
54 534 74
54 536 68
54 458 27
54 443 53
54 605 20
54 750 62
54 693 57
54 636 67
54 543 89
55 608 9
55 488 31
55 742 13
55 597 30
55 685 33
55 514 71
55 561 70
55 414 79
55 689 98
55 520 87
55 425 19
56 669 85
56 698 48
57 653 68
57 526 7
57 442 50
57 650 21
57 417 63
57 395 78
57 628 52
57 753 82
57 471 72
57 572 79
57 466 82
57 546 71
58 506 79
59 752 60
59 517 24
59 499 51
59 425 93
59 643 34
59 726 16
59 713 46
59 563 94
59 575 95
59 588 53
59 753 53
59 629 37
59 520 64
60 575 21
60 489 94
60 656 8
60 548 92
60 528 57
60 740 1
60 618 83
60 646 26
60 775 1
60 520 20
60 680 4
60 768 99
60 524 98
60 665 79
60 419 16
61 757 7
61 537 37
61 697 52
61 742 30
61 556 59
61 729 53
61 639 12
61 449 46
62 729 29
62 752 6
62 655 54
62 456 3
62 453 40
62 554 54
62 503 72
62 772 53
62 685 97
62 477 84
62 599 99
62 786 57
62 679 57
62 511 74
63 531 79
63 767 22
63 533 82
63 664 88
63 597 53
64 538 60
64 749 4
65 611 47
65 720 94
65 566 36
65 608 37
65 666 31
65 549 87
65 411 59
65 493 1
65 551 24
66 655 77
67 713 11
67 461 10
67 521 48
67 660 79
67 540 87
67 768 4
67 731 97
67 410 43
67 760 72
67 646 29
67 537 66
67 626 7
67 449 15
67 561 99
67 750 22
68 574 58
68 563 32
68 680 57
68 608 31
68 694 47
69 631 70
69 622 99
69 726 51
69 559 43
69 414 81
69 717 12
69 582 18
69 687 66
69 522 9
70 645 66
70 511 13
70 607 53
70 701 74
70 406 7
70 398 88
71 464 48
71 596 9
71 734 95
72 753 92
72 578 18
72 728 85
72 553 45
72 500 81
72 587 31
72 699 37
72 708 41
72 777 79
72 514 36
73 479 15
73 482 72
74 687 55
74 722 3
74 770 70
74 748 76
74 408 7
74 616 11
74 467 58
74 519 6
74 783 98
75 727 76
75 743 85
75 444 31
75 489 35
75 570 7
75 506 16
75 611 14
75 407 33
75 749 8
75 766 12
75 666 73
75 439 49
75 786 37
75 401 64
75 703 13
76 672 62
76 768 26
76 533 19
76 423 21
76 598 6
77 519 40
77 476 32
78 465 81
78 470 52
78 504 36
78 582 11
78 512 11
79 628 82
79 584 97
79 747 99
79 614 77
79 545 90
79 538 4
79 604 97
80 665 17
80 692 32
80 429 54
80 519 11
80 505 74
80 741 16
81 725 23
81 764 9
81 440 71
81 673 25
81 733 41
81 487 24
81 774 19
81 754 38
81 566 57
81 696 14
82 756 81
82 770 92
82 500 38
82 431 99
82 502 58
82 613 44
82 631 5
82 584 79
82 433 98
83 433 95
83 575 6
83 552 32
83 775 35
83 463 9
83 631 34
83 657 83
83 520 45
83 564 40
83 696 48
84 523 80
85 529 8
85 495 15
85 458 44
85 698 5
85 568 83
85 483 31
85 643 60
85 619 57
85 575 11
85 707 13
86 570 92
86 623 73
86 426 25
86 628 84
86 585 19
86 604 85
86 677 52
86 709 5
86 703 39
86 788 72
86 686 28
86 583 75
87 664 13
87 645 79
87 512 11
87 628 91
87 397 74
87 788 63
87 603 90
87 511 58
87 760 78
87 725 79
87 438 89
88 457 76
88 496 7
88 578 66
88 419 48
88 647 33
88 657 17
88 625 27
88 599 83
88 629 48
88 423 69
88 724 85
89 413 4
89 489 33
89 609 7
89 654 51
89 631 90
89 700 49
89 570 32
89 406 41
89 692 1
89 626 76
89 525 53
89 779 33
89 572 3
89 707 65
90 731 94
90 506 91
90 455 57
90 692 97
90 541 66
91 614 53
91 608 34
91 519 14
91 763 83
91 434 48
91 714 77
91 447 52
91 482 38
91 430 19
91 440 87
91 484 12
91 693 88
92 769 80
92 509 7
93 646 27
94 419 75
94 656 78
94 693 84
94 553 24
94 658 73
95 429 42
95 469 26
95 739 37
96 657 78
96 517 14
96 539 24
96 520 73
96 577 64
97 588 82
97 670 38
97 484 25
98 592 70
98 775 86
98 518 82
98 713 16
98 657 51
98 581 90
98 436 49
98 480 58
98 529 73
98 726 38
98 787 12
99 648 13
99 720 54
99 667 88
99 673 87
99 784 72
99 456 27
99 738 76
99 466 90
99 729 17
99 753 7
99 764 34
99 723 24
99 613 24
100 690 27
100 753 97
100 510 35
100 772 70
100 576 25
100 628 5
100 718 88
100 756 55
100 720 80
100 433 63
100 533 42
100 768 2
101 472 98
101 407 90
101 737 75
101 728 85
101 514 29
101 734 27
101 657 50
101 607 35
101 641 30
101 692 14
101 459 83
102 720 90
102 413 26
102 739 51
102 627 47
102 405 87
102 583 91
103 744 22
103 679 18
103 472 36
103 759 62
104 544 58
104 553 89
104 782 54
104 681 56
104 395 78
104 629 34
105 410 69
105 560 50
105 661 56
105 453 32
105 780 90
105 420 46
106 604 86
106 667 74
106 438 36
106 477 2
106 506 6
106 606 87
106 707 80
106 445 83
106 697 89
106 700 93
106 412 13
106 487 14
106 422 44
106 738 45
107 729 73
107 581 57
107 724 1
107 767 64
107 577 59
107 652 45
107 749 6
107 741 39
107 765 40
107 607 1
107 407 21
108 443 29
108 755 50
108 453 92
108 748 81
108 747 85
108 602 74
109 768 82
109 616 92
110 596 44
110 754 40
110 547 76
110 627 11
110 494 86
110 645 86
110 476 34
110 664 37
110 696 53
110 601 73
110 586 64
110 531 77
111 474 41
111 518 12
111 408 34
111 631 61
111 494 12
111 644 49
111 714 92
111 462 72
111 659 46
112 449 41
112 659 47
112 478 35
112 638 36
113 453 80
113 673 76
113 768 37
113 759 87
113 447 3
113 424 4
113 773 20
113 758 31
113 614 21
113 738 1
113 552 6
113 498 96
113 660 46
113 495 14
114 594 78
114 754 26
114 701 8
114 531 53
114 767 66
114 624 75
114 733 24
114 759 80
114 738 18
114 518 17
114 690 32
114 632 69
115 654 36
115 492 82
115 757 10
115 410 47
115 401 3
115 523 92
115 605 42
115 418 75
115 622 7
115 616 10
115 478 96
115 590 49
115 489 50
116 582 70
116 682 45
116 730 47
116 540 20
116 449 11
116 756 28
117 688 64
117 484 66
117 747 35
117 736 15
117 659 47
117 512 38
117 508 87
117 702 81
117 424 59
117 635 13
117 546 99
117 580 59
117 442 21
117 499 56
118 770 34
118 536 68
118 492 37
118 531 21
118 678 74
119 761 97
119 533 13
119 617 54
119 729 71
119 672 8
119 470 68
119 546 30
119 472 59
119 403 4
119 767 96
119 636 31
120 766 77
120 755 61
120 403 7
120 404 88
120 463 68
120 531 4
120 406 1
120 491 68
120 504 63
120 592 10
120 769 16
121 404 12
121 442 83
121 444 63
121 459 7
121 700 51
121 588 75
121 443 93
121 706 17
121 472 2
121 467 8
121 716 26
121 739 45
121 524 13
122 775 16
123 751 10
123 625 94
124 657 28
125 704 46
125 464 18
125 532 78
125 509 84
125 760 85
125 468 28
125 749 35
125 520 39
125 581 52
125 567 32
125 563 87
125 553 30
126 720 68
126 625 69
126 420 57
126 481 64
126 560 82
126 603 1
126 719 70
126 718 9
126 587 2
126 694 18
126 433 54
126 452 65
127 456 86
127 544 94
127 758 23
127 529 51
127 667 16
127 571 94
127 507 73
127 417 58
127 488 9
127 767 73
127 700 22
128 729 46
128 514 31
128 482 31
128 580 27
128 680 56
128 689 28
128 548 68
128 581 99
128 628 44
128 470 6
128 545 86
128 410 34
128 665 39
128 459 69
129 727 81
129 769 31
129 512 15
129 559 40
129 493 86
129 451 27
129 486 29
129 406 64
130 551 14
130 447 98
130 688 90
130 780 6
130 441 84
130 662 23
130 626 58
130 646 59
131 530 30
131 620 22
131 484 94
131 631 48
131 533 12
132 400 33
132 674 52
132 660 73
132 435 15
132 775 80
132 788 33
132 742 18
132 653 10
132 603 59
132 759 1
132 569 60
132 437 84
133 603 82
133 602 35
133 682 63
133 637 58
133 503 19
133 670 22
133 424 47
133 628 93
133 395 82
133 556 18
133 535 33
133 754 36
133 632 51
133 687 44
133 690 45
134 627 42
134 512 84
134 490 75
134 630 65
134 604 39
134 553 91
135 580 58
135 445 48
135 419 79
135 601 42
135 598 25
135 583 7
135 480 93
135 416 11
135 660 54
136 649 54
136 438 97
136 695 30
136 637 21
136 772 3
136 769 88
136 749 94
136 504 2
136 463 12
137 513 99
138 469 48
138 537 55
138 495 29
138 446 16
138 518 20
139 641 37
139 473 64
139 595 37
139 555 87
139 444 76
139 782 25
139 497 83
139 587 36
139 478 21
139 464 93
139 614 24
139 439 86
139 704 84
139 534 17
139 663 93
140 772 16
140 643 53
140 783 82
140 681 28
140 644 63
140 531 35
141 521 6
141 536 30
141 549 41
141 489 57
141 455 47
141 764 83
142 500 64
142 546 65
142 459 91
142 504 37
142 563 29
142 582 33
142 419 59
142 488 5
142 783 61
142 702 69
142 535 6
143 686 35
143 680 29
143 678 70
143 418 62
143 483 9
143 767 28
143 645 78
143 729 2
144 640 10
144 451 85
144 626 19
144 514 84
144 505 94
144 733 72
144 468 1
145 683 52
146 436 84
146 611 31
146 596 34
146 752 95
146 463 31
146 769 30
146 595 42
146 760 20
146 476 70
146 505 30
146 678 57
146 649 95
147 541 54
147 459 25
147 634 13
147 637 33
148 513 46
148 461 48
148 511 48
148 599 99
148 430 93
148 649 72
148 490 97
148 621 3
148 778 63
149 637 56
149 740 37
149 469 98
150 409 46
150 493 80
150 757 96
150 484 64
151 609 28
151 437 80
151 677 75
151 402 73
151 564 27
151 618 74
151 664 75
151 780 5
151 763 87
151 480 50
151 450 91
151 659 79
151 490 70
152 689 82
152 617 48
152 571 85
152 626 73
152 576 85
152 480 38
152 498 47
152 762 25
152 543 2
153 701 59
153 627 13
153 554 34
153 604 32
153 549 33
153 462 75
153 442 92
153 491 43
153 545 74
154 417 89
154 471 34
154 572 93
154 504 68
154 429 73
154 600 50
154 635 39
154 657 7
154 515 72
154 535 73
154 723 43
154 583 12
155 510 43
155 568 80
155 665 18
155 626 32
155 656 80
155 575 8
156 613 52
157 683 26
157 466 60
157 489 42
157 725 50
157 459 39
157 455 26
157 625 22
157 695 63
157 433 39
157 747 94
158 569 41
158 602 99
158 613 13
158 439 44
158 461 76
159 764 2
159 634 45
159 630 77
159 641 15
159 402 74
159 671 35
159 512 34
159 480 79
160 430 66
160 672 73
161 574 82
161 704 89
161 542 16
161 491 32
161 569 16
161 576 99
161 501 53
161 409 67
161 493 40
162 574 18
162 426 14
162 608 47
162 497 84
162 765 54
162 469 42
163 696 52
163 744 87
163 621 1
163 559 12
163 459 31
163 600 73
163 553 30
163 772 67
163 784 67
163 676 78
163 583 73
163 765 55
163 639 65
163 415 34
164 742 17
165 647 91
165 437 81
165 755 76
166 427 76
166 431 57
166 727 36
167 493 7
167 622 31
168 598 23
168 427 95
168 693 88
169 438 33
169 508 72
169 531 27
169 474 62
169 446 54
169 460 61
169 509 24
169 499 73
169 777 22
169 574 48
169 689 33
170 433 67
170 642 35
170 516 99
170 549 52
170 473 23
170 537 48
170 639 53
170 723 43
170 502 45
170 683 87
170 664 33
170 707 24
171 507 26
171 755 33
171 766 71
171 493 8
171 568 96
171 751 6
171 772 46
171 677 56
171 722 78
171 526 17
171 672 43
172 690 41
172 400 58
172 532 41
172 726 6
172 766 24
172 752 13
172 642 31
172 531 92
172 415 12
172 409 68
172 639 59
172 501 15
172 693 41
173 678 76
173 449 6
173 760 14
173 724 58
173 613 78
174 556 79
174 552 50
174 741 1
174 543 99
174 521 49
174 679 1
174 729 29
174 611 83
174 706 53
174 423 27
175 510 67
175 632 76
175 604 92
175 571 55
176 501 50
176 785 92
176 525 59
176 720 93
176 417 81
176 571 43
177 493 29
177 511 31
177 660 14
177 588 95
177 443 21
177 467 55
177 717 67
177 705 19
177 787 31
177 702 32
177 411 91
178 532 91
178 447 87
178 778 77
178 599 98
178 482 66
178 418 43
178 425 41
179 780 10
179 698 41
179 523 76
179 657 41
179 484 60
179 737 5
179 541 25
179 736 36
179 764 76
180 682 5
180 633 64
180 773 49
180 679 18
180 643 12
180 427 33
180 650 15
180 485 49
181 538 49
181 777 37
181 506 5
181 501 79
181 597 93
181 615 33
181 426 11
181 434 53
181 480 21
181 512 36
181 580 75
182 696 88
182 780 15
183 670 56
183 583 83
183 776 49
183 397 19
183 499 84
183 495 40
183 715 67
183 770 87
183 730 70
183 588 10
183 414 71
183 566 85
183 641 79
184 746 63
184 738 55
184 785 81
184 527 15
184 675 79
184 626 59
184 668 73
184 592 28
185 437 50
185 452 30
185 697 39
185 455 62
185 618 16
185 579 8
185 551 65
185 775 88
185 641 39
185 423 68
185 404 50
185 454 47
185 439 61
186 775 49
186 579 80
186 611 99
186 402 99
186 565 28
186 701 92
186 577 47
186 443 62
186 627 78
186 581 28
187 555 34
187 631 93
187 441 15
187 563 70
187 500 56
187 514 71
187 396 7
187 780 56
187 456 17
187 748 16
188 655 86
188 546 6
188 431 54
188 428 11
188 714 56
188 559 68
188 632 32
189 701 2
189 484 99
189 404 32
189 737 41
189 458 21
189 618 39
190 679 18
190 532 15
190 782 74
190 614 81
191 567 16
191 458 52
191 736 66
191 505 26
191 606 66
192 697 72
192 402 3
192 463 6
192 772 68
192 688 2
192 729 38
193 745 10
193 644 18
193 414 32
193 665 12
193 543 33
193 518 31
193 462 74
193 737 43
193 539 27
193 642 89
193 542 43
193 431 59
193 615 61
193 436 46
193 684 62
194 495 46
194 712 86
194 755 13
194 616 55
194 470 96
194 482 55
194 598 81
194 715 89
194 611 91
194 572 5
194 651 50
195 463 89
195 718 21
195 584 34
195 744 52
195 502 5
195 763 88
195 479 67
195 409 93
196 658 92
196 546 81
196 562 99
196 423 30
196 605 88
196 589 8
196 468 44
196 780 71
196 495 48
196 407 91
196 504 72
196 757 93
196 454 6
196 722 80
196 508 4
197 657 26
197 557 16
197 604 92
197 738 14
197 721 5
197 735 83
197 600 28
197 508 29
197 470 41
197 713 8
197 746 83
197 756 41
198 722 54
198 710 9
198 602 74
198 481 85
198 724 55
198 492 92
198 464 67
198 696 53
198 453 81
198 666 47
198 404 57
199 620 25
199 471 47
199 638 53
199 514 83
199 495 34
199 659 97
199 651 19
199 744 11
199 433 45
199 633 10
200 664 17
200 459 9
200 451 36
200 711 12
200 734 74
200 449 62
200 742 11
200 680 64
201 500 53
201 515 59
201 562 22
201 486 5
201 690 67
201 671 89
201 518 62
201 624 73
201 438 7
202 599 18
203 594 2
203 491 38
203 496 27
203 659 23
203 751 78
203 782 59
203 763 68
203 449 67
203 490 52
203 407 99
203 621 93
204 504 31
204 727 22
204 416 97
204 668 38
205 518 32
205 641 38
205 500 1
205 774 39
205 562 73
205 536 80
206 546 30
206 612 57
206 613 89
206 535 28
206 421 88
206 700 35
206 423 20
206 429 80
206 710 63
206 464 21
206 756 61
206 744 90
207 772 1
207 456 10
208 626 8
208 535 82
208 488 93
208 683 30
208 473 77
208 771 44
208 752 8
208 649 10
208 639 12
208 449 70
208 708 22
208 552 37
208 493 25
208 693 67
208 427 35
209 784 52
209 750 62
209 599 35
209 564 34
209 545 38
209 703 71
209 463 81
209 495 38
209 592 95
209 449 90
209 582 24
209 658 49
209 713 86
210 535 88
210 579 78
210 521 33
210 543 41
210 421 22
211 605 87
211 619 31
212 649 49
212 753 44
212 684 70
212 761 62
212 780 29
212 660 72
212 724 20
213 432 45
214 748 19
215 567 6
215 681 52
215 617 11
215 712 53
216 781 45
216 485 11
216 418 59
217 488 27
217 594 56
217 715 62
217 721 38
217 568 26
217 761 45
217 545 98
218 695 40
219 525 53
219 430 94
219 703 21
219 581 22
219 413 33
219 491 38
219 504 81
220 513 15
220 565 37
220 620 37
220 437 86
220 754 9
220 425 91
220 757 73
220 687 5
220 693 66
220 619 51
220 743 36
220 451 19
220 515 89
221 769 39
221 555 13
221 553 96
221 758 42
221 434 77
221 607 19
221 688 7
221 752 84
222 426 59
222 500 50
222 569 5
222 750 5
222 532 46
222 767 31
222 430 9
222 693 35
222 764 51
222 672 98
223 694 13
223 413 81
223 657 25
223 552 37
223 749 74
223 690 16
223 600 59
224 462 3
224 714 67
224 446 53
225 453 52
225 718 96
225 449 87
225 542 90
225 423 26
225 444 9
225 451 2
225 685 40
225 427 98
225 550 79
226 589 44
226 726 14
226 579 31
226 464 96
226 619 56
226 709 87
226 658 32
226 715 81
226 767 62
226 567 61
226 750 64
226 691 70
227 687 16
227 396 52
227 403 24
227 533 38
227 402 65
227 614 3
227 685 39
227 730 80
227 769 83
227 649 75
227 510 52
227 427 53
227 477 33
227 619 63
228 644 62
229 775 15
229 520 79
229 538 38
229 504 30
229 463 68
229 614 36
229 565 72
229 620 55
229 769 98
229 548 50
229 593 29
229 788 80
230 466 86
230 491 84
230 421 77
231 643 40
231 422 7
231 436 89
231 707 81
232 602 81
232 653 35
232 756 66
232 608 87
232 472 44
232 464 99
232 432 1
232 537 19
232 484 95
232 650 69
232 465 62
233 581 78
233 625 63
233 547 93
234 619 25
234 570 17
234 627 3
234 701 25
234 421 32
234 461 95
234 486 35
234 731 43
234 696 97
234 577 26
235 400 88
236 764 36
236 769 22
236 603 52
236 788 95
236 491 7
236 707 35
236 674 45
236 536 64
236 643 52
236 537 81
236 495 28
236 583 49
236 626 91
236 458 94
236 731 31
237 408 68
237 674 18
237 655 76
237 663 86
237 635 36
237 419 71
237 640 65
237 597 87
237 401 62
237 651 67
237 536 74
237 561 16
238 683 75
238 445 93
238 427 47
238 548 38
238 509 37
238 670 40
238 651 98
238 454 8
238 484 77
238 706 48
238 662 23
238 499 88
239 427 35
239 526 18
239 512 14
239 584 12
239 398 12
239 544 96
239 409 68
239 682 12
239 692 31
239 547 2
239 525 28
239 537 18
239 740 67
239 523 12
239 400 90
240 629 18
240 566 71
240 507 34
240 511 90
240 730 28
240 643 32
240 445 19
240 551 70
240 472 71
240 738 6
240 456 44
240 460 90
240 742 9
240 584 92
241 530 87
242 608 53
242 466 20
243 462 94
243 532 87
243 412 52
243 405 19
243 414 57
243 780 54
243 687 76
243 690 65
243 557 99
243 541 63
244 461 85
244 644 73
244 535 65
244 549 30
244 776 70
244 429 26
244 572 50
244 476 81
244 749 36
244 506 44
245 483 58
245 737 94
245 728 57
246 597 16
246 523 47
246 402 43
246 692 6
246 703 67
247 498 7
247 562 60
247 428 19
247 489 43
247 501 49
247 711 9
247 652 23
247 547 79
247 649 60
247 462 71
247 575 60
247 703 17
247 604 58
248 728 25
248 598 29
248 635 69
248 542 34
248 408 96
248 431 6
248 778 76
248 717 73
248 744 65
248 478 58
248 718 12
249 474 51
249 672 9
249 484 61
250 398 99
250 654 31
250 627 36
250 711 71
250 752 15
250 477 49
250 501 9
251 670 59
251 507 39
251 709 45
252 495 42
252 439 25
252 662 57
252 568 7
252 528 91
252 447 65
252 563 79
252 788 22
252 677 20
252 648 86
252 678 33
252 667 65
252 733 87
253 606 82
253 738 51
253 560 38
253 439 30
253 631 93
253 768 41
253 457 2
254 458 7
254 709 92
254 470 40
254 681 47
255 645 23
255 491 48
255 575 24
255 661 1
255 690 46
255 510 68
255 455 49
255 617 66
255 700 89
255 605 25
255 544 91
255 717 71
255 422 48
256 484 69
256 673 82
256 539 1
256 764 79
256 749 90
257 577 31
257 660 23
257 551 29
257 684 34
257 626 44
257 664 54
257 729 21
257 655 77
257 407 19
257 769 15
257 741 18
257 492 38
257 635 38
257 522 49
257 706 85
258 496 11
258 776 83
258 551 43
258 673 41
258 741 78
258 695 76
258 528 52
258 410 37
258 510 67
258 603 76
258 659 62
259 598 90
259 708 79
259 733 89
259 510 60
259 704 12
259 531 41
259 774 23
259 728 17
259 680 61
259 429 18
259 421 19
259 569 89
259 588 5
259 605 70
260 652 79
260 446 68
260 476 49
260 688 35
260 586 48
260 580 52
260 572 87
260 552 42
260 776 86
260 592 38
260 487 86
260 624 39
260 754 59
261 668 1
262 455 15
262 465 79
262 682 86
262 598 62
263 771 58
264 780 81
264 721 63
264 752 42
264 605 87
264 741 58
264 750 3
264 770 77
264 479 15
264 531 21
264 763 88
264 665 67
264 428 92
265 468 94
265 576 39
265 420 71
265 551 98
265 746 8
265 706 3
265 611 2
265 696 19
265 415 24
265 705 75
265 406 48
265 708 92
266 499 51
266 695 74
266 401 73
266 659 82
266 644 22
266 464 3
266 546 81
266 697 31
266 654 56
266 616 31
266 756 23
266 600 7
266 421 38
266 610 80
267 487 91
268 542 32
268 705 71
268 476 38
268 540 66
268 786 54
268 500 20
268 572 46
268 693 92
268 445 99
268 459 88
268 503 2
268 479 8
268 700 77
268 442 84
268 593 43
269 785 35
269 666 7
270 524 16
270 499 50
270 416 37
270 683 84
270 671 30
270 401 95
270 602 92
271 453 19
271 740 7
271 719 37
271 490 36
271 603 63
271 424 17
271 558 64
271 489 61
271 626 27
271 609 11
271 502 70
271 590 48
271 618 86
272 593 9
272 399 94
272 437 73
272 612 5
272 742 82
272 568 74
272 557 93
272 567 21
272 425 94
272 733 5
272 619 47
272 751 14
272 674 95
272 520 17
273 593 91
274 578 87
274 540 44
274 513 8
274 741 3
274 514 75
274 757 45
275 665 47
275 670 48
275 673 82
275 498 11
275 589 29
275 570 83
275 559 24
275 771 41
275 695 80
275 533 66
275 611 14
275 678 95
276 578 49
276 649 97
276 574 22
276 685 77
276 567 32
276 689 3
276 546 55
276 772 2
276 640 72
277 432 24
277 467 3
277 427 89
277 471 23
277 712 68
277 444 1
278 408 73
278 473 73
278 430 82
278 538 4
279 466 68
279 684 72
279 453 41
279 766 62
279 643 46
279 568 90
279 637 94
279 450 53
279 536 91
279 698 70
279 527 79
279 753 15
279 744 38
279 718 33
280 617 18
280 569 47
280 614 19
280 606 69
280 704 11
280 419 13
280 526 5
280 636 47
280 426 74
280 557 72
280 494 23
280 635 46
280 721 93
280 591 88
281 533 61
281 643 82
281 485 50
281 630 67
281 577 97
282 626 63
282 590 46
282 441 24
282 767 8
282 529 36
282 585 75
282 398 87
282 522 37
282 729 49
282 462 64
282 516 31
283 478 92
283 670 10
283 627 64
283 648 56
283 613 5
283 622 21
283 712 81
283 729 4
283 442 63
283 422 70
283 604 98
283 543 21
283 721 98
283 705 69
284 560 39
285 663 1
285 508 96
285 535 7
285 470 92
285 779 9
285 767 20
285 567 13
285 627 17
285 570 75
285 622 87
285 523 94
286 486 40
286 489 83
286 767 94
286 641 24
286 638 75
287 681 56
287 673 82
287 424 43
287 652 79
287 707 13
287 637 81
287 632 37
287 599 83
287 774 40
287 686 2
287 440 47
287 613 4
288 776 28
288 751 64
288 450 25
288 588 25
288 402 39
288 642 96
288 679 74
288 648 90
288 475 31
288 774 56
288 447 56
288 484 12
289 722 80
289 724 93
289 510 89
289 565 69
289 475 11
289 462 81
289 726 98
289 518 9
290 643 40
290 406 95
290 590 42
290 687 39
290 627 55
290 574 89
290 782 26
290 669 20
290 582 59
290 745 23
290 685 52
291 546 8
291 430 72
291 689 9
291 759 88
291 787 11
291 630 62
292 427 69
292 593 1
293 599 86
293 617 20
294 698 33
294 663 44
295 516 1
295 753 27
295 546 32
295 788 99
295 652 20
295 471 91
295 596 68
295 577 73
295 601 59
295 743 3
295 564 38
296 655 64
296 595 32
296 586 22
296 490 86
297 459 70
297 571 49
297 689 70
297 609 55
297 594 32
297 476 9
297 620 4
297 696 48
298 476 39
298 598 71
298 595 5
298 761 79
299 718 8
299 700 42
299 517 80
299 547 12
299 617 88
299 593 8
299 686 52
299 671 42
299 469 12
299 622 24
300 553 90
300 439 7
300 460 28
300 714 91
300 560 50
301 641 93
301 503 5
301 425 35
301 760 44
301 522 57
301 763 88
301 444 75
301 711 98
301 672 52
301 714 17
301 486 65
301 561 1
301 783 36
301 786 96
301 770 78
302 487 92
302 635 28
302 588 15
302 532 13
302 442 61
302 758 31
302 686 78
302 690 91
302 576 49
303 461 57
303 497 80
303 436 79
303 432 75
304 770 47
304 714 59
304 478 63
304 745 27
304 486 41
304 731 58
304 680 11
305 725 43
305 468 5
305 625 27
305 734 48
305 667 90
305 594 32
305 505 43
305 474 29
306 526 95
306 712 24
306 741 7
306 614 17
306 521 46
306 422 33
306 739 31
306 672 62
306 606 92
307 578 16
307 420 30
307 696 19
307 736 16
307 669 14
308 554 85
308 505 87
308 636 76
308 699 10
308 435 1
308 678 52
308 687 92
308 595 53
308 439 38
308 651 60
309 605 77
309 418 86
309 413 35
310 466 88
310 417 1
310 625 66
310 759 22
311 480 29
311 729 88
311 644 49
311 686 95
311 528 26
312 669 51
312 602 64
312 497 34
313 424 42
313 520 16
313 744 96
313 494 70
313 508 12
313 484 11
313 657 40
314 584 95
314 636 30
314 420 19
314 540 40
314 570 72
314 658 81
314 752 32
315 648 90
315 588 36
315 428 42
315 506 85
315 397 46
315 466 39
316 552 60
316 550 97
316 613 42
316 649 62
316 739 27
316 566 93
316 756 1
316 403 30
316 479 66
316 493 18
316 662 60
316 622 37
316 727 12
316 650 75
316 713 58
317 401 37
317 598 96
317 642 82
317 436 27
317 517 50
317 486 38
317 728 90
317 554 6
317 774 70
317 723 61
317 788 94
317 608 41
318 569 97
318 779 98
318 562 14
318 747 54
319 587 40
319 732 5
319 683 25
319 623 73
319 707 45
319 785 73
320 627 35
320 730 44
320 441 18
320 696 10
320 431 10
320 419 30
320 667 12
320 724 58
320 683 3
321 696 60
321 544 6
322 642 73
322 460 54
323 453 40
323 664 59
323 411 59
323 567 95
323 543 2
323 716 69
323 699 91
323 502 72
323 494 1
324 578 33
324 457 53
324 769 4
324 405 32
324 567 52
324 680 64
324 645 21
324 608 32
324 679 87
324 545 3
324 681 14
325 738 63
325 698 61
325 516 39
325 672 9
325 582 41
325 542 28
325 478 61
325 413 93
325 717 12
325 689 58
326 517 34
326 624 35
326 748 25
326 691 45
326 613 74
327 700 94
327 425 81
327 728 10
328 556 24
328 629 5
328 604 53
328 743 2
328 673 34
328 643 12
328 411 65
328 687 7
329 752 78
329 703 77
329 718 48
329 595 38
329 714 71
329 501 73
329 445 4
329 659 60
329 529 90
330 419 78
330 475 21
330 735 50
330 677 54
330 724 74
330 647 8
331 608 98
331 778 60
331 426 43
331 534 98
331 767 18
331 514 78
331 742 87
332 577 78
332 463 70
333 718 40
333 698 23
333 687 64
333 461 97
333 515 60
333 506 61
333 725 27
333 607 27
333 588 44
333 424 35
333 428 50
333 584 84
334 598 46
334 566 73
334 662 86
334 703 61
334 516 31
334 609 64
334 740 54
335 491 95
335 499 73
335 430 31
335 422 55
335 655 49
335 466 96
335 774 55
335 583 42
335 764 91
335 545 14
335 531 47
336 534 28
336 729 91
337 652 98
337 746 78
337 749 98
337 624 49
337 740 10
337 512 6
337 454 99
337 539 30
337 574 51
338 652 94
338 724 6
338 596 20
338 641 25
338 433 24
338 718 52
338 757 86
338 511 56
339 621 37
339 594 86
340 434 14
340 648 33
340 435 82
340 740 96
340 418 9
340 612 67
340 668 15
340 686 2
340 546 6
340 423 20
341 735 36
341 404 13
341 745 97
341 555 8
341 773 59
341 788 85
341 551 68
341 432 74
341 748 38
341 644 52
342 397 26
342 530 65
342 572 24
342 731 45
342 725 78
342 615 26
342 562 36
342 710 25
342 503 72
343 420 3
343 395 55
343 707 36
343 495 76
343 584 60
344 488 14
345 660 58
345 676 16
345 437 81
345 624 90
345 462 82
345 650 94
345 631 4
345 477 94
345 557 10
346 511 16
346 663 81
346 584 8
346 634 13
346 402 65
346 601 38
346 646 84
346 693 12
346 563 18
346 475 85
346 675 61
346 447 49
346 518 9
346 624 38
346 709 18
347 709 82
347 404 32
347 433 89
347 455 29
347 584 3
347 788 65
348 590 99
348 482 37
348 756 38
349 562 93
349 462 2
349 711 69
349 495 86
349 643 84
349 453 56
349 579 57
349 593 22
350 707 70
350 574 15
350 781 30
350 500 97
350 638 18
350 679 24
350 620 59
350 407 35
350 744 19
351 553 43
351 602 19
351 704 91
351 702 98
351 729 65
351 621 49
351 438 78
351 496 63
351 583 8
352 601 51
352 783 5
352 547 75
352 434 91
352 417 45
353 625 17
353 641 45
353 769 70
353 426 19
354 728 64
354 425 68
354 475 98
354 631 28
354 530 62
354 411 28
354 722 40
354 606 78
354 693 94
354 563 9
354 445 21
354 634 65
354 663 8
354 598 31
354 765 94
355 549 84
355 770 22
355 662 80
355 600 46
355 745 39
355 784 29
355 476 52
355 422 91
355 712 23
356 478 77
356 554 6
356 449 52
356 768 47
356 427 78
356 713 69
356 614 14
356 613 52
356 571 47
356 623 5
356 465 94
356 594 66
356 604 20
356 505 15
357 678 57
357 737 63
357 550 59
357 544 86
357 672 54
357 625 70
357 440 43
357 620 42
357 470 43
357 659 74
357 501 80
358 432 8
358 732 23
358 737 36
358 448 99
358 708 32
358 502 89
358 459 12
358 638 77
358 447 75
359 583 51
359 412 56
359 710 75
359 443 93
359 773 1
359 589 26
359 418 94
359 479 69
359 570 18
359 453 3
360 461 36
360 500 28
360 528 64
360 660 8
361 538 24
361 511 82
361 432 79
361 722 43
361 767 98
361 503 21
361 714 80
362 577 35
362 670 63
362 623 78
362 569 66
363 487 71
363 540 46
363 655 77
363 627 53
363 434 15
363 549 16
364 622 82
364 624 89
364 640 45
364 597 64
364 780 1
365 443 88
365 520 66
365 759 85
365 626 28
366 577 75
366 539 74
366 752 24
366 736 40
366 601 39
366 514 53
366 661 43
366 475 16
367 612 12
367 654 17
367 498 53
367 754 47
368 721 14
368 478 57
368 701 95
368 623 16
368 622 93
368 461 97
368 767 28
368 522 30
368 729 79
368 703 18
369 580 16
369 520 3
369 776 87
369 414 53
369 666 39
369 761 20
369 606 43
369 438 24
369 413 94
369 781 14
369 401 57
370 592 70
370 449 45
370 508 7
370 562 11
370 469 23
371 404 40
371 758 13
372 674 28
372 748 31
372 453 66
372 400 36
372 530 62
372 686 68
373 560 69
373 625 32
373 450 50
373 599 48
373 444 7
373 472 90
374 782 39
375 455 56
375 608 49
375 640 58
375 443 58
375 736 21
375 645 52
375 715 85
375 744 14
375 504 24
375 569 73
376 688 87
376 693 23
376 475 39
376 719 89
376 734 43
377 695 12
377 561 88
377 717 6
377 408 71
377 531 57
378 469 15
378 666 2
378 576 49
379 591 51
379 473 80
379 515 41
379 428 19
379 514 83
379 677 7
379 408 70
379 621 94
379 553 18
379 709 4
379 477 75
379 727 2
379 497 22
380 444 87
380 420 49
380 512 89
380 417 70
380 660 54
380 721 98
381 668 5
381 498 57
381 743 78
381 509 13
381 616 23
381 745 79
381 442 26
381 472 21
381 565 61
381 762 43
381 577 36
381 554 33
381 707 24
381 518 54
381 665 99
382 535 8
382 784 78
382 406 80
382 680 33
382 642 3
382 561 7
382 419 53
382 434 78
382 756 70
382 458 20
382 584 64
382 752 87
382 505 22
382 746 25
382 447 40
383 644 16
384 711 1
384 764 4
384 560 16
384 708 97
384 686 92
384 720 73
384 755 67
384 544 18
384 776 40
384 736 58
384 689 86
384 567 9
384 578 51
384 403 81
385 432 70
385 765 51
385 421 47
385 649 22
385 435 80
385 515 71
385 502 9
386 703 38
386 541 52
386 553 91
386 555 51
387 755 78
387 608 8
387 710 93
387 571 59
388 745 91
388 596 5
388 690 95
388 611 22
388 616 27
388 493 36
388 474 30
388 714 8
388 573 56
388 472 8
388 534 34
389 668 11
389 576 63
389 579 93
389 468 45
389 769 21
389 420 45
389 540 28
389 603 89
390 604 49
390 685 14
390 645 40
390 561 99
390 528 45
390 560 69
390 672 8
390 578 63
390 563 52
391 512 25
392 622 47
392 596 14
392 666 65
392 609 74
392 544 59
392 717 48
392 570 53
392 510 91
392 417 87
392 718 25
393 564 46
394 673 41
394 768 43
394 687 91
394 681 15
394 628 46
394 684 60
394 426 46
394 491 45
394 509 8
394 781 71
394 400 7
394 755 51
394 449 19
394 753 45
