447 1776
1 325 99
1 295 55
1 359 65
1 395 51
1 419 99
1 284 80
1 262 2
1 278 25
1 281 94
1 418 65
1 331 32
1 265 60
1 353 33
1 369 72
1 409 64
2 309 75
2 368 15
2 254 77
2 358 43
2 387 70
2 402 35
2 311 78
2 298 62
3 235 80
3 356 67
4 438 86
4 326 39
4 338 74
4 379 44
4 341 58
4 409 47
5 335 81
5 385 84
6 433 84
6 296 99
6 260 55
6 394 45
6 376 78
6 263 56
6 345 21
6 265 27
6 309 87
6 409 39
6 420 74
6 353 48
6 318 86
7 399 17
7 282 4
7 370 52
7 432 42
7 285 91
7 374 89
7 407 42
7 376 70
7 400 38
8 402 22
8 303 93
8 399 84
8 371 84
8 392 14
9 298 41
9 393 27
9 328 81
9 382 37
9 405 18
9 373 50
9 350 75
9 231 49
10 347 73
10 418 10
10 271 31
11 241 37
11 421 22
11 244 22
11 251 44
11 390 47
11 351 40
11 323 87
11 324 33
12 249 81
12 368 69
12 256 35
12 420 23
13 296 2
13 311 66
13 421 58
13 321 39
13 409 14
13 335 46
13 250 78
13 248 62
13 384 60
13 394 94
13 379 43
13 362 79
13 273 1
14 437 6
14 329 3
15 270 56
15 429 97
15 283 11
15 372 67
16 264 30
16 248 43
16 394 12
16 293 55
16 273 67
16 356 21
16 260 27
16 340 90
16 378 82
16 239 6
16 310 51
16 395 3
16 373 44
16 320 7
17 236 4
17 439 80
17 396 70
17 307 60
17 305 11
17 363 62
18 408 3
18 301 95
18 297 47
18 251 70
18 260 42
18 263 79
18 427 42
18 373 44
18 233 42
18 237 37
18 387 31
18 440 36
18 280 71
18 384 2
19 405 6
19 423 80
19 251 89
19 358 12
19 357 90
19 224 19
19 347 87
19 411 56
19 302 96
19 326 57
19 340 10
19 243 92
20 279 98
20 257 73
20 423 96
21 289 26
21 292 32
21 288 96
21 317 86
21 443 48
22 319 65
22 445 35
23 228 96
23 229 42
23 296 14
23 232 88
23 380 78
23 264 83
23 373 49
23 295 45
23 257 74
23 421 16
24 395 31
24 230 42
24 419 1
24 285 24
25 443 90
25 373 59
25 367 69
25 243 92
25 387 75
25 318 47
25 424 99
25 261 89
26 374 61
26 435 50
26 320 80
26 295 68
26 410 47
26 401 16
26 379 6
27 444 35
27 443 49
27 341 23
27 338 37
27 293 70
27 393 84
27 299 48
27 318 98
27 417 3
27 245 40
28 367 4
28 343 7
28 283 51
28 321 83
28 226 93
29 224 61
29 320 57
29 400 72
29 425 73
29 421 35
29 358 73
29 253 28
29 259 93
29 360 73
29 229 18
29 277 35
29 276 7
29 295 81
30 348 63
30 258 8
31 424 10
32 224 36
32 373 33
32 427 39
32 291 39
32 418 66
32 297 9
32 363 5
32 342 31
32 424 40
32 315 43
32 338 60
33 317 66
33 410 52
33 304 71
33 427 40
33 383 48
33 247 7
33 309 67
34 302 89
34 381 24
34 387 95
34 246 74
34 265 80
34 417 32
35 264 8
35 243 55
35 309 49
35 274 19
35 345 35
35 282 77
35 425 66
35 298 35
35 340 94
35 332 31
35 275 68
35 227 74
36 337 12
36 365 44
36 384 27
36 362 52
36 387 52
37 354 42
37 333 33
37 387 92
37 368 13
37 323 61
37 433 42
37 338 3
37 304 78
37 369 87
37 440 1
37 264 15
37 269 74
37 332 84
38 347 14
39 322 61
39 338 52
39 265 8
39 441 32
39 258 12
39 339 59
39 335 86
40 318 95
40 331 62
40 244 76
40 248 26
40 421 71
40 385 22
40 445 3
40 249 66
40 307 36
40 306 62
40 286 40
40 288 37
40 325 71
41 434 54
41 288 41
41 230 88
41 426 19
41 280 46
41 306 14
41 300 47
42 391 41
42 226 48
42 385 77
42 238 52
42 266 60
43 320 11
43 393 17
43 372 7
43 239 22
44 423 5
44 273 12
44 440 16
44 413 93
44 313 66
44 330 47
44 431 71
44 443 16
44 238 87
44 409 89
44 250 20
44 386 99
44 282 12
44 445 51
44 224 38
45 424 74
45 434 38
45 280 14
45 282 60
45 253 21
45 334 64
45 255 88
45 387 86
45 242 97
46 407 13
46 343 45
46 399 47
46 376 84
46 361 25
46 381 65
47 290 61
47 349 6
47 272 96
47 442 45
48 364 32
48 319 50
48 296 25
48 310 43
48 286 5
48 325 8
48 365 70
49 326 73
49 240 31
49 266 56
49 365 93
49 343 47
50 316 29
50 404 97
50 416 39
50 312 78
50 242 23
50 276 97
50 395 56
50 227 86
50 371 57
50 267 16
50 309 26
50 271 19
51 340 81
51 440 22
51 320 99
51 399 86
51 357 91
51 325 23
51 294 29
52 434 15
52 390 4
52 272 67
52 378 19
52 245 88
52 403 50
52 432 94
52 300 9
52 258 53
52 256 51
52 402 91
52 288 58
53 322 30
53 260 4
53 254 65
53 389 16
53 376 50
53 361 45
53 396 47
54 267 43
54 424 64
54 277 49
54 273 10
54 395 87
54 334 16
54 368 24
54 315 7
54 231 62
54 242 83
54 336 8
54 355 83
54 418 82
54 249 9
55 312 28
55 255 79
55 440 43
56 428 61
56 235 78
57 276 51
58 251 29
58 249 28
58 342 88
58 283 4
58 368 35
58 416 66
58 397 58
59 236 95
59 225 15
59 347 16
59 296 6
59 324 49
59 420 41
59 232 45
59 321 80
59 246 65
59 433 65
59 250 93
60 290 80
61 343 4
61 296 64
61 444 44
61 390 33
61 358 25
61 383 45
61 342 68
61 415 10
61 420 49
61 257 3
61 371 25
62 245 22
62 369 54
62 440 72
62 308 94
62 394 18
62 263 15
62 292 75
62 403 46
62 343 74
62 416 21
62 350 58
62 415 29
62 435 91
63 431 46
63 369 78
63 405 59
63 249 42
64 262 37
64 250 28
64 318 62
64 354 14
64 270 49
64 286 81
64 425 75
64 281 87
64 237 85
64 268 95
64 252 64
64 313 59
64 373 67
65 399 57
65 310 9
65 329 92
65 386 89
65 262 93
65 435 51
65 394 77
65 334 47
65 375 27
66 253 66
66 402 89
66 299 19
66 399 19
66 420 59
66 234 45
66 395 36
66 274 52
66 332 86
66 381 47
66 374 86
66 239 26
67 245 72
67 417 22
67 429 41
67 278 11
67 365 72
67 298 73
67 388 96
67 261 7
67 265 33
67 295 19
67 331 12
67 345 87
68 243 8
68 434 64
68 444 50
69 364 36
69 280 3
69 427 52
69 324 27
69 257 81
69 246 94
69 430 11
70 289 62
70 258 73
70 305 95
70 263 30
70 264 22
71 248 30
71 295 52
71 383 34
71 364 10
71 293 18
71 229 72
71 339 41
71 416 85
71 411 87
71 435 52
71 356 78
71 436 22
71 330 78
71 415 81
72 380 40
72 439 93
72 408 47
72 278 78
73 241 32
73 318 12
74 293 95
74 436 94
74 394 99
75 440 49
75 300 34
75 264 20
75 306 6
75 445 32
75 224 61
75 314 59
75 307 68
75 273 16
75 328 43
75 326 51
75 364 66
75 438 55
75 424 99
75 395 10
76 440 94
76 416 15
76 268 66
76 363 78
76 238 63
76 230 84
76 356 24
77 344 31
77 433 49
77 247 1
78 377 54
78 259 18
78 313 16
78 376 94
78 347 63
78 230 19
78 346 27
78 340 35
78 371 52
78 352 84
78 358 76
78 435 97
78 240 67
79 229 10
79 275 24
79 337 29
79 268 84
79 287 62
79 264 78
79 293 27
79 226 15
80 325 85
80 391 93
80 254 38
81 434 84
81 391 17
81 445 46
81 410 17
81 236 32
81 425 16
81 349 25
81 378 3
81 237 70
81 239 6
81 397 77
81 241 43
81 431 43
81 301 73
82 392 53
82 311 24
82 281 25
83 354 31
83 225 3
83 304 16
83 377 33
83 300 96
83 369 47
83 430 56
83 342 54
83 374 35
84 436 99
84 432 62
84 317 52
84 246 22
84 360 85
84 397 69
84 373 24
84 390 78
84 345 10
84 234 47
84 339 72
84 402 10
84 440 4
84 260 37
84 387 59
85 304 74
85 411 28
86 281 62
87 268 32
87 334 81
87 355 85
87 301 11
87 433 10
87 310 55
87 292 3
87 333 83
87 315 82
87 442 78
87 230 5
87 227 88
87 245 69
88 412 90
88 371 63
89 388 97
89 329 16
89 243 63
89 369 50
89 383 48
89 270 20
89 231 9
89 400 19
89 232 65
89 268 63
89 438 6
89 273 52
89 288 15
90 327 28
90 317 66
91 392 56
91 322 59
91 410 69
92 375 85
92 310 24
92 305 73
92 280 49
92 254 88
92 240 52
92 332 97
92 399 19
92 419 3
92 233 86
92 422 46
92 327 73
93 246 22
93 357 77
93 262 82
93 258 47
93 332 6
93 287 22
93 347 96
93 349 25
93 424 79
94 302 43
94 283 24
94 250 62
95 351 21
95 357 48
95 432 4
95 307 3
95 314 88
95 409 55
95 239 17
95 237 22
95 242 46
95 385 20
95 312 84
95 352 66
95 254 89
95 347 48
96 260 27
97 239 12
97 394 52
97 392 30
98 418 17
98 278 22
98 225 73
98 283 91
98 259 41
98 286 29
98 267 70
98 399 68
98 268 22
98 227 44
98 444 60
98 264 35
98 429 89
98 265 42
99 374 1
99 332 12
99 365 29
99 328 41
99 233 48
99 338 95
99 324 31
99 393 47
99 427 70
99 256 25
99 224 28
99 348 3
99 387 93
99 231 17
99 286 57
100 306 58
100 426 94
100 380 84
100 302 72
100 431 50
100 247 26
100 279 2
100 347 88
101 286 29
101 422 7
101 382 75
101 316 33
101 349 20
101 438 34
101 366 72
101 407 62
101 274 12
101 332 30
101 354 42
101 253 65
101 288 78
101 434 19
102 402 86
102 279 63
102 303 56
102 226 98
102 286 70
102 367 52
103 260 49
104 331 64
104 369 38
104 286 36
104 272 54
104 410 11
104 227 64
104 350 50
104 277 75
104 242 62
104 357 40
104 395 17
104 363 99
105 301 23
105 302 1
105 266 34
105 305 73
105 388 63
105 337 11
105 347 14
105 379 98
105 308 62
105 242 16
105 439 73
105 300 51
106 375 51
106 391 79
106 276 39
106 284 8
106 275 22
106 274 16
106 386 51
106 441 56
106 432 50
107 375 40
107 318 64
107 444 68
107 270 39
107 430 79
107 301 9
107 235 70
107 378 22
107 263 86
107 388 49
107 426 89
107 225 26
107 408 66
108 426 55
108 345 18
108 361 53
108 232 90
108 247 93
108 351 87
108 294 56
108 419 53
108 286 86
108 299 49
108 406 65
108 225 84
108 405 3
108 305 32
109 425 25
109 397 42
109 316 54
109 322 46
109 338 89
109 435 61
109 392 50
109 290 82
109 364 37
110 296 65
110 311 34
110 400 83
110 360 3
110 337 44
110 397 76
111 315 75
111 304 67
111 297 84
111 376 26
111 248 85
111 432 25
111 409 21
111 300 55
111 305 31
111 346 22
111 382 63
111 419 99
112 300 96
112 278 54
113 366 15
113 410 4
113 285 54
113 333 76
113 350 77
114 441 45
114 258 80
114 279 33
114 444 3
114 378 99
115 264 64
115 341 16
115 282 72
115 396 81
115 350 87
115 240 57
115 357 10
115 325 85
115 232 13
115 416 77
115 401 11
115 413 81
116 246 80
116 257 59
116 312 18
116 233 8
116 319 4
116 341 86
116 226 23
116 242 24
116 237 26
117 398 61
117 276 53
117 287 29
118 245 22
118 310 62
118 262 79
119 251 8
119 278 25
119 235 98
119 259 95
119 411 43
119 288 64
119 433 84
120 231 61
120 390 69
120 400 52
120 289 40
120 398 68
121 320 73
122 328 12
122 260 78
122 352 86
122 249 19
122 407 43
122 327 34
122 375 23
122 380 95
122 251 59
122 306 70
122 332 42
122 344 94
122 287 10
122 424 78
123 238 74
123 417 3
123 318 63
123 373 43
123 358 59
123 343 25
123 434 78
123 293 3
124 247 61
124 251 15
125 283 81
125 289 68
125 395 18
125 308 96
125 388 97
125 403 48
125 307 55
125 383 63
126 405 18
126 236 49
126 362 12
126 372 48
126 350 75
126 303 35
126 232 86
126 328 88
126 403 39
126 313 83
126 228 49
126 254 54
126 279 56
126 386 2
126 320 33
127 307 85
127 409 11
127 341 58
127 415 7
127 328 9
128 380 81
129 315 43
129 314 95
129 303 10
129 446 18
129 391 72
129 388 37
129 427 75
129 265 16
129 350 27
129 280 97
129 404 11
129 225 15
129 232 79
129 264 76
130 412 60
130 292 67
130 382 27
130 246 28
130 303 28
130 228 57
130 351 70
130 299 86
130 229 94
130 305 54
130 442 7
130 224 58
130 265 80
130 241 35
131 235 32
131 429 85
131 378 39
131 258 42
131 436 47
131 376 82
132 235 75
132 372 54
132 249 3
132 436 31
132 376 4
132 329 97
132 363 11
132 347 72
133 400 12
133 266 85
133 362 38
133 227 40
133 259 77
133 291 26
134 362 72
134 311 19
134 411 84
134 228 31
134 441 78
134 310 51
134 394 11
134 427 57
134 224 1
135 427 55
135 393 11
135 422 14
135 294 57
135 275 40
135 273 83
135 305 41
136 233 58
136 445 69
136 314 68
136 299 96
137 383 2
137 329 7
138 265 64
138 405 95
138 350 25
138 238 31
138 391 46
138 295 98
138 239 74
138 394 9
138 249 17
138 371 67
138 337 80
138 373 54
138 426 62
138 269 14
139 268 2
139 349 9
139 417 63
139 372 95
139 235 71
139 426 18
139 438 53
139 313 47
139 369 20
139 282 89
139 360 40
139 272 70
139 389 89
140 335 71
140 312 28
140 352 68
140 245 71
140 321 80
141 386 25
141 226 65
141 351 54
141 279 88
141 251 6
141 250 47
141 349 5
142 356 13
142 254 82
142 399 92
142 325 39
142 255 44
142 343 33
142 414 4
142 405 77
142 434 70
142 287 40
142 261 50
142 316 7
143 332 73
143 382 26
143 414 83
143 383 54
143 308 17
144 226 76
144 284 36
144 297 91
144 247 76
144 339 9
144 397 4
145 415 81
145 245 48
145 404 95
145 399 1
145 412 30
145 411 96
145 401 59
145 294 14
145 251 3
145 409 16
145 394 90
145 428 59
145 269 35
146 378 61
146 325 9
146 289 75
146 279 56
146 283 36
146 225 92
146 323 19
147 416 31
147 312 77
147 315 62
147 390 98
147 270 55
147 414 41
147 295 12
147 404 38
148 434 12
148 305 70
148 380 56
148 446 29
148 384 4
148 253 79
148 335 11
148 225 90
148 298 48
148 362 33
148 440 74
149 420 80
149 243 11
149 402 26
149 262 47
149 424 90
149 295 82
150 232 66
150 416 48
150 279 93
150 396 9
150 312 1
150 297 79
150 276 55
150 316 83
150 307 90
150 245 72
150 364 4
150 435 86
150 447 97
151 258 45
151 408 88
151 347 85
151 337 22
151 327 2
152 295 32
152 401 59
152 277 61
152 433 55
152 310 56
152 330 50
152 260 18
152 444 27
152 292 24
152 361 62
152 351 13
152 294 9
152 342 6
152 335 31
152 396 71
153 378 16
153 357 89
153 291 93
153 373 19
153 331 29
153 385 12
153 251 91
153 428 1
153 382 46
153 375 14
153 441 7
153 234 7
153 386 5
154 279 51
154 373 88
154 320 85
154 301 95
155 278 89
155 363 25
155 294 15
155 309 31
155 430 22
155 261 11
155 280 92
155 248 43
156 342 91
156 293 73
156 317 56
156 335 92
156 346 70
156 299 81
156 253 67
156 438 73
156 269 15
156 402 81
156 334 56
156 358 95
157 297 66
157 274 92
157 383 90
157 337 41
157 250 59
157 281 15
157 233 42
157 305 49
157 426 43
157 422 13
157 264 76
158 341 36
158 267 77
158 308 17
158 271 19
158 309 80
158 335 16
158 275 41
158 361 94
158 305 78
158 312 1
158 282 76
158 329 37
158 311 38
159 289 36
159 327 8
160 415 75
160 425 32
160 352 40
160 289 34
160 243 90
160 374 70
160 316 32
160 234 89
160 446 30
160 238 96
161 363 35
161 319 74
161 276 72
161 335 7
161 228 69
161 255 43
162 390 99
162 408 79
162 291 97
162 283 21
162 445 16
162 292 54
162 435 63
162 409 86
162 325 58
162 231 74
162 363 87
162 418 78
163 240 94
163 323 90
163 280 56
163 297 52
163 246 6
163 437 51
163 426 39
163 288 10
163 345 9
163 440 10
163 324 22
163 276 7
163 346 4
164 441 87
164 229 87
164 330 22
164 279 46
164 308 41
164 347 68
164 367 87
164 298 9
164 355 58
164 428 76
164 283 58
165 281 41
165 272 15
165 308 92
165 319 22
165 252 69
165 259 53
166 264 75
166 262 17
166 427 82
166 313 54
166 239 94
167 328 39
167 269 41
167 415 83
167 414 68
168 322 22
169 264 67
169 415 59
169 320 34
169 238 90
169 256 57
169 362 91
170 341 17
170 404 28
170 430 67
170 389 41
170 266 41
170 377 17
170 347 6
170 230 1
171 355 69
171 229 37
171 247 14
171 311 97
171 368 11
172 403 90
172 249 58
172 352 18
172 314 41
172 226 56
172 427 34
172 301 6
172 399 24
172 332 50
173 329 93
173 432 48
173 261 81
173 314 63
173 400 73
173 294 46
173 287 20
173 338 49
173 363 24
174 308 86
174 279 1
174 261 50
174 270 98
174 310 64
174 377 54
174 321 28
174 420 13
174 283 59
174 409 11
174 431 82
174 235 84
174 378 58
175 236 25
175 294 43
175 333 72
175 390 78
175 359 63
175 363 50
175 263 19
175 228 78
175 322 56
175 264 52
176 392 67
176 310 67
176 364 35
176 343 19
176 285 60
176 389 78
176 356 44
176 395 60
176 413 80
176 270 20
176 347 13
177 306 28
177 228 96
177 297 61
177 329 92
177 340 93
177 371 63
177 365 14
177 318 43
177 277 75
177 350 95
177 301 42
177 330 65
177 409 35
177 345 23
178 224 38
178 364 90
178 303 94
178 405 82
178 445 70
178 333 31
178 365 46
178 290 30
178 301 49
178 446 82
178 243 32
178 298 30
178 288 35
179 312 67
179 336 35
179 306 15
179 251 50
179 385 2
179 286 64
179 257 45
179 381 97
179 335 47
179 398 11
179 346 86
179 290 70
179 339 86
180 286 5
180 237 35
180 323 80
180 268 57
180 377 25
180 394 2
180 273 99
180 414 96
180 389 23
180 438 87
180 420 49
180 310 77
180 230 11
181 252 89
181 342 67
181 351 98
181 290 48
181 253 79
181 312 60
181 262 64
181 413 28
181 247 46
181 382 9
182 364 61
182 414 45
182 430 41
182 416 2
182 231 89
182 322 26
182 266 91
182 250 80
182 330 9
182 342 13
182 287 83
182 346 27
182 422 11
183 341 49
183 364 92
183 346 57
183 394 31
183 316 30
183 278 39
183 298 45
183 280 47
183 333 65
183 353 73
184 271 91
184 279 75
184 261 78
184 251 99
184 369 98
184 321 32
184 437 26
184 389 6
184 309 58
184 237 58
184 428 27
184 291 20
184 446 13
184 382 84
184 339 1
185 284 10
185 347 71
185 253 32
185 412 8
185 443 41
185 377 64
185 370 27
185 360 62
185 395 57
185 364 49
185 242 56
186 327 22
186 332 30
186 307 34
186 304 89
186 300 2
186 422 62
186 407 95
186 266 71
186 229 49
186 447 26
186 408 12
187 298 26
187 405 92
188 355 48
188 361 83
188 297 7
188 347 26
188 236 68
188 424 83
188 348 30
188 238 80
189 303 72
189 389 31
189 446 20
189 342 68
189 357 13
189 349 40
189 229 25
189 282 9
189 285 64
190 377 14
190 347 22
190 438 51
190 247 43
190 422 11
190 297 95
190 372 71
190 285 68
190 387 57
190 233 65
190 338 25
190 261 41
190 263 36
190 239 74
191 322 98
191 240 45
191 229 39
191 402 59
191 426 58
191 318 57
191 375 2
191 225 94
191 359 73
191 423 20
191 289 75
191 356 49
191 328 99
191 367 15
191 403 22
192 239 88
192 343 22
192 360 71
192 425 62
192 237 85
192 306 13
192 324 90
192 261 75
192 351 50
192 424 38
192 400 87
192 441 36
193 275 57
193 408 12
193 302 19
193 342 6
193 350 39
194 437 37
194 297 56
194 328 22
194 307 23
194 330 74
194 226 80
194 346 67
194 303 51
194 271 63
194 356 19
194 388 48
194 267 31
194 365 67
194 431 61
195 323 96
195 366 57
195 350 47
195 261 68
195 433 43
196 364 53
196 416 78
197 225 50
197 365 62
197 381 9
197 378 69
198 239 89
198 435 22
198 238 70
198 426 22
198 387 45
198 414 82
199 358 55
199 260 14
199 254 37
199 422 12
199 338 43
199 226 93
199 276 98
200 411 15
200 380 42
200 258 4
200 233 12
200 227 23
200 400 93
200 266 42
200 399 45
200 304 82
201 412 76
201 297 91
201 329 78
201 278 10
201 305 43
201 292 75
201 416 52
201 443 61
201 256 86
202 374 94
202 289 13
202 426 54
202 241 84
202 423 58
202 412 96
202 329 30
202 319 19
202 287 37
203 311 93
204 310 17
204 292 31
204 331 49
204 371 53
204 375 64
205 420 48
205 259 54
205 381 1
205 285 50
205 423 67
205 341 28
205 434 68
205 303 66
205 403 25
206 353 8
206 370 45
206 231 79
206 243 44
206 431 35
207 315 39
207 280 79
207 440 62
208 435 75
208 384 26
209 241 49
209 269 80
209 398 45
209 433 30
209 265 83
209 415 8
210 305 81
211 264 5
211 312 57
211 283 48
211 333 28
211 441 52
211 227 27
211 348 38
211 436 15
212 253 62
212 381 89
212 396 74
212 230 3
212 291 93
212 303 58
212 273 26
212 425 47
212 275 30
212 379 77
212 347 14
213 260 18
213 403 86
213 363 83
213 240 97
213 248 15
213 355 55
213 392 55
213 335 24
213 390 5
213 432 84
214 329 4
214 367 24
214 408 18
214 322 42
214 268 85
214 311 24
214 276 12
214 315 18
214 262 97
214 326 55
214 234 18
214 274 42
214 307 29
214 320 72
215 365 50
215 410 5
215 366 60
215 258 81
215 254 67
215 437 23
215 364 33
215 391 16
215 247 53
215 377 70
215 301 89
215 435 95
216 440 21
216 268 59
216 445 34
216 431 72
216 397 96
216 291 4
216 311 34
216 331 30
216 429 59
216 229 66
216 338 57
216 446 60
216 288 9
217 266 35
217 249 15
217 353 29
217 279 32
217 368 22
217 303 95
218 430 76
218 417 57
218 356 11
218 402 47
218 443 11
218 412 94
218 423 73
218 384 57
218 392 81
218 414 51
218 324 87
218 297 70
218 322 47
218 442 53
218 328 89
219 229 4
219 358 52
220 305 84
220 258 25
221 360 59
221 368 15
221 255 8
221 372 98
221 279 14
221 349 84
221 445 47
221 247 1
221 245 73
221 290 33
221 347 9
221 226 5
221 285 83
221 251 32
222 313 75
222 401 14
222 326 39
222 335 10
222 394 13
222 261 24
223 238 78
223 373 23
223 414 47
91 161 53
