697 2729
1 503 55
1 641 92
1 491 21
1 445 68
1 505 32
1 396 50
1 581 80
1 560 99
1 569 73
1 568 90
1 426 41
1 493 98
1 487 48
2 361 10
2 360 76
2 395 73
3 590 72
3 673 72
3 551 39
3 440 77
3 475 76
3 683 45
3 443 31
3 561 64
3 635 99
4 415 81
4 428 44
4 448 91
4 503 58
5 392 87
5 620 44
5 560 95
5 457 82
5 667 12
6 585 78
6 521 66
6 477 11
6 430 50
6 439 8
6 554 78
6 695 18
6 495 86
6 525 73
6 697 84
7 465 47
8 605 57
8 442 60
8 411 18
9 506 38
9 350 62
9 642 69
9 458 32
9 505 83
9 493 21
9 489 87
9 468 10
10 388 62
10 443 56
10 475 69
10 498 51
10 601 7
10 426 88
10 646 42
10 354 86
10 500 46
10 423 45
10 358 16
10 385 37
11 446 32
11 415 10
11 459 63
11 691 23
11 416 64
11 409 60
12 445 60
12 546 90
12 647 71
12 557 47
12 394 18
12 648 42
12 666 21
12 645 27
12 475 54
12 364 96
12 681 18
12 638 12
12 668 12
12 632 62
12 656 24
13 398 68
13 630 4
13 444 55
14 517 80
14 402 57
14 453 72
14 368 29
14 478 44
14 378 87
14 602 38
14 576 3
14 696 41
14 512 24
14 426 85
14 429 28
15 524 98
15 540 47
15 493 68
15 615 23
15 452 60
15 650 97
16 349 38
16 576 16
16 485 39
16 439 27
16 417 30
17 543 79
17 487 35
17 363 46
18 409 68
18 669 35
18 467 34
19 392 54
19 441 14
19 628 63
19 504 6
19 614 9
19 619 42
19 412 7
19 417 88
20 550 31
20 604 46
20 558 84
20 532 9
20 456 15
20 464 2
21 481 96
21 527 41
21 492 26
21 530 97
21 516 70
21 523 43
21 666 89
21 627 2
21 682 26
21 413 30
21 533 88
22 561 17
22 635 54
22 451 28
22 454 93
22 660 94
23 481 98
23 447 19
23 563 3
23 460 68
23 536 86
23 380 11
23 394 23
23 629 22
23 448 90
23 632 5
23 532 61
23 557 35
23 579 29
23 435 52
24 457 54
25 580 7
25 525 24
25 634 26
25 694 33
25 566 38
25 473 10
25 349 48
25 519 98
25 549 91
25 435 44
25 647 53
25 554 87
26 447 34
26 498 18
26 596 92
26 559 88
26 672 79
26 366 95
26 390 37
26 369 47
26 689 65
27 485 6
27 584 46
27 424 15
27 382 85
27 443 19
28 531 4
28 446 8
28 440 65
28 453 81
28 357 54
28 569 73
29 374 74
29 673 75
29 613 81
29 672 92
29 562 29
29 639 94
29 684 55
29 642 84
29 444 50
29 424 21
29 606 12
29 534 25
30 658 34
30 368 24
31 354 88
31 416 5
31 605 98
31 589 17
31 413 82
32 459 40
32 490 91
32 439 5
32 604 89
32 394 2
32 366 77
32 686 11
33 449 48
33 530 20
33 576 7
33 570 41
33 584 33
33 408 10
33 391 89
33 525 80
34 353 14
34 516 58
34 389 36
34 508 99
35 546 60
35 409 85
35 513 40
35 512 52
35 683 96
35 434 44
35 386 94
35 450 22
36 562 81
36 574 62
36 563 30
36 471 98
36 581 9
36 656 49
36 594 99
36 667 15
36 654 81
36 586 69
36 673 86
36 425 80
36 655 16
36 510 18
36 437 47
37 400 35
37 660 78
37 588 10
37 526 88
37 584 2
37 595 35
38 648 53
38 673 10
38 591 31
38 543 68
38 578 98
39 352 57
39 470 97
39 411 99
39 429 40
39 596 8
39 356 46
39 694 8
39 369 55
39 635 29
40 567 85
40 532 89
40 383 8
40 560 32
40 501 84
40 533 10
40 439 75
41 597 99
41 425 45
41 378 71
41 631 56
41 471 83
41 496 42
41 621 39
41 442 5
41 664 73
41 465 87
41 612 55
42 687 92
42 462 87
42 364 28
42 464 53
42 650 98
42 465 31
42 610 11
43 408 91
43 502 3
43 440 15
43 462 41
43 463 61
43 501 41
43 370 73
43 691 61
43 550 88
43 384 61
43 654 46
43 464 71
43 582 77
43 352 5
43 644 91
44 523 60
44 418 54
44 696 65
44 613 59
44 505 13
44 502 16
44 390 15
45 455 58
45 488 94
45 519 66
45 453 21
45 517 90
45 617 15
45 607 68
45 385 2
45 620 33
45 444 90
46 443 77
46 682 22
46 613 92
46 517 8
46 668 60
46 474 58
46 628 83
46 590 31
47 509 83
47 496 23
47 611 53
47 684 77
47 516 59
47 560 3
47 638 11
47 580 51
47 466 1
47 694 28
47 537 73
47 603 87
47 461 40
48 355 18
48 672 94
48 679 77
48 614 44
48 523 21
48 630 75
48 474 41
48 618 50
48 541 58
48 487 93
49 549 87
49 517 29
49 607 55
49 599 94
49 376 55
49 487 13
49 574 84
49 610 99
50 417 96
50 656 82
50 574 28
50 532 29
50 635 93
51 676 61
51 376 81
51 616 36
51 623 64
51 604 10
51 680 40
51 471 15
51 607 40
51 542 28
51 686 45
51 558 51
51 454 59
51 657 27
52 589 15
52 652 63
52 473 40
52 512 82
52 664 42
52 391 81
52 380 26
53 438 29
53 555 65
53 660 49
53 691 5
53 350 8
53 491 55
53 397 38
53 446 16
53 496 28
53 676 77
53 565 6
53 652 12
53 447 88
53 616 2
54 596 16
54 567 63
54 394 85
54 697 12
54 406 31
54 387 11
54 627 43
54 469 53
54 650 60
54 653 83
55 352 4
55 450 35
55 369 28
55 669 97
55 612 21
55 644 60
55 395 14
55 527 40
56 642 47
56 629 4
56 678 64
57 559 96
57 444 32
57 539 31
57 579 56
57 586 55
57 354 2
57 404 98
57 587 13
57 385 51
57 591 40
57 613 40
57 445 70
57 694 25
57 380 99
57 621 99
58 626 55
58 539 71
58 389 11
59 663 70
59 393 82
60 475 76
60 356 6
60 651 66
60 401 1
60 521 72
60 548 27
60 635 41
60 664 95
60 587 68
60 415 63
60 487 65
60 659 64
60 546 84
60 397 38
61 644 20
61 598 32
61 636 54
61 665 55
61 557 76
61 453 9
61 572 45
61 615 41
61 612 10
61 471 43
62 488 64
62 451 65
62 589 3
62 632 98
62 363 21
62 515 5
63 413 43
63 572 30
63 633 76
63 696 22
63 351 88
64 535 90
64 653 66
64 647 31
65 628 84
65 591 28
65 660 61
65 551 4
65 577 44
65 657 87
65 442 75
65 494 75
65 375 85
66 486 87
66 370 79
66 481 68
66 384 2
67 628 16
67 393 35
67 408 62
67 532 38
68 653 35
68 401 96
68 670 23
68 560 36
69 523 8
69 645 24
69 646 42
69 595 74
69 570 64
69 478 21
70 504 36
70 365 87
70 685 63
70 370 50
70 508 30
70 623 65
70 608 23
70 492 71
70 495 48
70 486 48
71 659 41
71 392 96
71 439 22
71 597 68
72 421 89
72 370 79
72 476 16
72 469 19
72 571 53
72 601 4
72 575 27
72 618 94
72 448 15
72 418 84
72 403 53
73 494 93
74 503 44
74 645 94
74 582 76
74 563 5
74 465 19
74 397 29
74 419 80
74 468 67
74 497 40
74 389 87
75 515 23
75 413 38
75 581 50
75 598 4
75 438 78
75 432 45
75 397 86
75 391 14
75 522 96
75 548 39
75 351 74
75 481 55
76 462 47
76 458 29
76 450 9
76 408 24
76 553 22
76 554 60
76 481 93
76 349 41
76 587 72
76 531 79
76 490 96
76 426 36
76 526 22
77 548 29
77 533 94
77 650 44
77 600 29
77 676 12
77 429 17
77 642 55
77 434 29
77 510 2
77 386 56
77 677 77
77 668 68
77 661 50
78 423 25
78 652 82
78 642 9
78 449 2
78 631 87
79 637 15
80 408 20
80 612 89
80 641 48
80 605 48
80 626 96
80 580 95
80 439 8
80 521 20
80 610 74
80 459 98
80 546 16
80 555 44
80 570 41
81 372 15
81 401 81
81 686 50
81 376 50
81 645 43
81 412 85
81 558 84
81 574 23
81 583 20
81 518 26
81 595 45
81 512 72
81 576 31
82 674 55
82 592 72
82 668 35
82 608 12
82 564 33
82 590 71
82 686 91
82 383 82
82 521 17
83 505 33
84 645 80
84 375 47
84 416 48
84 558 33
84 463 5
84 594 96
84 551 80
84 355 30
84 618 86
84 397 13
84 643 36
84 673 53
84 690 68
85 547 75
85 387 32
85 406 65
85 436 16
85 380 3
85 462 91
85 353 99
85 591 63
85 545 3
85 366 76
85 489 65
86 689 41
86 677 36
86 658 84
86 687 62
86 578 66
86 670 44
86 569 52
86 365 59
86 465 98
86 532 49
86 507 69
86 374 3
86 404 95
87 659 53
88 624 80
88 626 26
88 647 39
88 692 96
88 616 59
88 658 59
88 391 94
88 674 2
88 433 4
89 392 60
89 624 79
89 402 67
89 528 55
89 398 89
89 418 90
89 524 17
89 603 69
89 571 78
89 395 71
89 629 82
89 516 91
89 671 68
89 453 12
89 673 19
90 364 64
90 578 42
90 381 61
90 379 77
90 500 55
91 664 19
91 616 7
91 416 29
91 494 70
91 368 63
91 379 22
92 359 66
92 361 60
92 494 67
92 685 43
92 526 17
92 439 70
92 411 39
92 352 32
92 457 25
92 654 83
92 577 98
92 444 88
92 436 63
93 693 68
93 458 81
93 674 79
93 588 91
93 641 32
93 520 13
93 376 61
93 418 13
94 400 14
94 651 21
94 589 32
94 492 17
94 436 98
94 609 17
94 679 47
94 621 85
94 505 53
94 572 50
94 635 96
94 385 92
94 617 67
95 683 25
96 582 57
96 424 3
96 360 35
96 469 55
96 425 12
96 502 52
96 633 37
96 412 86
96 654 35
96 669 65
96 506 53
96 440 98
97 425 10
97 557 73
97 606 39
97 638 15
97 416 97
97 442 57
97 382 2
97 635 10
97 645 52
97 673 39
97 441 35
98 381 27
98 420 18
98 570 53
98 499 92
98 487 47
98 424 72
99 689 33
99 660 3
99 407 96
99 445 95
100 646 43
101 596 25
101 367 77
101 525 57
101 535 77
101 465 2
101 451 9
101 588 76
101 366 28
101 428 85
101 364 67
102 444 64
102 550 1
103 649 8
103 688 73
103 635 46
103 448 38
103 617 53
103 691 40
103 393 90
103 430 58
103 411 72
103 611 18
103 515 67
103 594 9
104 448 37
104 641 58
104 366 60
104 460 90
105 689 15
105 549 3
105 543 63
105 363 57
105 458 3
105 557 66
105 687 49
105 585 62
106 471 58
106 392 21
106 572 56
106 507 93
106 388 34
106 670 25
106 470 53
106 694 68
106 445 62
107 521 17
107 515 46
107 653 19
107 611 1
107 368 34
107 569 80
107 381 62
107 488 6
107 423 37
107 410 71
107 601 7
107 484 10
107 453 48
107 350 40
108 634 43
108 578 49
108 526 85
108 589 13
109 455 83
109 378 5
109 438 7
109 554 97
109 489 41
109 472 25
109 370 84
109 610 79
109 409 32
109 668 84
109 594 97
109 464 25
109 495 48
110 376 65
110 377 99
111 545 46
111 438 21
111 686 13
112 446 41
112 638 89
112 628 81
112 651 22
112 684 1
112 636 52
112 571 66
112 423 95
112 451 43
112 441 52
112 641 11
112 454 80
112 514 13
112 547 45
113 425 48
113 448 13
113 471 70
113 594 63
113 547 56
113 468 19
113 428 5
114 514 94
114 485 17
114 687 54
114 416 48
114 671 78
115 575 9
115 382 13
115 436 24
116 671 41
116 358 11
116 437 3
116 508 20
116 601 30
116 502 8
116 533 96
116 497 32
116 536 61
116 655 4
116 575 55
117 359 32
117 678 46
117 536 82
117 582 32
117 650 69
117 657 52
117 422 71
117 542 52
117 488 77
117 535 36
117 366 94
117 534 36
117 462 89
118 695 2
118 569 8
118 597 46
118 369 72
118 573 27
118 408 74
118 554 23
118 550 43
119 538 54
119 403 71
119 615 2
119 544 42
119 666 8
119 409 61
119 398 82
119 630 37
119 470 51
120 560 80
120 475 9
120 357 60
120 578 2
120 438 87
120 451 58
120 615 13
120 657 85
120 592 84
120 462 96
121 689 8
121 600 56
121 394 35
121 435 88
121 504 47
121 662 74
122 515 13
122 430 18
122 516 23
122 445 62
122 506 25
122 486 5
122 695 87
122 527 81
122 384 12
122 461 77
122 454 74
123 438 80
123 603 90
123 593 62
123 657 90
123 600 88
123 388 16
124 688 26
124 508 55
124 616 86
124 655 76
124 449 88
124 659 14
124 437 50
124 406 33
124 546 87
124 500 43
124 569 77
124 458 15
124 511 87
124 444 19
124 497 83
125 389 55
125 407 67
125 464 94
125 667 43
125 569 60
126 608 75
126 416 27
126 502 76
126 552 22
126 458 78
126 372 90
126 578 10
126 444 83
126 640 32
126 492 95
127 515 22
127 672 6
127 438 20
128 472 41
128 416 10
128 483 33
128 417 60
128 429 98
128 498 25
128 376 5
128 512 72
128 352 29
128 640 37
128 386 61
129 489 10
129 553 66
129 599 24
129 484 59
129 419 91
129 466 26
129 456 23
129 598 67
129 549 48
129 501 28
129 595 40
129 414 98
130 451 78
130 557 65
130 426 97
130 412 98
130 693 5
130 470 66
130 407 2
130 564 92
131 688 21
131 678 72
131 598 95
131 489 47
131 431 9
131 580 50
131 601 94
131 499 69
131 609 70
131 421 39
131 438 88
132 390 46
132 356 89
132 674 16
132 397 12
132 564 12
132 538 66
132 396 51
132 668 92
132 519 7
132 632 72
132 352 55
133 396 58
133 516 92
133 434 1
133 637 11
133 645 55
133 614 95
133 579 1
133 622 27
133 636 99
133 608 7
133 504 28
134 675 45
134 374 41
134 366 38
134 645 71
134 351 77
134 683 50
134 477 41
134 681 32
135 559 53
135 516 97
135 418 9
135 436 39
136 604 93
136 567 10
136 516 63
136 644 53
136 518 85
136 395 32
136 594 54
136 585 74
136 384 94
136 413 20
136 560 66
136 661 15
137 549 3
137 513 46
137 650 98
137 479 95
137 504 98
137 420 68
138 521 44
138 449 39
138 666 82
138 533 19
138 503 44
138 369 74
138 514 74
138 534 41
138 349 88
139 550 1
140 359 51
141 454 75
142 439 20
142 458 57
142 622 49
142 438 53
142 688 7
142 651 2
142 478 91
142 489 42
142 371 16
142 670 94
142 480 46
142 620 33
142 606 33
142 386 26
142 567 74
143 574 24
143 414 69
143 394 31
143 416 52
143 675 46
143 683 33
143 589 84
143 420 54
143 547 70
143 412 57
143 500 75
143 358 65
144 494 88
144 536 79
144 407 45
144 658 44
144 389 53
144 439 23
144 579 20
144 679 1
144 548 10
144 568 65
144 668 50
144 526 40
144 511 96
144 530 4
145 591 57
145 625 53
145 661 50
145 495 93
145 618 50
145 473 86
145 642 19
145 665 1
145 386 51
145 363 71
145 453 57
146 396 49
146 366 6
146 489 42
146 587 35
146 676 4
146 479 79
146 407 95
146 524 32
146 641 36
146 562 4
147 694 63
147 476 70
147 399 50
147 592 93
147 564 10
147 523 14
147 446 25
147 497 65
147 521 58
147 408 19
147 685 91
147 527 55
147 620 42
148 353 76
148 437 31
148 537 5
148 550 76
148 569 8
149 643 89
150 570 46
150 532 88
150 662 29
150 407 73
150 679 86
150 690 4
150 395 17
150 453 77
150 354 66
150 643 7
150 378 86
150 677 55
150 664 9
151 568 60
152 426 1
152 491 93
152 638 83
152 563 99
152 630 99
152 507 40
152 409 73
152 536 93
152 567 36
152 486 93
153 391 53
153 567 66
153 672 94
153 421 64
153 541 66
153 351 4
153 410 98
153 604 3
153 565 87
153 628 42
153 505 89
153 542 15
153 454 35
153 451 97
154 402 64
154 391 89
154 498 93
155 483 36
155 683 59
155 566 59
155 657 71
155 472 64
155 427 83
155 429 94
155 428 41
155 351 82
155 411 48
155 471 6
155 474 77
155 538 68
156 367 17
156 353 53
156 583 53
156 380 35
156 570 21
156 535 21
156 674 10
156 602 52
156 461 11
157 648 62
158 646 8
158 533 84
158 461 67
158 562 66
158 454 71
158 366 85
158 387 59
158 624 86
158 352 35
158 685 11
158 523 46
158 608 37
159 692 34
159 460 76
159 621 23
159 407 88
159 541 83
159 442 99
159 502 23
159 665 84
159 349 55
160 446 93
160 530 26
160 371 19
160 519 26
161 664 37
161 578 62
161 571 99
161 562 76
161 357 44
161 551 80
161 478 41
161 594 25
161 486 96
161 655 52
161 454 86
161 436 96
161 611 18
162 379 24
162 528 56
162 673 24
162 529 62
162 575 70
162 423 66
162 402 23
162 544 79
162 618 19
163 494 76
163 651 13
163 646 32
163 446 38
163 364 10
163 380 30
163 431 27
163 545 8
163 423 14
163 658 59
163 472 48
163 463 40
164 599 34
164 695 23
164 563 59
164 564 10
164 654 91
164 618 30
164 583 5
164 686 13
164 415 37
164 402 25
164 508 36
164 404 92
164 616 66
164 555 76
165 641 67
165 586 61
165 610 92
165 382 24
165 650 59
165 652 96
165 561 47
165 597 18
165 529 86
166 649 86
166 455 45
166 572 6
166 606 71
166 361 12
166 651 97
166 414 89
167 567 38
167 423 27
167 532 48
167 361 77
167 557 89
167 445 33
167 623 64
167 383 53
167 620 78
167 427 37
167 598 18
167 486 66
168 445 81
168 523 51
169 601 76
169 534 40
169 396 72
169 438 33
169 510 63
169 355 66
169 386 15
169 446 90
169 383 1
169 416 52
169 353 92
170 360 16
170 428 37
170 402 72
170 449 64
170 443 85
170 488 59
170 397 93
170 480 15
171 629 48
172 513 87
172 457 10
173 380 44
173 483 88
173 697 86
173 391 34
173 455 96
173 553 40
173 629 45
173 680 22
173 354 78
173 525 80
173 603 37
173 674 35
174 561 11
174 386 6
174 435 34
174 675 38
174 490 49
175 459 31
175 372 74
175 541 48
175 373 26
176 392 96
176 600 85
176 396 74
176 582 96
176 670 91
176 505 88
177 678 92
177 592 77
177 672 25
177 601 51
177 446 34
177 689 64
177 659 67
177 498 95
177 581 83
177 377 46
178 575 29
178 543 70
178 467 75
178 384 45
179 442 78
179 619 73
179 651 12
179 585 79
179 421 3
179 696 62
179 592 59
179 537 52
180 549 22
180 696 44
180 552 83
180 505 73
180 585 40
181 381 83
181 369 48
181 372 4
181 693 13
181 558 38
182 483 6
182 686 52
182 683 53
182 529 45
182 641 54
182 575 30
182 693 4
182 467 70
182 496 43
182 651 10
182 623 50
183 561 91
183 647 20
183 661 61
183 367 99
183 617 3
183 508 48
183 680 23
183 697 73
183 483 94
183 492 93
184 691 29
184 455 29
184 690 41
184 694 56
184 627 80
184 390 68
184 555 60
184 520 25
184 472 84
184 523 48
184 644 80
185 630 33
185 665 91
185 405 65
185 478 24
185 469 92
185 597 34
185 419 20
185 659 82
185 595 76
185 422 32
185 684 20
185 642 50
185 635 2
185 484 30
186 449 25
187 361 23
187 558 74
187 452 37
187 689 35
187 440 25
187 690 30
187 422 18
187 648 44
187 579 76
187 414 23
188 639 12
188 480 89
188 500 73
188 390 62
189 688 43
189 379 46
189 399 59
189 561 61
189 378 70
189 559 58
189 449 29
189 413 96
189 530 76
189 349 11
189 617 15
189 468 3
190 407 91
190 492 19
190 376 62
191 656 10
191 459 79
191 662 40
191 540 26
191 666 56
192 672 45
192 680 86
192 527 87
192 588 49
192 531 24
192 691 51
192 369 15
192 463 47
192 619 88
193 376 1
193 645 80
193 453 44
193 661 46
193 585 21
193 532 33
193 499 85
193 458 61
193 388 88
193 507 32
193 439 71
193 422 95
193 652 26
194 521 97
194 620 26
194 398 21
194 533 23
194 389 39
194 425 99
194 423 82
194 371 67
194 537 43
195 548 72
195 669 63
195 615 18
195 420 17
195 509 57
195 583 58
195 695 10
195 523 38
195 369 19
195 460 43
196 413 82
196 566 9
197 657 75
197 553 31
197 501 70
197 507 56
197 449 70
197 599 86
198 625 76
198 416 49
199 641 90
199 534 9
199 639 55
199 579 60
199 565 20
199 651 88
199 622 61
199 614 28
199 585 2
199 355 12
199 681 16
199 528 65
200 665 22
200 696 58
200 554 9
200 424 81
200 477 29
200 579 5
200 409 75
200 582 27
200 683 51
201 398 51
201 430 13
201 570 28
201 619 14
201 562 18
201 437 23
201 523 95
201 551 51
201 621 66
201 602 69
201 355 14
201 476 6
201 672 18
201 641 52
202 655 63
202 416 9
202 535 58
202 471 96
202 525 69
202 560 97
203 478 81
203 361 37
203 533 8
203 508 28
203 592 17
203 523 86
203 597 17
204 355 23
204 376 89
205 568 28
205 590 66
205 498 11
205 693 49
205 380 97
205 409 40
205 525 96
205 410 27
205 502 46
205 623 3
205 534 65
205 538 66
205 372 77
206 657 35
206 519 43
206 512 3
206 572 59
206 460 4
206 506 7
206 452 45
206 606 72
206 649 70
206 557 8
206 435 7
206 402 30
207 697 69
207 651 15
207 575 6
207 596 1
207 677 96
207 518 31
207 453 6
207 399 73
207 665 61
208 384 39
208 474 3
208 643 4
208 464 56
208 406 21
208 428 13
208 553 67
208 524 81
208 693 12
208 484 94
208 680 4
208 564 32
208 427 5
208 580 2
209 614 64
209 498 26
209 464 57
209 682 82
209 546 11
209 484 78
210 355 17
210 680 57
210 411 58
210 548 4
210 532 20
210 375 29
210 555 25
210 369 91
210 617 27
210 559 49
210 689 71
210 557 60
210 476 92
211 514 16
211 391 96
211 395 40
211 526 99
211 444 4
212 439 83
212 615 94
213 481 77
213 573 90
213 692 58
213 465 14
213 411 3
213 368 98
213 686 65
213 415 14
213 467 41
213 524 75
214 468 40
214 661 48
214 402 95
214 556 95
215 526 45
215 667 81
215 673 45
215 565 99
215 469 37
215 573 91
215 567 87
215 453 76
215 382 55
215 448 63
215 456 23
216 504 44
216 450 39
216 451 88
217 438 5
217 468 24
217 627 26
217 673 54
217 538 99
217 608 17
217 492 1
217 350 26
217 628 98
218 570 44
218 381 1
218 386 21
218 676 63
218 550 12
218 686 50
218 536 51
219 616 10
219 412 24
219 464 65
219 399 97
219 440 71
219 606 16
219 354 95
219 587 1
219 431 66
219 660 91
219 609 8
219 617 1
219 608 36
220 422 95
221 378 90
221 541 59
221 472 60
221 580 77
221 405 9
221 615 18
221 523 49
221 671 85
221 634 49
221 674 78
221 351 94
222 416 20
222 404 82
222 595 1
222 468 98
222 579 17
222 572 29
222 532 75
222 387 27
223 387 5
223 377 54
223 370 99
223 667 78
224 526 42
224 529 17
224 438 89
224 360 29
224 582 26
224 554 87
224 657 8
224 499 10
224 646 1
224 358 90
224 562 4
224 653 54
224 573 41
225 587 61
226 463 86
226 464 4
226 604 33
226 517 3
226 520 24
226 375 74
226 413 86
227 386 3
227 385 52
227 531 33
227 383 94
227 496 2
227 689 50
227 512 63
228 611 32
228 455 74
228 437 31
228 691 42
228 582 91
229 440 81
229 495 18
229 575 60
229 614 19
229 455 88
229 586 23
229 603 98
229 623 41
229 696 69
229 531 94
229 498 29
229 644 79
230 611 47
230 463 57
230 498 55
230 476 42
230 500 72
230 464 94
230 646 2
230 672 30
230 546 25
230 371 92
230 623 39
230 351 65
231 544 57
231 459 34
231 391 25
231 467 37
231 610 45
231 593 77
231 606 27
231 538 59
231 372 61
231 457 62
231 640 60
231 603 43
231 617 26
231 525 84
232 460 44
232 386 79
232 349 26
232 582 33
232 550 17
232 415 9
232 598 23
232 686 53
232 462 48
232 676 45
232 635 95
233 633 21
233 647 59
233 592 79
233 472 29
233 650 13
233 612 66
233 498 88
233 391 79
233 492 95
233 581 61
234 618 55
234 603 98
234 386 61
234 432 96
234 588 91
234 354 68
234 556 70
234 571 18
234 580 84
234 637 96
235 560 13
235 508 16
235 371 87
236 499 51
236 588 23
237 471 4
237 626 92
237 488 75
237 673 30
237 367 42
237 670 4
237 589 86
237 478 79
237 683 42
237 688 24
237 689 19
237 467 47
237 483 30
238 577 49
238 505 96
238 428 71
238 677 63
239 681 31
239 359 23
239 680 89
239 604 81
239 454 65
239 403 36
239 636 25
239 572 41
240 432 53
240 449 36
240 608 63
240 461 48
241 445 83
241 369 6
241 652 71
241 439 29
241 643 7
241 585 9
241 413 74
241 541 14
241 459 50
241 565 53
241 579 58
242 503 68
242 666 19
242 681 20
242 351 73
242 641 73
243 684 21
243 605 40
243 633 69
244 371 87
244 383 26
244 618 49
244 428 85
244 447 65
244 502 62
244 394 42
245 428 39
245 576 56
245 557 50
245 386 89
245 421 89
245 622 68
245 415 23
245 482 32
245 441 59
245 448 19
245 488 47
246 659 18
246 387 24
246 572 41
246 639 23
246 482 58
246 603 14
246 452 78
246 429 65
246 506 21
246 547 62
246 475 45
247 509 63
248 629 52
248 405 20
248 373 14
248 505 67
248 664 75
248 388 23
248 413 34
248 484 21
248 486 7
248 352 67
249 465 65
249 594 69
249 407 18
249 634 63
249 507 61
249 667 64
249 585 89
249 384 46
249 528 87
249 682 60
250 677 55
250 644 26
250 541 4
250 398 17
250 662 28
250 425 65
250 579 67
251 554 36
251 575 7
251 541 99
251 690 41
251 359 79
252 633 93
252 481 93
252 449 98
252 533 69
252 524 76
253 568 2
253 386 48
253 366 9
253 358 25
253 393 97
253 493 41
253 697 51
253 577 58
253 587 72
253 584 5
253 474 94
254 645 52
254 594 14
254 394 76
255 471 74
255 687 74
255 448 84
255 408 8
255 605 26
255 599 17
255 396 96
255 587 39
255 402 11
255 415 55
256 397 98
256 382 14
256 452 7
256 364 26
256 548 85
256 352 75
256 432 25
256 637 65
256 639 92
256 627 88
256 532 87
256 354 98
257 425 78
257 350 36
257 560 57
257 667 85
257 450 53
257 491 58
257 394 56
257 462 60
258 424 73
258 358 83
258 459 93
259 464 24
259 692 67
259 667 5
259 688 9
260 654 85
260 676 73
260 566 52
260 648 79
260 543 63
260 484 37
261 623 54
261 394 27
261 562 84
261 654 34
261 452 25
261 629 72
261 637 96
261 682 80
261 627 30
261 680 60
262 388 26
262 426 88
262 486 76
262 608 95
262 369 49
262 510 50
262 682 40
262 656 64
262 442 39
262 602 82
262 463 50
263 438 82
263 668 15
263 649 20
263 500 83
263 575 59
263 375 80
263 650 66
263 474 39
263 504 91
263 425 40
263 447 10
264 445 25
264 529 61
264 506 25
264 659 10
264 493 72
264 418 52
264 475 28
264 504 85
265 437 59
265 627 80
265 610 43
265 687 23
265 394 67
265 655 35
266 664 90
266 585 9
266 390 60
267 508 35
267 506 33
267 473 88
267 683 40
267 500 80
267 477 86
267 411 71
267 655 12
267 675 65
267 554 50
267 447 65
267 660 91
267 677 31
267 659 41
268 538 38
268 353 21
268 371 17
268 512 64
268 372 16
268 476 71
268 657 39
269 349 78
269 390 87
269 387 36
269 510 53
269 529 24
270 595 70
270 508 40
270 617 91
271 480 53
271 365 49
272 405 69
272 520 71
272 507 6
272 364 5
272 356 59
272 518 51
272 527 69
272 625 44
272 688 74
272 665 54
272 631 98
272 377 8
272 581 2
273 399 62
273 641 93
273 422 29
273 366 39
273 537 5
273 549 3
274 472 51
274 642 71
274 462 75
275 579 38
275 585 21
275 429 57
275 395 45
275 527 52
275 625 87
275 545 57
275 642 16
275 573 32
275 481 20
275 531 13
275 562 2
275 497 96
275 365 20
276 478 25
276 524 37
276 359 79
276 423 69
276 454 48
276 481 20
276 646 41
276 650 18
276 544 41
276 564 70
276 367 86
276 641 74
276 514 59
277 630 94
277 575 32
277 393 35
277 396 89
277 475 2
277 447 77
277 579 94
277 509 34
277 388 85
277 434 47
278 356 14
278 682 99
278 565 81
278 427 87
279 350 59
279 579 22
279 419 78
279 576 95
279 462 1
279 568 66
279 357 74
279 532 5
279 630 3
279 633 25
279 582 33
279 528 4
280 606 51
280 602 34
280 476 21
280 688 79
280 548 87
280 654 59
280 517 78
280 449 28
280 587 63
280 374 84
280 380 97
280 643 31
280 547 11
280 383 24
280 368 3
281 638 86
281 665 39
281 676 89
282 619 66
282 366 70
282 410 66
282 443 32
282 354 82
282 517 95
283 385 63
284 543 74
284 694 85
284 562 9
284 399 85
284 526 89
284 480 29
284 530 10
284 654 57
284 366 98
284 483 27
285 608 60
285 522 13
285 460 6
285 553 60
285 388 54
285 631 22
285 613 53
285 534 25
285 687 74
285 483 25
285 689 48
285 666 85
286 391 76
286 410 63
286 589 87
286 541 65
286 381 14
286 682 59
286 380 62
286 647 37
286 481 19
286 585 52
286 393 25
287 515 17
287 592 13
288 600 73
289 441 69
289 621 43
289 530 73
289 416 55
289 575 87
289 446 73
289 603 13
289 554 97
289 404 42
290 601 73
290 519 34
290 396 29
290 426 13
291 376 49
291 657 13
291 356 8
291 464 8
291 588 70
291 687 15
291 621 89
291 381 10
291 451 45
292 475 98
292 634 24
292 416 16
292 523 50
292 571 94
292 387 61
292 592 8
292 631 9
292 500 88
292 391 88
292 484 48
292 536 80
292 514 52
293 683 11
293 684 51
293 675 19
293 609 37
293 476 74
293 477 72
293 433 78
293 508 22
293 539 14
293 351 32
293 556 84
293 584 47
293 603 14
293 360 25
294 518 12
294 588 44
294 428 54
294 454 2
294 448 23
294 510 64
294 535 25
294 379 45
294 531 49
295 358 40
295 585 37
296 384 79
296 484 51
296 589 90
296 469 34
296 540 85
296 500 45
296 602 81
296 352 32
296 643 97
296 470 3
296 672 56
297 390 88
297 475 33
297 575 41
297 521 18
297 364 32
297 500 24
297 686 84
297 619 92
298 571 32
298 526 4
298 405 81
298 431 37
298 414 95
298 500 64
298 497 34
298 653 87
298 493 26
298 575 17
298 467 27
298 590 65
298 537 2
298 472 79
299 459 1
299 435 94
299 392 22
300 456 88
300 543 87
300 572 29
300 467 86
300 453 4
301 407 16
301 384 16
301 658 22
301 556 56
301 515 56
301 580 21
301 370 61
301 663 6
301 639 33
301 511 2
301 656 61
301 532 57
302 475 9
302 697 34
303 397 98
303 499 15
303 592 94
303 554 70
303 639 52
304 351 58
304 520 56
304 411 15
304 626 71
304 457 37
304 583 54
304 512 9
304 458 33
304 697 46
305 650 95
305 508 43
305 356 36
306 537 56
306 445 7
306 675 28
306 692 88
306 446 65
307 596 15
307 659 40
307 445 9
307 624 13
307 396 27
307 615 20
307 452 84
307 350 25
307 494 5
307 421 45
307 573 71
308 554 67
308 381 96
308 486 8
308 493 93
308 586 18
308 472 76
308 485 29
308 499 47
308 530 1
308 511 45
308 597 84
308 580 2
308 577 47
308 467 88
308 581 15
309 649 10
309 521 89
309 597 66
309 457 6
309 363 51
309 652 80
309 390 45
309 423 33
309 484 99
309 578 55
309 539 61
309 479 40
310 661 32
310 624 36
310 532 31
310 402 46
310 526 33
310 500 10
310 432 38
311 650 66
311 437 49
311 569 88
312 474 50
312 414 18
312 496 79
312 545 77
312 393 81
312 517 88
312 569 21
312 432 31
312 543 38
312 597 62
312 673 24
312 488 12
312 665 11
313 689 95
313 411 59
313 358 99
313 356 94
313 630 91
313 354 22
313 686 64
313 567 8
313 585 38
313 414 57
313 527 37
314 665 97
314 497 12
314 564 69
315 433 99
315 377 52
315 495 92
315 587 10
315 591 23
315 575 66
315 440 21
315 410 39
315 391 48
315 607 26
315 427 73
315 466 98
315 376 57
315 556 13
316 559 69
316 598 18
316 440 99
316 686 16
316 641 20
316 429 26
316 636 36
316 653 86
316 486 33
316 544 16
316 609 46
316 480 44
317 466 85
317 528 80
317 420 12
317 566 61
317 544 42
317 513 80
317 645 70
317 691 19
317 427 22
317 360 78
318 533 46
318 615 52
318 644 2
318 588 46
318 445 89
319 449 56
319 558 12
319 555 73
319 613 21
319 538 92
319 415 65
319 406 52
319 576 39
319 405 21
319 352 57
319 438 21
319 540 77
320 391 85
320 680 34
320 444 13
320 574 20
320 641 77
321 536 64
321 559 78
321 620 80
321 560 40
321 609 28
321 618 87
321 481 83
321 586 92
321 691 29
321 501 39
322 483 90
322 397 90
323 576 72
323 444 47
323 400 14
323 622 74
323 648 36
323 626 79
323 462 75
323 363 60
323 687 94
324 509 53
324 555 79
324 500 34
324 675 41
324 667 91
324 465 5
325 389 22
325 351 4
325 376 84
325 606 84
326 526 9
326 695 58
326 644 68
327 405 88
327 526 24
327 413 65
327 423 49
327 379 29
327 567 24
327 390 89
327 680 28
327 571 64
327 645 27
327 628 61
327 520 49
327 624 49
327 364 10
327 447 7
328 569 3
328 481 49
328 400 54
328 402 38
328 466 60
328 504 82
328 617 11
328 575 98
329 682 47
329 480 99
329 369 36
330 527 83
330 615 62
330 403 89
330 675 45
330 652 54
330 570 82
330 633 32
330 647 4
330 612 59
330 457 90
330 639 10
330 514 87
330 517 51
331 371 51
331 534 70
331 615 67
331 463 88
331 685 53
332 433 73
332 525 92
332 394 42
332 643 94
332 590 15
332 575 1
332 598 35
332 607 31
332 535 70
332 359 98
332 395 85
332 435 77
333 381 25
334 378 19
334 574 50
335 669 92
335 492 41
335 512 27
335 572 39
335 655 20
335 373 72
335 458 78
335 585 17
335 647 46
336 595 51
336 390 17
336 495 93
337 493 62
337 440 4
337 563 87
337 350 89
337 569 16
337 457 22
337 433 46
337 426 74
337 669 7
337 374 94
338 601 88
338 411 48
338 553 88
338 494 10
338 485 24
339 690 13
339 657 34
339 421 18
340 542 81
340 463 65
340 559 90
340 568 37
340 369 59
340 533 10
340 353 43
341 546 28
341 360 69
341 494 80
341 561 94
341 525 76
341 640 96
341 626 44
341 515 98
341 390 8
341 506 73
341 465 28
341 457 83
342 521 9
342 486 70
342 460 55
342 402 79
342 660 45
342 603 44
342 440 97
342 511 53
342 690 79
342 430 50
343 424 11
343 649 49
343 675 66
343 353 82
344 549 28
344 621 69
344 429 51
344 497 3
344 471 25
344 363 44
345 388 77
345 584 47
345 610 87
345 566 53
345 668 65
345 366 79
345 532 30
345 540 98
345 661 44
345 597 50
345 370 81
345 675 36
345 448 96
345 515 29
346 628 25
346 611 48
346 464 26
347 455 86
347 412 46
347 487 93
347 449 61
347 688 57
347 649 63
347 510 78
347 608 59
347 655 32
348 377 29
348 443 94
348 398 68
348 472 75
348 493 47
348 362 5
348 424 49
348 690 83
348 572 6
