509 2108
1 507 88
1 320 16
2 438 23
2 417 86
2 481 94
2 436 78
2 442 10
2 426 81
2 389 57
2 309 92
2 300 66
2 263 13
2 277 33
2 326 8
2 493 81
3 301 56
3 316 82
3 449 65
3 351 94
3 372 1
3 401 98
3 393 56
3 485 5
3 385 56
4 378 11
4 443 70
4 444 98
4 360 85
4 261 55
4 352 98
4 283 63
4 358 12
4 362 26
5 323 28
5 403 6
5 392 83
6 396 17
6 349 61
6 489 78
6 301 28
6 289 53
6 346 26
6 481 6
6 433 66
7 286 67
7 495 64
7 447 98
7 431 64
7 441 22
7 389 49
7 429 24
7 328 58
7 463 87
7 287 35
7 332 41
7 313 33
7 508 11
7 491 67
7 284 76
8 458 24
8 490 79
8 428 24
9 446 27
9 336 58
9 408 29
9 433 54
9 327 86
9 464 5
9 277 3
9 421 97
9 347 39
9 450 22
9 293 86
9 432 66
9 454 48
10 412 72
10 374 50
10 323 39
10 430 88
10 352 46
10 479 71
10 442 35
10 483 64
10 370 6
10 315 75
10 317 6
11 367 25
11 460 91
11 507 87
11 340 73
11 366 72
11 308 50
11 468 84
11 304 54
12 268 49
12 358 29
12 486 99
12 366 47
12 262 37
12 491 13
13 504 77
14 369 94
14 305 62
14 334 24
14 419 11
14 489 3
14 283 71
14 392 21
14 458 87
14 286 68
14 473 82
15 293 71
15 373 79
15 265 30
15 321 52
15 420 45
15 471 60
15 349 22
15 364 83
15 436 24
15 378 30
15 495 95
15 408 18
15 462 30
15 288 26
16 326 89
16 375 37
16 367 32
16 435 18
17 356 19
17 376 73
17 414 3
17 458 2
17 347 75
17 288 68
17 296 77
17 272 73
17 312 40
17 483 95
17 360 72
17 437 34
17 340 5
17 493 4
17 302 19
18 348 90
18 420 2
18 456 70
18 300 54
18 396 3
18 413 5
18 322 69
18 287 78
18 383 64
19 382 14
19 385 83
19 435 82
19 466 76
19 272 32
19 345 98
19 360 21
19 481 65
19 374 40
20 468 4
20 316 69
20 484 95
20 387 80
20 430 69
20 332 4
20 306 62
20 462 74
20 273 71
20 313 20
20 323 27
21 495 12
21 414 90
21 487 25
21 465 91
21 421 99
21 389 39
21 360 24
21 453 19
21 309 83
21 382 30
21 330 13
21 450 49
21 416 94
21 420 39
22 355 88
22 466 91
22 269 86
22 331 2
22 369 41
22 373 42
23 446 74
23 287 7
23 324 94
23 380 1
23 319 35
23 361 23
23 369 11
24 324 32
25 413 67
25 399 92
25 275 28
25 489 33
25 316 49
26 480 52
26 375 52
26 431 23
26 372 58
26 341 90
26 495 76
26 288 93
26 264 74
26 494 2
26 460 82
27 258 10
27 492 90
27 463 20
27 359 1
27 365 41
27 478 80
27 454 13
27 274 75
27 352 73
27 264 31
27 295 78
27 346 52
27 449 5
27 368 96
27 261 24
28 257 57
28 276 77
28 326 29
28 376 92
28 405 52
28 344 90
28 360 2
29 452 80
29 268 1
29 360 43
29 301 86
29 412 66
29 353 33
29 371 96
29 334 25
29 411 48
29 373 67
29 265 73
29 342 24
29 384 84
29 308 11
29 289 16
30 289 22
30 297 69
30 337 51
30 471 54
31 340 18
31 432 55
31 483 2
31 489 71
32 497 99
32 422 47
32 339 27
32 355 35
32 424 34
32 387 99
32 470 64
32 417 82
32 351 49
32 373 91
32 407 8
32 371 10
32 509 20
32 403 58
33 445 54
33 331 15
33 357 79
33 428 79
33 491 49
33 459 83
33 497 11
33 274 79
33 341 80
33 362 12
33 262 14
33 398 42
33 423 55
34 345 60
34 386 41
34 322 98
34 490 73
34 385 47
34 383 78
34 421 30
35 272 43
35 350 39
35 464 39
35 424 98
35 401 62
36 444 25
36 391 83
36 436 85
36 337 24
36 322 33
36 373 76
36 405 1
36 355 96
36 380 64
36 315 15
36 450 37
36 273 75
37 403 39
38 503 7
38 416 19
38 498 60
38 301 21
38 305 67
38 261 15
38 496 21
38 340 92
38 391 45
38 379 5
38 275 41
38 304 51
38 373 19
38 314 60
39 321 32
39 313 89
39 305 15
39 339 16
39 459 75
39 436 80
39 434 17
39 330 24
39 472 99
39 499 26
39 261 55
40 366 48
40 382 35
40 273 13
41 279 46
41 444 91
41 476 45
41 378 5
41 350 23
42 458 35
42 306 41
42 299 60
42 468 69
42 302 23
42 324 72
42 286 25
42 296 78
42 373 70
42 351 80
42 383 79
43 460 44
43 318 72
43 302 14
43 321 16
43 491 69
43 422 7
43 505 49
43 342 99
43 271 61
43 489 94
43 334 22
43 351 82
43 267 20
44 285 35
44 299 65
44 290 19
44 327 79
44 507 8
44 453 47
44 472 53
44 374 59
44 391 37
45 391 28
45 476 83
45 282 20
45 491 72
45 440 21
45 457 92
45 398 43
45 419 51
45 421 3
45 406 46
46 464 43
46 280 20
46 467 81
46 462 82
46 308 35
46 383 19
46 263 44
46 423 39
46 478 42
46 482 46
46 458 44
47 410 29
47 293 13
47 496 58
47 261 41
47 300 35
47 353 57
47 440 54
47 507 45
47 341 70
47 436 24
47 404 28
48 394 21
49 412 8
50 346 45
50 424 30
50 439 96
50 371 97
50 480 86
51 273 57
51 332 56
51 374 10
51 454 91
51 324 76
52 460 40
52 423 99
52 436 54
52 442 82
52 275 84
52 382 60
52 452 64
52 453 8
52 451 12
52 352 14
52 321 92
52 491 99
52 408 71
53 283 62
53 386 31
53 282 85
53 447 35
53 423 89
53 368 6
54 354 33
54 386 22
54 312 16
54 274 99
54 339 73
54 440 38
54 472 5
55 438 23
55 435 47
55 409 53
55 370 84
55 298 89
55 390 34
55 268 37
55 478 37
55 507 19
55 504 41
55 267 81
55 327 74
55 468 69
55 382 85
56 357 6
56 457 17
56 472 16
56 389 7
56 302 15
56 397 45
56 304 59
56 437 35
56 285 66
56 466 1
56 358 22
56 360 67
56 291 4
56 378 59
56 423 54
57 452 24
57 490 1
57 485 80
57 267 45
57 426 80
57 422 38
57 376 18
57 365 54
57 464 27
57 270 25
57 418 59
57 285 63
58 411 35
58 296 43
58 401 90
58 482 5
58 392 61
58 465 20
58 326 21
58 376 27
58 306 6
58 424 99
58 335 92
58 389 58
59 378 92
59 413 45
59 449 88
59 285 80
59 486 53
59 355 63
59 339 22
59 313 31
59 325 78
59 347 82
59 493 94
59 370 41
59 332 1
59 445 30
59 336 89
60 434 47
60 287 88
60 489 63
60 274 89
60 495 82
60 384 56
60 425 82
61 388 25
61 409 91
61 423 75
61 351 95
61 324 61
61 401 47
61 320 82
61 404 32
61 428 49
61 298 24
61 472 8
61 425 22
62 293 52
62 317 35
62 455 49
62 393 37
62 341 1
62 459 64
62 418 3
62 366 28
62 314 85
62 274 52
62 499 48
63 381 50
64 356 5
64 369 32
64 268 30
64 504 73
64 498 38
64 492 42
64 407 11
64 332 11
64 441 3
65 499 11
65 433 21
65 281 96
65 343 5
65 491 57
65 414 2
65 402 75
65 374 48
65 446 46
65 509 34
65 503 71
65 426 33
65 328 78
65 356 77
65 297 55
66 303 98
66 276 52
66 349 62
66 403 26
66 361 79
66 310 28
66 274 97
66 438 72
66 273 43
66 414 26
66 304 91
66 483 30
67 282 18
67 471 9
67 386 94
67 468 7
67 404 14
67 417 96
67 432 20
67 330 42
67 385 14
67 410 53
67 381 32
67 380 43
68 382 62
68 398 28
68 440 80
68 295 39
68 422 19
69 277 77
69 444 17
69 385 26
69 492 54
69 292 74
69 391 75
69 443 86
69 414 80
69 353 84
69 294 31
69 472 74
69 509 13
70 259 48
70 482 53
70 287 79
70 295 66
70 370 72
70 461 57
70 390 40
70 298 51
71 448 27
71 277 57
71 491 36
71 488 58
71 401 36
71 294 42
71 373 46
71 502 21
72 460 19
72 508 63
72 406 52
72 489 48
72 348 58
72 331 54
73 257 66
73 333 10
73 291 65
73 422 75
73 410 43
73 283 33
73 489 9
73 327 27
73 409 29
73 366 66
73 399 46
73 435 29
73 470 65
74 489 99
74 472 53
74 494 77
74 299 89
74 270 70
75 465 41
75 267 88
75 313 91
75 430 20
75 494 80
75 261 67
75 255 19
75 450 33
75 260 30
75 330 66
76 457 61
76 293 22
76 500 79
76 387 27
77 446 55
77 489 94
77 292 87
77 503 69
77 256 1
77 415 97
77 502 15
77 438 7
77 483 43
77 308 1
77 287 29
77 280 70
77 481 13
78 421 7
78 445 77
78 332 46
79 260 67
79 500 42
79 275 73
79 370 81
79 437 7
79 404 70
79 282 62
79 294 46
79 322 30
79 333 98
79 313 57
80 396 10
80 480 4
80 449 43
80 269 65
80 281 8
80 260 86
80 261 19
80 276 74
80 408 70
80 304 12
80 275 83
80 385 77
81 441 92
81 484 55
81 485 35
81 478 45
81 479 91
81 418 91
81 372 10
81 379 54
81 494 12
81 397 56
81 454 84
82 306 98
82 398 20
82 476 48
82 472 98
82 348 20
83 380 84
83 286 32
83 421 41
83 317 39
83 341 2
83 466 40
83 264 5
83 416 4
83 438 1
83 310 35
84 466 21
84 479 84
85 423 94
85 505 33
85 429 7
85 307 34
85 325 84
85 352 64
85 424 81
85 450 26
85 328 72
86 495 25
86 306 71
87 459 55
87 463 21
87 372 44
87 310 46
87 445 54
88 362 20
88 259 45
88 425 46
88 274 60
88 422 88
88 398 99
88 266 89
88 470 39
88 257 70
88 444 45
88 323 75
88 349 52
88 283 50
89 309 32
89 417 44
89 311 56
89 479 70
89 424 26
89 401 60
89 506 78
89 508 49
89 440 50
89 468 14
89 398 55
90 289 67
90 397 72
90 314 47
90 462 59
90 321 61
91 342 86
92 372 19
93 507 58
93 485 94
93 261 51
93 418 83
93 314 56
93 392 89
93 422 61
93 259 95
94 467 94
94 389 43
94 270 68
94 297 63
94 407 39
94 402 89
94 396 29
94 299 75
94 469 41
94 364 80
94 329 16
95 386 84
95 346 95
95 363 84
95 379 67
95 410 5
95 305 69
95 377 31
95 323 90
95 262 92
95 282 17
95 310 53
95 424 31
95 420 77
96 472 84
96 260 26
96 341 18
96 369 57
96 340 99
97 463 48
97 468 88
97 374 66
97 410 9
97 381 30
97 272 65
97 309 36
97 428 81
97 369 86
97 297 75
97 295 66
98 320 39
99 354 96
99 425 6
99 310 79
100 491 45
100 371 3
100 393 24
100 445 73
100 432 28
100 439 46
100 333 15
100 356 26
100 386 99
100 327 68
100 390 79
101 355 42
101 278 13
101 405 90
101 258 79
101 427 14
101 481 71
101 463 71
101 507 76
101 392 93
101 505 92
101 458 49
101 464 76
101 474 65
102 302 19
102 358 32
102 381 24
102 491 83
102 460 56
102 406 24
102 387 54
102 479 20
102 295 47
102 273 52
102 291 32
102 445 81
102 331 3
102 280 44
103 492 30
103 499 53
103 488 33
103 339 63
103 450 67
103 494 40
103 425 50
103 290 24
103 436 23
104 357 90
104 447 7
104 354 61
104 376 94
104 445 67
104 491 20
104 467 13
104 452 86
104 285 96
104 507 27
104 259 58
104 346 55
105 440 96
105 315 23
105 477 31
105 309 70
105 365 75
105 495 15
105 391 60
105 291 95
105 386 61
106 505 58
106 268 97
106 469 11
106 485 28
106 389 42
106 301 23
106 318 60
106 442 30
106 346 81
106 310 36
106 358 16
106 357 95
106 287 9
107 360 33
107 291 77
107 333 94
107 503 30
107 301 87
107 282 99
107 391 35
108 362 65
108 303 36
108 279 55
108 483 45
108 440 89
108 315 33
108 304 31
108 299 3
108 417 92
109 475 91
109 359 26
109 362 90
109 485 29
109 261 62
109 333 33
109 405 9
109 477 51
109 320 67
109 423 26
109 290 97
109 288 52
109 337 57
109 356 15
110 461 90
110 260 43
110 459 60
110 312 88
110 298 89
110 339 54
110 454 76
110 368 46
110 377 28
110 362 60
110 437 60
110 365 96
111 387 23
111 382 42
111 296 66
111 265 38
111 451 9
112 504 92
112 438 58
112 505 37
112 384 89
112 284 11
112 255 25
112 352 67
112 333 47
113 478 1
113 365 68
113 328 43
113 475 62
113 433 61
113 293 3
113 488 83
113 310 9
113 354 21
113 497 65
113 373 3
113 396 30
113 275 45
114 494 41
114 378 48
114 334 17
114 477 46
114 332 98
114 344 31
114 447 68
114 382 66
114 280 10
114 346 66
114 461 85
114 361 29
114 261 17
114 465 5
114 385 94
115 311 20
115 456 26
115 261 80
115 492 18
115 400 92
115 267 42
115 288 89
115 471 86
115 442 33
115 290 83
115 408 66
116 451 57
116 277 77
116 333 87
116 500 3
116 484 77
117 265 64
117 261 9
117 460 64
117 287 51
117 274 10
117 498 21
117 279 44
117 351 12
117 339 94
117 492 99
117 269 80
117 326 90
118 278 2
118 434 58
119 440 33
119 427 44
119 389 97
119 292 88
119 355 88
119 482 95
119 345 84
119 372 84
119 290 37
119 297 3
119 445 52
120 440 62
120 257 83
120 267 62
120 470 33
120 387 73
120 322 90
120 454 78
120 379 8
121 279 89
121 436 21
121 272 21
121 467 53
121 304 54
121 437 84
121 305 99
121 457 81
121 370 68
121 258 23
121 385 93
121 403 61
121 271 98
121 347 84
122 365 74
122 446 51
122 348 22
122 293 60
122 426 88
122 342 99
122 507 7
122 487 92
122 307 79
122 414 71
123 337 61
123 480 98
123 308 47
123 448 37
123 473 81
123 333 79
123 310 22
123 465 9
123 416 3
123 500 82
124 335 13
124 305 37
124 299 12
124 294 90
124 424 43
124 429 5
124 293 89
125 481 14
125 424 16
125 419 62
125 361 43
126 451 42
126 484 53
126 416 78
126 463 10
126 391 12
126 281 11
126 458 13
127 307 2
127 393 78
127 355 1
127 335 96
127 404 42
127 432 50
127 294 92
127 306 55
127 348 38
127 315 62
127 441 1
127 426 89
127 503 2
128 297 84
128 503 58
128 386 16
128 427 71
128 332 38
128 449 39
128 502 31
129 506 17
129 427 84
129 373 11
129 457 93
129 507 76
129 499 18
129 356 28
129 329 19
129 389 46
129 296 68
129 406 28
130 422 70
130 454 69
131 275 9
131 507 8
131 509 24
131 263 81
131 388 17
131 363 95
131 488 62
131 444 98
131 366 88
131 340 66
131 442 27
131 422 14
131 331 27
132 459 60
132 264 59
132 482 83
132 374 37
132 397 8
132 438 71
132 471 72
132 456 79
132 434 95
132 305 17
132 389 68
132 501 8
132 495 20
133 384 25
133 351 22
133 338 73
133 385 10
134 427 69
134 407 35
134 335 30
135 493 21
135 309 92
135 397 77
135 448 34
135 438 35
135 346 55
135 422 42
135 312 77
135 259 33
135 279 29
135 366 19
135 439 84
136 433 80
136 418 50
137 271 57
137 507 69
138 328 35
138 459 9
138 384 61
138 397 56
138 378 98
139 315 90
139 269 13
139 256 91
139 311 56
139 373 74
139 413 96
139 321 70
139 378 40
139 324 26
139 499 79
139 320 96
140 499 91
140 287 83
140 365 7
140 266 68
140 502 81
140 384 50
140 476 3
140 377 52
140 352 29
140 428 94
140 429 47
140 360 67
140 430 98
141 262 84
141 500 28
141 364 70
141 421 67
141 274 53
142 378 38
143 420 1
143 255 9
143 396 79
143 375 32
143 300 30
144 472 79
144 444 86
144 353 78
144 280 60
145 474 58
146 466 72
146 255 37
146 430 7
146 504 50
147 472 22
147 351 92
147 336 96
147 461 43
148 493 89
148 498 87
148 371 85
148 333 6
148 389 9
148 408 27
149 486 4
149 419 43
149 288 46
149 355 92
149 502 71
149 498 47
149 338 27
149 316 3
149 390 87
149 493 88
149 331 78
149 334 88
149 260 13
150 368 52
150 455 76
150 289 88
150 363 95
150 501 72
150 280 43
150 464 94
150 415 57
150 489 58
150 339 40
150 303 18
150 309 76
150 392 92
151 454 31
151 393 27
151 309 78
152 305 65
152 310 52
152 440 95
153 473 99
153 267 52
153 329 28
153 420 86
153 506 34
153 337 93
153 368 7
153 259 14
153 382 31
153 335 69
153 282 50
153 385 18
153 426 72
154 281 33
154 417 80
154 464 44
155 258 67
155 309 2
156 454 91
157 473 14
157 281 63
157 372 15
157 507 69
157 438 46
157 387 4
157 288 28
157 464 17
157 410 79
157 437 16
157 493 1
157 326 25
158 426 22
158 369 36
158 467 82
158 333 89
158 375 60
158 334 24
159 484 89
159 365 54
159 437 3
159 282 65
159 349 29
159 283 63
159 292 88
159 346 8
159 284 22
159 306 46
159 385 44
160 274 12
160 333 86
160 366 59
160 393 77
160 389 74
160 340 39
160 440 32
160 382 84
160 349 83
160 380 82
160 381 83
160 457 7
161 482 76
161 439 27
161 501 98
161 349 30
161 318 45
161 435 28
161 443 81
161 447 89
161 278 44
161 469 20
161 362 21
161 354 77
162 413 47
162 409 88
162 349 48
162 451 35
162 435 51
162 358 81
163 294 38
163 307 81
163 273 82
163 314 73
164 333 68
164 502 29
164 445 42
164 461 47
164 337 48
164 358 97
164 493 51
164 489 5
164 349 77
164 376 42
164 354 6
164 301 48
164 507 26
164 475 39
165 452 30
165 262 34
165 506 43
165 374 79
165 258 40
165 294 57
165 299 99
165 436 92
166 287 66
166 407 81
167 277 30
167 405 85
167 403 90
167 430 97
167 420 34
167 441 2
167 373 44
167 495 3
167 442 25
167 508 4
167 450 59
168 379 70
168 374 88
168 505 97
168 291 80
168 309 84
168 303 38
168 454 39
169 487 43
169 364 79
169 286 71
169 310 99
169 408 62
169 446 9
169 288 5
169 321 18
169 414 39
169 429 58
169 439 41
169 413 25
170 339 73
170 455 75
170 456 62
170 443 60
170 369 18
170 388 62
170 489 8
170 448 54
170 454 71
170 276 75
170 310 97
170 263 4
170 389 24
171 304 22
171 399 80
171 486 60
171 494 45
171 462 45
171 300 99
171 295 56
171 372 19
171 374 61
171 267 49
172 436 87
172 462 10
172 376 31
172 348 23
172 321 81
172 265 92
172 418 16
173 304 63
173 345 85
173 375 62
174 320 99
174 490 31
174 294 83
174 420 8
174 264 29
174 255 80
174 400 19
174 430 76
174 271 84
174 493 68
174 431 67
174 438 81
175 487 68
175 428 76
175 425 40
175 299 29
175 338 45
175 336 73
175 431 93
175 493 59
175 461 84
175 282 6
175 326 13
175 360 27
176 299 74
176 311 50
176 481 86
176 395 39
176 255 26
176 309 61
176 365 55
176 305 13
176 396 12
176 259 42
176 260 24
176 385 91
176 362 97
177 377 52
177 464 16
177 420 64
177 479 81
177 455 80
177 419 35
177 386 92
178 288 81
178 502 7
179 475 42
179 264 54
179 454 83
179 459 53
179 369 48
179 463 43
179 477 69
179 315 26
179 309 77
179 466 93
179 343 19
179 386 56
179 492 34
179 377 79
180 394 93
180 346 79
180 424 51
180 420 24
181 472 14
181 309 55
181 284 69
181 296 27
181 313 52
181 381 49
181 450 32
181 333 92
181 266 57
181 277 29
181 489 78
181 404 5
181 290 71
181 300 20
182 355 45
182 282 68
182 306 9
182 293 33
182 324 56
182 307 73
182 417 14
182 288 12
182 260 43
183 333 85
183 346 64
183 502 31
183 451 72
183 374 41
183 337 19
183 331 37
183 499 70
183 301 2
183 399 29
183 430 12
183 327 79
183 405 27
183 351 37
184 455 15
184 321 3
184 480 34
184 492 21
184 457 55
184 331 86
184 417 41
184 293 48
184 319 72
184 372 22
184 381 98
184 354 12
184 433 65
184 310 71
185 278 61
185 263 23
186 303 77
186 359 10
186 341 2
186 324 12
186 412 84
187 327 62
187 300 22
187 508 76
187 276 91
187 435 74
187 465 21
187 411 58
187 452 76
187 460 75
188 472 60
188 477 41
188 290 18
188 306 32
188 294 93
189 438 30
190 387 22
190 256 52
190 465 58
190 487 26
190 320 3
190 500 38
190 378 91
190 407 9
190 319 74
190 333 29
190 302 53
190 270 65
190 400 10
191 418 78
191 328 51
191 419 2
191 411 77
191 333 16
191 396 53
191 368 53
191 364 80
192 439 57
192 403 30
192 357 80
192 348 65
192 309 82
192 498 71
192 466 97
192 287 61
192 301 58
192 430 93
192 387 33
192 446 78
192 410 32
193 349 1
193 490 26
193 263 52
193 408 76
193 283 9
193 400 46
193 332 70
193 404 13
193 445 3
193 441 62
193 340 21
193 314 55
194 396 49
194 392 97
194 433 24
194 297 59
194 350 63
194 278 3
194 295 79
194 280 40
194 339 50
194 473 65
194 407 22
194 324 78
194 418 60
195 301 21
195 255 66
195 350 94
195 267 47
195 450 16
195 262 35
195 387 21
196 431 87
196 324 78
196 497 77
196 339 26
196 473 50
197 290 2
197 468 7
197 426 7
197 262 82
197 504 67
197 282 54
197 325 67
197 404 59
197 378 11
198 291 33
198 422 73
198 370 73
198 425 3
198 265 94
198 271 91
198 365 54
198 339 38
199 292 81
199 285 36
199 403 4
199 349 74
199 428 16
199 400 88
199 306 79
199 338 75
200 471 66
200 363 87
200 309 28
200 265 1
200 315 67
201 500 71
201 380 21
201 302 98
201 399 10
201 329 62
201 391 96
201 292 73
201 407 57
201 387 82
201 472 11
202 283 54
202 401 19
202 471 50
202 314 87
202 414 93
202 468 22
202 413 45
202 475 22
202 435 44
202 363 67
202 396 50
202 373 96
202 507 42
202 372 22
203 453 75
203 508 85
203 442 18
203 270 27
203 332 8
203 281 2
203 361 67
203 469 40
203 435 59
203 394 43
203 479 62
203 476 53
204 493 75
205 388 92
206 387 32
207 372 94
207 415 80
207 377 80
207 266 99
207 312 26
207 404 49
207 405 55
207 300 66
207 390 1
207 302 86
207 358 54
207 262 21
208 282 65
208 386 83
208 448 34
209 475 18
209 371 75
209 394 78
210 431 77
210 441 34
210 291 77
210 430 78
210 444 46
210 502 50
210 403 80
210 492 43
210 435 15
210 484 60
210 380 7
210 495 26
210 309 41
211 292 47
211 331 52
211 497 90
211 384 49
211 376 86
211 437 69
211 491 96
211 481 17
211 421 72
211 387 21
211 430 19
211 448 18
211 388 41
211 299 53
212 423 80
212 409 3
212 502 57
212 503 25
212 450 26
212 483 86
212 340 74
212 345 97
212 378 59
212 411 54
212 257 17
212 318 35
212 465 31
213 488 19
213 276 82
213 504 35
213 282 95
213 348 60
214 306 75
214 345 46
214 505 8
214 467 68
214 478 75
214 460 34
214 274 48
215 298 49
215 268 78
215 308 62
215 269 5
215 447 14
215 473 59
215 316 61
215 480 6
215 502 97
215 315 1
215 313 41
215 319 58
215 500 35
216 261 81
216 474 39
216 435 66
216 427 49
216 271 93
216 348 36
216 353 33
216 365 51
217 295 38
217 437 77
217 419 34
217 333 37
217 414 25
217 290 58
217 280 42
217 500 95
217 463 45
217 380 13
218 364 28
218 357 23
218 497 76
219 501 76
219 267 8
219 262 13
219 283 92
219 444 45
219 479 94
219 284 56
219 381 30
220 338 33
220 286 19
220 287 42
220 305 77
220 443 60
220 436 79
220 371 36
220 343 79
220 397 59
221 264 74
221 309 39
221 492 2
221 321 96
221 467 11
221 290 1
221 322 28
221 365 68
221 374 89
221 359 2
221 407 19
221 371 10
221 448 53
221 301 87
222 336 13
222 345 35
223 501 59
223 451 5
223 266 31
223 310 54
223 264 56
224 383 49
224 258 41
224 485 77
224 311 22
224 282 6
224 264 59
224 369 92
224 275 60
224 469 64
224 267 78
224 371 6
224 447 16
224 284 85
224 451 38
224 326 89
225 411 21
225 428 79
225 262 66
225 305 7
225 440 84
225 424 25
225 349 56
225 258 93
225 418 37
225 354 20
226 361 80
226 351 31
227 473 29
227 463 42
227 299 2
227 497 75
227 448 5
227 314 26
227 265 4
227 338 26
227 365 97
227 499 25
227 386 75
228 435 6
228 440 42
228 342 36
228 307 9
228 404 25
228 265 23
228 347 13
228 295 94
228 303 67
229 319 50
229 468 24
229 419 15
229 481 79
229 402 38
229 437 24
229 493 69
229 263 31
229 433 93
229 268 48
229 304 40
229 417 3
230 258 25
230 372 28
230 349 64
231 345 18
231 406 63
231 315 4
231 308 1
231 267 89
231 423 82
231 327 12
231 331 91
231 302 96
232 350 5
232 259 61
232 415 65
232 380 49
232 340 17
232 433 31
232 489 71
233 342 24
233 372 25
233 410 14
234 491 81
234 462 5
234 397 28
234 385 22
234 278 37
234 449 81
234 265 57
234 400 72
235 508 33
235 405 50
235 256 84
235 407 73
235 408 80
235 265 15
235 455 71
235 505 90
235 409 62
236 390 19
236 361 12
236 422 6
236 429 85
236 363 38
237 256 33
237 317 18
237 373 75
237 278 77
237 327 59
237 261 21
237 282 14
237 445 62
237 279 76
237 333 17
237 356 77
238 292 11
238 303 47
238 391 59
238 291 89
238 496 41
238 457 67
238 261 20
238 265 32
239 263 10
239 441 79
239 423 42
239 288 12
239 304 31
239 443 80
239 301 50
239 275 77
240 324 26
240 288 69
241 462 53
241 276 12
241 387 20
242 376 29
242 330 43
242 502 72
242 377 10
242 321 46
242 382 60
242 329 22
242 419 37
243 360 59
243 445 70
243 353 73
243 375 68
243 474 95
243 423 70
243 352 68
243 309 13
243 503 2
243 385 21
243 460 52
243 499 92
243 278 73
244 491 75
244 424 59
244 259 90
244 264 7
244 322 45
245 340 96
245 281 9
245 259 43
245 399 87
245 374 93
245 382 24
246 398 5
247 390 58
247 367 82
247 258 5
247 468 87
248 338 79
248 366 95
248 432 7
248 409 98
248 360 95
248 375 51
249 408 10
249 283 68
249 256 43
249 452 35
249 386 11
249 306 82
249 429 65
249 396 25
249 406 48
249 377 1
249 319 20
249 351 46
250 381 53
250 333 84
250 440 81
250 463 4
250 256 2
250 346 63
250 409 13
250 464 93
250 506 71
250 367 76
250 272 50
250 456 64
250 286 38
250 441 87
250 499 63
251 502 25
251 360 22
251 414 26
251 457 45
251 408 93
251 442 78
251 508 25
251 257 49
252 497 23
252 330 64
252 349 10
252 256 86
252 416 27
252 268 78
252 302 63
252 417 46
252 483 23
252 475 84
252 259 13
252 435 29
253 408 21
253 268 6
253 476 76
253 493 93
253 411 44
253 425 85
253 505 2
253 355 79
253 375 34
253 439 18
253 271 79
253 414 97
253 272 23
254 404 19
254 341 40
254 449 4
254 334 22
254 437 56
254 261 26
254 268 67
254 271 29
254 314 35
254 462 58
91 100 40
