859 3391
1 713 77
1 704 37
1 566 80
1 697 68
1 531 42
1 541 89
1 456 86
1 524 43
1 679 63
1 791 47
1 690 82
1 537 46
2 836 96
2 466 88
2 698 37
2 524 25
2 509 28
2 808 41
2 589 78
2 680 93
2 458 4
2 482 45
2 477 27
2 708 47
3 611 67
3 444 62
3 514 60
3 439 34
3 676 13
3 827 35
3 456 25
3 718 90
3 720 80
3 569 88
3 472 62
3 780 92
3 757 90
4 581 80
4 525 10
4 437 53
4 687 93
4 785 36
4 617 20
4 858 13
4 466 37
4 694 39
4 536 75
4 835 24
4 731 33
4 634 45
4 633 96
5 684 33
5 652 43
5 518 34
6 598 28
6 789 33
6 441 11
6 439 34
6 669 1
6 544 80
6 722 30
6 511 52
6 456 30
6 545 28
6 757 22
6 655 91
6 604 66
6 612 8
6 840 26
7 585 44
8 655 34
9 520 47
9 794 32
9 574 25
9 610 99
9 837 67
10 805 25
10 623 15
11 653 10
11 466 28
11 776 87
11 813 36
11 791 1
11 588 68
11 468 39
11 570 92
11 516 48
12 572 46
12 492 61
12 536 30
12 831 82
12 780 57
12 797 79
12 741 29
13 548 24
13 653 42
13 625 6
13 770 91
13 662 90
13 856 46
13 826 73
13 758 67
13 663 97
14 691 89
14 461 11
14 635 49
14 599 1
14 529 18
14 688 34
14 663 60
14 509 8
15 701 95
15 672 24
15 453 73
15 802 92
15 726 94
15 498 51
15 684 62
15 512 88
15 490 30
15 844 44
15 823 20
15 654 46
15 526 96
15 662 61
16 829 76
16 487 67
16 742 3
16 663 2
16 779 58
16 847 62
16 463 33
16 784 25
16 683 64
17 484 54
17 851 20
17 833 38
17 822 12
17 708 57
17 597 89
17 700 91
17 817 30
17 469 12
17 849 2
17 524 22
18 758 87
18 701 34
18 838 7
18 774 37
18 765 30
18 773 90
18 700 44
18 850 4
18 448 60
18 794 3
19 772 53
19 560 22
19 630 2
19 780 28
19 706 35
19 490 81
19 714 97
19 638 17
19 528 76
19 548 98
19 847 74
19 443 71
19 692 60
19 539 19
19 527 72
20 655 56
20 814 39
20 715 5
20 487 99
20 673 38
21 547 14
21 588 9
21 471 45
21 684 74
21 435 74
21 511 43
22 513 61
22 693 66
22 720 72
22 549 67
22 449 18
23 692 30
23 507 64
23 677 62
24 757 2
24 615 98
24 640 37
24 855 84
24 593 23
24 771 8
24 687 94
24 576 13
24 665 36
24 668 3
24 637 48
24 475 17
24 466 73
24 737 87
25 609 64
25 442 73
25 472 52
25 739 40
25 452 4
25 484 22
26 518 88
26 445 45
26 715 76
26 556 28
26 754 53
26 673 91
26 477 21
26 694 31
27 838 45
27 820 9
27 818 80
28 462 45
28 596 7
28 814 98
28 677 18
28 643 74
28 537 20
28 630 55
28 703 81
28 772 91
28 468 44
28 656 1
29 671 72
29 719 42
29 741 27
29 680 58
29 465 70
30 831 73
30 702 2
30 842 98
30 552 16
30 840 77
30 737 26
30 644 42
30 793 73
30 763 57
30 617 22
30 834 9
30 579 32
30 497 31
31 634 87
31 436 63
31 557 68
32 487 28
33 526 22
33 774 4
33 714 10
33 789 74
33 606 70
33 836 90
33 488 54
33 859 97
34 813 58
34 596 13
34 443 78
35 470 87
36 546 72
36 748 35
36 769 2
36 615 95
36 507 22
36 462 47
36 709 30
36 634 47
36 443 92
36 729 3
36 622 19
36 830 64
36 580 25
36 782 60
36 665 52
37 727 11
37 623 23
37 670 50
37 701 4
37 487 80
37 848 33
38 806 45
38 434 20
39 645 23
39 711 48
39 809 95
39 450 3
39 820 11
39 556 45
39 457 19
39 517 19
39 518 14
40 647 64
40 688 85
40 840 85
40 622 87
40 676 8
41 701 36
41 489 10
41 843 40
41 436 34
41 767 22
42 706 35
42 652 19
42 728 84
43 642 46
43 629 49
43 791 11
43 558 38
43 694 43
43 823 74
43 611 9
43 687 9
43 677 97
44 684 55
44 852 27
44 768 15
44 495 78
44 803 47
44 493 27
44 694 45
44 547 19
44 469 2
44 643 74
44 478 83
44 454 5
44 776 1
44 576 40
45 822 75
45 857 65
45 771 4
45 568 87
45 434 41
45 587 63
45 582 47
45 570 12
45 774 11
45 688 1
45 586 39
45 820 2
45 712 46
45 684 92
45 506 73
46 804 3
46 677 44
46 745 11
46 708 5
46 580 66
46 778 31
47 704 58
47 672 72
47 589 30
48 688 89
48 466 82
48 593 95
48 604 15
48 444 20
48 841 60
48 700 35
48 431 79
48 613 46
48 776 10
49 854 35
49 527 73
49 700 40
49 628 87
50 545 68
50 767 46
50 733 50
50 695 44
50 549 16
50 823 14
51 534 40
51 637 45
51 461 81
52 703 52
52 473 46
52 795 99
52 497 30
52 756 73
52 705 1
52 739 34
52 753 10
52 533 17
52 611 93
52 514 73
53 839 98
53 441 58
53 682 67
53 753 33
53 666 91
54 682 51
54 647 66
54 438 59
54 812 56
54 627 36
54 807 57
54 797 99
54 798 62
54 753 57
54 588 43
55 835 59
55 488 17
55 826 86
55 843 43
55 542 59
55 857 90
55 817 44
55 678 2
55 708 44
55 643 69
55 579 20
56 806 30
56 525 62
56 829 79
56 461 13
56 625 1
56 753 19
56 683 80
56 726 66
57 685 89
57 699 10
57 814 78
58 719 18
58 750 52
58 706 64
58 847 48
58 559 81
58 817 89
58 811 45
58 580 94
58 458 46
59 552 37
59 547 73
59 587 30
59 726 42
59 444 17
60 505 23
60 817 73
60 481 34
60 533 83
60 859 54
60 492 56
60 717 24
60 657 63
60 776 72
60 601 22
60 475 4
61 721 79
61 655 44
61 580 36
62 441 39
62 600 20
62 683 96
62 536 68
62 541 34
62 690 80
62 579 98
62 685 35
63 497 79
63 778 11
63 826 10
63 707 54
63 773 57
63 468 49
63 457 23
64 431 83
64 854 57
64 727 32
64 647 37
64 711 95
64 673 77
64 657 45
64 463 46
64 478 83
65 818 35
65 772 54
65 740 55
66 662 54
66 837 80
66 762 43
66 535 44
66 847 2
66 473 45
66 767 9
66 613 56
66 674 26
66 668 40
66 655 5
67 792 96
67 573 61
67 750 19
67 810 87
67 432 94
67 563 23
67 447 74
67 691 99
67 719 98
67 660 74
67 712 41
67 431 88
68 786 65
68 455 71
68 502 42
68 492 48
68 618 58
68 620 94
69 747 74
69 638 14
69 545 34
69 849 79
69 804 26
69 667 45
69 480 55
69 843 36
69 761 66
69 677 8
69 610 10
69 489 48
70 807 93
70 741 96
70 513 43
70 573 52
70 527 36
70 498 76
70 685 77
70 754 90
70 479 50
70 859 23
70 431 9
70 555 35
70 761 55
70 805 80
70 491 14
71 694 91
72 486 78
72 477 73
72 742 59
72 446 97
72 584 51
73 760 61
74 625 52
75 464 27
75 789 71
75 472 17
76 652 35
76 439 74
77 474 33
77 801 59
77 789 57
77 825 66
77 549 90
77 794 50
77 449 81
77 697 44
78 543 46
78 724 13
78 472 36
78 721 66
78 849 71
78 825 68
78 497 44
78 556 51
79 442 5
79 540 98
79 790 25
79 587 46
79 485 31
80 520 63
80 733 58
80 602 93
80 720 49
80 550 13
80 817 97
80 811 32
80 762 44
80 752 17
81 446 80
81 506 19
81 765 41
81 585 4
81 796 58
81 542 91
82 609 66
82 805 43
82 774 44
82 466 5
82 824 98
82 763 69
82 523 46
82 498 65
82 722 37
82 775 93
82 786 26
83 759 83
83 712 18
83 747 2
83 745 22
83 546 72
83 734 91
83 676 89
83 621 43
84 577 69
84 681 2
84 592 63
84 821 17
84 580 78
84 559 53
85 749 50
85 591 99
85 830 30
85 617 33
85 759 18
85 677 26
85 611 68
85 642 10
85 571 53
85 636 85
85 556 61
85 509 55
85 651 21
85 688 48
86 454 62
86 552 18
87 740 92
87 558 56
87 620 56
87 649 86
87 710 15
87 550 15
87 781 43
87 563 94
87 461 8
87 553 27
87 611 51
87 505 60
87 673 89
87 633 90
88 560 4
88 804 27
88 598 65
88 741 52
88 511 49
88 531 69
88 535 17
89 769 32
89 608 20
89 705 67
89 542 58
89 798 73
89 749 64
89 639 16
90 699 61
90 588 18
90 679 71
90 703 42
90 558 81
91 550 51
91 497 9
91 838 7
91 544 61
91 579 92
91 518 38
91 819 36
91 561 57
91 743 36
91 626 25
91 818 90
91 471 74
91 557 8
91 527 21
92 671 63
92 770 82
92 638 35
92 453 89
92 445 69
92 739 99
92 532 92
92 704 1
92 668 61
92 625 36
93 774 88
93 473 29
93 666 42
93 515 50
93 814 27
94 480 33
94 617 90
94 684 56
94 531 10
94 762 79
94 827 38
94 811 82
94 447 96
94 644 65
94 638 73
95 509 14
95 584 13
95 756 13
95 621 81
95 542 8
95 711 30
95 457 93
95 677 51
95 470 52
95 680 1
95 543 34
96 447 26
96 653 28
96 599 3
97 438 43
97 603 89
97 775 50
97 755 47
97 657 70
97 671 73
97 541 64
97 850 95
97 800 85
97 702 30
97 614 3
97 768 35
97 802 35
98 436 64
98 661 28
98 530 83
98 667 81
98 625 85
98 514 70
98 728 17
98 809 55
98 662 86
99 638 79
99 698 20
99 774 53
99 457 7
99 797 94
99 553 77
99 667 90
100 592 49
100 478 93
100 803 8
100 703 63
100 728 54
100 743 67
100 497 90
100 697 87
100 473 35
100 765 26
100 681 92
101 526 9
101 549 18
101 734 28
101 643 83
101 673 79
101 741 72
101 823 94
101 639 30
101 458 23
101 515 68
102 488 20
102 801 48
103 546 56
103 819 11
103 757 47
103 513 56
103 483 10
103 676 31
104 737 93
104 605 64
105 743 78
105 593 86
105 792 6
105 646 36
105 599 36
105 787 95
105 470 72
105 823 81
105 558 96
105 822 37
105 525 96
105 518 47
106 560 60
106 643 77
106 485 8
106 590 37
106 457 59
106 709 95
106 507 41
106 858 81
106 745 12
106 761 65
106 575 55
106 626 22
106 538 30
106 799 45
107 712 51
107 434 52
107 663 7
107 649 11
107 803 80
107 840 57
107 760 41
107 510 62
107 809 14
107 606 23
107 469 12
107 530 91
107 475 47
107 517 84
108 838 1
108 488 14
108 458 33
108 855 85
108 627 72
108 730 73
108 857 88
108 516 78
108 438 3
108 457 10
108 528 97
108 755 15
109 647 89
109 449 13
109 491 52
109 847 14
109 511 32
109 541 84
109 554 7
109 589 91
109 735 44
109 574 20
110 659 74
110 563 86
110 536 56
110 843 40
110 847 6
110 609 98
110 461 63
110 771 85
110 816 25
110 782 68
110 516 48
110 598 57
110 542 80
110 602 98
110 518 32
111 778 69
111 655 49
111 621 57
111 705 56
111 515 73
111 763 49
111 678 97
111 591 14
111 587 66
111 838 67
112 823 28
112 835 10
112 665 1
112 679 91
113 743 28
113 442 84
113 827 56
113 597 40
113 751 81
113 532 39
113 451 47
114 496 29
114 843 33
114 471 67
114 769 90
114 560 15
114 711 18
114 809 84
114 675 30
114 852 66
114 686 33
115 793 33
115 544 54
115 729 81
115 757 62
115 756 36
115 744 50
115 804 35
115 686 71
116 497 70
117 795 77
117 580 72
117 532 90
118 715 72
118 529 78
118 634 88
118 781 63
118 822 93
118 675 97
118 773 83
118 638 92
118 531 17
118 721 98
118 768 59
119 736 85
119 458 40
120 831 16
120 579 89
120 459 66
120 745 58
120 498 32
120 443 13
120 545 84
120 501 1
120 712 34
120 806 94
120 706 56
121 641 20
122 478 30
122 750 91
122 667 35
122 655 21
122 856 69
122 710 11
122 470 62
122 501 74
122 723 39
122 820 60
122 589 88
122 630 2
122 521 52
122 656 25
122 464 86
123 773 46
123 809 73
123 840 16
123 630 35
123 526 94
123 646 95
123 551 23
123 696 20
123 701 60
123 844 68
123 563 13
123 498 39
123 446 64
123 828 88
124 562 89
124 639 38
124 483 83
124 831 33
124 531 44
124 665 64
124 740 6
125 686 48
125 760 72
125 715 47
125 498 87
125 586 96
125 727 12
125 782 1
126 466 55
126 736 1
126 463 65
126 756 7
126 461 7
126 441 26
126 762 38
126 692 27
126 628 19
126 450 60
126 819 61
126 584 24
127 766 7
127 432 72
127 707 75
127 851 52
127 827 57
127 498 72
127 741 97
127 603 85
127 493 50
127 734 23
127 537 6
128 661 69
128 803 9
128 625 61
129 483 80
129 490 97
129 829 2
129 778 68
129 525 47
129 527 97
129 622 84
129 842 22
129 501 64
129 590 59
129 551 4
129 736 7
129 650 33
130 511 39
130 706 51
130 585 62
130 742 20
130 780 24
130 757 71
130 437 20
130 506 57
131 659 34
131 471 73
131 575 20
131 833 90
131 431 16
131 785 99
131 687 26
132 497 51
132 566 33
132 761 95
132 575 96
132 819 98
132 850 46
132 666 45
132 630 40
132 669 26
133 725 50
133 780 14
133 667 64
133 806 39
133 434 85
133 812 8
133 720 16
133 653 49
133 691 50
134 779 40
134 453 59
134 728 35
134 783 87
134 836 3
134 732 81
134 599 97
134 736 88
134 810 4
134 553 47
134 620 25
134 487 82
134 674 78
135 483 31
135 599 98
135 749 58
135 487 71
135 551 32
135 715 63
135 778 7
135 542 9
135 540 86
135 517 93
135 572 11
135 586 37
135 810 70
136 466 10
136 622 8
136 543 81
136 638 72
136 523 26
136 772 57
136 740 70
136 473 41
136 698 76
136 837 41
137 517 91
137 680 63
137 789 30
137 679 14
137 546 98
137 479 11
138 535 42
138 737 98
138 752 16
138 695 43
138 492 72
138 663 82
138 532 65
138 835 81
138 856 14
139 773 76
139 640 53
139 679 43
139 781 42
139 747 53
139 700 65
139 618 24
139 440 50
140 823 33
140 762 72
140 480 90
140 439 8
140 760 32
140 772 21
140 747 67
140 463 12
140 465 38
140 848 54
140 723 58
140 854 67
140 467 8
140 764 2
140 481 49
141 819 8
141 631 98
141 560 44
142 536 95
142 547 95
142 776 93
142 503 98
142 560 27
142 488 42
142 627 99
142 779 58
142 595 50
142 793 5
142 519 28
143 535 99
143 497 24
143 704 75
144 687 67
144 742 13
144 794 97
144 580 42
144 775 9
144 498 3
144 800 11
144 437 77
145 778 49
145 602 32
145 736 34
145 628 29
145 708 8
145 787 14
145 499 7
145 488 75
145 560 4
145 705 35
145 846 43
145 836 9
145 739 70
146 575 29
146 827 57
146 728 35
146 532 45
146 759 48
146 661 8
146 748 73
146 829 71
146 489 63
146 708 84
147 506 39
147 697 31
147 839 82
147 824 1
147 467 94
147 607 4
147 768 8
147 559 99
147 642 95
148 750 34
148 581 18
148 746 47
148 435 62
148 450 64
148 433 98
148 835 34
148 621 86
148 858 52
148 646 75
148 710 1
149 435 92
149 807 56
149 629 15
149 697 5
150 571 38
150 459 56
150 632 63
150 676 97
151 463 60
151 710 95
151 661 37
151 508 7
151 596 85
151 698 47
151 528 95
151 507 98
151 706 25
151 526 13
151 817 12
151 684 71
151 676 96
152 526 36
152 738 48
152 658 75
152 773 53
152 638 82
152 490 94
152 491 70
152 825 46
152 503 15
152 605 21
152 834 22
152 446 95
152 698 62
152 769 91
152 660 82
153 612 16
153 542 78
153 504 62
153 662 39
153 713 41
153 585 10
153 648 39
153 784 99
153 668 96
153 783 11
153 760 61
153 569 16
153 433 68
153 766 1
153 564 9
154 561 74
154 648 40
154 601 5
154 659 5
154 772 57
154 546 9
154 854 40
155 717 52
155 498 56
155 637 61
155 485 92
155 534 51
155 579 46
155 430 75
156 707 16
156 719 11
156 774 24
156 704 55
156 609 14
156 443 82
156 558 47
157 520 50
157 734 73
157 534 30
157 714 86
157 589 96
157 782 48
157 821 78
157 596 42
157 471 21
157 652 79
157 745 3
157 479 46
157 598 6
158 504 47
159 548 81
159 749 91
159 804 58
160 808 34
160 592 74
160 680 76
160 519 27
160 783 7
160 572 77
160 722 48
160 574 58
161 719 93
161 431 24
161 547 81
161 520 1
161 659 37
161 569 60
161 468 55
161 441 19
161 455 62
161 795 24
161 536 67
161 470 74
161 444 18
161 741 61
162 810 60
162 449 61
162 707 10
162 644 35
162 709 82
162 586 90
162 719 6
162 499 41
162 772 29
162 852 34
163 484 20
163 445 66
163 791 22
163 447 39
163 490 6
163 676 21
163 604 44
163 611 96
163 651 82
163 627 29
163 819 3
163 799 24
163 720 96
164 483 42
164 838 84
165 438 20
165 538 47
165 767 27
165 578 43
165 798 23
165 685 14
165 833 18
165 553 40
165 444 72
165 790 14
165 572 15
166 571 17
166 478 72
166 607 95
166 667 57
166 642 53
167 856 53
167 638 95
167 438 48
167 735 81
167 720 71
167 725 39
167 692 16
167 520 13
167 496 42
167 850 80
167 510 71
167 846 91
167 607 89
167 655 59
168 490 37
168 663 65
168 514 68
168 638 51
168 545 62
168 620 44
168 817 78
168 753 97
168 475 6
168 745 21
168 461 2
168 477 26
168 509 49
168 579 25
168 641 90
169 508 4
169 481 71
169 487 1
169 629 25
169 715 76
170 678 50
170 472 29
170 746 49
170 708 60
170 618 14
171 473 81
171 458 31
171 613 15
171 777 2
171 815 42
171 576 43
171 847 26
171 804 51
171 582 14
171 433 77
171 729 50
171 666 49
171 680 22
171 544 33
171 690 14
172 694 74
172 644 55
172 441 89
172 776 28
172 639 79
172 808 45
172 768 89
172 555 91
172 597 22
172 838 39
172 569 9
172 787 70
172 845 67
172 472 14
172 752 9
173 431 9
173 835 17
173 710 8
173 446 37
173 562 81
173 543 13
173 521 64
173 793 96
173 592 64
173 697 77
174 504 76
174 612 74
174 680 35
174 809 48
174 601 41
174 732 54
174 704 50
174 638 68
174 531 12
174 697 2
174 701 94
174 633 39
174 524 22
174 549 81
174 487 68
175 837 91
175 436 40
175 489 92
175 819 63
175 539 34
175 541 72
175 462 59
176 705 38
176 693 6
176 673 69
176 701 34
176 580 41
176 552 84
176 508 51
176 614 1
176 801 10
177 694 59
177 802 26
177 776 50
177 459 4
177 828 70
177 484 55
177 570 43
177 651 81
177 859 84
177 589 58
177 631 2
177 615 55
177 757 12
178 793 14
178 543 69
178 786 94
179 738 27
179 730 69
179 823 89
179 580 73
180 533 72
181 489 33
181 432 30
181 487 6
181 838 17
181 618 37
181 517 30
181 691 79
181 556 8
181 715 13
181 544 66
181 693 18
181 808 11
182 434 91
182 678 35
183 750 13
183 462 72
183 505 78
183 504 97
183 508 37
183 776 96
183 626 12
183 646 78
183 438 75
183 581 70
184 493 4
184 527 27
184 730 91
185 760 99
185 785 39
185 490 15
185 855 15
185 568 61
185 636 27
185 672 38
185 670 26
186 799 95
186 489 44
186 471 86
187 530 34
187 594 25
187 749 64
187 528 73
187 490 71
187 455 91
187 502 84
187 547 44
187 800 20
187 459 79
187 689 56
187 573 23
187 666 49
187 701 71
188 467 53
188 436 76
188 628 61
188 458 55
188 844 55
188 751 35
188 792 14
188 453 11
188 837 39
188 438 79
188 539 69
188 497 98
188 507 52
188 652 56
189 564 83
190 734 54
191 545 9
191 704 18
191 692 28
191 842 91
191 432 64
191 502 12
191 657 33
191 535 38
191 820 8
192 660 83
192 712 86
192 762 60
192 795 7
192 703 13
192 633 43
192 496 16
192 600 66
192 460 44
192 486 9
192 499 51
192 597 77
193 771 71
193 519 41
193 810 10
193 818 73
193 855 24
194 797 86
194 754 84
194 671 4
194 698 73
194 431 40
194 585 28
194 555 60
194 635 66
194 453 70
194 625 39
194 816 95
194 616 57
195 832 7
195 557 41
195 606 43
195 586 23
195 637 48
195 562 72
195 664 49
195 448 54
196 823 4
196 847 26
196 677 37
196 595 54
196 808 32
196 562 9
196 780 48
196 753 33
196 482 76
196 543 38
196 662 76
196 640 18
196 453 19
197 849 41
198 760 26
199 577 49
199 858 34
199 472 34
199 834 43
199 504 58
199 730 99
199 713 40
199 625 43
200 595 4
201 603 20
201 685 10
201 620 37
201 736 68
201 430 8
201 791 55
201 683 24
201 450 69
201 695 60
201 637 20
201 853 20
201 714 60
201 560 47
202 702 50
202 814 41
202 436 32
202 809 80
202 555 28
202 616 89
203 736 32
203 783 63
203 516 77
203 450 39
203 754 66
204 773 15
204 807 94
204 742 88
204 613 14
204 547 29
204 615 91
204 820 54
204 738 63
204 718 83
204 471 33
204 763 34
204 453 23
204 499 71
204 596 79
204 852 25
205 431 22
205 584 15
205 573 8
206 690 58
206 662 98
206 775 22
206 707 65
206 676 2
206 748 84
206 839 93
206 649 12
206 726 77
206 761 72
206 533 50
206 716 11
207 802 41
207 769 42
207 503 70
207 812 70
208 735 53
209 600 14
209 695 66
209 843 11
209 772 40
210 785 69
210 485 65
210 449 56
210 580 77
211 781 15
211 792 16
211 736 19
211 842 60
211 588 2
211 541 3
211 461 68
211 465 18
211 796 55
212 636 20
212 600 40
212 441 45
212 817 50
212 797 92
212 477 5
212 777 20
212 557 18
213 779 14
213 542 82
213 837 14
213 709 73
213 474 92
213 602 92
213 855 52
213 678 2
213 433 27
214 750 12
214 692 55
214 819 4
214 499 67
214 486 88
214 840 33
214 601 65
215 553 88
215 644 87
215 658 68
215 471 75
215 777 51
215 517 76
215 505 69
215 753 82
215 859 92
215 683 85
215 456 22
215 834 31
215 484 26
215 438 4
215 788 21
216 660 62
216 558 90
216 803 23
216 512 55
216 692 83
216 669 43
216 592 4
217 458 22
217 720 24
217 476 66
217 826 59
217 676 74
217 530 90
217 815 14
217 836 14
217 626 87
217 498 32
217 653 7
218 458 79
218 737 61
218 624 6
218 750 36
218 633 45
218 580 66
218 602 38
218 651 14
218 459 32
218 549 80
218 741 7
219 626 70
219 698 22
219 787 76
219 466 24
219 518 90
219 577 93
219 743 14
219 482 45
219 795 33
219 443 50
219 486 23
219 470 84
220 506 65
220 759 45
220 727 9
220 479 92
221 846 2
221 644 78
221 445 68
221 594 79
221 782 97
221 793 90
221 483 24
221 739 46
222 497 42
222 850 16
222 501 26
222 858 46
223 594 56
223 491 17
223 480 70
223 691 12
223 458 24
223 800 16
224 780 53
224 770 45
224 720 83
224 522 51
225 568 1
225 709 20
225 523 1
225 504 43
225 702 98
225 734 56
225 601 57
225 680 76
225 562 40
225 527 91
225 748 36
226 775 74
226 854 37
227 639 35
227 465 63
227 676 1
227 491 9
227 724 80
227 444 97
227 745 31
227 735 81
227 477 75
227 455 67
227 497 68
227 699 88
227 539 16
227 530 80
227 495 12
228 584 61
228 502 50
228 488 91
228 655 64
228 633 10
228 645 50
228 467 78
228 654 48
228 546 79
228 759 55
228 607 91
229 497 67
229 602 88
230 776 65
231 817 75
231 758 34
232 523 11
232 659 81
232 658 80
232 709 35
232 682 49
232 833 23
232 476 7
232 478 72
232 635 47
232 464 53
232 492 70
233 497 25
233 653 53
233 594 33
233 818 54
233 717 83
233 628 75
234 853 46
234 858 16
234 451 90
234 805 99
234 825 71
234 696 65
234 707 86
234 667 56
235 436 15
235 581 22
235 666 54
235 632 89
235 610 30
235 640 42
235 785 16
235 703 1
235 638 33
235 832 58
236 599 8
236 848 36
236 449 46
236 511 62
236 696 38
236 457 44
236 830 19
236 704 18
236 438 56
237 488 80
237 695 54
237 608 95
238 746 46
238 501 1
238 713 8
238 693 91
238 443 43
238 834 50
238 595 85
238 601 35
238 472 39
238 483 16
238 658 93
238 770 79
239 746 34
239 442 1
239 669 52
239 545 83
239 508 17
239 655 11
239 838 54
239 684 24
239 440 20
239 432 74
239 723 47
239 558 48
239 736 30
240 726 83
240 805 77
240 522 46
240 831 80
240 832 54
240 728 9
240 724 7
240 568 3
240 501 19
240 440 75
240 625 54
240 858 81
240 494 38
240 857 99
241 825 66
241 713 15
241 785 98
241 510 19
241 514 91
241 692 42
241 629 67
241 805 29
241 839 38
241 469 92
241 630 36
241 509 1
241 736 46
241 499 27
242 564 30
242 634 76
242 527 72
242 632 54
242 735 60
242 820 62
242 687 59
242 798 72
242 508 39
242 452 54
242 733 85
242 597 7
242 534 87
242 743 76
243 774 16
243 687 25
243 494 98
243 467 3
243 440 79
243 632 12
243 588 87
243 652 10
244 526 21
244 859 56
244 543 55
244 791 7
244 632 63
245 848 55
245 499 40
245 511 54
245 736 45
245 851 54
245 760 63
245 721 79
245 552 73
246 434 42
246 456 4
246 847 1
246 432 21
246 491 76
246 818 40
246 462 94
246 701 75
246 526 44
246 671 34
247 682 84
247 671 54
247 461 90
247 839 13
247 791 13
247 475 93
247 735 33
247 501 21
247 639 34
247 527 40
248 755 21
248 595 55
248 719 16
248 464 98
248 664 54
248 515 98
248 658 5
248 751 32
248 757 85
248 482 10
249 645 32
249 462 44
249 843 9
249 586 4
250 602 73
250 494 21
250 588 97
250 446 81
250 550 3
250 777 72
251 606 92
251 467 34
251 532 77
251 804 23
251 806 71
251 454 52
251 649 73
251 772 43
251 611 28
251 586 60
251 560 12
251 682 33
251 573 30
251 457 40
252 806 52
252 473 87
252 635 88
252 774 3
252 662 67
252 547 78
253 859 35
254 576 62
254 749 90
254 574 34
254 758 2
254 798 41
254 691 46
254 635 86
254 678 39
254 751 91
254 718 96
254 627 52
254 843 19
254 713 61
254 805 47
255 693 87
255 652 78
255 464 93
255 736 27
255 713 3
255 823 25
255 443 62
255 563 5
255 449 25
255 547 98
255 545 99
256 635 14
256 544 68
256 710 51
256 580 86
256 468 33
256 536 95
256 658 15
256 486 25
256 740 37
257 628 31
257 672 43
257 755 43
257 785 21
257 433 30
257 681 6
257 599 86
257 816 4
257 823 36
257 619 64
257 689 60
257 472 15
258 754 68
258 851 93
258 552 65
258 572 9
258 612 94
258 735 75
258 441 64
258 739 53
258 457 73
258 683 58
258 450 65
258 859 36
258 563 3
258 471 27
259 588 77
259 736 36
259 485 52
259 748 58
259 851 1
260 453 37
260 651 93
260 841 24
260 787 16
260 819 44
260 622 36
260 824 73
260 493 97
260 583 96
260 786 39
260 593 59
260 574 68
261 588 61
261 775 38
261 823 85
261 475 46
261 611 75
261 729 86
261 441 78
261 600 38
261 848 21
261 734 50
261 785 71
261 730 64
261 639 73
261 461 77
262 516 7
262 563 18
262 800 4
262 480 28
262 457 51
262 730 51
262 629 78
262 571 63
263 653 24
263 543 21
263 476 44
263 676 77
263 733 22
263 757 73
263 468 22
263 696 78
264 516 68
264 838 15
264 673 15
264 773 89
264 440 5
264 567 97
264 552 18
264 789 81
264 713 3
264 662 50
264 536 74
264 432 20
264 519 79
264 842 86
264 793 23
265 497 60
265 652 43
265 470 66
265 542 29
265 547 55
265 514 94
265 818 68
265 634 87
265 609 8
265 682 90
266 682 97
266 625 15
266 727 64
267 696 2
267 519 98
267 741 65
267 553 5
268 844 17
268 603 43
269 663 82
269 787 56
269 527 50
269 447 83
269 827 73
270 642 10
270 563 99
271 543 22
271 840 26
271 666 2
271 534 76
271 857 58
272 731 83
272 431 37
272 449 97
272 468 84
272 593 34
272 617 55
273 730 45
273 594 66
273 845 84
274 699 99
274 772 28
274 637 7
274 719 99
274 740 7
275 753 82
275 529 53
275 667 79
275 615 4
275 449 85
275 496 70
275 851 4
275 599 37
275 826 4
275 548 66
276 569 11
276 645 60
276 491 92
276 846 20
276 698 56
276 795 72
276 439 43
276 551 86
276 462 32
276 805 32
276 592 14
277 793 78
277 461 66
277 686 18
278 729 65
278 786 10
278 702 60
278 663 50
278 559 59
278 772 83
278 435 29
279 828 43
279 712 83
279 794 67
279 458 27
279 729 46
279 627 43
279 499 23
280 590 17
280 809 6
280 784 55
280 584 47
280 431 34
281 627 32
281 597 73
281 707 73
281 766 62
281 743 26
281 593 11
281 504 12
281 557 57
281 515 42
281 464 75
281 595 67
281 833 92
281 526 5
281 622 87
281 523 62
282 516 39
282 578 75
282 841 11
282 508 53
282 827 78
282 587 21
282 616 38
282 434 68
282 505 76
282 671 26
282 725 92
282 458 10
283 844 30
283 537 21
283 531 69
283 624 26
283 752 77
283 588 67
283 534 45
283 815 35
283 652 44
283 458 91
283 701 47
283 544 34
284 626 40
284 759 47
284 722 26
284 756 87
284 531 67
284 737 16
284 470 74
284 685 22
284 723 59
284 636 80
285 782 84
285 439 41
285 470 95
285 840 2
285 702 69
285 690 13
285 502 93
286 476 6
286 660 96
286 531 37
286 787 33
286 494 1
286 639 82
286 633 37
286 463 72
286 849 50
286 810 90
286 723 26
287 569 60
287 823 52
287 556 18
287 820 47
287 716 28
288 609 76
288 570 14
288 848 31
288 847 95
288 501 51
289 761 1
289 788 61
289 701 51
289 743 70
289 548 50
290 542 49
290 822 36
290 816 28
290 833 30
290 498 76
291 525 97
291 832 32
292 546 41
292 757 39
292 703 95
292 481 11
292 734 2
292 859 39
292 516 64
292 464 88
293 743 15
293 509 18
293 553 26
293 560 48
293 511 62
293 791 8
293 739 63
293 488 37
293 588 14
293 839 19
293 456 88
293 565 39
293 798 18
293 750 43
294 725 6
294 697 36
294 760 85
294 593 63
294 595 50
294 755 34
294 515 1
294 724 44
294 744 20
294 773 15
294 492 29
294 672 28
294 574 11
295 626 79
295 551 52
295 674 18
295 754 75
295 743 74
295 859 66
295 468 7
295 430 36
295 842 82
295 740 35
295 455 4
295 523 9
295 439 43
296 546 85
296 805 99
296 522 15
296 608 11
296 437 87
296 788 59
296 615 15
296 467 98
296 528 33
296 783 59
296 728 25
297 658 38
297 644 88
297 669 31
298 448 88
298 548 71
298 595 97
298 552 12
298 821 20
298 717 34
298 641 96
298 671 83
299 751 85
299 736 95
300 715 44
300 450 14
300 567 72
300 501 12
300 746 8
300 633 23
300 608 2
300 798 81
300 681 54
300 744 7
300 665 48
301 610 2
301 589 29
301 452 9
301 751 27
301 455 69
301 680 14
301 630 13
301 683 46
302 625 92
302 721 93
302 766 37
302 788 86
302 747 36
302 780 18
302 688 65
303 710 84
303 553 24
303 545 84
303 481 74
303 750 47
303 612 3
304 645 14
304 656 20
304 607 67
305 465 74
306 825 86
306 564 3
306 742 91
306 809 11
306 801 58
306 662 43
306 695 84
306 749 81
306 645 82
306 664 87
306 550 42
307 534 89
307 519 84
308 661 50
308 573 21
308 858 84
308 712 37
308 780 92
308 634 3
309 620 7
309 549 27
309 594 37
309 720 93
309 837 42
309 804 38
309 536 77
309 659 97
309 503 80
309 605 60
309 647 46
309 750 88
309 660 10
309 587 41
310 838 52
311 548 83
311 853 11
311 704 21
311 494 36
311 748 35
311 855 50
311 858 53
311 646 6
311 522 54
311 780 31
311 844 23
311 512 95
311 608 39
311 602 35
312 525 53
312 854 63
312 803 65
312 623 21
312 645 17
313 684 61
313 750 48
313 642 50
314 591 10
314 805 49
314 695 72
314 643 80
314 719 46
314 430 4
314 637 22
314 595 36
314 482 98
314 594 32
314 786 48
314 790 33
314 766 67
314 732 11
314 554 63
315 503 2
315 745 58
315 454 53
315 552 53
315 576 22
315 754 83
316 532 63
317 666 20
317 643 42
317 690 39
317 623 63
317 724 27
317 723 97
317 532 81
317 491 67
318 586 92
318 480 80
318 593 5
319 662 33
320 637 2
320 776 72
320 555 64
320 438 55
320 619 5
320 595 50
320 517 84
320 501 18
320 498 32
320 478 90
320 437 48
320 799 7
320 726 68
321 699 43
321 696 99
321 802 64
321 592 63
322 483 64
322 646 8
322 806 26
322 832 67
322 618 47
322 730 30
322 684 30
322 728 42
322 688 83
322 575 76
322 504 24
322 432 54
322 500 32
322 512 40
322 534 67
323 660 29
323 629 34
323 854 10
323 773 91
323 490 37
323 578 3
323 572 48
323 621 4
323 574 38
323 717 65
323 784 31
323 666 29
323 831 94
324 749 32
324 537 94
324 430 84
324 445 97
324 609 18
324 562 5
324 690 29
324 804 73
324 797 78
325 795 65
325 726 54
325 689 43
325 786 34
325 854 14
326 796 22
326 716 73
327 604 60
327 469 63
327 497 1
327 807 51
327 679 81
327 787 78
327 764 34
328 614 34
328 688 9
328 760 27
329 447 60
329 757 16
329 449 4
329 685 88
329 826 3
329 432 16
329 485 1
329 762 36
329 832 10
329 514 88
329 716 92
329 692 27
329 717 37
329 837 28
330 748 12
330 646 93
330 627 50
330 528 69
330 781 55
330 498 48
330 474 4
331 629 89
331 682 27
331 590 31
331 610 78
331 518 2
331 705 31
331 487 77
331 506 13
332 466 54
332 621 61
332 777 50
332 828 88
332 670 91
333 458 44
333 473 13
333 741 70
333 813 90
334 519 63
334 613 38
334 665 42
334 520 97
334 701 4
334 593 34
334 445 80
334 718 33
335 590 27
335 839 72
335 737 40
335 833 87
335 531 28
335 680 65
335 432 79
335 666 61
335 681 23
335 827 70
335 487 89
335 774 72
335 438 11
335 600 1
335 655 85
336 490 23
336 655 24
336 508 56
336 545 27
337 484 42
337 470 39
337 544 46
337 684 83
337 566 98
337 445 24
338 499 60
339 784 6
339 689 17
339 629 6
339 518 7
339 815 86
339 487 93
339 744 50
339 803 45
339 727 75
339 849 58
339 528 38
339 651 26
340 774 26
340 756 96
340 734 71
340 511 28
340 442 68
340 439 73
340 854 24
340 641 97
341 796 79
341 603 63
341 678 53
341 536 20
341 799 74
341 623 48
341 579 7
341 824 39
341 664 94
341 845 80
341 596 89
341 772 41
341 472 63
342 574 68
342 779 59
342 645 62
342 597 55
342 641 17
342 547 84
342 787 95
342 519 23
343 807 65
344 556 25
344 647 28
344 809 85
344 485 97
344 433 30
344 437 31
344 505 71
344 557 11
344 846 77
344 753 11
345 700 75
346 548 27
346 550 80
346 654 43
346 763 64
346 615 86
346 542 33
346 485 38
346 739 87
346 731 12
346 528 50
347 591 95
347 657 69
347 702 96
347 643 62
347 523 58
347 441 38
348 586 9
348 731 73
348 703 52
348 672 88
348 835 28
348 629 75
348 769 14
348 661 38
348 838 25
348 521 34
349 485 76
349 764 19
349 548 76
349 509 67
349 796 83
349 479 4
349 520 78
349 753 66
350 763 37
351 752 87
351 813 16
351 684 98
351 548 68
351 649 83
351 753 46
351 635 9
351 595 11
351 721 15
351 464 30
351 835 59
351 475 88
352 829 36
352 435 71
352 735 92
352 574 62
352 455 38
352 853 25
352 814 22
352 564 47
352 823 52
352 524 66
352 675 5
353 471 40
353 512 52
353 721 56
353 652 20
353 552 11
353 630 44
353 847 67
354 681 92
354 839 90
354 750 31
354 848 26
354 716 71
354 446 22
354 455 11
354 672 5
354 659 68
354 610 42
354 510 20
354 718 64
354 678 98
355 790 9
355 603 65
355 805 46
355 727 41
356 809 47
356 629 83
357 718 5
357 438 45
357 784 78
357 608 57
357 670 19
357 774 85
357 802 21
357 599 12
357 693 59
357 848 16
357 532 27
357 478 27
357 850 97
358 747 66
358 718 48
358 475 38
358 837 69
359 751 57
359 594 11
359 773 1
359 595 71
359 765 52
359 653 34
359 832 57
359 790 79
359 479 28
359 606 87
359 762 68
359 817 95
359 853 74
360 480 7
360 461 16
361 791 73
361 661 27
361 635 39
361 541 22
361 730 14
361 490 33
361 777 13
361 522 40
361 616 50
361 629 10
361 549 52
361 676 89
361 716 42
361 517 16
361 681 22
362 451 97
362 738 51
363 805 71
363 703 96
363 449 88
363 814 30
363 697 47
363 843 12
363 752 53
364 790 12
364 461 22
364 538 77
364 856 90
364 799 97
364 512 53
364 767 16
364 786 85
364 674 9
364 631 11
364 677 53
364 450 70
364 533 28
364 855 26
364 502 24
365 453 36
365 712 45
365 544 70
365 623 50
365 518 61
365 510 1
366 832 45
366 603 15
366 716 63
366 516 6
366 565 90
366 772 17
366 706 25
366 798 77
366 558 18
366 837 85
366 497 27
366 846 16
367 507 86
367 633 11
367 610 92
368 808 55
368 591 22
368 437 42
368 711 97
368 634 94
368 717 66
369 809 80
369 631 31
369 730 63
369 790 51
370 728 70
370 559 25
370 764 48
370 710 60
370 556 44
370 566 60
370 682 96
370 512 50
370 856 52
370 631 67
370 443 7
370 828 15
370 692 84
370 548 8
370 472 36
371 439 91
371 441 8
372 680 90
372 532 26
372 811 27
373 786 55
373 503 41
373 483 15
373 628 31
373 746 80
373 625 23
373 566 28
373 794 53
373 471 67
374 813 34
374 689 64
374 708 84
374 593 1
374 566 54
374 794 20
374 801 92
374 811 76
374 527 17
374 596 74
374 606 26
374 578 30
374 468 65
375 515 34
376 484 44
376 800 86
376 620 41
376 659 37
376 540 35
376 742 62
376 777 3
376 744 59
376 837 89
377 503 6
377 798 36
377 796 96
377 747 30
377 720 10
377 697 18
377 832 80
377 482 21
378 719 32
378 624 44
378 732 83
378 506 19
378 559 3
378 728 22
378 434 14
378 645 30
378 498 88
378 638 43
379 465 15
379 542 90
380 570 17
380 626 99
380 604 97
381 664 90
381 501 7
381 772 71
381 824 44
381 616 39
381 789 85
381 721 93
381 432 90
381 445 64
382 736 75
382 769 75
382 605 79
382 845 65
382 569 58
382 656 90
382 480 82
382 612 59
383 543 37
383 530 53
383 671 93
384 562 86
384 676 82
384 628 16
384 601 41
384 468 64
384 685 28
384 724 8
384 606 47
384 524 19
384 522 88
384 590 68
385 667 73
385 806 6
385 660 39
385 546 6
385 803 23
385 645 39
385 556 73
385 713 41
385 654 36
386 588 39
386 462 53
386 478 19
386 756 44
386 746 28
386 450 43
386 818 49
386 558 72
386 490 97
386 571 61
386 853 56
386 624 54
387 577 63
387 847 6
387 618 12
387 683 9
387 607 91
387 580 30
387 463 79
387 641 12
388 445 78
388 598 47
388 761 72
388 709 76
388 680 7
388 496 2
388 554 73
388 758 27
388 833 52
389 513 68
389 653 44
389 517 85
389 595 96
389 553 18
389 571 55
389 799 33
389 704 63
389 647 71
389 825 14
389 461 22
389 449 79
389 684 35
389 472 49
390 512 57
390 558 32
390 615 14
390 821 10
390 809 1
390 563 27
391 557 97
391 771 31
391 447 9
391 740 94
391 854 29
391 466 57
391 629 91
392 434 80
392 592 42
392 597 37
392 465 26
392 541 69
392 847 22
392 490 20
392 682 29
392 494 17
392 667 70
392 736 58
393 676 46
393 644 51
393 855 78
393 773 45
393 718 21
393 543 17
393 598 58
393 798 33
393 799 43
394 454 97
394 684 15
394 752 44
394 525 92
394 605 92
394 578 73
394 672 99
394 577 55
394 762 38
394 504 35
394 755 91
394 820 67
394 729 60
395 649 63
395 791 52
395 609 21
395 452 34
395 736 87
395 550 52
395 710 57
395 571 16
395 687 20
395 804 41
396 557 61
396 452 56
396 827 64
396 565 49
396 783 49
396 461 52
396 814 10
396 495 92
396 655 36
396 572 95
396 640 15
397 751 94
397 744 66
397 533 98
397 682 45
397 824 34
397 764 96
397 661 23
397 780 65
398 775 91
398 572 81
398 553 79
398 787 91
398 793 85
398 576 87
398 491 27
398 679 25
398 516 86
398 742 29
399 808 6
399 644 76
399 478 27
399 555 78
399 704 74
399 442 83
399 839 37
399 472 28
399 800 24
399 755 51
399 503 3
399 569 28
399 439 43
399 573 55
399 717 71
400 632 46
400 727 69
400 746 86
400 667 23
400 455 89
401 455 54
402 739 56
402 704 34
402 638 51
402 849 29
402 745 59
402 752 82
402 676 65
402 569 79
403 642 62
403 699 23
403 536 28
403 695 23
403 838 64
403 837 31
403 811 20
403 785 87
403 619 17
403 839 91
404 702 16
404 433 8
404 543 6
404 643 72
404 506 72
404 438 62
404 719 63
404 811 39
404 630 24
404 505 20
404 832 40
404 785 18
404 619 40
404 697 2
405 430 97
405 663 74
405 849 49
405 587 42
405 478 76
405 508 50
405 793 15
405 739 1
405 656 72
406 611 49
406 732 62
406 653 29
406 750 74
406 794 5
406 742 79
406 696 25
406 473 51
406 494 59
406 798 53
406 736 94
407 854 8
407 773 81
407 737 48
407 462 83
407 724 62
407 799 88
408 670 65
408 774 21
408 776 59
408 858 45
408 592 40
408 836 44
408 578 82
409 461 27
409 791 26
409 741 89
409 768 81
409 553 77
409 747 12
409 769 67
409 755 76
409 565 15
409 495 36
409 491 57
409 695 11
409 623 44
410 742 88
410 555 59
410 758 59
410 799 99
410 700 68
411 506 80
411 710 65
411 445 45
411 644 94
411 854 16
411 553 27
411 846 65
411 820 80
411 694 87
412 491 84
412 773 94
412 646 42
412 806 28
412 664 10
412 541 18
412 613 46
412 460 48
412 612 78
412 703 89
412 515 43
413 601 74
414 663 48
414 533 86
414 852 18
414 534 92
414 461 46
414 651 91
414 529 73
414 653 19
414 566 1
414 769 6
414 718 61
414 611 59
414 775 76
414 527 59
415 430 78
415 761 37
415 809 32
415 490 11
415 691 63
415 434 16
415 578 97
415 479 24
415 676 82
415 630 82
415 802 73
415 728 9
416 857 47
416 583 92
416 488 97
416 538 41
416 479 80
416 840 70
416 750 56
417 742 94
417 788 33
417 473 79
417 634 28
417 697 2
418 736 69
418 517 35
418 483 92
418 626 62
418 515 86
418 546 78
418 612 34
418 801 82
419 817 51
419 770 51
419 821 40
419 515 10
419 483 16
420 632 68
420 691 27
420 709 27
420 661 77
420 466 24
420 569 5
420 616 36
421 502 20
421 726 38
421 546 44
421 453 81
421 728 22
421 448 60
421 451 26
421 447 91
421 486 4
422 801 82
422 603 26
422 588 99
422 708 10
422 434 30
422 716 41
423 433 28
423 485 24
423 446 36
423 530 37
423 628 4
423 517 49
423 755 91
424 816 57
424 539 96
424 527 53
424 623 88
424 833 25
424 660 12
424 497 43
424 550 30
424 717 18
424 840 10
425 828 74
425 522 91
425 744 82
425 783 32
425 545 91
425 800 11
425 713 41
425 654 27
425 573 53
425 740 42
425 447 78
425 784 69
426 853 25
426 479 40
426 463 99
426 514 85
426 599 27
426 559 99
426 734 3
426 639 42
426 651 86
427 771 1
427 769 86
427 784 28
427 683 80
427 513 47
427 796 29
427 734 33
428 730 35
428 727 15
429 747 48
429 519 74
429 549 65
429 562 17
