514 2008
1 297 38
1 495 21
1 343 49
1 469 41
1 378 82
1 259 61
1 270 98
1 407 31
1 475 91
1 333 66
1 419 91
2 503 40
2 273 49
2 296 18
2 315 73
2 434 60
2 440 48
2 376 82
2 469 80
2 468 94
2 450 41
3 294 95
4 282 25
4 413 72
4 271 64
4 480 28
4 448 88
4 487 81
5 464 96
5 265 39
5 299 4
5 287 23
5 460 72
5 344 39
5 427 29
5 349 2
5 462 15
5 260 78
5 421 83
5 356 3
5 437 91
5 468 35
6 475 65
6 400 67
6 501 41
6 276 15
6 438 61
6 417 34
6 422 62
6 485 35
7 481 92
7 306 34
7 368 44
7 354 12
7 361 76
7 514 43
7 441 95
8 361 77
8 450 76
9 495 54
9 489 72
9 267 17
9 369 34
9 348 52
9 271 62
9 284 69
9 264 68
9 466 11
9 286 88
9 430 72
9 372 45
9 406 69
10 453 99
10 385 78
10 494 3
10 429 6
10 307 30
10 324 58
10 300 32
10 294 50
10 451 66
11 412 54
11 491 20
11 331 61
11 503 47
12 333 70
12 393 78
12 510 60
12 502 62
12 505 86
12 413 7
12 500 38
12 391 3
12 389 29
12 442 30
12 425 74
13 276 1
13 334 14
13 309 5
13 449 71
13 477 47
13 466 51
13 422 46
13 386 90
13 461 89
13 371 24
14 383 34
14 435 66
14 459 9
14 295 71
15 472 13
15 372 38
15 454 46
15 295 27
15 316 87
15 391 18
15 407 97
15 434 73
15 384 5
15 415 92
15 503 91
15 467 8
16 363 49
16 502 3
16 397 65
16 448 8
16 400 67
16 275 70
16 375 48
16 268 29
16 477 5
16 271 16
16 380 54
16 338 60
16 334 3
16 386 16
16 280 9
17 377 29
17 328 71
17 469 24
17 463 36
17 444 12
17 432 52
17 485 91
17 353 73
17 356 68
17 400 92
17 441 76
18 322 41
18 319 12
18 477 76
18 470 28
18 391 9
18 356 12
18 383 80
18 429 39
19 293 3
19 441 44
19 434 25
19 450 82
19 509 57
19 358 64
19 332 19
19 471 79
19 496 66
19 262 97
19 384 83
19 493 85
20 345 24
21 261 72
21 322 9
21 446 69
22 426 2
22 352 81
22 301 57
22 390 79
22 448 55
22 393 58
22 412 29
22 466 97
22 417 15
22 383 90
22 458 30
23 411 36
23 284 52
24 293 77
24 285 8
24 286 43
24 509 80
24 437 64
24 485 14
24 411 65
24 396 5
24 374 89
24 395 67
24 314 71
25 315 93
25 489 72
25 443 25
25 466 76
25 326 85
25 425 8
25 467 52
25 261 69
25 355 3
26 309 8
26 500 27
26 314 28
26 354 54
26 406 1
26 430 83
26 346 44
26 296 15
26 489 28
26 488 67
26 466 66
26 338 35
26 310 82
26 264 27
26 490 89
27 266 89
27 460 41
27 273 5
27 471 60
27 441 58
28 392 44
28 496 64
28 355 12
28 492 14
28 488 85
28 431 86
28 389 83
28 377 33
28 459 53
28 281 12
28 344 8
28 301 39
28 490 61
28 300 33
28 452 45
29 337 50
29 495 80
29 307 88
29 336 80
29 420 80
30 460 69
30 491 51
30 437 77
30 436 22
31 417 2
31 265 37
31 502 11
31 398 46
31 322 36
31 315 86
31 366 44
31 332 3
31 514 92
31 429 11
31 456 59
31 430 43
31 422 15
31 370 14
31 287 69
32 509 14
32 266 1
32 288 12
32 447 61
32 391 16
32 440 60
32 381 28
32 292 73
32 421 49
32 363 82
32 346 39
33 294 10
33 378 53
33 312 25
34 454 79
34 390 89
34 475 92
34 451 87
35 460 90
35 493 13
35 433 48
36 377 75
36 341 37
36 422 96
36 297 67
36 392 68
36 428 5
36 308 46
36 312 50
36 274 74
36 497 2
36 429 36
36 405 66
37 380 19
37 491 66
37 398 80
38 492 57
38 474 90
38 484 61
38 316 62
38 296 74
38 393 63
38 374 62
38 404 63
38 490 97
38 289 76
38 410 91
38 350 78
38 408 14
39 287 21
39 370 67
39 514 55
40 356 25
41 510 1
41 287 21
41 449 38
41 295 63
41 278 16
41 395 94
41 398 48
41 419 55
41 410 81
41 268 24
41 498 75
41 311 80
42 483 3
42 277 43
42 464 34
42 389 58
42 339 99
43 306 32
43 407 3
43 416 27
43 397 28
43 412 39
43 477 84
43 381 14
43 448 74
43 399 98
43 293 90
43 302 76
43 367 26
44 439 33
44 472 30
44 462 8
44 283 46
44 446 11
44 321 66
44 275 98
44 512 29
45 499 17
45 338 41
45 279 95
45 427 14
45 296 7
45 325 92
45 268 40
45 421 86
45 382 83
45 446 94
45 408 34
45 425 57
45 360 21
46 309 14
46 397 88
46 291 64
46 411 29
46 462 96
46 514 61
46 384 36
46 365 25
47 362 89
47 386 18
47 383 5
47 279 71
47 509 30
47 275 49
47 326 93
47 321 68
47 465 34
47 331 92
48 336 77
48 376 36
48 500 30
48 438 83
48 313 91
48 368 8
48 389 14
48 387 21
48 435 47
49 272 44
49 369 27
49 333 90
49 488 4
49 306 56
49 288 20
49 379 6
49 308 19
49 490 41
49 373 43
49 487 18
49 377 15
49 322 5
49 425 62
49 457 4
50 274 27
50 403 24
50 313 91
50 383 42
51 351 77
51 452 43
51 308 47
51 448 19
51 412 49
51 367 3
51 356 56
51 383 22
51 512 91
51 444 31
51 495 97
52 371 57
52 272 16
52 460 75
52 278 15
52 484 92
52 296 97
52 457 98
53 355 14
53 307 48
53 363 52
53 513 25
53 436 30
53 271 52
53 371 25
53 309 17
53 372 78
53 498 73
54 310 74
54 300 26
54 435 56
54 431 67
54 283 16
54 297 71
54 409 44
55 472 4
55 365 97
56 300 9
56 397 41
56 459 1
56 311 1
56 443 98
56 371 14
56 510 88
57 274 44
57 440 86
57 301 2
57 511 39
57 402 89
57 459 70
57 450 7
57 491 28
57 353 10
57 500 43
57 299 90
58 271 53
59 443 13
59 335 94
59 451 94
59 355 33
60 496 25
60 332 83
60 375 48
60 434 66
60 457 75
60 504 30
60 446 41
60 321 44
60 374 32
60 491 11
60 475 94
61 453 89
61 377 58
61 321 13
61 364 48
61 384 54
61 514 11
61 438 42
61 286 9
61 339 39
61 362 15
61 433 39
62 295 83
62 430 4
62 355 19
62 362 28
62 493 58
63 382 73
63 375 81
63 345 90
63 451 90
63 272 4
63 359 14
63 413 9
63 264 76
63 358 17
63 265 50
63 471 48
63 396 13
63 334 14
64 393 45
64 315 58
64 361 7
64 406 78
64 464 75
64 472 17
64 317 70
64 335 96
64 270 95
64 326 37
64 353 43
64 391 71
64 414 85
64 293 55
64 396 19
65 407 85
65 342 99
66 420 44
66 366 47
66 357 48
66 355 72
66 259 68
67 477 63
67 465 42
67 378 21
67 413 91
67 431 75
67 330 49
67 457 37
68 433 31
68 461 4
69 327 63
69 463 29
69 412 94
69 278 93
69 408 57
69 304 33
69 363 5
69 276 29
69 356 2
69 395 57
69 460 61
69 377 77
69 382 45
69 332 48
70 386 20
70 311 18
70 428 59
70 406 89
70 293 90
70 475 17
70 359 7
71 502 1
71 265 65
71 454 42
72 353 77
72 511 94
72 410 65
72 363 58
72 496 84
72 347 42
72 416 21
72 472 60
72 458 64
72 444 33
72 322 79
73 319 42
74 336 90
74 418 61
74 481 61
74 275 53
74 346 95
74 510 16
74 339 45
74 317 90
74 458 11
74 404 90
74 373 19
74 285 93
74 425 2
74 278 73
74 482 17
75 424 60
75 271 47
75 469 14
75 382 96
75 267 62
75 280 63
75 460 53
75 290 17
75 478 62
75 288 68
76 375 47
76 429 44
76 457 60
76 503 36
76 416 2
76 344 13
76 298 12
76 397 68
76 456 77
76 334 27
76 485 97
76 433 28
76 458 38
76 355 22
77 310 91
77 263 56
77 505 75
78 436 32
78 396 86
78 504 76
78 295 71
78 277 57
78 309 11
78 315 26
78 452 61
78 500 14
78 313 51
78 473 37
78 449 18
78 311 79
79 287 38
79 479 45
79 402 99
79 259 85
80 471 49
80 456 71
80 385 84
80 395 54
80 284 10
80 343 77
80 454 7
80 352 26
80 269 24
81 485 46
81 454 19
81 300 32
81 267 9
81 367 91
81 342 6
81 385 7
81 391 88
81 437 21
81 451 31
81 358 85
81 406 96
81 313 89
81 341 33
82 400 35
82 432 74
82 376 88
82 429 62
82 391 75
82 406 51
82 308 98
82 362 88
82 291 52
82 270 29
82 309 53
82 258 73
82 478 20
82 467 71
82 338 21
83 303 23
83 425 9
83 269 70
83 343 46
83 276 33
83 407 64
83 301 7
83 463 30
83 459 5
83 351 59
83 337 32
83 479 11
84 307 90
84 329 17
84 312 15
84 300 14
84 458 88
84 279 59
84 491 38
85 407 50
85 340 79
85 434 21
85 349 16
85 266 32
85 512 74
86 342 26
86 422 58
86 439 66
86 356 3
87 313 56
87 496 19
87 302 85
87 513 35
87 479 67
87 507 98
87 389 22
87 427 16
87 484 51
87 298 56
87 394 68
87 486 28
87 397 45
87 435 84
88 494 4
88 461 44
88 435 41
88 266 8
88 316 71
88 495 38
88 463 15
88 275 64
88 443 15
88 423 82
88 441 21
88 398 41
88 304 2
89 375 93
89 443 38
89 345 71
89 496 8
89 499 7
89 315 40
89 325 28
89 285 48
89 313 40
90 465 46
90 405 75
90 322 24
90 385 19
90 367 93
91 463 97
91 467 37
91 346 3
91 291 69
91 336 22
91 395 35
91 501 37
91 430 12
91 297 88
91 514 34
91 364 18
91 479 86
92 348 29
92 295 87
92 367 91
92 342 5
92 279 3
92 369 15
93 505 26
93 412 97
93 377 28
94 466 78
94 406 80
94 357 49
94 315 62
94 426 88
94 431 18
94 336 37
94 423 63
94 497 97
95 489 65
95 310 84
95 270 53
95 326 45
95 494 18
95 456 28
95 429 12
95 500 13
95 466 99
95 361 7
95 427 65
95 480 81
96 356 49
96 320 37
96 300 89
97 512 21
97 412 12
98 312 40
98 483 56
98 396 36
98 385 43
98 504 61
98 402 97
98 372 21
98 386 65
98 340 20
98 285 56
98 313 54
98 390 8
98 388 34
99 314 18
99 330 1
99 468 49
99 388 91
100 392 69
100 306 34
100 427 33
100 426 83
100 297 70
100 440 64
100 317 92
100 474 89
100 363 15
101 318 19
101 425 32
101 343 47
101 260 29
101 435 43
101 342 60
101 389 41
101 456 76
102 312 77
102 315 80
102 328 27
102 417 54
102 438 4
102 305 86
102 295 32
102 350 80
102 492 97
102 300 72
102 505 58
102 346 6
102 402 65
102 342 89
102 277 65
103 399 33
103 315 58
103 347 68
103 345 55
103 321 88
103 343 28
103 413 70
103 280 92
103 466 44
103 482 54
104 304 46
104 385 78
104 400 89
104 487 18
104 456 90
104 269 13
104 399 93
104 373 67
104 334 57
105 267 40
105 502 20
105 258 22
105 260 37
105 348 65
105 339 48
105 432 1
105 373 4
105 300 72
105 431 91
105 341 34
105 323 84
105 350 50
105 293 30
106 300 67
106 368 14
107 484 70
107 417 75
107 306 5
107 466 52
107 471 49
107 505 8
107 479 87
107 349 83
107 328 1
108 261 58
108 484 8
108 458 43
108 447 62
108 390 7
109 346 59
109 343 64
109 488 39
109 261 8
109 495 49
110 423 45
110 309 11
110 320 22
110 496 4
110 293 8
110 365 87
110 460 24
110 414 97
110 416 1
110 473 10
111 432 69
111 444 96
111 315 49
111 289 22
111 356 4
111 269 21
111 384 38
111 505 89
111 362 15
112 480 9
112 427 33
112 371 32
112 380 38
113 417 37
113 472 8
113 468 40
113 282 57
113 467 42
113 481 65
113 436 33
113 398 70
113 300 46
113 419 42
114 267 80
114 443 22
114 498 4
114 383 49
114 407 72
114 433 97
115 338 64
115 283 25
115 260 10
116 295 87
116 505 74
116 331 31
116 361 61
116 270 59
117 355 21
117 458 58
117 396 86
117 463 21
117 373 75
117 389 24
117 462 98
117 502 17
118 391 14
118 264 72
118 437 84
118 511 95
118 303 67
118 272 31
118 384 82
118 258 33
118 260 68
118 455 40
118 494 24
119 304 54
119 383 68
119 291 1
119 354 1
119 416 72
119 343 66
119 434 91
119 478 50
119 466 84
119 364 23
119 468 45
120 301 64
120 357 6
120 281 46
121 408 80
121 311 37
121 294 83
121 395 79
121 462 12
121 300 94
121 295 22
121 416 43
121 287 64
122 317 8
122 425 31
122 504 64
122 329 76
122 420 30
122 264 34
122 412 42
122 438 77
122 411 20
122 271 35
122 430 7
122 276 8
122 488 91
123 325 21
123 496 57
123 439 15
123 415 55
123 483 83
123 466 73
123 260 15
124 361 93
124 366 69
124 402 9
124 485 78
124 356 50
124 262 87
124 345 94
124 389 99
124 325 54
125 283 56
125 266 45
125 489 3
125 395 11
125 458 4
125 461 92
125 405 70
125 377 8
125 268 89
125 492 62
125 389 17
126 431 43
126 328 46
126 480 26
126 375 30
126 395 99
127 336 39
127 469 89
127 402 16
127 322 26
127 395 64
127 477 56
127 276 12
127 294 48
127 314 29
127 468 70
127 407 39
127 440 23
128 466 85
128 287 27
128 351 42
129 265 40
129 302 42
129 471 24
129 279 63
130 397 90
130 483 5
130 351 96
130 389 87
131 322 28
131 311 87
131 286 7
131 262 66
131 401 21
131 465 57
131 456 72
131 503 48
131 504 44
131 396 79
131 459 79
131 351 11
131 432 98
131 440 78
132 348 73
132 424 89
132 312 99
132 342 34
132 451 54
132 438 81
132 308 34
132 338 53
132 269 48
132 473 22
133 438 62
133 426 20
133 274 76
133 330 1
133 434 23
134 264 62
134 500 40
134 468 95
134 498 42
134 285 2
134 463 88
134 263 39
134 490 58
134 357 90
134 477 90
134 297 90
134 470 57
134 371 23
134 428 95
135 288 43
135 369 7
135 485 16
135 487 44
135 429 62
135 266 68
135 453 34
135 311 64
136 488 56
137 304 50
138 284 15
138 287 54
138 487 74
138 432 40
138 477 84
139 345 4
139 447 2
139 486 80
139 441 71
139 321 25
139 476 81
139 306 40
139 367 84
139 351 69
139 475 96
139 268 89
139 382 35
139 412 32
139 302 10
140 407 44
140 314 64
140 304 25
140 357 11
140 262 58
140 477 5
140 326 16
140 446 47
140 454 76
140 268 15
140 417 32
141 464 88
141 327 98
141 505 83
141 380 46
141 508 27
141 398 48
141 341 15
141 452 98
141 317 73
141 442 87
141 422 89
141 269 11
142 414 85
142 359 98
142 351 14
142 261 4
142 363 23
142 377 46
142 259 47
142 382 72
143 488 33
143 440 3
143 333 55
143 472 13
143 268 86
143 276 90
143 259 43
143 290 17
144 310 35
144 316 69
144 371 56
144 417 26
144 281 65
144 484 40
144 403 36
144 389 83
144 271 56
144 476 39
144 266 43
145 387 49
145 397 75
145 345 37
145 321 58
145 481 22
146 451 55
146 420 53
146 406 39
146 415 13
146 325 44
146 330 1
147 323 93
147 304 1
147 294 29
147 387 43
147 322 98
147 450 86
148 269 44
148 369 70
149 267 59
149 511 36
149 335 5
149 382 97
149 373 63
149 488 5
149 363 31
149 298 63
149 300 45
149 358 46
149 301 62
149 502 31
150 462 47
150 309 83
150 421 4
150 353 98
150 269 96
151 416 96
151 303 44
151 345 33
151 441 58
151 418 33
151 356 52
151 353 31
151 399 72
151 411 34
151 331 75
152 375 56
152 285 96
152 393 23
152 388 41
153 403 49
153 485 40
153 335 86
153 446 79
154 374 7
154 466 45
154 287 77
155 280 73
155 317 54
155 476 91
155 440 91
155 271 9
155 286 92
155 446 50
155 514 14
155 465 54
155 308 10
155 478 96
155 424 31
155 408 46
155 274 2
156 479 42
156 402 11
156 300 13
156 494 27
156 497 84
156 273 74
156 367 26
156 459 30
157 420 29
157 451 75
157 276 67
157 338 22
157 376 6
157 300 13
157 351 90
157 315 61
157 446 5
158 297 97
158 392 53
158 473 19
158 398 24
158 302 90
158 390 42
158 376 67
158 335 24
158 342 59
159 414 80
159 510 59
159 264 80
159 319 65
159 310 59
159 336 66
159 486 76
159 423 39
159 308 8
159 270 29
160 464 73
161 302 52
162 350 22
162 428 71
162 434 52
162 347 44
162 266 25
162 384 17
162 367 24
163 339 87
163 492 87
163 259 38
163 263 23
163 262 92
163 513 6
163 361 99
163 379 77
163 453 27
163 282 78
163 292 52
163 496 69
163 425 46
164 471 4
164 285 26
164 298 93
164 329 66
164 443 49
164 264 64
164 433 16
164 389 1
164 347 45
164 375 66
164 429 6
165 466 61
165 477 87
166 502 52
166 334 75
166 298 81
166 305 66
166 290 80
166 439 66
166 341 25
166 309 43
166 330 37
166 481 71
166 425 42
166 461 37
167 326 87
167 440 60
167 496 60
167 321 88
167 454 49
167 420 61
167 471 55
167 406 60
167 307 28
168 456 49
168 360 96
168 302 77
168 464 86
168 402 94
168 398 61
168 349 1
168 486 24
168 304 42
168 399 22
168 438 32
168 465 61
169 509 6
169 448 53
169 393 24
169 263 95
169 387 60
169 491 97
169 482 86
169 362 44
169 275 3
169 318 67
169 285 55
169 321 51
170 393 29
170 366 61
170 351 4
170 304 56
170 264 12
170 307 95
170 453 5
170 397 50
170 356 2
170 460 59
171 490 4
171 453 79
171 425 5
171 496 80
171 509 85
171 378 5
171 320 24
171 482 19
171 375 94
171 491 49
171 502 11
171 387 75
171 318 82
171 415 8
171 341 36
172 339 92
172 346 89
172 438 63
172 300 69
172 275 16
172 401 26
172 495 82
172 263 41
172 497 26
172 393 57
172 258 34
173 388 57
173 270 45
173 323 12
173 410 46
173 503 17
173 405 82
173 288 59
173 448 46
174 500 49
174 368 45
174 412 91
174 512 80
175 461 13
175 445 81
175 406 20
175 494 83
176 404 72
176 438 6
177 371 41
177 308 54
177 433 78
177 418 95
177 484 20
177 346 19
177 473 7
177 420 42
178 374 81
178 378 86
178 442 34
178 352 22
178 363 38
178 426 78
178 349 24
178 399 52
178 427 47
178 384 78
178 407 8
178 353 48
178 493 33
178 284 29
179 473 17
179 455 37
179 308 59
180 261 90
180 360 2
180 368 9
180 469 51
180 510 88
180 413 95
180 272 42
181 343 10
181 435 36
181 456 85
181 490 4
181 419 55
181 501 62
181 508 26
181 292 92
181 327 40
181 480 75
181 355 2
181 277 73
181 315 12
181 352 28
182 277 8
182 288 14
182 275 57
182 330 60
182 407 34
182 373 41
183 406 76
184 306 25
184 510 73
184 271 13
184 267 37
184 487 42
184 357 37
184 464 30
184 411 18
184 371 98
184 313 90
185 443 92
185 431 90
185 458 92
185 367 12
185 499 3
185 506 93
185 489 20
185 508 96
185 357 85
185 288 53
185 314 15
185 423 9
185 498 57
185 348 27
185 438 43
186 395 25
186 457 32
186 343 83
186 484 88
186 424 52
186 307 90
186 325 54
186 371 54
186 506 65
186 495 85
186 282 62
186 354 72
186 380 66
187 380 14
187 458 26
187 297 96
187 385 75
187 348 42
187 372 84
187 344 9
187 423 82
187 345 20
188 398 16
188 276 5
188 307 20
188 392 37
188 506 64
188 345 49
188 288 88
188 434 62
189 468 16
189 285 17
189 344 85
189 340 94
189 394 17
190 345 5
190 375 46
190 262 30
190 482 46
190 392 99
190 385 39
190 467 37
191 370 27
191 384 27
191 514 40
191 324 21
191 393 54
191 487 82
191 443 59
191 344 57
192 514 40
192 448 67
192 379 72
192 419 19
192 465 61
192 362 6
192 305 16
192 503 78
192 336 68
193 430 15
193 467 27
193 303 6
193 469 66
193 266 4
193 514 69
193 306 46
193 340 86
193 447 72
193 263 97
194 355 21
194 484 50
194 394 46
194 475 95
194 433 84
194 434 70
194 497 46
194 514 93
194 354 89
195 357 64
195 514 98
195 449 83
195 394 81
195 430 89
195 481 31
196 312 22
196 377 49
196 345 44
196 396 66
196 388 34
196 510 12
196 455 89
196 431 67
196 325 61
196 303 32
196 316 73
196 393 33
196 439 70
197 510 23
197 338 57
198 417 94
198 479 35
198 500 82
198 458 85
198 289 39
198 443 8
198 323 94
198 504 71
198 496 87
198 329 49
198 331 15
198 468 13
198 368 27
198 332 14
198 350 69
199 349 31
199 286 46
200 433 17
200 267 35
200 481 81
200 488 21
200 453 3
201 365 20
201 389 39
201 438 86
202 430 32
202 326 82
202 361 84
202 434 64
202 450 12
202 492 37
202 465 75
202 496 70
203 280 32
204 279 70
204 406 64
204 407 2
204 439 95
204 381 50
204 478 24
204 471 28
204 486 77
204 480 56
204 360 18
204 347 19
204 259 98
205 420 62
205 504 54
205 451 91
205 506 1
205 304 28
205 414 16
205 438 35
205 311 42
205 400 37
205 384 92
205 323 15
206 484 43
207 433 98
207 355 8
208 310 25
208 336 10
208 263 8
208 392 76
208 411 13
208 376 40
208 332 42
208 306 95
208 329 44
209 409 6
209 418 30
209 472 50
209 275 66
209 341 12
210 435 53
210 271 43
210 460 46
210 298 3
211 449 20
211 371 87
211 356 69
211 396 29
211 394 92
211 280 63
211 341 83
211 437 21
211 411 40
211 444 29
211 296 95
211 388 78
211 338 49
212 269 58
212 510 97
212 306 43
213 386 98
214 457 19
214 489 70
214 332 80
214 287 6
214 408 78
214 442 56
214 366 67
215 449 11
215 307 86
215 278 71
215 487 78
215 314 50
215 440 24
215 375 88
215 479 94
215 422 46
215 511 13
215 275 23
215 353 12
215 505 38
215 384 96
216 410 17
216 370 45
216 287 92
216 391 91
216 482 99
216 329 14
216 330 99
216 386 65
216 263 56
216 331 71
216 437 53
217 475 24
218 326 14
218 502 35
218 466 72
219 358 65
219 502 97
219 361 42
219 423 31
219 323 2
219 332 19
219 413 7
219 448 92
219 304 6
219 345 71
220 505 17
220 290 40
220 386 1
220 330 32
221 437 37
221 431 35
221 378 85
221 308 5
222 425 2
222 377 2
222 436 26
222 272 88
222 414 14
222 392 79
222 423 43
222 440 67
223 267 45
223 323 30
223 439 99
223 405 26
223 397 26
223 329 10
224 305 53
224 470 22
224 493 81
224 292 15
224 283 81
224 499 80
224 335 37
224 272 78
224 298 10
224 309 52
224 459 86
224 419 20
224 374 82
224 409 73
224 381 99
225 287 34
225 448 20
225 382 37
225 440 67
225 409 20
225 424 12
225 455 33
225 505 47
225 291 77
225 378 83
226 300 62
226 440 88
226 366 34
226 495 74
226 447 77
226 500 93
226 451 80
226 384 46
226 423 7
226 330 87
226 364 79
226 400 51
226 392 22
226 359 53
226 514 6
227 341 68
227 478 24
227 510 91
227 324 73
227 458 2
227 400 94
227 422 96
228 472 69
228 273 68
228 403 11
228 350 11
228 396 62
228 502 58
228 259 7
228 419 98
229 292 20
229 347 74
229 447 4
229 328 32
229 269 20
229 434 92
229 438 3
229 283 5
229 473 33
229 343 59
229 305 7
229 504 74
229 339 75
229 409 86
230 371 20
230 284 83
230 295 97
231 306 83
231 415 62
231 275 51
231 470 87
232 432 41
232 354 74
233 503 75
233 408 89
233 343 65
233 363 20
233 495 66
233 400 63
234 425 66
234 441 31
234 271 22
234 467 39
235 401 9
235 433 67
235 442 5
235 337 47
235 487 90
236 283 34
236 321 13
236 456 65
236 346 20
236 416 59
236 476 15
236 479 95
236 364 21
236 459 21
236 392 82
237 491 48
237 304 28
237 351 14
237 337 79
237 336 96
238 322 55
238 258 11
238 332 78
239 362 1
239 272 28
239 498 43
239 382 54
240 332 72
240 475 36
240 426 41
240 387 67
240 487 28
240 453 84
241 372 35
241 407 67
241 290 19
241 418 15
241 415 36
241 507 7
241 381 50
241 399 49
241 388 86
241 455 67
241 447 82
241 354 59
241 464 80
241 481 69
241 373 45
242 322 37
242 396 18
242 377 35
242 337 53
242 412 52
242 357 25
242 435 84
242 307 97
242 472 89
242 478 5
242 315 19
242 402 48
242 261 80
242 453 41
242 330 30
243 390 78
243 508 91
243 446 86
243 459 11
243 304 85
243 433 54
243 395 64
243 330 33
243 391 92
243 448 7
244 422 30
244 340 48
244 402 69
244 433 44
244 391 95
244 473 41
244 478 48
244 362 74
244 506 10
244 368 35
244 374 18
244 344 7
245 486 14
246 460 76
246 451 60
246 449 51
246 494 69
246 395 30
246 450 11
246 382 18
246 285 59
246 478 70
246 471 9
246 293 56
246 429 89
246 465 91
246 403 72
246 259 69
247 460 83
247 478 90
247 420 73
248 481 85
249 303 43
249 438 47
249 443 23
249 297 77
249 348 15
250 308 54
250 274 93
250 421 64
250 430 71
250 487 74
251 488 70
251 458 6
251 395 12
251 412 72
252 258 78
252 297 11
252 312 51
252 439 35
253 356 84
253 302 34
253 271 23
253 474 75
253 504 47
253 321 59
253 428 39
253 380 13
253 368 55
253 473 5
253 275 68
253 390 78
253 405 90
254 308 19
255 359 62
255 301 33
255 491 64
255 461 67
255 307 54
255 377 82
256 402 36
256 429 15
256 315 37
256 423 46
256 306 46
256 426 85
256 419 99
256 488 3
256 403 45
256 341 17
256 340 13
257 284 62
257 389 19
257 349 49
257 502 6
257 360 40
257 298 62
257 320 67
257 272 99
257 303 63
