431 1623
1 369 26
1 336 68
1 309 76
1 284 43
1 404 52
1 277 53
1 322 21
1 337 16
1 335 85
1 239 89
1 360 77
2 336 16
2 237 89
2 264 28
2 246 10
2 232 78
2 234 27
2 369 38
2 227 93
3 315 62
3 302 61
3 430 57
3 416 74
3 258 90
3 345 94
3 373 71
3 362 35
3 410 55
3 218 22
3 292 90
3 347 27
4 288 11
4 303 22
4 420 89
4 242 5
5 409 4
5 304 64
5 233 25
5 337 9
5 259 71
6 244 84
6 245 5
6 400 44
6 424 98
6 374 38
6 357 86
6 364 16
6 391 29
6 237 28
6 223 50
6 286 70
6 420 58
6 234 90
6 409 15
7 292 36
7 309 68
7 430 93
7 382 85
7 325 49
7 259 81
7 322 18
7 425 66
7 390 94
7 360 94
7 246 62
7 343 67
7 381 94
8 227 99
9 308 24
9 372 6
9 278 14
9 316 3
9 343 29
10 369 22
10 420 78
10 268 57
10 286 14
10 333 75
10 326 53
11 217 8
11 315 55
11 402 7
11 265 27
12 332 72
12 426 21
12 235 68
12 387 20
12 366 8
12 369 53
12 354 37
13 226 11
13 279 79
13 344 76
14 414 28
15 225 53
15 370 19
15 409 11
15 264 50
15 388 37
15 308 71
15 267 92
15 218 16
15 371 6
15 226 22
15 329 36
15 254 67
15 357 29
16 377 68
16 389 36
16 261 79
16 275 54
16 294 18
16 284 33
16 316 41
16 233 27
16 265 12
16 353 39
16 221 22
16 341 73
16 394 93
16 307 48
16 279 86
17 291 47
17 254 86
17 304 95
17 375 35
17 317 26
17 324 2
17 239 69
18 229 60
18 388 47
18 261 64
18 329 39
19 225 81
19 273 16
19 328 39
19 227 1
20 306 6
20 269 37
20 234 54
20 284 40
20 367 51
20 345 71
20 290 74
20 424 82
20 321 92
20 272 47
21 262 35
21 346 2
21 392 42
22 281 79
22 366 88
22 291 76
22 381 43
22 414 23
22 326 6
22 268 69
22 365 20
22 426 26
22 262 1
22 337 41
23 418 28
23 394 99
24 295 76
24 325 32
24 329 90
25 216 79
25 226 51
25 287 26
26 319 87
27 301 11
27 325 34
27 219 85
27 398 20
27 224 54
27 258 96
27 390 16
27 421 72
27 291 4
27 414 4
27 378 88
28 248 90
28 253 1
28 335 27
29 238 80
29 245 59
30 303 87
30 245 96
30 281 58
30 409 10
30 365 69
30 311 81
30 391 79
31 426 36
31 358 13
31 403 13
31 423 52
31 329 95
31 217 42
31 265 91
31 398 13
31 417 95
31 295 10
32 243 14
32 405 32
32 396 46
32 312 3
32 379 57
32 300 88
32 218 27
32 394 89
32 322 96
32 263 16
32 417 22
33 282 12
33 429 51
33 295 27
33 369 73
33 421 95
33 291 73
34 379 4
34 341 82
34 246 92
35 364 16
35 226 19
35 387 29
35 348 54
35 247 49
35 420 8
35 369 42
35 254 44
35 374 21
35 381 31
35 276 12
35 272 90
35 317 92
35 312 80
36 280 87
36 308 94
36 429 34
36 253 56
36 378 31
36 372 8
36 329 32
36 356 21
36 332 72
36 353 66
36 327 58
36 409 24
36 342 62
36 261 85
36 348 79
37 429 99
37 410 68
38 302 88
38 424 31
38 384 4
39 406 94
39 385 94
39 225 4
39 258 92
39 340 54
39 327 49
39 368 47
39 238 82
39 268 69
39 325 66
39 305 4
39 401 31
39 286 19
40 424 70
40 264 40
40 423 78
40 329 61
40 246 18
40 231 73
40 325 75
40 308 61
40 391 94
41 329 46
41 249 63
41 359 96
41 279 25
41 294 46
41 285 56
41 226 65
41 425 22
41 327 63
42 239 24
42 300 60
42 369 89
42 330 85
42 421 92
42 244 91
42 395 42
42 275 2
43 252 81
43 291 60
43 278 49
43 331 51
43 221 7
43 361 62
44 404 27
44 393 5
44 368 91
45 313 46
45 425 1
45 361 38
45 306 50
45 400 16
46 376 55
46 414 43
46 314 1
46 311 49
46 289 40
46 380 95
46 320 29
47 326 4
47 309 91
47 340 17
47 218 48
47 268 4
47 426 80
47 248 70
47 308 30
47 306 84
48 403 47
48 244 86
48 273 20
49 245 16
49 253 91
49 248 15
49 391 12
49 260 44
49 357 40
49 306 1
49 272 69
49 400 20
49 330 54
49 276 10
50 386 65
50 293 83
50 417 13
50 373 8
50 218 6
50 329 47
50 226 85
51 250 43
51 378 51
51 280 46
51 390 73
51 316 77
51 299 68
52 222 32
52 323 4
52 335 4
52 371 81
52 247 56
52 227 75
52 384 8
52 277 98
52 279 15
53 336 19
53 394 34
53 248 24
53 270 40
53 340 31
53 225 57
53 373 10
54 387 40
54 322 27
54 365 9
55 289 50
55 233 82
55 392 52
56 299 64
56 404 90
56 289 73
56 291 65
56 392 82
56 293 98
56 405 4
56 266 35
57 427 73
57 336 43
57 274 15
57 374 47
57 340 80
57 355 40
58 320 37
58 425 19
58 264 14
58 280 45
58 412 46
58 253 11
58 271 50
59 354 65
59 258 78
60 226 83
60 288 65
60 261 17
60 353 29
60 287 34
60 329 12
60 301 20
61 421 65
61 255 27
61 375 86
61 317 79
61 275 40
61 220 13
61 263 9
62 252 90
63 313 92
63 263 10
63 399 95
63 271 79
63 362 45
63 296 91
63 401 10
63 327 93
63 349 51
64 349 17
64 272 73
64 368 21
64 350 13
65 394 64
65 409 4
65 220 71
65 382 3
65 415 98
65 419 13
65 260 89
65 254 1
65 267 66
65 320 69
65 281 70
65 265 24
65 378 53
66 407 78
67 257 87
67 412 60
67 234 1
67 377 1
67 278 24
67 259 10
67 233 23
67 358 52
67 396 37
67 384 16
67 391 71
67 255 20
67 386 87
67 364 74
68 241 71
68 349 66
68 312 13
68 243 61
68 258 90
68 279 8
68 269 1
68 348 24
69 224 15
69 347 77
69 382 41
69 297 99
70 238 20
70 323 90
70 373 27
71 307 40
71 292 25
71 350 55
71 404 91
72 351 13
72 392 23
72 294 33
72 417 50
72 246 17
72 243 49
72 280 12
72 430 89
72 312 12
73 395 67
73 240 56
73 245 31
73 339 78
73 380 26
73 378 15
73 410 29
73 358 1
73 317 56
73 324 9
73 269 33
73 344 46
74 276 77
74 365 64
74 361 45
74 284 24
74 254 59
75 294 25
75 288 90
75 399 33
75 268 26
75 227 96
75 393 90
75 282 16
75 396 29
75 293 74
75 238 52
75 320 38
75 420 16
75 225 95
75 250 13
76 333 79
76 222 18
76 425 89
76 415 56
76 325 59
76 329 47
76 365 62
76 249 74
76 295 5
76 284 61
76 233 27
76 267 83
77 391 17
77 241 22
77 231 45
77 234 36
77 315 58
77 428 88
77 403 27
77 233 57
78 313 25
78 414 21
78 332 57
78 335 86
78 428 70
78 336 65
78 259 15
78 309 50
78 287 51
78 374 63
78 359 90
78 367 84
79 261 61
79 306 96
79 397 54
79 354 29
79 365 87
79 405 8
80 387 86
80 389 77
80 378 97
80 242 50
80 353 85
80 361 71
80 394 99
80 426 13
80 232 74
80 327 94
80 337 83
80 251 39
81 253 93
81 327 50
81 342 89
81 428 39
81 246 88
81 391 58
81 240 61
81 345 4
81 290 86
81 340 93
81 382 32
81 306 12
82 356 24
82 268 41
82 392 70
82 278 42
82 430 23
82 290 21
82 422 68
82 251 17
82 306 48
82 414 51
82 282 2
82 373 50
82 265 59
83 392 74
83 253 35
83 324 85
83 390 87
83 263 58
83 366 91
84 401 21
84 324 67
84 328 13
84 229 70
84 350 41
84 257 94
84 351 22
84 304 8
84 333 95
84 402 68
84 270 84
84 414 22
84 285 93
85 366 45
85 275 85
85 252 27
85 334 44
85 262 1
85 402 57
85 306 89
85 337 53
85 263 26
85 233 66
85 407 90
85 268 42
86 253 49
86 232 40
86 423 79
86 258 14
86 261 24
86 393 75
87 284 17
87 382 28
87 416 2
87 371 12
87 381 45
87 221 11
88 405 71
88 228 30
88 390 47
88 412 2
88 329 13
88 242 72
88 409 49
88 287 63
88 272 30
88 217 9
88 395 5
89 279 74
89 276 48
89 357 90
89 427 84
89 375 30
89 421 68
89 274 38
90 317 94
90 410 1
90 228 22
90 368 28
91 312 92
91 298 55
91 325 42
91 268 93
91 394 72
91 313 92
91 397 68
91 359 93
92 251 91
92 390 34
92 274 41
92 427 16
92 371 72
92 266 71
92 275 10
92 376 88
92 366 41
92 257 53
92 298 18
93 235 28
93 223 13
93 240 40
93 420 35
93 428 6
93 391 66
93 379 33
94 303 90
94 249 86
94 431 60
94 237 63
94 232 17
94 376 45
94 300 89
95 310 44
95 336 38
96 377 92
96 346 59
96 241 19
96 399 1
96 368 56
96 380 95
96 266 37
96 223 18
96 422 71
96 372 33
96 259 33
96 402 18
96 286 14
96 236 20
96 293 80
97 300 97
97 279 41
97 398 83
97 353 94
97 234 15
97 246 52
98 218 20
98 390 37
98 252 28
98 339 40
98 355 3
99 407 81
99 357 33
99 272 28
99 352 17
99 300 95
99 358 27
99 320 29
99 414 33
100 267 18
100 263 29
100 341 22
100 371 53
101 362 61
101 421 32
101 245 76
101 383 23
101 283 64
101 370 72
101 301 33
101 431 15
101 387 76
102 415 67
102 411 79
102 347 66
102 285 75
102 238 62
102 225 94
102 331 30
102 256 86
102 343 72
103 231 23
103 419 91
103 266 60
103 418 54
103 309 14
103 404 4
103 308 89
103 244 55
104 350 37
105 294 7
106 346 89
106 229 81
106 361 3
106 301 52
106 271 76
106 416 88
106 236 22
106 407 62
106 402 39
107 369 29
107 320 56
107 226 64
107 251 94
107 391 26
107 263 26
107 367 15
107 222 54
107 429 62
107 254 41
107 322 34
108 218 32
108 410 98
108 396 47
108 405 46
108 398 6
108 425 30
108 403 92
108 375 8
109 222 18
109 371 73
109 225 33
109 295 9
109 246 35
109 417 27
109 359 25
109 312 95
109 255 64
110 274 28
110 328 89
110 314 87
110 299 41
111 348 33
111 412 91
111 292 57
111 343 16
111 230 58
111 256 96
111 234 35
111 430 29
111 227 99
111 382 50
111 337 28
112 233 14
112 243 4
112 220 75
112 242 90
112 368 35
112 398 57
113 219 46
113 311 46
113 382 95
113 399 14
113 337 44
113 237 65
113 286 96
113 374 48
113 282 30
113 302 68
113 376 1
113 298 30
113 322 50
113 245 26
114 422 72
114 299 53
114 297 93
114 389 98
114 292 8
114 420 89
115 430 30
115 345 48
115 341 34
115 335 57
115 284 79
115 250 19
115 234 23
115 337 6
115 361 95
115 327 32
116 273 52
116 397 34
116 229 61
116 386 8
116 322 82
116 375 43
117 383 92
117 343 27
117 283 88
117 299 26
117 255 61
117 407 68
117 419 29
118 230 29
118 375 34
118 286 98
118 225 49
118 342 24
118 231 55
118 370 61
118 384 10
118 270 76
118 428 83
118 334 45
118 376 27
119 247 98
119 284 13
119 254 38
119 368 35
119 402 26
119 243 43
119 404 91
120 409 52
120 344 97
120 407 16
120 229 67
120 410 68
120 253 42
120 245 44
120 363 30
121 301 61
121 360 67
121 354 11
121 334 82
122 291 29
122 267 62
123 416 19
123 279 5
123 335 23
123 229 80
123 390 69
123 419 99
123 430 50
123 224 35
123 351 23
124 244 76
124 363 51
124 284 17
124 379 81
124 231 83
125 252 30
125 246 54
125 311 92
125 427 63
126 409 83
126 340 69
126 236 16
126 224 31
126 342 13
126 406 67
126 238 30
126 403 8
126 226 80
126 425 26
126 418 99
127 418 43
127 395 65
128 314 2
128 234 16
128 385 65
128 419 79
128 231 9
129 333 15
129 402 54
129 334 56
129 330 43
129 233 41
129 412 18
129 339 75
129 279 40
129 415 17
129 260 52
129 387 61
129 356 60
129 267 99
130 426 7
130 424 74
130 382 47
130 264 99
130 229 59
130 408 46
131 340 87
131 281 91
131 258 56
132 298 50
132 415 62
132 378 20
132 388 24
132 234 35
132 293 79
132 324 11
132 412 50
132 395 1
132 292 17
133 334 5
133 325 22
133 425 40
133 331 39
133 339 8
133 243 40
133 381 29
133 247 97
133 307 56
133 366 73
134 290 51
134 321 78
134 283 46
134 337 20
134 405 27
134 254 93
134 364 68
135 336 19
135 292 3
135 415 56
135 367 19
135 428 91
135 393 17
135 323 59
135 397 4
135 398 93
135 279 24
135 376 18
135 304 83
135 225 95
135 272 29
135 306 67
136 370 51
136 236 45
136 293 56
136 345 77
137 332 67
137 226 36
137 256 40
137 363 59
137 321 31
137 303 48
137 282 32
138 387 19
138 350 5
138 373 72
138 247 16
138 299 99
138 249 97
138 258 41
138 342 12
138 389 92
138 428 47
138 370 45
138 231 97
139 414 13
139 399 6
139 362 80
139 278 35
139 300 14
140 231 17
140 227 11
141 385 15
141 393 60
141 234 44
141 327 84
141 219 27
141 281 2
141 375 64
141 220 49
141 322 27
141 305 32
141 256 78
141 230 43
141 227 26
142 218 71
142 273 60
142 358 98
142 238 54
142 263 31
142 361 77
142 413 24
142 239 20
142 354 42
142 330 83
142 252 37
143 258 20
143 325 7
143 300 47
143 237 43
143 284 72
143 267 86
143 371 2
143 420 27
143 396 43
143 412 20
144 404 34
145 408 72
145 399 74
145 385 21
146 280 45
146 406 15
146 263 36
146 402 48
146 254 15
146 360 80
146 221 14
146 374 5
147 399 19
147 297 27
147 417 53
147 362 7
147 254 26
147 336 4
147 290 36
147 300 92
147 238 91
147 266 72
147 351 76
147 301 7
147 237 65
147 421 21
148 396 54
148 238 22
149 385 77
149 424 40
149 287 31
149 394 52
150 349 1
150 290 6
151 420 37
151 380 88
151 220 24
151 396 34
151 295 86
151 289 63
151 299 88
151 290 71
151 219 28
152 373 4
152 324 24
152 329 15
153 385 87
153 349 21
153 250 89
153 236 65
153 259 60
153 417 97
153 404 91
153 379 50
153 290 29
153 338 61
153 393 95
153 420 67
154 328 56
155 390 25
155 229 60
155 396 14
155 412 71
155 302 74
155 352 49
155 234 62
155 301 4
155 272 14
156 379 89
157 216 65
157 235 82
157 362 92
157 296 18
157 367 72
157 272 4
157 263 20
157 333 45
157 261 72
158 328 83
158 247 50
158 370 33
158 232 34
158 216 32
158 361 12
158 274 80
158 333 34
158 307 61
158 286 50
158 403 76
158 387 76
158 260 92
158 236 57
158 409 78
159 243 61
159 240 3
159 367 74
159 263 1
159 410 53
159 231 54
159 311 62
159 295 11
159 403 74
160 360 31
160 257 25
160 241 82
160 364 67
160 387 79
160 426 19
160 289 47
160 397 10
160 332 17
161 352 23
161 305 83
161 242 6
161 370 91
161 346 26
162 365 82
162 260 60
162 406 94
162 341 16
162 319 2
162 239 54
162 244 37
163 398 14
163 429 72
164 313 26
164 368 15
165 260 56
165 288 69
165 217 30
165 233 20
165 308 91
165 375 19
166 408 22
166 314 39
166 295 59
166 335 4
166 260 7
166 302 30
166 389 13
166 320 54
166 277 42
167 255 4
167 316 67
168 361 59
169 385 69
169 234 73
169 369 72
169 217 70
169 335 77
169 364 92
169 244 41
169 292 59
169 381 38
169 235 60
170 398 57
170 240 37
170 279 17
170 303 52
170 225 56
170 277 53
170 403 23
170 410 49
170 389 18
170 378 90
170 326 25
170 221 5
170 274 62
170 369 67
170 287 33
171 336 23
171 408 75
171 407 30
171 428 81
171 366 62
171 361 59
171 334 50
171 414 70
171 296 54
172 255 3
172 399 52
172 380 42
172 238 86
172 346 92
172 316 37
172 264 78
173 365 32
173 256 80
173 406 61
173 227 82
173 410 22
173 345 86
173 239 54
173 404 73
173 412 60
174 229 31
174 310 93
174 280 86
174 264 77
175 315 35
175 406 65
175 239 12
175 277 6
175 252 38
175 338 54
175 377 17
175 321 11
175 361 78
176 363 76
176 226 2
176 224 7
176 356 67
176 412 62
176 337 49
176 249 4
176 353 11
176 310 37
176 362 56
176 397 80
176 429 12
177 342 92
177 389 25
177 354 1
177 276 85
177 400 11
177 417 36
178 423 22
178 385 57
179 354 22
179 371 32
179 293 65
180 299 64
180 242 92
180 311 20
180 300 38
180 298 41
180 223 37
180 413 49
180 228 39
180 396 21
180 271 68
180 293 54
180 324 4
180 247 59
180 342 75
181 409 55
181 350 24
181 372 5
181 367 69
181 295 49
181 416 94
181 316 37
181 352 7
181 375 66
182 372 42
182 273 40
182 399 11
182 217 20
182 257 27
182 259 19
182 239 94
182 381 53
182 327 56
182 430 45
182 277 36
182 314 43
183 317 74
183 329 43
183 425 12
183 298 63
183 414 73
183 292 87
183 333 18
183 427 59
183 297 43
183 249 39
183 279 21
183 220 41
183 394 10
183 353 55
183 266 12
184 258 17
185 380 88
185 354 72
185 279 38
185 257 29
185 387 58
185 428 27
185 270 78
185 252 98
185 280 31
185 276 17
185 297 22
185 231 20
185 352 26
185 347 16
185 251 97
186 270 59
186 254 24
186 302 33
186 334 80
186 275 81
186 258 93
186 379 6
186 290 75
186 239 7
186 336 20
186 429 47
186 294 23
186 338 3
186 404 20
187 284 69
187 220 11
187 329 71
187 392 7
187 357 78
187 275 64
187 373 84
187 428 8
187 243 8
187 377 84
187 227 48
187 272 65
188 282 13
188 329 33
188 363 56
188 400 66
188 407 97
188 298 33
188 228 28
188 349 42
188 356 61
188 307 18
189 311 77
189 331 75
189 398 30
189 363 23
189 308 83
189 272 97
189 390 32
189 374 9
190 351 11
190 378 5
190 348 75
190 234 78
190 290 61
190 277 7
190 427 50
191 305 14
191 306 48
191 388 52
191 263 14
191 418 52
191 249 16
191 224 48
192 404 33
192 244 17
192 319 81
192 256 73
192 391 19
192 360 40
192 344 22
192 224 15
193 241 95
193 308 61
193 225 58
193 336 52
193 403 33
193 419 96
194 400 76
194 427 56
194 335 81
194 412 86
194 345 76
195 345 98
195 302 74
195 348 43
195 260 89
195 265 35
195 350 71
195 272 49
195 325 16
196 389 84
196 237 85
196 335 76
196 244 28
196 286 10
196 334 3
197 322 29
197 233 43
197 219 14
197 225 42
197 425 10
197 251 78
197 335 91
197 302 87
197 400 95
198 401 10
198 410 14
198 233 21
198 254 10
198 321 74
198 361 54
198 274 37
198 351 91
198 405 70
199 259 27
199 415 76
199 310 17
199 425 74
199 384 89
199 404 27
199 375 46
199 350 2
199 420 70
199 217 25
199 348 37
200 272 30
200 320 20
200 318 34
200 408 49
200 336 49
200 331 4
200 310 54
200 399 63
200 262 15
200 292 71
200 362 9
200 381 84
201 307 12
201 260 78
201 284 34
201 308 76
201 276 14
201 324 62
202 380 75
202 300 61
202 339 48
202 354 93
202 226 6
202 273 2
202 237 33
203 416 85
203 314 55
203 398 53
203 391 86
203 268 95
203 242 8
203 393 9
204 218 66
204 384 50
204 370 66
204 235 89
204 310 80
204 418 72
204 428 60
204 338 70
204 380 1
204 259 73
204 305 76
205 331 98
205 282 18
205 327 91
205 372 6
205 266 95
205 251 55
205 219 51
206 412 33
206 395 39
206 398 94
206 278 63
206 310 89
206 218 36
206 414 14
206 380 33
206 325 16
206 403 63
206 328 48
206 267 1
206 346 76
206 326 20
207 355 63
207 338 1
207 305 19
207 218 61
207 394 13
208 216 45
208 406 95
208 398 42
208 399 3
208 357 5
208 408 61
208 350 74
209 242 17
209 341 7
209 232 83
209 239 41
209 421 80
209 385 60
209 255 98
209 418 36
209 307 62
209 356 69
209 219 14
209 264 3
209 229 61
209 409 31
210 254 76
210 398 48
210 220 56
210 216 96
210 403 22
210 250 1
210 392 96
210 249 57
210 256 35
210 315 18
210 412 73
211 431 44
211 311 82
211 385 11
211 242 55
211 280 91
211 394 37
211 299 89
211 277 3
211 312 15
211 243 19
211 356 7
211 373 49
211 369 74
211 246 83
212 342 88
212 391 2
212 255 41
212 419 57
212 429 94
212 251 87
212 361 16
212 390 1
212 403 82
212 350 68
212 230 48
212 423 85
213 414 6
213 415 83
213 322 60
213 404 77
213 265 60
213 418 71
213 428 66
213 403 68
213 281 36
213 370 77
213 302 88
213 361 80
214 266 71
214 226 32
214 258 24
214 279 1
214 405 46
214 250 12
214 220 69
214 227 98
214 339 81
214 296 13
215 424 34
215 423 98
215 396 56
215 381 1
215 426 41
