504 1990
1 451 54
1 475 7
1 425 93
1 254 58
1 260 87
1 433 41
1 332 34
2 304 71
2 379 75
2 312 4
2 498 53
3 455 16
3 294 92
3 426 35
3 346 38
3 267 35
3 366 51
3 349 39
3 449 61
3 403 79
3 437 56
3 288 89
3 453 14
3 324 58
3 497 46
3 353 11
4 467 98
4 305 89
4 503 67
5 442 4
5 382 59
5 327 53
5 428 42
5 261 72
5 422 63
5 460 14
5 328 48
6 492 2
6 264 30
6 354 69
6 468 16
6 305 71
6 450 61
6 442 14
6 265 28
6 448 31
6 487 52
6 504 92
6 272 58
6 254 92
7 493 20
7 471 82
7 311 96
7 361 89
7 339 63
8 266 65
8 417 92
8 260 36
8 500 12
8 365 77
8 305 43
8 325 44
8 471 4
8 502 71
8 338 45
8 349 1
8 410 74
8 274 20
8 483 72
9 425 25
9 438 87
9 490 50
9 271 9
9 299 91
9 416 64
9 278 85
9 323 28
9 503 1
10 440 31
10 309 16
10 339 58
10 462 6
10 454 31
10 314 74
10 374 84
11 457 77
11 328 56
11 257 53
11 359 9
11 355 97
11 253 21
11 377 12
12 267 89
12 362 53
12 390 27
12 347 72
12 503 67
12 276 89
12 415 69
12 320 27
12 285 57
12 326 32
12 342 20
12 292 34
12 313 6
12 492 70
13 441 73
13 501 5
13 503 26
13 369 77
13 268 38
13 385 91
13 293 5
13 389 96
13 288 19
14 423 37
14 278 13
14 339 29
15 331 87
15 387 67
15 271 44
15 427 21
15 445 12
15 263 75
15 413 5
15 437 75
15 408 60
15 368 56
16 399 65
16 271 92
16 429 18
16 381 38
16 476 31
16 334 4
16 295 58
16 469 27
16 434 86
16 320 97
17 357 69
17 388 14
17 361 5
17 343 51
17 479 28
17 478 31
17 354 60
18 332 29
18 503 7
18 328 93
18 405 34
19 443 90
19 323 59
19 370 39
19 372 3
19 482 3
19 489 83
19 257 36
19 345 21
19 388 45
19 457 30
19 374 30
19 366 11
19 368 17
20 316 40
21 380 34
21 313 59
21 409 99
21 352 61
21 473 2
21 283 38
21 388 92
21 318 51
21 355 15
21 288 59
21 440 74
21 336 63
21 350 93
22 419 93
22 323 80
22 371 15
23 442 75
23 406 68
23 468 67
23 428 22
23 492 74
23 450 33
23 316 79
23 270 36
23 473 29
23 435 21
23 481 23
23 364 6
23 470 41
24 356 68
24 457 40
24 442 4
25 306 87
25 489 12
25 413 93
25 439 71
25 305 61
25 269 68
25 446 6
25 302 55
25 425 42
25 500 40
25 353 45
26 303 79
26 500 28
26 397 39
27 415 89
27 496 42
27 457 41
27 326 30
27 464 54
28 456 61
28 314 44
28 457 95
29 379 66
29 429 1
29 474 80
29 298 63
29 498 32
30 482 81
30 405 16
30 317 86
30 491 10
30 282 46
31 415 20
31 411 71
31 299 76
31 400 82
31 396 99
31 274 9
31 373 54
31 397 7
31 441 63
31 485 13
31 472 79
31 379 35
32 504 87
32 368 1
32 463 8
32 270 90
32 286 31
32 351 81
32 487 65
33 394 11
33 270 14
33 333 78
33 380 60
33 255 91
33 313 45
33 403 92
33 435 91
33 411 97
33 293 36
33 449 24
33 299 39
34 317 56
34 397 30
35 446 98
35 313 59
35 394 57
35 399 63
35 461 8
35 326 42
35 423 32
35 386 76
35 336 48
35 366 97
36 457 32
36 436 16
36 489 32
37 269 14
37 281 80
37 320 55
37 268 42
37 271 51
37 356 35
37 336 21
37 290 99
37 302 32
37 314 42
37 360 12
37 435 84
38 458 37
38 341 7
39 378 17
39 355 57
39 410 71
39 426 40
39 337 73
39 500 24
39 313 5
39 260 88
39 461 41
40 438 51
40 452 27
40 462 23
40 388 39
40 458 33
40 362 35
40 465 66
40 397 80
41 503 28
41 501 75
42 416 14
42 342 79
42 481 12
42 356 43
42 349 93
42 400 73
42 470 5
42 493 35
43 382 31
43 277 67
43 299 18
43 427 46
43 355 78
43 278 71
43 315 35
44 274 15
44 473 20
44 313 76
44 312 58
44 402 58
44 423 92
44 388 27
45 419 25
45 361 40
45 503 5
45 474 15
45 392 28
46 343 96
46 403 87
46 501 64
46 443 65
46 320 61
46 450 83
46 486 9
46 417 23
46 294 28
46 473 6
47 308 15
47 428 77
48 466 66
48 355 68
48 336 88
48 403 73
48 293 22
48 261 23
48 282 6
48 441 49
48 322 51
48 267 4
49 345 18
49 275 16
49 435 89
49 292 22
49 472 70
49 271 83
49 467 86
49 458 55
49 438 72
49 401 38
49 430 78
50 463 45
50 369 9
50 375 48
50 308 66
50 271 2
50 343 56
50 382 63
50 367 69
50 465 48
51 458 8
51 258 10
51 419 6
51 324 99
51 351 91
51 420 90
51 314 5
51 466 53
51 431 3
51 429 17
51 401 99
52 463 66
52 472 77
52 378 92
52 326 69
52 454 49
52 310 76
52 354 40
53 267 14
53 288 26
53 444 36
53 377 72
53 286 34
53 423 76
53 390 98
53 478 22
53 422 60
53 483 40
53 389 8
53 310 21
53 384 67
53 357 42
53 482 79
54 305 3
54 452 95
54 368 9
55 377 10
55 440 90
55 503 30
56 315 79
56 264 78
56 417 34
56 407 53
56 435 55
56 450 39
56 394 13
56 325 67
56 265 16
56 475 78
56 408 18
56 422 26
56 319 17
56 294 50
56 290 44
57 282 13
57 340 36
57 296 76
57 453 30
57 292 1
57 343 70
57 478 31
57 358 64
57 494 46
57 344 81
57 273 50
58 446 57
59 371 86
59 331 74
59 289 97
59 456 61
60 275 39
60 258 85
60 487 10
60 295 34
61 342 47
61 316 3
61 297 20
61 414 78
61 453 37
61 313 86
61 472 54
61 263 44
61 415 62
61 439 89
61 261 95
61 289 50
61 396 92
61 303 36
62 476 90
62 291 59
62 311 33
62 418 80
62 343 89
62 429 60
62 392 49
62 383 15
62 453 87
62 357 71
62 330 6
62 386 82
63 484 26
63 267 93
63 427 19
63 300 17
63 298 78
63 323 40
63 364 8
64 299 16
64 316 96
64 409 10
64 434 17
64 376 97
64 262 92
64 344 15
64 260 16
64 308 86
64 335 3
64 439 56
64 490 86
64 257 99
65 452 64
65 322 51
65 456 84
65 300 38
65 454 29
65 438 58
65 349 96
65 310 49
65 376 84
65 431 33
65 358 16
65 284 49
65 400 72
65 264 54
65 466 60
66 326 61
66 444 26
66 477 45
66 429 12
66 479 56
66 407 43
66 488 76
66 472 39
66 419 80
66 301 43
66 376 35
66 397 88
66 275 74
66 395 44
66 401 63
67 392 13
67 283 31
67 480 85
67 482 6
67 346 19
67 275 75
67 414 10
68 454 80
68 258 88
68 285 20
69 271 43
70 448 58
70 500 32
70 347 64
70 344 94
70 366 67
70 299 25
70 284 39
70 419 55
70 262 55
70 298 61
70 339 57
70 489 45
70 386 30
70 405 57
71 456 87
71 288 12
71 486 4
71 283 94
72 397 93
72 370 70
72 289 22
72 488 5
72 402 21
72 303 21
72 282 84
72 434 64
72 480 67
72 473 36
72 374 84
72 484 51
72 453 46
72 442 56
72 358 92
73 303 13
73 435 85
73 281 45
73 354 75
73 331 85
73 477 75
73 274 10
74 361 49
74 394 20
74 262 89
74 486 3
74 503 55
74 475 86
74 304 55
74 478 49
74 276 31
75 330 64
75 464 6
75 363 85
75 446 95
75 316 49
75 269 22
76 444 53
76 293 11
76 429 43
76 359 10
76 289 4
76 448 58
76 299 3
77 406 70
77 357 4
77 458 16
77 433 1
77 421 53
77 425 18
77 349 72
77 358 43
77 345 36
77 294 18
77 413 20
77 272 83
78 481 21
78 503 2
78 322 16
78 259 19
78 430 65
78 357 98
78 281 9
78 422 18
78 444 5
78 494 21
78 469 46
78 338 60
79 285 61
79 485 43
79 259 91
79 289 32
79 324 34
79 450 32
79 467 76
79 301 71
79 349 52
79 371 47
79 350 49
79 297 85
79 359 87
79 417 55
80 358 34
80 270 37
80 404 77
80 407 88
80 501 29
80 406 87
80 467 66
80 295 12
80 359 28
80 352 20
80 363 38
80 344 92
80 271 78
80 268 12
81 367 94
81 493 41
81 347 97
81 445 50
81 392 58
81 368 55
81 352 39
81 309 10
81 474 27
81 467 40
81 405 9
81 385 4
82 477 42
82 467 48
82 323 32
82 444 74
82 300 53
82 316 30
82 426 32
82 342 11
83 341 65
83 328 72
83 322 40
83 443 17
84 441 91
84 466 58
84 359 94
84 449 50
84 285 15
84 387 72
84 256 94
84 362 42
84 454 54
84 419 64
85 370 77
85 258 11
86 435 49
86 445 99
86 444 28
86 254 32
86 335 16
86 414 24
86 387 11
86 390 38
86 292 80
86 405 25
86 475 46
86 457 18
86 293 80
87 431 53
87 259 67
88 322 8
88 430 60
88 452 68
88 373 47
88 261 23
88 361 1
88 365 81
89 502 58
89 382 99
89 367 61
89 265 89
89 409 94
89 418 54
89 435 46
89 311 66
90 412 49
90 374 78
90 401 71
90 327 21
90 492 26
90 281 53
90 270 2
90 303 99
90 426 94
90 458 41
90 478 61
90 333 3
90 346 37
91 435 67
91 448 13
91 302 76
91 460 70
91 444 61
91 310 5
91 345 86
91 426 82
91 336 86
91 332 18
91 386 54
91 338 10
91 285 67
91 272 41
92 388 28
92 491 71
92 293 26
92 399 29
92 333 56
92 370 91
92 310 14
92 362 75
93 335 68
93 402 47
93 434 59
94 340 28
94 407 14
94 391 6
94 292 60
94 408 73
95 437 6
95 321 62
95 360 98
95 463 45
95 495 91
95 253 87
95 372 84
95 490 20
95 290 34
96 446 50
96 406 59
96 500 84
96 503 63
96 429 60
97 472 18
97 438 12
97 439 59
98 365 13
99 338 74
99 259 29
99 378 69
99 295 12
99 381 5
99 274 11
99 339 24
99 434 91
100 346 44
100 434 29
100 386 11
100 339 34
100 309 91
100 281 81
100 302 22
100 398 14
100 465 12
100 385 91
100 272 12
101 354 23
101 433 49
101 406 41
102 398 86
102 302 6
102 440 95
102 458 7
102 358 33
102 395 29
102 291 13
102 312 8
102 487 30
102 353 48
102 338 68
103 377 1
103 351 32
103 403 32
103 361 4
103 381 94
103 352 57
103 477 87
103 366 22
103 416 1
103 373 43
103 262 56
103 444 9
104 293 99
104 305 58
104 484 78
104 357 63
104 298 49
104 410 49
104 449 26
104 393 99
105 290 37
105 498 63
105 493 33
105 492 42
105 291 63
105 347 17
105 279 97
105 326 77
106 448 94
106 354 78
106 274 37
106 367 98
106 486 63
106 416 65
106 254 90
106 460 49
106 293 90
106 272 10
107 292 17
107 501 34
108 318 25
108 343 1
108 312 49
108 460 97
108 441 31
109 393 96
109 312 95
109 432 49
109 475 55
109 366 65
109 368 64
109 365 58
109 438 5
109 271 48
109 389 32
109 299 38
110 500 98
110 287 89
110 272 41
110 442 78
110 503 59
111 387 10
111 408 27
111 493 23
111 353 7
111 430 57
111 354 45
111 502 34
111 501 67
111 423 29
111 427 73
111 453 39
111 288 32
112 389 91
112 489 75
112 307 36
112 294 15
112 346 36
113 372 11
113 301 66
113 276 21
113 394 49
113 275 23
113 274 29
113 387 15
113 484 79
113 462 94
114 287 16
115 405 33
115 314 53
115 266 50
116 292 1
116 404 69
116 464 39
116 254 74
117 368 15
117 371 74
117 474 27
117 443 91
117 490 74
117 487 51
117 318 62
117 414 81
118 445 27
118 498 92
118 430 25
118 299 26
118 383 13
118 398 73
119 267 96
119 471 23
119 331 63
119 296 78
119 375 74
119 292 58
119 501 11
120 381 87
120 300 97
120 479 8
120 311 27
120 334 62
120 449 30
120 408 1
120 335 14
120 345 78
121 256 72
121 435 70
122 456 93
122 289 17
122 291 61
122 322 61
123 365 87
123 312 45
123 294 37
123 373 15
123 359 59
124 373 68
124 449 96
124 278 37
124 437 89
124 385 53
124 462 81
124 503 43
124 328 37
124 374 30
124 338 87
124 314 22
125 261 94
125 259 81
125 333 64
125 405 27
125 290 77
125 415 19
125 338 64
125 276 12
125 379 22
125 468 61
125 309 67
125 315 48
126 293 20
126 479 54
126 305 32
126 432 96
126 441 13
126 346 35
126 261 35
126 446 18
126 296 42
126 442 60
126 390 99
127 476 42
127 454 91
127 387 60
127 276 19
127 433 74
127 313 81
127 473 87
127 394 64
127 351 84
127 283 90
127 315 51
128 464 76
128 275 13
128 383 52
128 287 34
128 336 84
128 309 69
128 410 80
128 393 25
128 467 93
128 255 98
128 345 1
128 488 48
128 451 17
128 401 36
128 438 21
129 306 85
129 501 31
129 469 2
129 322 95
129 447 70
129 485 80
129 319 35
129 466 82
129 456 22
129 504 36
129 451 17
129 407 1
129 340 90
129 426 31
129 336 34
130 417 96
131 473 83
131 419 57
131 467 69
131 478 78
132 492 20
132 285 44
132 501 78
132 462 51
132 473 66
132 362 37
132 403 18
133 284 66
133 379 2
133 482 42
133 341 44
133 355 44
134 498 82
134 300 53
134 483 96
134 460 57
135 336 62
135 363 88
135 255 21
135 306 71
135 294 41
135 423 30
135 335 30
135 323 97
135 388 68
135 433 69
136 281 90
136 332 93
137 481 59
137 289 2
137 450 17
137 276 90
137 350 48
137 356 57
137 305 2
137 426 41
137 419 52
138 362 51
138 337 29
139 448 33
139 424 63
139 268 68
139 494 81
139 463 80
139 298 92
139 395 72
139 279 18
139 382 38
139 282 35
139 421 77
139 302 34
140 446 94
140 356 37
140 361 98
140 453 37
140 261 89
141 342 15
141 461 81
141 354 83
141 460 97
141 363 47
141 319 24
141 283 8
141 414 99
141 448 25
141 479 53
141 442 96
142 404 26
142 373 52
142 443 55
142 313 6
142 488 12
142 442 59
142 365 88
142 352 9
142 260 72
143 360 49
144 329 50
144 477 6
144 485 95
145 424 51
145 414 53
145 329 58
145 270 81
146 468 67
146 419 23
146 287 54
146 353 49
146 484 21
146 365 12
146 369 27
147 308 70
147 253 68
147 465 32
147 365 86
147 392 39
147 433 61
147 326 81
147 418 56
147 300 39
147 470 76
147 324 92
147 356 86
148 453 79
148 352 72
148 315 23
148 494 35
148 310 48
148 434 90
148 386 64
148 307 40
148 287 64
148 384 76
148 424 88
148 286 46
148 440 93
148 458 65
149 465 26
149 257 33
149 330 3
149 500 98
149 419 47
149 457 5
149 254 40
149 400 29
149 440 35
149 442 44
150 411 28
150 402 3
150 377 69
151 258 12
151 419 68
151 368 94
151 267 66
151 319 19
151 439 59
151 290 67
151 494 79
151 307 9
151 440 44
151 305 87
151 253 7
152 333 59
152 445 57
152 359 71
152 497 62
152 372 94
152 261 79
152 340 86
152 466 92
152 498 74
152 361 36
152 329 49
152 501 53
152 350 41
153 379 30
153 305 87
153 267 46
153 276 51
153 488 38
153 435 79
153 343 8
153 257 46
153 423 21
153 426 53
153 392 72
153 475 70
154 267 10
154 276 69
154 312 86
154 366 27
154 456 86
154 288 17
154 319 88
154 500 15
154 336 92
154 303 87
154 291 48
155 290 69
155 487 67
155 264 40
155 311 64
155 292 41
155 270 11
155 473 94
155 486 76
155 416 20
156 293 41
156 417 26
156 321 88
156 323 71
156 380 21
156 459 29
156 440 71
156 324 65
156 485 79
156 291 60
157 475 38
157 301 4
157 467 98
157 297 91
157 315 84
157 390 10
157 384 1
157 474 65
157 468 88
157 490 19
157 347 60
157 398 39
158 367 48
158 451 43
158 383 40
158 409 77
158 423 83
158 493 97
158 264 15
159 488 67
159 400 36
159 298 27
159 386 76
159 412 53
160 312 30
160 400 84
160 484 81
160 310 16
160 355 7
160 377 58
160 289 46
161 263 23
161 330 35
161 477 33
162 348 49
162 285 44
162 472 70
162 329 75
162 432 55
162 478 54
162 429 41
162 273 45
162 344 7
162 493 57
163 420 59
163 315 3
163 303 78
163 405 46
164 492 32
164 405 44
164 422 45
164 416 73
164 407 50
164 278 13
164 324 25
164 327 12
165 432 28
165 497 46
165 273 62
165 324 1
165 327 29
165 441 84
165 306 59
165 436 30
165 264 73
165 397 37
165 484 4
165 362 16
165 411 93
165 473 96
166 392 7
166 274 9
166 323 43
166 342 60
166 317 26
166 500 90
166 304 20
166 477 19
166 419 94
166 306 27
166 362 7
166 413 36
166 314 83
167 323 63
168 398 13
168 346 72
168 504 72
168 486 23
168 409 8
168 453 38
168 270 17
168 305 25
168 257 13
168 488 55
168 303 26
168 411 56
168 426 86
169 334 76
170 350 84
170 459 22
170 267 98
170 257 63
170 253 52
170 489 36
170 423 37
170 437 37
170 445 31
170 301 89
170 409 86
171 331 35
171 398 92
172 260 9
172 326 51
172 271 36
172 468 93
172 318 92
172 474 2
172 343 96
172 305 18
173 256 1
173 271 64
173 338 81
173 334 8
173 449 56
173 398 79
173 303 82
173 407 95
173 476 87
173 430 35
173 315 70
173 359 5
174 318 43
174 465 34
174 413 73
174 427 29
174 320 44
174 293 83
174 361 48
174 297 26
174 500 76
174 478 42
174 363 83
174 366 36
174 296 73
174 337 46
174 407 9
175 269 73
175 467 77
175 260 61
176 328 33
176 253 55
176 487 89
176 404 59
176 342 84
176 492 57
176 300 18
176 502 55
176 255 96
176 302 56
177 335 54
177 268 41
177 269 43
177 261 55
177 311 16
177 307 30
177 395 49
177 406 74
177 303 78
177 448 7
178 261 50
178 297 9
178 479 53
178 472 70
178 405 41
178 314 58
178 401 81
178 357 45
178 460 35
179 308 11
179 457 71
179 419 10
179 318 18
179 483 27
179 262 3
179 337 16
179 332 15
179 498 83
179 364 50
179 294 16
179 451 11
179 326 89
180 351 87
180 279 92
181 348 71
181 499 35
181 378 99
181 313 28
181 462 20
182 433 43
182 497 96
182 442 34
182 429 94
182 374 70
182 339 12
182 490 24
182 353 2
182 402 20
182 347 19
182 280 27
182 315 75
183 447 72
183 333 20
183 297 85
183 310 84
183 326 45
183 309 24
183 337 17
184 314 53
184 476 1
184 451 15
184 374 65
184 379 25
184 490 63
184 305 96
185 334 61
185 407 22
185 351 61
185 498 98
185 490 6
185 326 59
185 293 54
186 467 25
186 498 91
186 260 14
186 263 37
186 396 15
186 357 48
187 254 15
187 288 78
187 429 14
187 386 95
187 268 65
187 454 23
187 320 41
187 491 38
187 405 69
188 327 3
188 435 8
188 471 27
188 483 12
188 504 82
188 465 75
188 301 20
189 265 29
189 287 31
189 433 10
190 369 32
190 374 74
190 292 51
190 464 3
190 347 41
191 302 21
191 326 13
191 467 68
191 462 22
191 340 48
192 339 29
192 455 71
192 357 47
192 289 31
192 413 75
192 266 2
192 420 74
192 450 87
192 372 19
192 416 99
192 395 2
192 326 23
193 467 58
193 285 91
193 261 20
193 356 53
193 344 72
193 353 94
194 471 76
194 312 78
194 265 6
194 480 63
194 494 83
195 411 28
195 356 82
195 306 74
195 365 64
195 478 75
195 383 72
195 286 75
195 418 53
195 263 55
195 400 19
195 264 90
195 503 41
195 371 31
196 454 60
196 458 96
196 483 36
196 470 81
196 358 1
196 384 33
196 300 10
196 293 31
196 364 9
196 363 10
196 370 16
196 491 59
196 377 83
196 372 88
197 344 49
197 314 18
197 423 91
197 293 43
197 262 42
197 347 66
197 318 88
197 303 20
197 422 48
198 325 2
198 302 38
198 275 99
198 365 15
198 455 43
198 478 47
198 346 46
198 487 4
198 342 67
198 270 51
198 359 88
198 286 92
199 389 76
200 363 58
200 315 95
200 446 78
200 255 73
200 360 53
200 397 52
201 299 19
201 373 73
201 309 58
201 455 5
201 464 92
201 462 84
201 362 27
201 393 35
201 388 63
201 407 76
202 275 49
202 285 74
202 335 42
202 278 41
203 413 48
203 389 35
203 277 43
203 257 2
203 288 18
203 355 66
203 310 84
203 304 62
203 287 7
203 453 48
204 285 8
204 376 94
204 301 95
204 314 72
204 303 60
204 416 96
204 256 65
204 407 68
204 309 13
204 253 37
205 388 1
206 454 75
206 386 44
206 456 33
206 477 7
206 492 31
206 357 17
206 263 12
206 338 82
207 286 27
207 370 19
207 335 76
207 392 47
207 378 52
207 448 28
207 337 24
207 503 52
208 430 77
208 262 55
208 462 86
208 360 67
208 264 57
208 359 66
208 504 10
208 476 96
208 373 97
209 375 88
209 377 54
209 412 75
209 376 67
209 394 12
210 339 80
210 474 62
210 336 5
210 338 40
210 317 73
210 434 90
210 442 10
210 319 94
211 343 87
211 435 50
211 483 72
211 416 79
211 291 79
211 312 30
211 323 32
211 310 47
211 354 44
212 378 45
212 420 37
212 346 44
212 374 87
212 350 14
212 477 27
213 489 69
214 467 44
214 262 9
214 378 34
214 499 36
214 446 9
214 260 42
214 292 62
214 479 37
214 253 16
214 418 16
214 339 38
215 324 15
215 395 43
215 461 12
215 426 55
215 428 33
215 273 42
215 313 82
215 335 67
215 272 37
215 305 94
215 319 77
215 310 87
215 287 80
215 268 65
215 469 51
216 352 44
216 491 10
216 365 38
216 301 23
216 449 24
216 259 67
216 357 35
216 394 35
216 470 96
216 441 64
216 290 57
216 408 74
216 503 85
216 337 46
216 322 87
217 268 35
217 344 64
217 306 63
217 278 91
217 389 17
217 453 5
217 426 33
217 456 89
217 460 4
218 416 2
218 415 6
218 447 46
218 320 90
218 464 75
218 431 67
218 296 22
218 300 54
218 379 71
218 266 58
219 291 98
219 304 53
219 317 98
220 460 92
220 491 92
220 488 71
220 409 79
220 336 8
221 487 16
221 427 91
221 295 76
221 448 68
221 466 96
221 443 22
221 361 49
221 404 60
221 318 13
221 413 24
221 346 89
222 446 49
222 452 46
222 402 12
222 482 21
222 364 35
222 365 22
223 463 18
223 309 22
223 344 45
223 482 60
223 292 29
223 493 43
223 491 3
223 322 4
223 497 27
223 439 47
223 473 35
223 304 37
223 323 71
224 433 71
224 272 20
224 277 37
224 269 96
224 469 17
224 357 98
224 443 27
224 480 33
224 452 9
224 397 24
224 449 42
224 262 15
224 474 54
224 349 97
225 311 64
225 262 23
225 377 13
225 297 86
225 385 32
225 481 64
225 430 71
225 335 74
226 408 50
226 477 35
226 457 48
226 292 86
227 384 48
227 445 73
227 295 65
227 476 70
227 372 75
227 266 14
227 432 23
227 377 42
227 466 52
227 399 69
228 265 12
229 361 49
229 452 95
229 285 23
229 283 8
229 272 88
229 394 10
229 454 97
229 438 4
229 430 45
229 348 75
229 259 45
229 443 38
229 504 80
229 255 15
230 464 61
230 365 3
230 496 72
230 405 99
230 404 97
230 321 70
230 457 3
230 407 49
230 291 30
230 354 50
230 336 54
231 438 67
231 300 39
231 482 49
231 289 28
231 373 92
231 499 12
231 322 46
231 387 95
231 286 11
231 377 63
231 457 91
231 315 10
232 478 56
232 458 83
232 349 64
232 288 52
232 286 32
232 373 3
233 494 12
234 353 4
234 407 35
234 359 84
234 365 55
234 418 14
234 292 12
234 500 51
234 382 42
234 496 54
234 423 98
235 261 9
235 253 1
235 382 65
235 370 72
236 323 54
236 258 21
236 438 70
236 307 49
236 430 76
236 493 53
236 291 63
236 342 99
236 314 43
236 348 70
236 368 52
236 360 69
236 372 92
237 325 16
237 455 17
237 272 33
237 451 19
237 328 70
237 435 47
237 260 18
237 333 47
237 282 19
237 392 82
237 409 84
237 385 35
237 287 17
237 257 41
238 477 70
238 329 91
238 483 96
238 318 2
238 467 63
239 331 26
239 440 38
239 493 3
239 365 62
239 369 93
239 270 3
239 304 56
240 429 50
240 392 49
240 263 4
240 491 92
240 442 15
241 311 3
241 485 44
241 435 19
241 295 35
241 292 25
241 316 22
241 429 80
241 408 38
241 420 53
241 274 47
241 360 25
241 257 36
241 338 38
241 375 86
242 381 15
242 306 60
242 295 12
243 498 92
243 267 9
243 284 46
243 339 68
243 463 89
243 417 43
243 461 55
243 263 14
244 504 54
244 398 40
244 399 16
244 349 15
244 271 97
244 275 69
244 497 44
245 441 26
245 278 68
245 404 81
245 443 90
245 427 97
245 273 7
245 472 45
245 258 70
245 364 17
246 323 63
246 452 10
246 390 79
246 264 13
246 461 67
246 448 25
246 324 7
246 497 88
246 296 96
246 454 38
246 349 56
247 379 95
247 359 47
247 418 47
247 304 14
247 420 2
248 465 63
248 412 21
248 319 70
248 463 81
248 383 64
248 398 24
248 445 56
248 281 78
249 431 81
249 324 10
249 499 70
249 317 6
249 333 24
249 352 62
249 485 6
249 390 48
249 316 39
250 493 29
250 442 5
250 455 79
250 278 64
250 279 42
250 483 47
250 295 30
250 301 33
250 357 28
250 403 19
250 297 59
250 376 14
251 298 48
251 457 79
251 370 21
251 364 67
251 321 89
251 497 35
252 433 85
252 305 74
252 397 88
252 425 53
252 301 40
