653 2595
1 485 65
1 594 96
1 422 9
1 581 87
1 645 59
1 650 74
1 567 2
2 438 94
2 471 53
2 613 45
2 521 93
2 397 53
2 588 30
2 575 46
2 454 48
2 622 16
2 634 91
3 584 17
3 366 41
3 419 51
3 384 26
3 527 26
3 525 79
3 519 4
3 554 35
3 626 26
3 553 69
4 387 76
4 422 71
4 617 32
4 560 18
4 412 34
4 486 9
4 546 17
4 438 16
4 377 97
4 612 13
4 607 57
4 626 98
5 423 82
5 415 37
5 460 97
5 449 59
5 377 27
5 486 31
5 583 88
5 389 60
5 597 91
6 392 89
6 536 55
6 548 3
6 542 71
6 447 13
7 340 51
7 569 13
7 539 40
7 517 17
7 552 6
7 425 52
8 625 33
8 342 6
8 369 25
8 463 24
8 415 22
9 534 28
9 408 59
9 466 44
9 411 13
9 332 30
9 596 51
10 386 3
10 431 34
10 576 18
10 394 59
10 351 15
10 652 29
11 522 67
11 551 53
11 350 73
11 517 47
11 597 66
11 426 77
11 635 87
11 364 17
12 394 29
12 436 47
13 652 21
13 635 57
13 489 5
13 434 76
13 334 81
13 349 8
13 495 5
13 595 66
13 389 76
13 341 12
13 580 74
13 452 38
13 543 99
13 600 71
14 397 45
15 647 47
15 471 62
15 493 38
15 554 52
15 599 69
15 565 53
15 400 53
15 646 37
15 506 84
15 520 73
15 642 63
16 497 32
16 365 6
16 398 66
16 629 29
16 363 38
16 598 7
16 454 92
17 651 81
17 568 38
17 372 87
17 510 9
17 383 54
17 417 70
17 507 95
17 625 29
17 551 52
17 628 82
18 564 3
18 455 54
18 376 29
18 577 54
18 596 3
19 380 2
19 397 19
19 415 16
19 441 49
20 482 64
20 506 60
20 456 93
20 546 67
20 630 21
20 508 21
20 476 4
21 536 18
22 564 75
22 405 99
22 426 99
22 637 48
22 497 74
22 509 67
22 385 46
22 429 19
23 532 33
23 523 57
23 554 39
23 555 9
23 368 68
24 475 57
24 360 40
24 621 2
24 545 71
24 384 34
24 462 30
24 536 44
24 412 10
24 543 30
24 330 4
24 580 48
24 524 14
24 530 88
24 443 42
24 402 32
25 649 87
25 532 71
25 390 66
25 544 87
25 624 50
25 477 53
26 551 20
26 525 30
26 338 52
26 640 35
26 347 29
26 604 86
26 613 83
26 605 36
26 554 70
26 504 44
26 642 79
26 360 7
26 443 81
26 539 8
27 479 21
27 364 91
27 355 96
27 646 87
27 537 90
27 633 59
28 638 8
28 508 46
28 639 95
28 345 52
28 410 34
28 528 86
28 348 26
28 492 14
28 478 31
28 344 62
28 652 91
28 401 51
29 347 58
29 372 15
29 476 38
29 516 11
30 584 49
30 379 36
30 353 5
30 346 43
30 542 61
30 409 74
30 613 60
31 538 60
31 380 68
31 352 7
31 516 7
31 632 35
31 594 12
31 633 95
31 634 74
31 540 79
31 484 97
31 327 91
32 520 45
33 583 73
33 389 35
33 353 1
33 624 2
34 369 43
34 469 61
35 433 69
35 542 5
35 493 8
35 511 53
35 607 29
36 545 49
36 618 67
36 619 69
36 556 10
36 386 43
36 501 61
36 643 82
36 622 48
36 466 98
36 615 34
36 366 86
36 384 36
37 416 83
37 460 27
37 542 79
37 475 91
37 513 3
38 499 35
38 449 87
38 617 13
38 647 54
38 572 66
38 374 70
38 571 65
38 420 76
38 447 49
38 601 35
38 464 62
38 350 81
39 379 91
39 416 69
39 576 52
39 518 7
39 425 40
39 596 58
39 346 40
39 422 65
39 615 3
39 577 53
39 391 14
39 585 96
39 631 49
39 601 93
40 545 11
40 394 87
40 633 99
40 569 17
40 434 74
40 459 63
40 581 70
40 625 67
40 374 69
40 509 20
40 469 41
40 407 74
40 522 82
40 348 96
41 592 5
42 398 34
42 368 93
42 653 27
42 538 20
42 350 66
42 376 7
42 571 64
42 576 34
42 403 29
42 487 44
42 367 69
42 582 40
43 396 26
43 623 1
43 367 82
43 490 74
43 382 16
43 371 5
43 532 73
43 533 59
43 574 77
43 489 77
43 605 32
43 470 60
43 569 99
43 454 12
44 553 24
44 594 99
44 574 32
44 453 66
44 340 66
44 560 75
44 559 43
44 380 61
44 400 68
44 521 59
44 344 86
44 389 76
44 647 83
45 625 86
45 540 47
46 387 53
46 439 70
47 366 73
47 359 6
47 619 24
47 586 45
47 547 67
47 367 87
47 518 45
47 448 25
48 586 69
48 533 10
48 461 38
48 443 27
48 638 57
48 504 62
48 547 66
48 446 21
49 627 54
49 490 83
49 390 64
49 641 3
49 417 63
49 515 78
50 636 94
50 538 96
50 502 64
51 602 32
51 562 23
51 410 88
51 456 39
51 608 22
51 552 87
51 521 13
51 628 25
51 642 7
51 560 59
51 626 55
51 368 75
51 438 67
52 467 56
52 641 13
52 537 86
52 599 41
52 335 96
52 507 65
52 405 6
52 421 34
52 567 12
52 414 97
53 436 21
53 379 55
53 595 29
53 430 3
53 534 82
53 565 51
53 482 8
53 343 95
53 499 11
53 543 28
53 351 80
53 450 36
53 331 64
54 413 57
54 636 85
54 572 48
54 458 23
54 549 25
54 327 2
54 448 50
54 606 4
55 604 12
55 527 46
55 495 87
55 364 27
55 530 52
56 524 16
56 507 23
56 648 81
56 649 29
56 498 90
56 500 31
56 579 20
56 434 26
56 471 68
56 352 84
56 592 92
56 653 84
57 518 31
57 532 74
57 436 99
57 576 63
57 524 44
57 486 48
58 345 86
58 413 21
58 482 48
58 484 30
58 607 55
58 645 49
58 557 43
58 366 80
58 528 32
58 606 62
58 349 93
58 628 9
58 362 10
58 356 42
59 478 76
59 644 30
59 567 35
59 383 84
59 374 14
59 351 81
60 509 37
60 423 50
60 340 16
60 426 39
60 487 89
60 336 2
60 616 55
60 581 38
60 607 94
60 450 28
60 364 50
61 630 40
61 562 67
61 352 98
61 341 1
61 546 7
61 588 4
61 621 86
61 394 67
61 447 33
61 519 86
61 329 10
62 617 98
62 413 58
62 390 32
62 381 59
62 446 74
62 336 51
62 468 8
62 439 1
62 592 39
62 445 15
62 557 50
62 385 63
62 470 11
62 507 37
63 547 5
63 404 10
63 600 40
63 652 53
63 552 93
63 591 5
63 471 86
63 380 5
64 453 12
64 629 54
64 347 41
64 449 12
64 406 41
64 610 70
64 433 27
64 644 49
64 420 18
64 376 80
64 462 95
65 600 27
65 561 52
65 461 58
65 598 7
66 579 30
66 606 27
66 512 5
66 332 30
66 620 94
66 525 88
66 366 35
66 430 89
66 400 5
66 644 87
66 501 64
66 521 2
66 431 93
66 353 46
66 473 15
67 498 40
67 582 82
68 643 24
68 345 93
68 359 46
68 636 78
68 338 18
68 567 63
68 619 11
69 371 38
69 410 74
69 601 89
69 496 97
69 465 70
70 570 68
70 338 83
70 519 85
71 540 46
71 487 4
71 431 10
71 634 26
71 346 88
71 332 74
71 620 92
71 586 16
71 449 76
72 350 65
72 643 37
72 367 24
72 429 76
72 633 68
72 645 33
72 608 4
72 617 3
72 546 41
72 623 13
72 500 4
72 418 58
72 327 13
72 431 29
72 649 13
73 453 63
74 362 94
74 466 92
74 515 20
74 341 98
74 608 38
74 492 20
74 611 37
75 366 5
75 335 79
75 653 56
75 353 89
75 343 36
76 444 88
76 630 51
76 397 8
76 382 32
77 499 78
77 517 69
78 426 13
78 606 81
78 446 40
78 549 34
78 348 70
78 449 41
78 486 86
79 639 94
79 653 30
79 533 55
79 472 80
79 550 28
79 636 33
79 454 75
79 335 97
79 361 62
79 528 94
79 471 82
79 538 72
79 606 18
79 600 39
79 618 46
80 607 99
80 420 19
80 627 97
80 351 12
80 361 43
80 593 68
80 630 15
80 608 89
80 610 5
81 367 71
81 562 80
81 549 44
81 385 16
81 471 31
81 489 24
81 590 60
81 366 22
81 350 79
81 327 13
82 524 43
82 509 89
82 461 82
82 502 25
82 388 52
82 347 23
82 495 15
83 633 38
83 521 26
84 642 56
84 580 26
84 596 60
84 581 60
84 475 30
84 461 67
84 618 81
84 372 21
85 579 37
85 515 58
86 596 97
87 440 19
87 629 80
87 383 40
87 636 50
87 601 9
87 566 47
87 576 89
87 617 59
87 372 66
87 409 39
87 564 35
88 503 60
88 627 92
88 573 5
88 462 96
88 581 56
88 631 18
88 346 94
88 541 46
89 622 89
89 443 29
89 543 30
89 340 89
89 455 34
89 402 78
89 631 12
89 632 20
89 549 14
89 335 48
89 500 50
89 519 3
90 602 24
90 371 64
90 438 82
90 358 94
90 609 63
90 557 49
90 352 32
90 535 17
90 513 5
90 343 34
90 636 55
90 611 72
90 645 87
91 540 22
91 652 66
91 538 68
91 643 56
91 382 34
91 625 12
92 513 63
92 494 27
92 623 91
92 472 69
92 491 69
92 599 88
92 638 90
93 401 7
93 391 71
93 627 96
93 546 28
93 351 75
93 528 12
93 350 17
94 599 36
94 391 12
94 637 96
94 549 11
94 413 11
94 584 33
94 527 7
94 358 86
94 497 78
94 410 42
95 418 55
95 551 73
95 450 58
95 511 3
95 464 12
95 638 13
95 458 44
95 512 64
95 598 80
96 539 37
96 444 86
96 612 76
96 367 33
97 439 95
97 606 14
97 336 6
98 620 72
98 579 43
98 517 60
99 593 20
99 578 76
99 398 58
99 403 44
99 384 55
99 583 51
100 592 10
100 628 70
100 407 57
100 421 45
100 547 2
100 579 6
100 604 77
100 534 49
100 490 49
100 561 14
100 343 95
100 406 31
100 461 88
101 601 94
101 352 59
101 509 53
102 471 64
102 574 95
103 433 75
103 444 31
104 555 60
104 435 79
104 511 2
104 586 97
104 392 6
104 562 60
104 400 64
104 583 26
104 631 59
104 464 65
104 564 97
104 363 29
105 473 3
105 460 51
105 489 3
105 399 43
105 499 86
105 483 19
105 563 78
105 437 31
106 533 9
106 631 27
106 372 83
106 547 81
106 356 18
106 438 74
106 373 83
106 570 48
106 522 2
106 617 66
106 495 13
106 645 63
106 470 69
106 419 25
106 601 90
107 653 31
107 474 69
107 413 60
107 429 40
107 651 41
108 564 42
108 489 51
108 362 90
108 548 84
108 636 16
108 502 66
108 503 28
109 372 37
109 343 92
109 444 17
109 454 67
109 632 45
109 608 17
109 346 44
109 342 22
109 370 33
109 471 96
109 584 20
109 547 79
109 369 31
110 348 77
110 481 16
110 644 25
110 396 92
111 401 53
111 484 35
111 578 60
111 476 78
111 335 61
111 637 71
112 393 73
112 537 26
112 511 79
113 455 38
113 525 89
113 393 58
113 573 37
113 571 98
113 478 65
113 528 51
114 440 46
115 405 46
115 638 55
115 430 84
115 596 99
115 498 67
115 433 46
115 491 25
115 467 4
115 535 57
115 558 35
115 567 50
115 378 80
115 429 9
115 445 63
116 521 26
116 436 26
116 471 97
116 575 31
116 542 81
116 462 7
117 561 50
117 343 76
117 386 21
117 481 43
117 449 41
117 482 66
117 524 79
117 607 54
118 609 63
118 458 95
118 649 97
118 500 54
118 474 29
118 534 85
118 491 31
118 604 60
118 555 41
118 397 92
118 630 86
118 558 88
118 542 36
119 618 74
119 455 5
119 451 37
119 611 24
119 419 45
119 525 71
119 519 74
120 597 64
120 481 32
120 523 40
120 580 68
120 438 84
121 638 45
121 336 95
121 597 70
121 581 35
121 583 42
121 611 59
121 573 1
121 433 67
121 598 70
121 626 40
121 641 61
121 599 37
121 591 96
122 640 52
122 391 23
122 507 33
122 330 66
122 454 85
122 566 5
122 516 45
122 647 92
122 357 71
122 515 75
122 430 71
122 417 83
122 354 19
123 346 95
123 605 95
123 608 5
124 585 90
124 619 32
124 546 56
125 376 30
125 629 69
125 585 84
125 554 89
125 511 61
126 623 26
126 473 98
126 588 34
126 548 85
126 444 22
126 532 65
126 627 35
127 452 44
127 526 1
127 413 28
127 645 93
127 632 48
127 357 42
127 392 98
127 480 47
127 521 35
128 381 23
128 578 91
128 347 74
128 360 21
128 546 98
128 333 51
128 331 23
128 421 64
128 591 6
128 457 62
128 355 80
129 338 8
129 332 5
129 463 8
129 533 27
129 596 68
129 368 34
129 496 71
129 522 40
129 563 86
129 501 71
130 412 59
130 482 70
130 506 6
131 628 41
131 567 28
131 424 83
131 637 91
131 475 2
131 391 47
131 335 62
131 457 92
132 457 85
132 590 21
132 581 7
132 582 78
132 544 11
132 350 69
132 594 62
132 497 74
132 491 76
132 583 70
132 514 80
132 408 60
133 426 84
133 414 27
133 351 39
133 638 92
133 652 2
133 637 26
133 534 15
133 532 70
133 589 58
134 367 60
134 488 64
134 357 64
134 507 21
134 494 68
134 474 79
134 533 71
134 459 68
134 330 31
134 528 62
135 402 58
135 333 99
135 441 87
135 568 23
135 632 84
135 539 1
135 560 48
135 529 58
135 574 64
135 553 10
136 417 66
136 446 10
136 468 2
136 336 78
136 613 11
136 491 22
136 392 14
136 351 89
136 577 90
136 380 89
136 522 76
136 385 33
136 540 92
136 421 35
136 513 25
137 427 57
137 350 43
137 612 58
137 451 42
137 511 89
137 533 91
137 632 7
138 563 45
138 397 8
138 347 23
138 424 60
139 330 97
139 341 4
139 632 55
139 375 91
139 397 53
139 564 68
139 365 50
139 485 61
139 514 91
139 368 50
139 393 63
139 605 85
139 477 10
140 601 47
140 554 66
140 474 81
140 445 77
140 370 41
140 459 86
140 506 25
140 616 8
140 429 53
140 461 98
141 468 27
141 445 58
141 581 90
141 376 16
141 421 75
141 372 18
141 602 60
141 377 64
141 508 93
142 491 56
142 350 51
142 602 24
142 457 10
143 489 35
143 571 98
143 384 36
143 532 8
143 582 83
143 481 31
143 469 43
143 461 74
143 335 94
143 577 57
143 555 48
143 381 95
143 495 23
144 378 11
144 530 29
144 568 4
144 512 22
144 423 98
144 574 52
144 557 44
145 601 6
145 348 28
145 378 33
145 329 63
145 427 53
145 353 75
145 521 44
146 450 32
146 496 85
146 566 69
147 344 30
147 372 59
147 371 23
147 583 57
147 610 47
147 640 78
147 629 6
147 447 78
147 367 42
148 470 77
148 526 11
148 434 24
148 552 33
148 456 2
148 531 42
148 577 20
148 492 52
149 537 8
149 366 31
149 350 61
149 624 72
149 363 58
149 480 98
149 579 80
149 381 4
149 443 8
150 599 65
150 453 73
150 386 55
150 469 9
150 632 86
150 460 11
150 333 89
150 485 25
150 639 27
150 556 88
150 437 73
150 436 66
151 429 64
151 532 50
151 505 98
151 549 43
151 528 56
152 643 75
152 466 33
152 611 82
152 644 94
152 355 32
152 477 21
152 647 33
152 402 23
152 335 37
152 429 2
152 357 25
153 512 97
153 507 72
153 421 61
153 371 42
153 410 53
153 384 39
153 455 13
153 419 32
153 449 24
153 372 34
153 592 90
153 590 1
154 592 35
154 583 9
154 579 74
154 521 53
155 628 46
155 357 85
155 507 43
155 546 80
155 604 62
155 459 30
155 495 2
155 395 23
156 481 47
156 467 21
156 585 13
156 476 34
156 536 52
156 525 22
157 413 85
157 583 50
157 330 9
157 384 64
157 448 27
157 447 55
157 420 28
157 436 32
157 428 14
158 528 25
158 348 37
158 575 66
158 417 20
158 548 23
158 395 85
158 534 33
158 504 48
158 454 86
158 327 57
158 405 67
158 619 87
158 556 38
159 529 93
159 342 21
159 598 63
159 627 68
159 606 71
159 517 38
159 549 94
159 382 32
159 392 27
159 544 79
159 505 80
159 653 2
159 575 49
159 463 41
160 507 91
160 591 70
161 445 81
161 332 20
161 585 26
161 474 15
162 350 72
162 587 19
162 398 43
162 378 95
162 626 11
162 408 78
162 524 38
163 447 15
163 353 73
163 369 26
163 508 76
163 433 84
164 446 35
164 483 47
164 564 57
164 376 87
164 473 2
164 610 59
164 358 83
164 565 89
164 548 37
165 397 81
165 468 97
165 600 58
165 390 86
165 334 18
165 501 74
165 551 45
166 382 41
166 521 78
167 367 6
167 534 38
167 466 42
167 577 72
167 628 66
167 521 74
167 443 78
167 385 67
167 627 58
167 533 92
167 608 1
167 584 80
168 471 59
169 534 1
169 610 3
169 439 95
169 517 67
169 443 2
169 366 83
169 578 4
169 634 69
169 484 22
169 461 36
170 600 36
170 456 77
170 338 90
170 453 21
170 565 85
171 406 9
171 603 92
171 425 4
171 452 93
171 499 73
171 416 95
171 568 21
171 507 39
171 574 43
171 595 62
171 442 81
171 538 82
172 573 10
172 419 34
172 620 2
172 594 91
172 572 89
172 519 57
172 404 23
172 462 97
172 328 55
172 610 91
172 485 50
172 493 73
173 350 61
173 438 37
173 498 9
174 482 83
174 345 2
174 401 6
174 392 94
174 619 75
174 435 54
174 484 93
174 594 59
174 428 65
175 586 89
175 445 8
175 636 7
175 519 64
175 600 79
175 518 63
175 542 53
175 327 6
175 633 21
175 515 2
176 588 94
176 488 36
176 448 21
176 404 45
176 646 47
177 359 21
177 332 68
177 356 23
177 545 30
177 395 18
177 403 43
177 401 31
177 613 33
177 519 36
177 522 86
177 507 38
177 454 38
177 511 37
178 632 67
178 418 7
178 529 28
178 537 17
178 628 74
179 473 37
179 628 2
179 498 81
179 349 51
179 458 59
179 636 18
179 427 91
179 548 38
179 511 44
179 607 52
179 641 59
179 626 43
179 495 73
179 451 63
180 398 57
180 637 59
180 517 74
180 368 8
180 562 31
180 559 63
180 407 41
180 650 22
180 361 58
180 527 75
180 449 70
180 405 77
181 497 42
181 612 26
181 572 17
181 521 38
181 345 15
181 627 73
182 357 78
182 511 61
182 522 84
182 591 43
182 420 65
182 627 70
182 392 10
182 335 6
182 568 38
182 520 80
183 343 98
183 639 78
183 370 73
183 346 93
183 546 13
183 339 74
183 495 80
183 392 78
184 392 93
184 632 98
184 464 97
185 336 53
185 558 34
185 639 15
185 378 44
185 553 7
185 362 80
185 446 81
186 521 76
186 565 66
186 557 22
186 541 7
186 441 38
186 580 85
186 601 65
186 589 13
186 493 79
186 398 14
186 408 93
186 494 4
186 372 98
187 420 26
187 398 26
187 478 61
187 392 24
187 559 79
188 606 2
188 566 77
189 379 65
189 373 68
189 581 45
189 516 38
189 642 45
189 341 16
190 533 76
190 401 25
190 527 27
190 475 69
190 400 99
190 466 59
191 432 90
191 412 28
191 548 29
191 457 72
191 647 58
191 550 92
192 431 40
192 557 88
192 464 29
192 567 99
192 554 95
192 487 67
192 456 85
192 420 89
192 328 1
192 608 72
192 417 28
192 505 72
192 494 90
192 394 64
193 411 5
193 600 3
193 479 17
193 616 9
193 529 21
193 420 83
193 498 61
193 611 23
193 346 10
193 585 40
193 614 85
193 473 10
193 458 15
193 476 34
194 480 14
195 403 70
195 596 96
195 351 53
195 378 4
195 401 32
195 441 39
195 602 14
196 526 49
196 520 65
196 637 73
196 615 78
196 617 53
196 364 56
196 414 15
196 463 5
196 510 97
196 395 55
196 358 79
196 348 35
196 530 54
196 586 87
196 599 12
197 635 21
197 534 52
197 527 74
197 636 32
197 615 18
197 505 79
198 590 88
198 349 15
198 417 85
198 452 52
198 628 51
198 360 75
198 525 31
198 365 75
198 341 74
198 453 69
198 440 59
198 626 25
198 418 91
199 624 54
199 382 52
200 386 36
200 648 42
200 620 30
200 604 6
200 449 9
200 461 5
200 527 42
200 337 31
200 406 31
200 587 79
200 420 80
200 560 27
201 420 58
201 345 75
201 347 2
201 583 29
202 592 1
202 526 22
202 566 35
203 430 60
203 638 51
203 357 87
203 343 26
203 548 3
203 416 80
204 507 83
204 408 29
204 337 24
204 478 85
204 604 20
204 577 10
204 621 62
204 539 33
204 640 60
204 467 85
204 542 10
204 544 44
204 442 26
204 548 10
205 432 74
205 458 46
205 593 83
205 359 55
205 421 73
206 488 70
206 644 49
206 359 72
206 510 1
206 338 72
206 600 41
206 545 59
206 635 4
206 573 57
206 432 93
206 566 2
206 437 48
206 377 16
207 505 28
207 409 26
207 452 25
207 497 76
207 378 19
207 461 46
207 597 11
207 559 70
207 376 18
207 636 93
208 545 98
208 330 90
208 533 91
208 552 84
208 404 74
208 516 13
209 334 60
209 346 14
209 418 67
209 632 33
209 622 53
209 592 33
209 630 31
209 402 12
209 558 29
209 393 51
209 362 44
209 629 61
209 433 7
209 391 5
209 650 39
210 349 59
210 376 37
210 467 93
210 515 17
210 369 1
210 471 84
210 544 97
210 411 28
210 636 37
210 527 44
210 541 3
210 382 52
211 428 55
211 347 73
211 355 10
211 377 80
211 442 57
211 369 85
211 533 90
211 413 96
211 431 79
211 440 34
212 520 16
212 630 63
212 557 94
212 531 94
212 524 14
212 400 48
212 530 68
212 386 2
212 548 50
213 511 63
213 503 14
213 590 55
213 327 40
214 517 53
214 455 98
214 334 67
214 649 73
214 421 28
214 378 63
214 575 86
214 514 30
214 457 88
214 372 50
214 333 80
214 579 76
214 644 38
215 444 19
215 488 70
216 589 87
216 608 76
216 648 16
216 393 9
216 568 59
216 340 25
216 541 22
216 562 31
216 650 22
216 482 7
216 487 71
216 460 49
217 498 59
217 418 36
217 376 94
217 489 40
217 505 39
217 405 1
217 406 34
217 436 57
217 346 82
217 462 89
217 599 12
217 442 63
218 485 34
218 517 93
218 475 4
218 539 27
218 363 13
219 573 15
219 593 19
219 567 75
219 636 30
219 332 97
220 603 14
220 441 73
220 446 48
220 413 5
220 424 95
220 550 15
220 415 31
220 381 67
220 539 45
220 527 67
221 530 57
221 482 14
221 497 28
221 365 94
221 409 94
221 462 11
221 570 42
221 473 75
221 376 5
221 604 62
221 468 87
221 509 97
222 414 64
222 438 53
223 382 74
223 540 66
223 631 22
223 585 95
223 435 18
223 370 8
224 556 88
224 617 96
224 613 20
224 349 61
224 575 22
224 565 22
224 511 91
224 388 34
224 541 5
224 611 19
224 601 26
224 598 15
224 384 45
225 393 45
225 491 7
225 458 20
225 651 65
225 490 10
225 610 33
225 589 3
225 461 73
225 586 43
226 653 71
226 640 68
226 431 11
226 359 16
226 494 9
227 596 95
227 461 31
227 486 30
227 532 93
227 594 36
227 401 50
227 449 37
227 439 78
227 648 60
227 561 94
227 518 66
228 581 72
228 551 73
228 403 19
228 470 8
228 380 71
228 579 86
228 643 37
228 375 72
228 499 53
228 588 20
229 414 46
229 340 54
229 421 1
229 358 12
229 517 63
229 350 16
229 589 35
229 461 46
229 478 25
229 547 51
229 632 51
229 342 6
229 467 13
230 505 96
230 579 3
230 645 75
230 368 25
230 345 89
230 329 65
231 418 8
231 373 66
231 534 46
231 361 26
231 346 99
231 510 37
231 587 60
231 506 83
231 370 65
231 445 71
231 390 85
231 335 32
232 399 38
232 519 63
232 499 89
232 369 49
232 586 76
232 416 29
232 386 82
232 427 73
232 367 34
233 602 3
233 536 33
233 589 35
233 358 43
233 528 15
233 327 66
233 652 60
233 334 23
233 480 5
233 585 96
233 344 61
233 649 47
233 621 8
233 541 46
233 651 54
234 494 1
234 328 29
234 609 2
234 435 74
234 429 3
234 569 33
234 333 70
234 606 74
235 640 40
235 406 20
236 436 14
236 583 43
236 597 24
236 482 47
236 378 27
236 586 46
236 478 43
236 411 16
236 479 32
236 385 5
236 505 33
236 372 11
237 563 82
237 403 85
237 498 71
237 551 99
237 612 60
238 414 60
238 576 75
238 384 24
239 585 84
239 547 30
239 360 18
239 530 35
239 637 49
239 645 48
239 541 28
240 376 8
240 551 70
240 642 2
240 515 33
240 598 59
240 570 95
240 609 24
240 499 1
240 413 23
240 342 37
240 597 75
241 390 78
241 644 50
241 332 19
241 583 31
241 435 75
242 416 41
242 447 21
242 556 89
242 348 47
242 334 16
242 539 4
242 337 4
242 446 72
242 485 10
242 552 99
242 602 17
242 427 36
242 487 83
242 498 26
243 649 88
243 540 98
243 339 78
243 415 19
243 636 35
243 459 46
243 635 31
243 330 72
243 526 74
243 328 16
243 561 59
243 441 84
244 522 48
244 556 63
245 600 84
245 529 82
246 452 26
246 454 5
247 530 53
247 543 55
247 430 76
247 505 15
247 478 59
247 411 2
247 383 12
248 640 5
248 508 67
248 425 29
248 499 23
248 394 60
248 430 78
248 646 87
248 495 17
248 452 97
248 483 48
248 434 77
249 357 1
249 347 31
249 427 84
249 424 85
249 622 45
249 577 68
250 524 47
250 329 74
250 552 87
250 458 32
250 373 55
250 457 40
250 502 87
250 337 28
250 449 73
250 639 13
250 635 82
251 601 29
251 629 49
251 342 74
251 379 39
251 522 76
251 455 8
251 452 30
251 362 78
251 432 2
251 403 49
252 344 14
252 337 37
252 443 71
252 509 67
252 332 50
252 536 15
252 554 8
252 483 81
252 513 94
253 414 21
253 377 67
253 379 10
253 369 9
253 545 67
253 419 84
253 524 14
253 509 80
253 648 49
253 502 27
253 538 41
254 381 95
254 332 86
254 374 66
254 409 5
254 426 88
254 449 48
254 456 74
254 488 38
255 475 24
255 586 24
255 355 54
255 446 8
255 385 43
255 482 20
255 332 33
255 634 37
255 575 16
255 407 64
255 394 5
256 408 26
256 581 80
256 329 46
256 616 79
256 480 92
257 360 15
257 492 20
257 576 41
257 409 7
257 350 55
257 460 63
257 495 28
257 389 80
257 503 51
257 395 61
258 431 53
258 353 28
258 351 71
258 651 66
258 592 79
258 444 3
259 576 41
259 487 69
260 518 58
260 529 71
260 400 66
260 422 60
260 470 66
260 408 88
260 627 35
260 404 47
260 372 98
260 446 16
260 600 45
260 540 2
260 423 60
261 628 50
261 393 8
261 562 74
261 549 89
261 605 68
261 650 8
261 632 67
261 591 83
261 384 61
261 465 96
261 629 73
261 368 56
261 390 82
261 410 66
261 643 5
262 592 66
262 557 49
262 402 84
262 422 3
262 627 84
262 373 11
262 336 87
262 582 8
262 643 26
262 413 54
263 425 53
263 349 52
263 457 71
263 490 8
263 544 64
264 354 12
264 350 36
264 525 49
264 535 1
264 456 4
264 625 21
264 490 97
264 612 77
264 581 11
264 471 94
264 588 73
264 446 86
265 345 97
265 543 75
265 415 92
265 488 5
265 507 84
266 464 23
266 328 30
267 581 81
267 384 49
268 559 32
268 518 42
268 560 18
268 533 50
268 568 62
268 581 99
268 629 48
268 411 35
268 438 16
268 362 55
268 387 96
268 444 76
268 329 96
268 463 85
268 586 38
269 464 7
269 373 81
269 555 62
269 401 84
269 462 68
269 541 72
269 395 74
269 527 8
269 337 12
269 515 25
269 603 89
270 406 33
270 582 34
270 332 50
270 422 68
270 468 30
270 555 42
271 433 26
271 583 16
271 406 79
271 340 94
271 544 32
271 613 51
271 361 41
271 644 21
271 637 50
271 482 42
271 625 94
272 371 40
272 436 77
272 552 11
272 518 2
272 630 90
272 352 55
272 636 98
272 499 4
273 450 60
274 523 45
274 379 14
275 507 76
275 331 57
275 510 34
275 357 6
275 619 25
275 630 73
275 428 66
275 566 14
275 480 85
275 636 47
275 384 26
275 360 55
275 338 50
275 442 80
276 550 6
276 412 43
276 371 74
276 365 30
276 356 22
277 338 64
277 508 19
277 391 31
277 355 79
277 396 68
277 485 35
277 382 14
277 532 88
277 636 43
277 549 78
277 536 52
278 566 65
278 432 69
278 356 96
278 461 13
278 606 40
278 517 23
278 649 60
278 384 27
278 458 26
278 610 68
278 570 54
278 460 36
278 596 56
278 341 48
279 398 15
279 449 23
279 365 60
279 643 22
279 484 84
279 350 12
279 399 24
279 496 73
279 477 39
280 328 81
280 549 95
280 471 45
280 372 78
280 361 66
280 497 71
281 502 12
281 399 85
281 425 24
281 337 35
282 416 34
282 459 82
282 507 56
282 370 58
283 427 38
283 381 41
283 592 83
283 585 83
283 413 48
283 618 5
283 637 53
283 409 10
283 597 82
283 560 75
283 378 32
283 590 53
283 494 13
284 533 53
284 341 66
284 605 58
284 621 67
284 504 28
284 339 92
284 423 31
284 440 15
284 483 18
284 611 94
284 523 44
284 570 94
284 510 55
285 360 15
286 463 83
286 441 31
286 379 1
286 625 23
286 442 65
286 539 59
286 515 64
286 569 23
286 495 81
286 507 2
286 389 29
287 553 76
287 507 69
287 450 85
287 462 72
287 584 13
287 401 70
287 518 47
287 508 13
287 539 59
287 520 58
287 613 19
287 331 65
288 435 68
288 627 6
288 543 90
288 464 26
288 434 44
288 636 21
288 376 46
288 364 39
288 423 88
288 591 92
288 538 89
288 522 70
288 474 78
289 480 81
289 363 52
289 453 66
289 650 94
289 603 48
289 471 31
289 541 85
289 630 56
289 488 38
289 387 52
289 639 23
289 435 45
289 463 42
289 613 5
289 379 25
290 574 96
290 420 81
290 621 96
290 501 57
290 431 64
290 541 66
290 353 33
290 357 18
290 400 75
290 406 33
290 556 20
290 515 3
291 513 35
291 578 62
291 389 40
291 581 84
292 574 79
292 472 15
292 412 94
292 524 32
292 336 18
292 513 81
292 380 19
292 458 11
292 466 28
292 482 33
293 652 9
293 499 30
293 417 53
293 639 67
293 500 80
293 344 3
293 445 16
294 627 22
294 543 43
294 593 8
294 336 95
294 423 33
294 577 7
294 524 13
294 568 48
294 352 35
294 547 91
294 628 61
295 577 29
295 508 28
295 592 51
295 365 93
295 561 97
295 491 68
295 377 44
296 434 30
296 447 48
296 626 73
296 402 7
297 532 16
297 401 62
297 560 86
297 465 30
297 530 31
297 564 57
297 495 3
297 460 64
297 488 8
297 608 52
298 635 18
298 462 87
298 643 14
298 601 20
298 465 32
298 599 88
298 355 47
298 565 9
298 491 82
298 345 83
298 556 83
298 471 89
298 561 57
298 378 82
298 405 99
299 621 82
300 447 15
300 506 33
301 517 85
301 466 24
301 545 51
301 503 54
301 617 43
301 430 15
301 475 27
301 636 46
301 460 10
301 330 3
301 415 75
301 553 55
302 384 46
302 426 70
302 502 84
302 429 9
302 599 11
302 489 41
302 418 37
302 387 74
302 564 65
302 506 79
302 629 97
302 583 22
302 653 66
302 414 89
303 556 24
303 528 27
303 426 5
303 368 4
303 428 30
303 390 48
304 649 43
304 425 70
304 424 79
304 502 84
304 495 2
304 533 63
305 358 44
305 342 98
305 468 92
305 572 86
305 603 78
305 648 44
305 632 33
305 486 27
305 518 37
305 415 13
305 611 6
305 414 49
306 606 71
306 614 59
306 569 46
306 573 41
306 617 67
306 342 6
306 350 27
306 407 29
306 585 88
307 373 53
307 451 91
307 547 1
307 594 41
307 430 6
307 403 73
307 331 28
307 424 12
307 647 75
307 539 91
307 458 1
308 490 7
308 488 47
308 338 96
308 377 39
308 420 81
308 473 79
308 396 1
308 337 53
308 410 88
309 533 39
310 362 52
310 510 11
310 505 21
310 538 56
310 480 33
310 501 71
310 426 3
311 421 3
311 447 4
311 382 73
311 380 57
311 529 73
311 410 75
312 644 91
312 618 8
312 529 91
312 379 46
312 400 73
312 450 71
312 407 6
312 562 16
312 567 61
313 531 22
313 338 6
313 575 42
313 547 24
313 617 62
313 438 7
313 340 59
313 429 88
313 394 5
313 480 73
313 540 41
314 356 50
314 610 1
314 433 80
314 379 80
314 394 84
314 544 73
314 648 2
314 366 25
315 639 10
315 477 72
315 346 18
315 446 43
315 465 34
315 481 72
315 418 5
315 566 31
315 429 89
315 596 33
315 624 28
315 557 82
315 632 83
316 505 24
316 543 90
316 457 89
316 336 16
316 368 14
316 604 10
316 461 9
316 517 95
317 431 44
317 450 16
318 422 69
318 620 84
318 397 33
318 340 26
318 344 91
318 573 27
318 537 12
318 586 61
319 424 99
319 528 69
320 626 81
320 513 6
320 338 89
320 482 5
320 445 62
320 538 8
320 570 51
320 591 57
321 447 75
321 581 69
321 489 55
322 535 76
322 606 91
322 415 58
322 463 26
322 449 10
322 445 90
322 569 64
322 649 70
322 618 64
322 386 93
322 451 29
322 495 66
323 378 57
323 346 48
323 373 59
323 464 2
323 408 46
323 342 14
323 613 5
323 363 78
323 509 72
323 593 28
323 632 14
323 398 2
324 515 18
324 513 2
324 450 85
324 628 53
324 366 7
324 561 58
324 403 51
325 620 20
325 448 74
325 450 60
325 557 92
325 632 92
325 612 75
325 503 99
326 453 81
