168 629
1 135 7
1 106 62
1 151 53
1 131 43
1 146 54
1 118 73
2 108 16
2 146 68
2 113 50
2 139 9
3 142 91
3 91 25
3 115 88
3 109 21
3 149 28
3 129 95
3 168 83
3 159 67
3 147 94
3 108 42
3 119 94
3 167 76
4 114 19
4 129 50
4 89 32
4 124 27
4 164 24
4 97 36
4 149 54
4 116 79
4 107 93
5 90 30
5 124 40
6 111 90
6 97 12
6 98 33
7 135 94
7 97 38
7 136 62
7 112 25
7 162 72
7 132 44
7 91 43
7 143 57
7 144 43
8 128 96
8 106 4
8 111 66
8 119 16
8 163 80
8 101 65
8 109 93
9 128 47
9 147 35
9 163 24
9 103 30
9 118 44
9 107 3
9 120 12
10 145 28
10 121 49
10 95 79
10 96 15
11 117 70
11 131 15
11 147 61
11 102 85
11 96 97
11 126 9
11 105 95
11 121 2
11 138 46
11 106 6
11 94 69
11 164 70
12 131 51
12 129 34
12 166 61
12 87 7
12 138 35
12 152 23
12 141 58
12 163 21
12 92 73
13 96 15
13 124 1
13 168 83
13 91 6
13 117 67
13 95 81
13 123 88
13 87 91
13 165 27
14 167 35
14 97 75
14 93 92
15 127 30
15 126 72
16 107 43
16 108 82
16 111 12
16 146 6
16 117 57
16 142 20
16 147 79
16 119 20
16 132 88
17 89 77
17 145 64
17 136 73
17 139 96
17 108 82
17 124 95
17 114 76
17 106 5
18 121 91
18 132 59
18 158 41
18 168 56
18 126 14
18 140 77
18 134 79
18 113 31
18 123 27
18 127 8
19 99 10
19 115 20
19 154 71
19 139 94
19 113 78
20 147 21
20 151 61
20 106 19
20 140 25
20 154 23
20 137 18
20 118 1
21 113 2
21 130 94
21 144 95
21 142 13
21 148 7
22 146 41
22 89 94
22 85 85
22 118 7
22 108 95
22 154 50
22 90 30
22 152 84
22 113 34
22 148 89
22 130 17
22 94 29
22 168 5
23 106 33
23 154 75
23 137 30
23 95 13
23 163 69
23 127 1
23 167 18
23 100 83
23 161 86
24 116 52
25 113 35
25 105 63
26 108 71
26 100 54
26 144 87
26 137 90
26 133 57
26 94 47
26 114 60
26 120 2
26 115 71
26 128 38
26 164 37
27 127 42
27 94 2
27 144 15
27 137 70
27 139 41
27 150 10
27 92 45
28 92 32
28 131 45
28 153 90
28 116 21
28 148 90
28 158 43
28 93 70
28 114 89
28 161 25
28 146 95
28 145 95
29 130 24
29 125 55
29 114 42
29 118 51
29 115 43
29 100 25
29 120 95
29 161 42
30 135 93
30 134 76
30 131 43
30 129 56
31 151 27
31 113 33
31 148 94
31 122 38
31 132 88
31 98 11
31 92 55
31 100 31
31 138 76
31 159 73
31 106 42
32 105 21
32 91 90
32 123 72
32 151 50
32 137 63
32 117 45
32 160 21
32 87 68
32 149 22
32 111 65
32 106 7
32 124 48
33 100 83
33 110 95
33 155 91
33 164 58
33 104 89
33 154 74
34 100 98
34 111 17
34 85 68
34 98 89
35 98 88
35 119 64
35 123 87
35 109 96
35 145 5
36 94 82
36 115 78
36 99 69
36 140 65
36 112 19
36 151 51
36 153 14
36 165 22
37 137 60
37 140 70
37 86 74
38 126 32
39 102 97
39 166 73
39 150 9
39 114 21
39 142 91
39 140 20
39 121 84
39 135 11
39 89 43
39 162 97
39 90 53
39 110 65
39 127 56
39 124 77
39 167 56
40 146 73
40 89 32
40 152 3
40 96 9
40 94 62
40 100 67
40 128 40
41 88 39
41 96 89
41 107 53
41 139 1
41 134 87
41 129 97
41 110 70
41 168 73
41 140 31
41 111 88
41 164 16
41 121 42
41 141 2
41 163 44
41 87 60
42 142 69
42 148 97
42 94 44
42 146 4
42 106 85
42 126 62
42 111 84
42 100 26
42 162 4
42 166 9
42 103 42
43 157 94
43 87 40
43 123 90
43 152 58
43 111 62
43 131 12
44 150 65
44 85 57
44 129 35
44 137 19
44 91 67
44 138 90
45 128 33
45 131 87
45 149 41
46 87 69
46 164 67
46 123 65
46 114 50
46 90 15
46 150 75
46 145 13
46 130 14
46 153 62
46 149 5
46 124 65
46 119 59
47 112 82
47 149 78
47 110 54
47 122 64
47 162 49
47 167 92
47 158 46
47 137 3
47 124 31
48 148 83
48 134 72
48 93 26
48 99 4
48 156 77
48 95 45
48 167 10
48 138 42
48 120 2
48 96 7
48 163 12
48 108 16
48 160 44
48 128 92
49 141 18
49 91 61
49 149 53
49 147 94
49 136 66
49 110 82
49 135 26
49 162 28
49 109 53
49 111 97
49 113 53
49 146 82
49 133 78
49 160 80
50 132 54
50 125 19
50 130 97
51 125 86
51 141 84
51 131 11
51 142 85
51 151 94
51 154 39
51 168 47
51 124 37
52 126 31
52 118 4
52 163 72
52 164 61
52 110 98
52 151 53
53 146 44
53 156 38
53 135 86
53 98 36
53 141 4
53 152 95
53 157 98
53 128 79
53 118 21
53 116 5
53 90 56
53 166 19
54 151 29
54 115 51
54 162 94
54 126 66
54 168 29
54 129 87
55 89 83
55 154 9
56 136 25
56 122 31
56 161 34
56 154 7
56 163 24
56 152 22
56 139 7
56 107 57
57 111 36
57 155 79
58 163 54
58 121 66
58 152 55
58 157 44
58 142 9
58 99 45
58 109 92
58 119 44
58 148 51
58 124 23
59 86 99
59 143 8
59 88 64
59 85 7
59 123 30
59 111 75
59 107 10
59 149 96
60 87 43
60 94 65
60 131 74
60 103 84
60 160 78
60 134 89
60 135 29
60 146 13
60 152 5
60 120 79
61 130 13
61 98 81
61 120 89
61 126 41
61 142 44
61 95 42
61 155 50
61 161 90
61 148 64
61 119 85
62 97 42
62 163 49
62 159 74
62 96 84
62 151 37
62 100 60
62 165 10
62 154 18
62 130 67
62 98 27
63 153 77
63 159 48
63 133 13
63 166 11
63 140 14
63 134 70
63 143 5
63 141 69
63 165 87
63 88 66
64 124 16
64 129 96
64 137 40
64 127 14
64 150 31
64 100 69
64 121 33
64 156 58
64 162 63
64 136 23
64 117 56
64 119 39
64 109 12
65 160 25
66 152 54
66 131 93
66 155 91
66 135 89
66 93 48
66 117 18
66 136 80
66 98 11
67 112 45
67 90 77
67 146 2
68 93 65
68 91 69
68 120 79
68 135 28
68 107 73
68 109 37
68 118 81
68 149 3
68 142 97
68 105 69
68 168 45
69 125 10
69 109 60
69 165 53
69 148 67
69 159 28
69 160 51
69 95 54
70 122 45
70 148 71
71 166 39
71 86 37
72 142 87
72 87 56
72 106 21
72 129 79
72 156 16
72 158 22
72 137 69
72 110 86
72 103 5
72 134 51
72 109 62
72 120 12
72 127 66
72 97 99
73 102 54
73 119 31
74 132 90
74 99 86
74 96 75
75 102 37
75 120 14
75 121 55
75 98 10
75 135 84
75 140 31
75 111 36
75 113 80
75 138 90
75 106 29
75 118 57
75 144 1
76 96 7
76 98 63
76 117 28
76 94 81
76 152 23
76 99 8
76 91 93
76 115 21
76 123 59
76 167 33
77 104 12
78 164 65
78 118 93
78 155 47
78 148 48
78 159 87
78 154 68
79 92 73
79 143 21
79 108 64
79 165 58
79 138 95
79 160 3
79 106 24
79 140 33
79 99 47
79 94 36
79 121 49
79 112 79
79 90 41
80 148 79
80 123 57
80 116 48
80 165 51
81 155 55
81 165 49
81 166 39
81 149 18
81 137 31
81 120 24
81 117 96
81 104 65
82 154 16
82 162 4
82 110 2
82 90 90
82 142 16
82 155 37
82 129 82
82 100 49
82 94 13
83 109 17
83 108 9
83 130 93
83 144 42
83 99 12
83 92 61
83 100 5
83 164 49
83 124 76
83 152 71
83 98 44
83 167 42
84 95 18
84 162 54
84 139 54
84 113 18
84 103 43
84 157 91
84 121 99
84 148 48
84 125 50
84 135 43
84 119 96
84 149 67
84 100 93
