564 2113
1 398 38
1 433 96
1 528 10
1 448 61
1 536 76
2 512 21
2 392 91
2 293 75
3 430 87
3 320 76
3 559 96
3 397 59
3 300 91
3 309 43
3 480 98
3 524 20
3 327 84
3 479 25
3 445 99
3 499 2
3 373 4
4 479 89
4 519 87
4 464 19
4 334 22
5 434 31
5 337 73
6 529 57
6 302 56
6 429 79
6 484 26
6 327 23
6 358 56
7 459 25
8 397 73
8 365 62
8 318 72
9 286 61
9 421 47
9 325 26
9 451 2
9 533 64
9 445 47
9 561 9
9 388 95
9 513 96
9 483 41
9 464 88
10 459 86
10 534 39
10 300 62
10 439 84
11 357 53
11 423 51
11 464 66
11 334 48
11 355 10
11 539 90
11 533 39
11 381 46
11 546 47
11 405 35
12 432 20
12 433 8
12 331 50
12 416 74
12 338 4
12 436 66
12 475 70
12 380 36
12 421 48
12 448 23
12 348 78
12 554 73
12 341 1
13 298 40
13 383 43
13 530 78
13 424 23
13 433 25
13 388 89
13 549 85
13 303 70
13 322 17
13 506 17
13 419 42
13 428 70
13 496 6
13 446 59
14 352 25
14 552 53
14 323 81
14 321 22
15 363 1
15 434 79
15 330 66
15 287 45
15 305 39
15 341 59
15 484 22
15 300 93
15 295 75
15 292 18
15 405 50
15 344 91
16 438 40
16 286 6
16 522 79
16 395 50
17 537 27
18 283 5
18 292 31
18 474 68
18 484 15
18 291 57
18 544 62
18 499 64
19 378 3
19 361 91
19 514 8
19 302 4
20 500 97
20 514 7
21 419 46
21 411 83
21 330 67
21 348 1
21 285 78
21 420 94
21 312 34
21 355 95
21 296 4
21 367 20
21 439 2
22 354 31
23 439 14
23 306 67
23 349 21
23 391 26
23 363 77
23 424 36
24 368 90
24 297 56
24 362 33
24 549 20
24 518 23
24 482 14
24 495 8
24 485 43
25 309 18
25 404 3
25 489 43
25 368 48
25 385 51
25 549 18
26 471 96
26 410 68
26 427 72
26 545 67
26 402 25
26 470 40
26 488 28
26 387 84
26 491 16
26 558 31
26 547 1
26 486 12
26 490 66
26 518 83
27 420 44
27 373 94
27 344 43
27 334 76
27 397 15
27 532 71
27 364 14
27 331 42
27 503 74
27 382 26
27 434 61
27 475 53
28 317 92
28 366 35
28 550 77
28 293 31
29 337 53
29 442 56
29 546 68
29 500 83
29 444 35
29 301 45
29 462 94
29 373 54
29 539 1
29 340 38
30 499 8
30 291 7
30 560 40
30 431 2
30 383 19
30 549 12
30 399 47
30 307 25
30 333 99
30 435 23
30 284 60
30 390 66
30 361 33
31 446 79
31 532 5
31 559 55
31 431 93
31 353 47
31 408 6
31 291 71
31 537 47
31 315 93
31 435 8
31 358 84
32 484 78
32 493 45
32 325 43
32 436 83
32 306 48
32 558 98
32 371 99
32 287 89
32 373 76
32 439 77
32 326 64
32 521 8
33 532 2
33 525 73
33 524 7
34 336 50
34 335 7
35 294 67
35 563 35
35 333 54
35 468 71
35 506 87
35 497 23
35 516 88
35 526 78
35 541 80
36 356 51
36 438 48
36 348 48
36 470 30
36 547 90
36 462 15
36 411 98
37 366 56
38 484 23
38 355 74
38 376 68
38 515 64
38 475 77
38 303 1
38 441 24
38 330 70
38 295 90
38 381 56
38 305 16
38 324 97
38 473 53
38 495 21
39 533 40
39 365 56
39 372 65
39 374 80
39 420 58
39 325 53
39 396 13
39 314 91
39 535 22
39 549 55
39 344 5
39 543 68
39 345 48
39 456 51
40 534 41
40 479 46
40 374 86
41 522 49
41 517 9
41 314 46
41 448 51
41 339 33
41 468 81
41 514 43
41 529 90
41 308 35
41 333 31
41 397 1
41 439 97
42 556 67
42 493 72
42 328 81
42 482 27
42 557 31
42 416 8
42 442 91
42 524 65
42 345 10
42 544 56
42 392 46
42 319 43
42 379 31
42 352 53
43 404 14
43 335 59
43 336 9
43 410 53
43 381 72
43 287 30
43 317 44
43 298 70
43 334 67
43 489 89
43 318 8
43 516 69
43 376 8
44 288 75
44 485 22
44 533 90
44 392 24
44 368 22
44 552 12
44 416 94
44 410 55
45 541 82
45 345 23
45 497 41
45 531 17
45 459 44
45 537 49
45 486 81
46 524 76
46 399 92
46 563 62
46 407 4
46 538 20
46 561 79
46 551 68
47 536 83
47 521 81
47 478 82
47 559 59
48 522 71
48 465 53
48 348 96
48 375 6
48 340 92
48 342 20
48 423 61
48 491 99
48 293 17
48 365 43
48 381 20
48 559 33
48 489 24
48 359 31
49 321 37
49 422 98
49 325 31
49 412 36
49 360 68
49 358 36
49 399 29
49 377 80
49 307 62
50 488 93
50 546 74
51 397 27
51 313 4
51 503 50
52 417 29
52 302 7
52 444 39
52 432 9
52 439 42
52 402 63
52 478 41
52 346 41
53 513 58
53 316 77
53 465 31
53 413 22
53 331 56
53 484 44
53 486 32
53 456 39
53 497 56
53 382 59
53 435 38
54 481 72
54 446 83
54 348 81
54 535 38
54 350 47
54 307 14
54 418 46
54 442 31
55 461 91
55 335 91
55 442 4
55 426 31
55 354 65
55 340 16
55 468 11
55 300 71
55 446 11
56 411 5
56 349 12
57 410 91
57 366 61
57 476 90
57 458 95
57 548 40
57 287 53
57 342 6
57 442 46
57 464 80
58 350 84
58 550 48
58 501 23
58 420 37
58 379 15
58 461 88
58 371 32
58 378 67
58 342 47
58 468 68
58 328 91
58 335 95
59 306 95
59 552 33
59 541 49
59 426 50
59 301 54
59 439 46
59 334 65
59 362 6
59 363 45
59 324 72
59 318 22
59 547 35
59 341 45
60 323 68
60 414 77
60 382 82
60 561 87
60 404 41
60 374 84
60 440 42
60 418 67
60 485 66
61 403 46
61 358 43
61 489 68
61 351 67
61 445 17
62 358 76
62 385 84
62 453 44
62 471 25
62 290 42
62 425 14
63 286 17
63 413 95
63 416 29
64 470 41
64 460 46
64 384 86
65 402 7
65 479 40
65 337 41
65 493 35
65 369 13
65 332 27
65 339 88
66 496 91
66 395 47
66 406 12
66 506 50
66 494 79
66 319 6
66 540 84
66 438 49
67 483 28
67 495 30
67 525 87
67 445 7
67 452 81
67 551 87
67 316 30
67 554 88
67 340 22
67 558 1
67 430 48
67 553 79
67 330 22
68 523 29
68 383 72
68 540 48
68 283 41
68 443 42
68 435 55
68 423 78
68 358 3
68 344 27
68 302 31
68 525 33
68 522 17
68 359 79
68 449 75
69 394 69
69 531 65
69 438 35
69 543 64
69 371 19
69 551 58
69 529 64
69 424 88
69 516 66
69 515 41
69 493 35
70 504 64
70 312 98
71 473 76
71 436 51
71 448 19
72 447 35
72 405 64
72 519 47
72 318 67
72 380 63
72 285 74
72 379 63
72 407 9
73 505 38
73 484 51
73 495 7
73 474 46
73 432 2
73 353 99
73 510 54
73 310 89
73 557 2
74 524 13
75 559 61
75 524 24
75 306 87
75 333 36
75 515 30
75 414 22
75 484 57
75 329 41
75 289 6
75 393 8
75 372 6
75 356 77
75 499 56
75 284 2
75 360 52
76 495 8
76 340 96
76 540 69
76 557 70
76 427 13
76 378 12
76 483 94
76 315 2
76 302 26
77 436 27
78 366 67
78 310 52
78 481 19
78 426 86
78 489 67
78 440 87
78 453 46
78 446 62
78 495 86
79 429 16
79 436 27
79 460 31
79 361 98
79 427 35
79 395 25
79 421 11
79 540 23
79 430 69
79 557 56
79 352 4
79 379 60
79 499 94
79 317 6
80 404 93
80 463 93
80 324 4
80 556 85
80 314 20
80 496 89
80 542 1
80 333 66
80 528 22
80 543 62
80 477 10
80 511 62
80 432 70
80 341 38
81 479 54
81 510 39
81 476 20
81 387 60
81 379 16
82 515 70
82 370 85
82 484 26
82 445 76
83 289 97
83 441 34
83 296 45
84 547 3
84 391 89
84 522 26
84 319 45
84 554 23
84 404 66
84 504 73
84 519 47
84 497 26
84 458 93
84 409 64
84 397 3
85 483 27
85 449 73
85 554 86
85 481 50
85 317 5
85 360 69
85 407 88
85 433 73
85 305 54
86 435 72
86 338 68
86 512 30
86 518 37
86 354 43
86 433 45
86 453 25
86 536 20
86 457 68
86 514 17
86 329 6
86 494 51
87 475 74
87 305 87
87 405 11
87 358 40
87 289 77
87 556 40
87 543 43
88 534 88
88 515 24
88 349 13
88 452 60
88 318 75
88 456 18
88 409 34
88 536 43
88 363 84
88 453 35
88 345 21
88 524 8
89 370 10
89 545 61
89 325 90
89 450 30
89 432 21
89 368 96
89 327 9
89 486 79
89 517 22
89 448 49
90 553 27
90 329 57
90 362 77
90 459 58
90 477 51
90 285 52
90 401 85
91 327 75
91 285 11
91 465 28
91 387 30
91 446 46
91 349 84
91 318 31
91 542 60
92 377 9
93 549 55
93 535 19
93 507 9
93 387 3
94 363 40
94 472 85
94 421 48
95 499 10
95 289 96
95 300 90
95 350 83
95 512 58
95 463 90
95 554 44
95 376 68
95 514 60
95 341 21
96 335 40
96 468 97
96 480 55
96 458 83
96 470 17
97 443 67
97 384 81
97 397 57
97 391 10
97 564 25
97 486 92
97 423 77
97 387 64
97 418 76
98 386 60
99 417 69
99 396 13
99 378 41
99 544 90
99 536 70
99 393 20
99 560 9
99 447 42
99 319 10
99 498 68
99 450 62
99 328 60
99 448 69
99 377 28
100 300 84
100 291 67
100 363 60
100 338 69
100 332 25
100 482 45
100 449 34
100 484 5
100 370 25
100 307 39
100 362 52
100 500 28
101 442 45
101 528 31
101 377 60
101 445 55
101 451 32
102 380 32
102 510 14
102 546 23
102 355 88
102 496 78
102 369 3
102 462 77
103 403 89
103 510 2
104 351 31
104 507 55
104 469 46
104 544 16
104 406 54
104 378 7
104 337 13
104 528 30
104 339 25
104 533 58
104 476 33
105 520 8
106 458 40
106 475 32
106 288 27
106 356 65
106 403 87
106 442 3
106 329 39
106 562 43
106 560 74
107 500 77
107 431 81
108 434 55
108 460 36
108 328 30
108 539 46
108 436 46
108 520 40
108 420 7
108 313 64
108 388 82
108 319 80
108 432 23
108 323 14
108 481 78
108 396 58
109 412 10
109 317 84
109 538 45
109 399 15
110 476 16
110 552 7
110 300 3
111 389 22
111 493 24
111 474 92
112 471 82
112 548 96
112 370 23
112 443 90
112 470 1
112 560 39
112 468 47
112 444 27
112 487 53
112 502 74
113 283 91
113 319 79
113 427 24
113 369 60
113 533 66
113 488 90
113 363 18
113 371 94
114 548 50
114 433 28
114 526 17
115 383 18
115 392 48
115 339 7
115 446 78
116 563 18
116 432 93
116 508 28
116 329 59
116 523 71
116 406 78
116 404 33
116 514 13
116 554 38
117 486 64
117 493 49
117 466 17
117 489 17
117 379 63
117 401 44
117 399 33
117 285 95
118 465 60
118 331 4
118 407 67
119 404 30
119 428 61
120 321 85
120 304 49
120 307 26
120 342 88
120 361 9
120 504 72
120 283 96
120 489 76
120 352 64
120 476 49
121 361 17
121 304 13
121 530 83
121 302 46
121 498 19
121 510 68
121 450 82
121 400 96
121 364 59
121 508 67
121 430 86
121 549 96
122 289 17
122 546 73
122 395 2
122 439 31
122 406 7
122 386 94
123 328 21
123 367 58
123 382 44
123 489 39
123 495 48
123 339 56
123 547 9
123 471 79
123 465 33
123 283 82
124 490 69
124 445 60
125 311 17
125 500 62
125 473 99
125 363 1
125 519 99
125 310 4
125 395 80
125 377 97
125 439 14
125 364 28
125 358 78
126 497 8
126 323 9
126 453 62
126 333 75
126 510 88
126 372 32
126 335 52
126 315 87
126 501 78
126 431 66
126 378 2
126 286 55
126 467 7
127 464 5
127 508 77
127 402 64
127 300 27
127 386 38
127 543 40
127 329 35
127 366 99
127 530 27
127 326 98
127 432 51
128 498 25
128 555 96
128 507 17
128 408 74
128 419 98
128 367 50
128 333 9
128 431 81
128 295 92
129 365 79
129 401 37
129 393 31
129 457 85
129 375 81
129 351 20
129 497 48
129 470 80
129 474 95
129 334 91
129 381 94
129 496 16
129 434 7
130 346 93
130 537 96
130 355 23
131 559 39
131 369 54
131 367 60
131 466 74
131 505 93
131 461 78
131 381 81
131 510 11
131 488 12
131 535 51
131 431 92
131 417 16
132 451 78
132 558 89
132 319 28
132 464 58
133 289 21
133 451 62
133 542 28
133 434 67
133 343 46
133 417 79
133 380 45
133 339 18
133 284 91
133 403 54
133 469 5
133 344 35
133 447 4
133 295 36
133 379 18
134 490 3
134 430 20
134 464 51
134 461 59
134 497 95
134 358 48
134 429 7
134 428 99
134 527 1
135 388 55
135 482 21
135 319 74
136 441 31
136 283 28
136 446 33
137 348 3
137 350 7
137 300 63
137 500 37
137 306 95
137 332 44
137 408 66
137 404 29
137 380 76
137 390 60
137 301 9
137 473 42
137 549 82
137 356 39
138 473 74
138 525 47
138 410 7
139 286 75
139 343 33
139 495 89
139 304 95
139 396 28
139 471 30
139 305 33
139 311 10
140 303 14
140 520 62
140 527 27
140 468 13
140 463 26
140 467 6
140 511 15
140 311 90
140 419 59
140 555 52
141 414 98
141 336 71
141 375 67
141 543 41
141 321 74
141 409 37
142 314 90
142 444 75
142 411 98
143 314 87
143 428 6
143 443 24
143 484 61
143 418 26
144 468 9
144 311 15
144 284 98
145 510 97
145 384 38
146 428 37
146 397 75
146 293 76
146 364 31
146 410 27
146 291 81
146 336 81
146 535 39
147 289 17
148 532 50
148 517 55
148 547 94
148 552 52
148 417 24
148 533 86
148 562 76
148 300 75
148 457 39
148 436 35
148 496 59
148 323 52
148 302 6
149 376 52
149 547 31
149 516 45
149 526 5
149 405 90
149 394 2
149 390 1
149 556 4
149 401 12
149 458 7
149 294 18
149 326 53
149 537 23
149 469 77
149 435 22
150 396 41
150 310 41
150 422 60
150 493 92
151 465 97
151 346 73
151 481 25
151 458 44
151 316 93
151 305 54
151 493 99
151 491 74
151 553 50
151 497 34
151 357 75
151 555 64
151 381 39
152 308 85
152 385 31
153 446 23
154 407 45
154 541 85
154 399 23
154 371 90
154 540 80
154 374 39
154 560 13
154 376 39
154 429 48
154 382 77
155 468 99
155 466 1
155 373 10
156 475 55
156 484 34
157 351 97
157 371 74
158 462 67
158 347 55
158 413 32
158 526 28
158 502 87
159 439 52
159 434 50
159 410 90
160 388 27
160 429 51
160 527 70
160 369 36
160 539 42
160 348 79
160 506 67
160 367 91
160 320 54
160 494 76
160 346 55
160 392 19
160 513 69
161 455 12
161 465 59
162 406 60
162 389 85
162 350 95
162 504 16
163 371 55
163 510 99
163 477 64
163 551 95
164 320 99
164 321 77
164 404 89
164 506 71
164 302 31
164 410 99
164 499 94
165 504 58
165 287 33
165 340 72
166 510 99
166 376 53
166 549 88
166 333 43
166 441 3
166 398 7
166 519 98
167 497 32
167 330 9
167 435 55
167 372 78
167 311 79
167 303 79
167 470 5
167 448 55
167 354 96
167 439 71
168 344 43
168 362 91
168 411 36
168 468 95
168 328 91
168 481 63
168 553 55
168 326 71
169 297 58
169 555 52
169 516 8
169 460 36
169 292 92
169 561 60
169 443 19
169 538 22
169 520 46
169 306 70
169 494 59
169 394 70
169 522 18
169 370 82
169 477 89
170 451 18
170 314 23
170 477 90
170 563 9
170 505 18
170 333 20
170 531 98
170 348 85
170 427 17
170 560 35
170 330 28
170 381 52
170 473 67
170 503 97
170 417 76
171 354 9
171 538 90
171 449 33
171 507 72
171 379 45
171 539 54
171 363 90
171 315 96
171 425 16
171 496 95
172 331 60
172 509 57
172 313 33
172 387 35
172 557 96
172 499 26
172 478 54
172 442 60
172 449 3
172 358 18
172 328 72
172 324 1
173 306 54
173 451 38
173 315 51
173 296 60
173 513 67
173 344 91
173 348 1
173 299 65
173 453 8
173 324 52
173 322 25
173 549 69
173 485 61
173 534 68
174 476 37
174 515 46
174 445 38
174 420 36
174 291 28
174 405 27
174 483 75
174 403 14
174 397 57
174 456 63
175 447 65
175 559 50
175 344 21
176 378 10
176 309 74
176 496 92
176 486 65
176 484 79
176 493 5
176 506 9
176 350 37
176 367 95
176 364 21
176 431 84
176 476 86
176 442 99
176 468 95
177 402 51
177 355 87
177 529 8
177 303 32
177 531 63
177 498 74
177 478 28
177 472 88
177 316 8
177 406 22
177 387 66
177 330 90
177 483 46
177 404 26
177 458 40
178 353 80
178 520 87
178 486 95
178 511 18
178 295 71
178 335 91
178 563 91
178 333 16
178 530 87
178 534 46
179 360 65
179 339 53
179 424 32
179 493 42
179 324 25
179 500 54
179 406 50
179 337 28
179 548 32
180 539 24
180 378 27
180 317 49
180 464 31
180 402 2
180 463 76
180 362 92
180 379 21
180 445 66
180 306 71
180 510 98
181 467 88
181 360 58
181 520 83
181 521 96
181 522 15
181 543 33
181 349 89
181 356 68
181 479 29
181 337 4
181 561 59
182 400 71
182 415 21
182 456 86
183 346 98
183 395 22
183 359 96
183 350 46
183 475 83
183 544 67
183 379 17
183 425 63
183 451 14
183 329 2
183 458 14
184 484 31
184 518 57
184 367 94
184 511 42
184 503 78
184 451 70
184 437 26
184 346 45
184 537 88
185 542 58
185 428 8
185 552 70
185 474 35
185 286 28
186 381 91
186 548 65
186 346 81
186 551 98
186 289 28
186 449 65
186 316 55
186 333 29
186 512 45
186 442 4
186 563 54
187 546 96
187 378 75
187 352 83
187 475 4
187 368 81
187 477 25
187 436 44
187 526 81
187 534 83
187 333 83
187 395 76
188 543 94
188 393 27
188 504 51
188 417 33
188 496 34
188 363 27
188 283 33
188 540 28
188 459 91
188 326 52
188 468 61
188 547 18
189 430 91
189 317 3
189 484 36
189 316 64
189 564 86
189 343 37
189 452 59
189 514 3
189 365 12
189 442 91
189 298 87
190 342 81
190 357 95
190 320 43
190 325 41
191 331 7
191 436 33
191 398 63
191 291 88
191 461 52
191 510 44
191 337 16
191 481 70
191 298 54
191 362 48
191 563 94
191 512 31
191 369 28
192 448 95
192 493 17
192 461 13
193 402 3
193 324 36
193 500 57
194 335 91
194 344 1
194 312 46
195 345 61
195 527 58
196 436 45
196 288 24
196 527 81
196 498 64
197 560 4
197 314 40
197 432 69
197 463 38
197 533 91
197 372 85
197 429 26
197 400 95
197 548 28
197 545 63
197 454 9
197 284 74
198 414 75
198 421 33
198 446 82
198 310 16
198 483 91
198 283 6
199 561 32
200 336 7
200 543 95
200 434 78
200 448 84
200 375 46
200 414 38
201 356 51
201 319 40
201 296 61
201 424 71
201 339 5
201 417 43
201 343 28
201 562 63
202 312 51
202 459 66
202 383 14
202 350 79
202 354 57
203 310 40
203 314 42
203 519 70
203 396 22
203 493 84
203 555 39
203 543 27
203 326 83
203 498 17
203 495 68
204 495 64
204 378 45
204 484 67
204 382 40
204 489 92
204 337 74
204 550 69
204 404 25
204 472 55
204 418 23
204 552 1
204 419 40
204 334 45
204 562 64
204 360 24
205 513 24
205 453 20
205 388 80
205 478 11
205 494 25
205 313 66
205 447 68
205 516 37
205 402 35
206 543 65
206 485 89
206 436 36
206 378 74
206 557 94
206 363 45
206 494 20
206 340 54
206 486 35
206 530 72
206 360 97
206 545 27
207 405 37
207 397 4
207 511 36
207 446 89
207 319 82
207 322 41
208 467 59
208 398 56
208 415 56
208 389 99
208 312 96
208 438 7
208 392 97
208 299 61
208 352 20
208 465 46
209 533 73
209 545 92
209 560 2
209 358 95
209 347 8
209 532 33
209 376 74
209 425 3
209 472 38
209 489 95
209 559 31
209 359 11
210 370 4
210 533 46
210 348 6
210 548 73
210 363 67
210 547 97
211 410 86
211 476 17
211 506 45
211 308 21
211 428 42
211 353 26
211 330 10
211 348 81
212 536 78
212 478 65
212 552 93
212 304 30
212 316 76
212 391 34
212 564 26
213 329 73
213 333 81
213 544 43
213 353 70
213 458 2
213 415 19
214 473 5
214 322 29
214 303 33
214 302 51
214 344 87
214 373 11
214 408 49
214 500 53
214 370 11
214 316 93
214 368 23
214 340 40
214 321 1
214 534 74
215 559 3
215 485 1
215 310 52
215 306 50
215 501 76
215 294 86
215 289 27
215 337 55
215 361 10
215 543 10
215 533 8
215 520 19
216 313 96
216 285 84
216 360 30
216 516 64
216 343 63
216 535 4
216 399 65
216 388 78
216 332 82
216 310 88
216 287 13
216 312 69
217 542 55
217 465 16
217 552 61
217 512 28
217 334 67
217 526 71
217 423 70
218 338 90
218 342 76
218 326 60
218 434 24
218 479 73
218 524 30
218 467 92
219 506 94
219 323 16
219 376 91
219 417 49
219 471 20
219 469 24
219 367 44
219 521 68
219 562 14
219 351 64
219 418 23
219 390 46
219 509 31
219 457 20
220 559 74
220 374 22
221 388 92
221 350 15
222 492 88
222 289 82
222 379 94
222 386 60
222 540 26
222 508 99
222 317 87
223 429 38
223 293 39
223 497 18
223 403 43
223 391 37
224 475 61
224 459 57
224 503 35
224 356 71
224 381 10
224 314 50
224 378 86
224 337 33
224 457 69
224 287 88
224 291 26
224 393 86
224 449 3
224 303 96
224 440 5
225 491 22
225 361 41
225 482 51
225 375 16
225 395 54
225 369 67
226 367 9
226 494 84
226 423 47
227 335 97
227 415 34
227 341 89
227 485 92
227 551 62
227 401 81
227 470 84
227 395 26
227 383 25
227 435 76
227 525 4
228 319 66
229 438 12
229 397 60
230 378 11
230 429 25
230 342 35
230 296 59
230 489 46
231 367 99
231 418 56
231 486 8
232 439 58
233 421 30
233 419 94
233 426 66
233 522 97
233 391 88
233 326 2
234 399 89
234 367 69
234 305 52
234 557 72
234 544 87
234 473 73
234 339 75
234 517 60
234 530 94
234 354 71
234 446 87
235 522 5
235 537 1
235 511 62
235 553 26
236 363 93
236 473 38
236 410 10
236 374 81
237 350 40
237 347 90
237 385 19
237 313 8
237 289 63
237 527 84
237 298 91
237 381 89
237 332 75
237 492 60
237 557 97
237 517 95
237 562 84
237 290 96
238 437 25
238 363 36
238 388 7
238 433 51
239 401 93
239 346 25
239 323 86
239 523 35
239 482 65
240 475 41
240 430 88
240 362 58
240 441 95
240 483 56
240 480 46
240 395 32
240 425 36
241 522 56
242 513 56
242 466 16
242 376 48
242 502 11
242 432 70
242 304 61
242 518 88
242 348 88
242 287 95
242 539 83
243 480 99
243 475 1
243 283 96
243 367 75
243 542 4
243 285 9
243 420 76
243 286 26
243 307 19
243 427 42
243 395 45
243 437 85
244 432 94
244 302 5
244 455 26
245 360 77
246 419 20
246 556 5
246 398 88
246 547 36
246 414 44
246 487 44
246 339 24
247 533 42
247 324 40
247 369 68
247 458 48
247 477 14
247 441 65
247 536 45
247 514 63
247 451 6
248 398 29
248 502 4
248 392 36
248 288 65
248 295 44
248 497 14
248 310 55
248 400 87
248 311 80
249 352 21
249 413 13
249 414 94
250 553 12
250 447 71
250 403 22
250 511 44
250 364 85
250 493 93
250 434 42
250 445 83
250 486 99
250 416 60
250 451 40
250 526 56
250 503 76
251 483 55
251 561 36
251 363 36
251 482 60
251 415 62
251 297 60
251 457 74
251 422 79
251 295 39
251 414 57
251 543 91
251 465 69
251 519 61
251 296 33
252 297 6
252 364 50
252 403 2
252 475 56
252 424 23
252 470 31
252 312 30
252 321 30
252 308 68
252 432 47
253 289 5
253 518 29
253 298 72
253 540 3
253 401 79
253 334 6
253 559 68
253 341 63
253 482 79
253 315 88
253 525 89
253 434 78
253 562 19
254 335 27
254 413 18
254 434 60
254 553 39
254 533 16
254 463 72
254 538 15
255 552 30
255 471 74
255 335 24
255 330 60
255 334 36
255 361 34
255 346 98
255 453 5
256 338 17
256 332 26
256 458 47
256 291 25
256 504 67
256 407 88
256 320 56
256 296 34
256 492 88
256 471 71
256 461 1
256 378 34
256 426 88
257 495 28
257 406 89
257 358 72
258 339 44
258 442 28
258 333 32
258 534 74
259 432 38
259 531 62
259 391 91
259 488 14
259 353 58
259 564 54
259 481 17
259 559 30
259 311 5
259 357 13
259 470 66
259 384 46
259 387 8
259 395 64
260 397 47
261 324 54
261 557 42
261 360 65
261 325 11
261 409 30
261 417 70
261 404 83
261 489 72
261 540 68
261 554 16
261 289 39
261 293 26
261 472 3
261 564 85
262 473 52
262 423 16
262 538 9
262 298 2
262 396 24
263 492 66
263 555 55
263 466 34
263 349 33
263 351 66
263 431 13
263 393 72
263 302 27
263 531 30
263 541 75
263 333 5
263 328 55
264 298 26
264 541 25
264 471 81
264 390 35
264 405 31
265 366 78
265 429 17
265 307 2
265 491 4
265 553 54
265 301 90
265 449 23
265 471 98
265 303 20
265 478 29
265 533 15
265 422 45
265 555 53
265 284 96
266 397 58
266 285 44
267 540 83
267 340 97
267 551 92
267 294 20
267 469 9
267 292 98
267 296 98
267 520 58
267 530 44
267 396 54
268 387 96
268 284 64
268 316 60
268 415 13
268 324 2
268 312 21
268 361 50
268 467 22
268 346 38
268 478 91
268 331 1
268 466 21
268 525 13
268 372 64
268 389 12
269 401 35
269 343 47
269 326 84
269 327 58
269 466 81
269 538 77
269 295 79
269 414 46
269 347 12
269 552 43
269 355 28
269 525 89
269 298 16
269 478 22
269 315 80
270 335 19
270 487 43
270 481 59
271 500 1
271 289 93
271 513 59
271 536 38
271 517 7
271 494 28
271 504 93
271 545 94
271 492 31
271 438 59
271 308 66
272 362 43
272 294 63
272 459 85
272 460 28
272 486 9
272 352 74
272 365 51
272 413 15
272 554 1
272 466 63
272 351 77
273 522 18
273 401 18
273 452 49
274 445 70
274 561 74
274 414 32
274 321 35
274 456 1
274 478 57
274 345 73
274 394 58
275 355 61
275 374 13
275 536 71
275 317 52
275 314 96
275 487 41
276 527 57
276 433 64
276 445 86
276 287 46
276 302 20
276 419 79
276 413 68
276 548 79
276 404 42
276 350 62
276 487 7
277 503 47
277 460 29
278 399 5
279 354 42
279 382 96
279 495 23
280 552 75
280 312 42
281 513 88
281 347 37
281 349 53
281 414 61
281 543 60
281 393 31
281 378 2
281 522 93
281 544 84
282 374 3
282 371 72
282 521 56
282 448 57
282 413 78
282 309 11
282 431 57
282 430 37
282 481 76
