874 3403
1 681 31
1 753 49
1 754 72
1 525 38
1 565 66
2 635 22
2 483 86
2 712 52
2 664 45
2 708 54
2 567 46
2 520 27
2 484 46
2 848 80
2 551 76
2 652 21
2 650 99
2 557 92
2 819 45
3 451 62
3 669 7
3 471 54
3 525 68
3 578 26
3 522 10
3 599 94
3 789 11
4 808 11
4 570 72
4 585 65
4 554 36
4 523 37
5 458 50
5 463 92
5 658 16
5 726 72
5 833 96
5 619 62
6 860 26
7 711 2
7 750 45
7 706 57
7 546 49
7 803 34
7 705 17
7 845 83
8 638 36
8 468 89
8 740 37
8 523 70
8 492 53
8 477 53
8 714 16
8 551 6
8 759 50
9 527 77
9 775 80
9 871 47
9 857 28
9 841 71
9 836 12
9 682 75
9 530 79
9 626 80
9 867 19
9 705 10
9 861 77
9 468 54
10 684 64
11 688 5
11 702 24
11 690 38
11 490 66
11 861 44
11 744 18
11 838 50
11 751 5
11 821 34
11 524 9
12 519 26
12 841 58
12 860 21
12 818 74
12 612 2
12 511 13
12 696 82
12 788 22
13 639 44
13 729 42
13 784 38
14 739 91
14 711 50
14 516 34
14 853 54
14 863 89
14 652 69
14 874 77
14 730 69
14 713 16
14 657 8
14 663 7
15 736 82
16 811 25
16 658 32
16 558 46
16 474 16
16 754 86
16 617 71
16 600 88
16 563 99
16 641 73
17 531 46
17 787 38
18 533 2
18 599 13
18 508 90
18 834 2
18 792 77
18 820 68
18 625 36
18 587 88
19 860 33
19 763 12
19 606 26
19 524 13
19 802 74
19 680 4
19 622 12
19 634 54
20 751 48
20 679 72
20 759 35
20 568 19
20 586 2
20 519 20
20 692 76
20 467 96
20 565 42
20 576 56
20 585 96
20 749 95
20 804 50
21 740 55
21 665 42
21 635 65
21 552 46
21 586 13
21 704 32
21 532 41
21 790 99
21 519 68
21 661 99
21 866 2
21 826 80
22 742 19
22 668 73
22 689 71
22 795 98
22 816 20
22 444 71
22 555 12
22 654 74
23 762 17
23 840 41
23 451 28
23 864 38
24 762 28
24 692 36
24 486 82
24 440 37
24 791 94
25 868 59
25 741 22
26 605 71
26 566 40
26 473 38
26 805 78
26 711 69
26 835 61
26 598 67
26 536 62
26 576 71
26 634 71
26 724 55
27 674 79
27 750 72
27 656 34
27 643 39
27 742 83
27 687 46
27 553 5
27 632 97
27 778 22
27 669 84
27 538 84
27 596 22
27 562 34
27 645 15
28 470 15
28 659 27
28 513 18
28 770 76
29 438 50
29 808 4
29 522 5
29 666 9
29 780 78
29 514 30
29 719 40
29 693 81
29 822 95
30 701 3
30 691 38
30 577 53
30 629 10
30 525 41
30 817 4
30 705 61
30 672 61
31 681 55
31 752 4
32 830 89
32 810 53
32 465 37
32 751 33
33 504 97
33 738 38
33 565 37
33 751 86
33 501 19
33 739 5
33 486 63
33 824 54
33 741 34
34 864 49
34 737 85
34 666 22
34 842 67
34 735 51
34 684 70
34 552 93
34 843 5
35 456 98
35 807 2
35 557 50
35 593 3
35 640 59
35 861 69
35 464 75
35 526 44
35 798 18
35 765 72
36 587 53
36 639 60
36 466 24
36 707 29
36 652 23
36 830 13
36 695 71
36 787 7
36 637 71
36 827 42
36 529 43
36 679 22
36 659 76
36 588 32
36 715 48
37 695 4
37 713 4
37 455 24
37 738 20
37 716 37
37 841 11
37 618 90
37 733 61
37 748 99
37 822 90
37 582 51
37 799 86
37 765 31
38 650 38
38 562 68
39 763 62
39 516 43
39 663 2
40 833 33
40 627 10
40 779 94
40 864 11
40 639 20
40 644 62
40 769 9
40 802 96
40 565 44
40 772 99
41 800 52
42 643 61
42 688 77
43 465 26
43 574 19
43 620 54
43 459 56
43 608 65
43 834 51
43 705 24
43 686 81
43 770 61
43 460 63
43 599 99
43 615 24
44 620 39
44 771 72
44 510 27
44 489 41
44 539 69
44 737 4
44 523 79
44 550 1
44 748 21
44 514 44
44 635 23
44 723 54
44 805 93
44 621 84
45 577 61
45 874 12
46 707 41
46 837 66
46 656 91
46 468 9
46 626 39
46 770 14
46 642 26
46 537 68
46 874 76
46 796 82
47 531 4
47 617 12
47 482 19
47 592 20
48 820 71
48 438 47
48 807 95
48 748 86
48 825 81
48 781 90
48 602 81
48 668 55
48 592 75
48 497 96
48 860 73
48 610 60
48 678 57
48 650 82
49 546 95
49 771 1
49 622 62
49 767 81
49 653 89
49 589 13
49 583 41
50 722 95
50 439 72
50 737 90
50 601 85
50 457 26
50 655 47
50 771 59
51 569 65
51 844 86
51 676 99
51 487 68
51 644 81
51 563 1
52 800 73
52 673 75
52 863 59
52 751 8
52 566 4
52 785 71
52 469 30
52 734 85
52 661 91
52 578 94
52 859 36
52 635 78
53 590 56
53 813 44
53 651 72
53 668 75
53 730 21
53 631 22
53 463 22
53 824 7
53 481 79
53 438 76
53 648 75
53 812 5
53 600 2
53 708 56
53 479 44
54 849 23
54 607 90
54 777 88
54 646 96
54 735 6
54 841 78
54 855 56
54 633 9
54 713 21
54 454 42
55 690 55
55 580 78
55 514 19
55 461 83
55 472 56
55 457 4
55 776 77
55 874 55
55 630 7
56 631 69
57 537 4
58 756 87
58 672 89
58 652 66
58 814 77
58 841 46
58 514 75
58 865 22
58 463 97
58 686 1
58 846 54
58 520 6
58 863 47
58 573 28
59 833 8
59 455 94
59 830 4
59 714 98
59 802 30
59 647 99
59 682 99
60 851 35
60 614 52
60 792 34
60 699 65
60 708 44
60 723 3
60 516 24
60 842 24
60 850 72
60 764 97
60 546 49
60 797 94
60 523 86
60 620 40
61 773 36
61 487 1
61 627 22
61 700 19
61 555 59
61 702 4
61 489 35
61 827 12
61 468 20
61 640 87
61 689 49
61 672 31
61 613 91
61 490 76
61 791 61
62 764 1
62 568 78
62 789 25
63 476 7
63 460 70
63 579 69
63 680 35
63 822 56
63 719 1
63 870 34
63 630 44
64 651 52
64 538 98
64 474 25
64 494 4
64 664 6
64 613 11
64 822 61
64 565 87
64 577 71
64 800 93
65 761 81
65 496 80
65 457 71
65 489 96
65 777 64
65 789 23
65 680 32
66 666 47
66 608 17
66 799 14
66 817 12
66 751 48
66 783 62
66 821 72
66 558 19
67 858 24
67 494 88
67 634 17
67 588 71
67 864 1
68 576 45
69 565 21
69 783 85
69 816 15
69 441 51
69 649 37
69 771 87
69 689 17
69 573 82
69 520 38
69 661 69
69 528 5
69 482 5
69 804 67
69 811 19
69 825 98
70 859 54
70 804 11
70 726 6
70 531 46
71 755 4
71 667 10
71 702 84
71 832 20
71 594 33
71 743 5
71 465 36
72 507 52
72 744 84
72 468 81
72 638 23
72 793 45
72 806 16
73 714 71
73 662 49
73 834 61
73 466 94
73 566 56
73 615 45
73 701 28
73 598 36
73 468 16
73 563 64
73 491 78
73 557 44
74 490 7
74 442 43
74 658 95
74 607 54
74 482 21
74 691 70
74 684 78
74 554 12
74 552 26
75 492 97
75 465 36
76 837 36
76 450 65
76 791 82
76 497 47
76 718 2
76 449 35
76 443 32
76 491 2
77 634 16
77 845 25
77 698 88
77 840 34
77 439 19
77 492 58
77 507 4
77 672 97
77 706 65
78 624 77
78 655 11
78 558 87
78 502 45
79 736 7
79 594 75
79 539 26
80 655 61
80 600 40
80 616 98
80 780 63
80 439 11
81 653 45
81 688 34
81 681 90
81 845 74
81 719 13
81 479 25
81 551 30
81 630 73
81 668 98
81 682 26
81 783 1
82 689 83
82 629 63
82 485 62
83 652 20
83 826 18
83 715 10
83 444 76
83 716 96
83 823 17
83 706 73
83 636 13
83 562 34
83 785 15
83 758 10
84 534 91
84 456 29
84 502 89
84 697 57
84 499 85
84 661 61
84 679 36
84 701 68
84 862 90
85 510 70
85 462 91
85 765 98
86 710 59
86 827 7
86 514 33
86 724 74
86 805 24
86 608 67
86 719 52
86 838 10
86 828 5
87 772 81
87 811 44
87 740 56
87 850 8
87 647 52
87 595 64
88 668 3
88 794 47
88 572 37
88 664 32
88 623 1
89 455 75
89 466 64
89 825 21
90 491 95
90 665 40
90 764 17
90 642 13
90 857 65
90 826 65
90 565 15
90 871 73
91 485 92
91 498 29
91 827 20
91 541 50
91 689 70
91 492 63
91 548 43
91 536 49
91 602 46
92 814 81
92 726 5
92 492 6
92 704 11
92 804 85
92 716 34
92 543 49
92 630 34
92 468 97
92 524 34
93 497 22
93 696 53
93 855 38
93 824 91
93 665 23
93 611 95
93 502 85
93 831 38
93 789 34
93 859 7
93 612 54
94 838 86
94 547 45
94 509 89
94 716 9
94 690 52
94 757 27
94 609 88
94 512 2
94 863 93
94 727 40
94 615 5
94 448 87
94 808 86
94 874 19
94 836 70
95 800 59
95 751 11
95 633 11
95 534 6
95 784 68
95 817 79
95 863 68
95 677 31
95 847 93
95 592 20
95 461 54
95 756 38
95 484 96
95 579 55
96 741 85
96 639 26
96 747 9
96 529 43
96 594 91
96 733 95
96 438 60
96 727 16
96 748 3
97 449 33
97 752 8
97 644 60
97 518 32
97 844 4
97 454 94
97 666 18
97 650 66
97 542 52
97 468 72
97 475 52
98 515 36
98 507 75
98 459 27
98 559 29
98 706 39
98 744 75
98 536 19
98 733 14
99 466 96
99 721 88
99 477 98
99 749 89
99 684 92
99 498 47
99 782 9
99 679 15
99 538 96
99 799 45
100 760 94
101 773 23
101 502 11
101 656 43
101 596 8
101 440 78
101 576 98
101 670 8
101 544 47
101 817 64
102 650 37
102 515 75
102 562 53
102 677 2
103 473 65
103 465 44
103 569 20
104 452 10
104 444 98
104 858 79
104 468 4
104 604 17
104 643 76
104 598 46
105 758 20
105 846 14
105 441 34
105 544 18
105 451 68
105 778 85
105 715 95
105 609 80
105 831 21
105 777 21
105 548 57
105 741 49
105 835 41
105 501 92
106 524 67
106 610 49
106 702 30
106 672 32
106 560 28
106 696 55
106 712 77
107 511 21
107 667 35
107 708 96
107 745 24
107 669 48
107 789 28
107 471 98
107 490 16
108 717 17
108 621 42
108 786 78
108 573 47
108 813 65
108 442 24
108 636 94
108 612 44
108 722 80
108 506 39
108 551 62
108 570 68
108 791 57
108 703 55
109 825 33
109 697 45
109 772 16
109 732 3
109 777 27
109 846 43
109 476 50
109 571 50
110 639 71
110 804 88
111 617 21
111 470 68
111 483 98
111 694 78
111 797 37
111 725 94
111 595 21
111 461 58
111 651 96
111 590 64
111 486 5
112 606 79
112 503 78
112 498 3
112 712 76
112 627 69
112 599 73
113 594 5
113 839 50
113 477 93
114 846 66
114 455 87
114 613 20
114 587 66
114 855 3
114 679 52
114 487 8
114 740 45
114 808 1
114 446 56
114 566 66
114 457 67
114 579 70
115 687 90
115 628 26
115 720 96
115 634 25
115 679 16
115 454 8
115 673 86
115 648 18
115 624 5
116 711 71
116 786 93
116 638 50
116 819 54
116 759 66
117 647 14
117 786 27
117 577 57
117 550 69
117 512 45
118 622 99
118 575 78
118 614 23
118 657 34
118 602 49
118 725 33
118 553 76
118 576 84
118 478 86
119 793 75
119 474 57
120 846 41
120 665 97
120 835 37
120 597 10
120 460 88
120 559 77
120 636 79
120 706 45
120 487 57
120 751 97
120 507 64
120 479 75
120 542 62
121 679 16
121 674 27
121 654 16
121 754 49
121 467 85
121 601 94
121 449 19
121 444 44
121 583 86
121 457 22
121 460 67
121 727 91
121 822 68
121 532 91
121 485 48
122 665 91
122 868 40
122 601 23
123 787 99
124 687 42
124 627 47
124 555 30
124 866 95
124 750 13
124 844 45
124 572 78
124 698 36
124 545 47
124 615 13
124 497 13
124 744 48
125 777 36
125 699 4
125 604 60
125 764 18
125 747 23
125 803 18
125 840 27
125 520 99
125 816 91
125 574 57
125 608 13
126 541 54
126 658 76
126 838 70
126 524 18
126 514 20
126 752 85
127 505 32
127 777 53
127 861 17
127 464 74
128 475 64
128 726 33
128 479 15
128 746 85
128 759 31
128 787 3
128 720 5
129 516 8
129 658 59
129 583 71
129 700 31
129 498 73
129 541 73
129 728 32
129 514 88
130 694 8
130 745 74
130 490 26
130 821 74
130 692 13
130 647 24
130 624 8
130 609 85
130 612 34
130 469 76
130 737 19
130 834 43
130 676 27
130 846 59
131 672 51
131 842 16
131 726 59
131 459 96
131 761 73
131 531 71
131 635 70
131 467 46
131 729 32
131 816 91
131 533 15
131 758 23
131 513 91
132 463 33
132 847 86
132 462 81
132 558 81
133 554 4
133 849 39
133 691 30
134 516 12
134 730 12
134 574 7
134 584 79
134 755 4
134 857 51
134 707 56
134 714 48
135 667 80
135 466 10
135 530 13
135 689 60
135 707 77
135 627 49
135 728 8
135 496 56
135 716 72
136 443 77
136 597 99
136 763 60
136 548 19
136 472 62
136 587 42
136 496 35
137 810 59
137 556 90
137 762 32
137 674 75
137 697 98
137 589 52
137 506 95
137 817 16
137 469 5
137 832 97
138 586 47
138 746 39
139 693 9
139 510 80
139 721 92
139 547 23
140 595 16
140 630 22
140 709 65
140 704 22
140 463 78
140 712 55
140 650 46
140 685 43
140 498 25
140 628 30
140 620 10
140 540 4
140 872 4
141 582 79
141 772 12
141 596 50
141 798 70
141 867 71
141 643 20
141 816 14
141 621 19
141 764 81
142 771 49
142 444 28
142 568 15
142 764 97
142 779 56
143 702 79
143 799 2
143 654 69
143 775 47
143 521 91
143 538 84
143 727 76
143 736 44
143 837 96
144 778 97
144 445 20
145 724 56
145 730 5
145 492 45
145 763 88
145 602 50
145 649 69
145 534 42
146 728 91
146 779 12
146 867 25
146 849 86
146 741 96
146 551 69
147 457 37
147 582 61
147 760 79
147 789 5
147 594 35
147 811 72
147 792 37
147 616 8
147 656 81
147 796 99
147 499 66
147 671 41
147 743 56
148 468 83
148 596 19
148 475 19
149 574 28
149 747 35
149 478 15
149 827 52
149 679 50
149 600 16
149 560 15
150 543 69
150 848 30
150 457 31
150 662 80
150 801 85
150 654 24
150 862 85
150 794 31
150 717 93
151 599 6
151 864 99
151 726 10
151 691 30
151 806 6
151 552 72
151 710 10
151 842 24
151 540 60
152 666 13
152 524 75
152 698 6
152 621 78
152 829 48
152 672 94
152 604 86
152 679 24
152 766 73
152 504 84
152 777 90
152 597 71
152 667 44
152 786 19
152 706 22
153 596 47
153 869 11
153 719 74
153 683 4
153 823 92
153 657 51
153 650 84
153 871 96
153 486 68
153 762 73
153 757 36
153 815 56
153 801 73
154 712 89
154 497 13
154 581 55
154 454 25
154 456 90
155 711 92
155 707 38
155 566 41
155 488 9
155 621 90
155 466 82
156 790 36
156 439 94
156 634 62
156 814 50
156 860 1
156 862 40
156 831 22
156 716 61
157 696 80
157 607 87
157 717 82
157 741 94
157 486 97
157 624 6
157 781 32
157 784 9
157 722 29
157 738 79
157 840 37
157 825 6
157 503 12
157 538 38
157 523 13
158 687 34
158 668 60
158 759 29
158 599 65
158 741 80
158 669 52
158 500 80
158 795 81
158 444 38
158 734 21
158 870 92
158 726 68
159 772 97
159 828 89
159 845 34
159 712 95
159 739 29
159 675 51
159 848 75
159 612 75
159 590 85
159 539 7
159 525 18
159 800 58
159 656 20
159 640 59
160 500 83
160 700 10
160 724 62
160 776 71
160 549 84
160 481 71
160 610 98
160 631 82
160 509 28
160 554 90
160 544 72
161 545 75
162 735 41
162 626 9
162 628 1
162 493 7
162 836 44
162 824 74
162 785 6
162 869 38
162 550 35
162 639 20
162 737 94
162 549 83
162 596 9
163 567 54
163 672 36
163 674 62
163 522 27
164 617 28
165 619 42
165 447 71
165 532 46
165 615 22
165 779 68
165 599 70
165 634 19
165 774 67
165 595 36
165 633 21
165 648 70
166 690 16
166 729 61
166 787 43
166 771 23
166 745 53
166 695 11
166 691 66
166 847 75
166 506 78
166 588 62
166 523 44
167 874 53
167 760 81
168 502 25
168 711 64
168 755 16
169 874 78
170 501 62
170 553 31
170 616 35
170 534 36
170 753 55
170 494 1
170 662 48
170 588 1
170 533 30
170 829 19
170 443 40
170 526 30
170 683 87
171 680 77
171 654 39
171 775 84
171 803 68
171 701 19
171 650 59
171 644 51
171 664 61
171 469 56
171 799 44
171 493 69
171 615 87
172 524 48
173 500 65
173 715 98
173 611 19
173 649 64
173 812 97
174 614 5
174 608 55
174 675 41
174 867 5
174 638 6
174 466 86
174 697 34
175 633 60
175 518 60
175 825 95
175 628 22
175 854 24
175 707 91
175 722 27
175 810 46
175 826 91
175 662 84
175 597 5
175 711 68
175 522 14
175 692 6
176 575 5
176 475 64
177 455 18
177 470 7
177 552 86
177 707 65
177 752 49
178 591 8
178 504 35
178 483 50
178 538 82
178 811 65
178 501 22
178 621 35
178 822 74
178 691 47
178 710 72
178 719 33
179 862 98
179 477 34
179 691 59
179 722 98
180 763 56
180 853 39
180 862 32
180 653 52
180 790 43
181 791 41
181 634 57
181 729 80
181 601 93
182 679 50
182 815 50
182 519 91
182 686 1
182 510 91
182 757 24
182 700 98
182 641 19
182 677 21
182 710 85
182 453 53
182 569 25
183 649 45
183 458 40
184 848 58
184 810 69
184 588 91
184 872 72
184 759 44
184 608 12
184 781 71
184 663 70
184 728 79
185 530 47
185 676 6
185 850 8
185 567 78
185 778 74
185 520 35
185 775 23
185 730 8
185 581 50
185 751 55
185 628 56
185 471 33
186 542 16
186 651 31
187 482 35
187 729 82
188 721 24
188 821 74
188 441 15
188 770 77
188 716 49
188 817 6
188 699 74
188 578 11
188 603 99
188 444 74
188 508 82
189 730 52
189 832 69
190 664 13
190 462 68
190 666 23
190 548 79
190 806 71
190 807 45
190 669 94
191 506 83
191 582 45
191 496 24
191 815 84
191 776 98
191 483 78
191 658 3
192 563 70
192 490 89
192 790 7
192 445 43
192 819 39
192 526 56
192 780 89
192 571 21
192 624 38
192 517 57
193 609 93
193 723 31
193 510 41
193 717 32
193 773 97
193 513 79
193 726 1
193 752 52
193 626 70
193 696 39
193 809 37
193 797 86
193 815 34
194 635 54
194 810 45
195 658 85
195 440 40
195 797 98
195 532 78
195 819 50
195 611 31
195 820 78
196 814 71
196 825 4
196 675 4
196 575 22
196 557 92
196 533 32
196 799 43
196 727 95
196 866 79
196 497 92
196 775 31
196 871 65
196 740 86
196 598 40
196 739 5
197 606 63
197 470 86
198 629 65
199 850 24
199 830 32
199 622 28
199 591 39
199 592 66
200 622 84
200 594 55
200 721 53
200 665 98
200 550 53
200 564 16
200 735 90
200 833 42
200 563 87
200 488 27
200 614 15
200 507 60
200 601 38
201 508 28
202 867 75
202 734 87
202 813 69
202 761 9
202 497 75
202 575 59
202 746 44
202 801 55
202 787 68
202 598 67
202 629 5
202 727 81
202 839 77
202 869 12
203 859 14
203 839 27
204 615 98
204 570 51
204 582 32
204 707 37
204 663 20
204 744 66
204 442 39
205 613 33
205 438 90
205 866 79
205 837 88
205 723 51
205 619 44
205 496 39
206 837 71
207 653 79
207 706 66
207 728 35
207 484 11
207 722 77
207 795 55
207 753 23
207 826 53
207 810 80
207 445 22
207 869 29
207 568 87
208 630 85
208 543 93
208 856 72
208 707 39
208 812 79
208 679 29
208 598 60
208 508 28
208 506 64
208 756 29
208 732 1
208 836 8
208 746 10
208 810 48
208 824 36
209 447 19
209 668 95
209 812 70
209 470 93
209 603 12
209 643 30
209 570 96
209 766 25
209 568 15
209 722 42
209 662 1
210 712 36
210 809 72
210 872 75
210 646 97
210 483 51
210 441 16
210 673 90
210 732 79
210 742 54
210 786 40
210 559 18
210 660 41
210 677 10
210 691 22
211 825 83
211 871 11
211 522 8
211 851 51
211 859 66
211 803 28
212 800 2
212 652 30
212 494 19
213 706 4
213 861 58
213 847 11
213 528 28
214 527 18
214 454 57
214 644 89
214 671 68
214 572 57
215 523 96
215 791 78
215 743 92
215 575 88
215 530 52
215 445 66
215 536 77
215 547 84
215 589 18
215 667 31
215 786 94
215 497 95
216 769 1
216 483 54
216 746 60
216 677 71
216 463 29
216 636 20
216 446 88
217 589 74
217 821 49
217 609 15
217 686 99
217 760 7
217 652 53
217 646 72
217 469 40
218 471 41
218 458 88
218 450 73
218 504 22
218 786 64
218 606 72
218 546 61
218 722 45
219 507 32
219 702 30
219 542 94
219 779 58
219 744 41
219 795 73
219 802 81
219 664 10
219 633 70
219 531 35
220 651 24
220 618 3
220 473 4
220 563 50
220 538 56
220 809 89
220 845 37
220 571 1
221 645 93
221 667 8
221 764 81
221 516 78
221 820 86
221 634 36
221 765 80
221 485 27
221 554 37
221 858 96
221 752 44
221 638 9
222 627 30
222 567 24
222 619 40
222 553 10
222 684 29
222 515 42
222 689 34
222 758 61
222 533 48
222 457 2
222 688 67
222 867 5
222 727 29
223 761 71
223 840 29
223 851 69
223 635 37
223 849 90
223 834 32
223 503 83
223 714 85
223 812 64
223 464 78
223 833 53
223 547 63
223 467 53
223 755 43
224 654 59
224 455 77
224 696 14
224 866 36
224 780 84
224 819 65
224 860 62
224 562 6
225 757 1
225 442 63
225 550 93
225 648 22
225 649 15
225 702 56
225 828 75
225 782 53
225 780 92
225 599 41
225 589 76
225 444 50
226 663 16
226 871 7
226 562 12
226 727 90
226 681 47
227 725 65
227 842 61
227 660 24
227 441 66
228 681 45
228 774 86
228 670 46
228 608 76
228 736 98
228 517 74
228 816 84
228 855 34
228 727 65
228 742 82
228 530 39
228 829 67
228 827 66
228 504 29
228 601 6
229 442 43
229 640 69
229 561 18
229 594 28
229 833 10
229 644 11
229 537 85
230 700 13
230 741 87
230 491 4
230 576 28
230 770 53
230 711 66
230 800 24
230 534 88
231 564 20
232 750 5
232 470 39
232 658 39
232 483 55
232 700 77
232 657 47
232 608 46
232 591 16
232 687 81
232 571 91
232 479 20
232 609 27
232 661 58
232 518 37
233 720 82
233 639 50
233 536 77
233 721 6
233 464 47
233 475 78
233 674 47
233 441 33
233 783 15
233 869 55
233 678 59
234 453 73
234 816 59
234 871 73
235 701 70
235 537 21
235 726 18
235 603 10
235 659 76
235 594 63
235 736 35
235 811 29
235 662 27
235 490 74
235 725 29
235 533 95
235 658 24
235 569 3
236 495 46
236 443 18
236 865 91
236 598 59
236 872 55
236 592 50
236 537 21
236 804 78
236 513 76
236 467 60
237 489 76
237 673 11
237 854 72
237 524 72
237 576 24
237 745 84
237 575 95
237 527 5
237 783 88
237 562 72
237 667 45
238 499 61
238 483 74
238 675 10
238 784 51
238 677 94
238 859 3
239 782 54
239 562 23
239 737 4
239 635 77
239 620 51
239 516 55
239 462 45
239 656 87
239 873 96
239 672 63
239 601 1
239 607 18
239 650 9
239 574 52
240 543 92
240 500 45
240 832 58
240 576 34
240 789 66
240 854 90
240 833 62
240 569 5
240 661 43
240 579 78
240 703 24
240 718 8
241 553 51
241 634 57
241 682 85
241 735 44
241 819 82
241 563 8
241 560 61
241 625 48
241 626 67
241 476 55
241 671 73
241 445 82
241 551 25
242 576 56
242 729 27
242 619 85
242 830 28
243 463 21
244 814 95
244 613 86
244 827 79
244 538 21
244 508 52
244 845 16
245 868 16
245 514 76
245 493 84
245 792 4
245 673 40
245 533 49
245 540 80
245 676 26
245 865 54
245 741 44
245 662 5
245 525 87
245 452 2
245 596 53
246 461 81
246 598 92
246 568 57
246 675 61
246 765 85
246 695 37
246 714 72
246 480 75
246 624 9
246 687 11
246 693 64
246 652 77
246 613 77
247 730 22
248 749 82
248 593 38
248 611 29
248 632 30
248 549 5
248 857 69
248 754 28
249 456 7
249 861 24
249 775 57
249 739 8
249 752 18
249 606 74
249 803 47
249 448 29
250 460 81
250 589 51
250 666 39
250 845 83
250 707 74
250 517 40
250 566 3
250 591 30
250 471 18
250 744 35
250 542 15
250 854 44
250 755 40
250 802 67
250 654 74
251 544 40
251 787 62
251 807 72
251 716 59
251 839 43
252 479 17
252 719 15
252 796 74
252 657 83
252 779 33
252 794 25
252 850 74
252 602 69
252 456 99
253 683 53
253 658 68
253 590 63
253 744 25
253 501 47
253 664 27
253 479 59
253 513 25
253 483 94
253 478 3
253 515 82
253 550 80
254 667 8
254 575 12
254 496 95
254 558 89
254 604 26
254 646 87
254 693 39
254 870 49
255 467 18
255 655 45
255 548 45
255 822 16
255 486 5
255 487 13
256 646 66
256 615 77
256 744 56
256 726 51
256 658 50
256 609 65
256 535 33
257 785 31
257 508 64
257 754 67
257 746 52
257 731 19
257 670 93
257 799 40
257 602 16
258 507 16
258 566 68
258 520 70
258 720 77
258 674 63
258 684 9
258 830 4
258 637 79
258 762 93
258 513 7
258 629 37
258 810 35
258 634 21
259 615 81
259 867 8
259 775 23
259 711 47
260 646 20
260 698 34
260 866 60
260 496 81
260 478 68
260 721 43
260 648 52
260 533 17
260 766 47
260 822 76
260 577 47
261 543 28
261 490 38
261 619 7
261 753 93
261 795 99
261 842 34
261 767 3
261 847 77
261 806 75
261 788 39
261 526 42
261 771 4
261 533 63
262 714 98
262 588 63
262 829 44
262 577 13
262 753 31
262 831 13
262 834 49
262 499 56
262 542 44
262 516 5
262 508 99
263 873 60
263 463 79
264 502 34
264 690 47
264 623 26
264 577 18
264 524 60
264 758 16
265 676 33
266 462 57
266 445 51
266 738 56
266 806 1
266 732 43
266 610 36
266 532 86
266 837 79
266 572 31
267 498 48
268 627 9
268 506 78
268 620 30
268 852 97
268 481 82
269 514 5
269 675 98
269 724 40
269 800 86
270 821 34
270 655 27
270 724 90
270 711 84
270 585 33
270 831 8
270 694 34
270 830 20
270 572 99
270 591 55
270 756 51
270 729 58
271 533 78
271 568 26
271 536 71
271 807 7
271 858 48
271 546 8
271 782 44
271 865 69
271 840 94
271 447 26
271 749 70
271 622 26
271 441 96
271 599 96
272 662 21
272 813 30
273 845 82
274 551 51
274 792 42
274 588 27
274 446 77
275 822 74
275 443 82
275 753 6
275 489 66
275 800 67
275 862 23
275 745 93
275 651 10
275 670 17
275 756 87
275 788 24
275 871 79
276 692 89
276 616 31
276 456 52
276 778 59
276 856 91
277 849 35
277 526 97
277 581 55
277 669 70
277 651 92
277 606 8
277 633 56
277 590 65
278 630 87
278 711 36
278 616 86
278 854 5
278 528 37
278 472 48
278 473 14
278 540 25
278 466 80
278 814 5
278 478 44
278 460 66
279 845 40
280 718 81
280 567 84
280 665 51
280 670 60
280 621 77
280 667 39
280 518 47
280 647 46
281 818 8
281 471 66
281 684 69
281 679 71
281 648 91
281 539 17
281 758 45
281 604 71
281 709 8
281 834 82
281 459 74
281 578 49
282 781 2
282 547 79
282 656 86
282 513 7
282 864 5
282 839 79
282 815 39
282 622 11
282 845 55
282 556 10
282 810 27
282 826 8
282 522 92
283 838 51
283 844 53
283 557 13
283 550 5
283 501 11
283 679 15
283 474 69
283 494 10
283 662 19
283 669 80
283 766 70
283 802 17
283 493 33
284 625 46
284 482 32
284 824 68
284 685 53
284 577 73
284 633 22
284 759 70
284 560 17
284 839 38
284 591 2
284 528 97
285 870 44
285 633 55
285 501 98
285 566 99
285 743 37
285 697 91
285 454 97
285 816 39
285 640 62
286 715 78
286 783 40
286 771 63
286 773 33
286 772 67
286 724 96
286 759 68
286 862 5
286 621 40
286 500 82
287 872 99
287 800 17
287 607 90
288 687 72
288 764 33
288 495 8
288 715 42
288 442 2
289 460 36
289 692 5
289 684 37
289 716 76
289 868 13
289 534 52
289 801 15
289 507 60
289 785 55
289 551 16
289 546 69
289 760 72
289 642 28
289 478 82
290 678 31
290 736 55
290 472 55
290 675 7
290 852 68
290 844 36
290 466 86
290 775 76
290 804 54
290 636 65
290 576 77
290 834 56
290 617 3
291 565 81
292 799 54
292 736 83
292 749 65
292 761 92
292 517 95
292 527 90
292 493 62
292 731 35
292 663 25
292 499 3
292 551 27
292 589 12
293 832 18
293 549 7
293 595 42
293 566 52
293 649 35
293 446 68
293 465 55
293 460 17
294 464 85
294 870 35
295 792 18
295 754 27
295 518 39
295 729 7
295 575 16
295 621 60
295 497 50
295 657 71
295 666 99
295 622 57
295 461 49
295 768 33
295 591 7
295 709 72
295 589 50
296 616 77
296 450 77
296 791 38
296 730 21
296 751 96
296 543 30
296 847 52
296 524 79
296 856 57
297 843 18
297 439 79
297 538 35
297 737 2
297 759 31
297 710 9
297 753 1
297 767 85
297 599 96
297 648 19
298 439 66
298 526 39
298 752 53
298 491 88
298 806 75
298 440 2
298 648 84
298 702 53
298 849 4
298 814 70
298 732 62
298 659 84
298 718 1
298 465 70
299 578 3
299 555 57
299 687 90
299 782 18
300 748 96
300 744 89
300 652 5
300 496 65
300 557 47
300 804 82
300 737 88
300 626 36
300 452 25
300 699 49
300 548 41
300 816 90
300 705 56
300 615 63
300 798 37
301 676 87
301 819 6
302 637 12
302 873 25
302 591 88
302 731 63
303 581 19
303 753 12
304 732 77
305 613 49
305 649 10
305 787 94
305 740 33
305 856 79
305 565 65
306 538 99
306 870 73
306 687 19
306 511 83
306 785 89
306 774 8
306 588 15
307 791 1
307 829 92
307 541 71
307 509 99
307 776 39
307 611 76
307 584 36
307 582 13
307 870 13
308 451 14
308 622 98
308 789 47
308 679 13
308 785 64
308 443 91
309 714 33
310 635 2
310 513 55
311 487 77
311 580 77
311 813 28
311 681 16
311 569 37
311 467 87
311 726 56
311 536 56
311 779 60
312 665 49
312 799 68
312 790 71
312 628 73
312 528 74
312 712 30
312 476 73
313 596 6
313 860 19
313 845 54
313 643 89
313 790 24
313 518 42
313 445 76
314 780 65
314 748 36
314 848 96
314 538 96
314 506 85
314 716 67
315 492 2
315 836 9
315 571 41
315 532 17
316 554 29
316 730 13
317 690 30
317 745 86
317 858 84
317 562 55
317 755 83
317 870 44
317 689 83
317 810 17
317 440 86
317 449 44
317 869 42
317 791 41
318 516 25
318 811 18
318 460 39
318 601 59
318 562 72
318 742 78
318 821 13
318 663 31
318 806 35
318 480 2
318 570 63
319 694 80
319 736 41
319 666 91
319 832 70
319 617 89
319 871 59
319 524 41
319 740 28
319 525 55
319 593 44
319 772 62
319 806 99
319 830 87
319 565 21
320 528 64
320 812 70
320 846 45
320 527 41
320 511 26
320 799 89
321 850 21
321 462 94
321 548 56
321 806 71
321 792 68
321 687 28
321 784 43
321 547 37
321 758 62
322 726 5
322 614 97
322 498 77
322 572 29
322 461 24
322 853 5
322 697 14
322 452 92
322 782 74
322 489 93
323 797 57
323 477 46
323 529 17
323 645 86
323 871 96
323 574 63
323 731 18
323 726 52
324 827 38
324 496 8
324 462 9
324 453 68
324 760 90
324 641 9
324 721 12
324 686 42
324 517 85
324 712 85
324 830 20
324 853 2
324 710 61
324 507 17
325 654 4
325 504 65
325 470 51
326 833 47
326 586 84
326 512 71
327 747 63
327 465 16
327 490 51
327 860 78
327 457 70
327 598 47
328 550 69
328 491 43
328 696 4
328 798 8
328 750 59
328 667 9
328 589 50
328 483 76
328 686 5
328 694 29
328 569 54
328 448 36
328 810 8
329 534 68
329 672 18
329 525 81
330 448 20
330 866 28
330 805 72
330 542 72
330 663 33
330 767 40
330 686 42
330 753 51
330 589 36
330 863 50
330 708 78
330 656 47
330 702 88
331 596 23
331 600 57
331 777 30
331 595 97
332 631 43
332 725 40
332 502 68
332 459 39
332 659 77
332 685 26
332 702 12
332 575 52
332 577 84
332 534 13
332 651 74
332 667 12
333 453 15
333 446 39
333 607 16
333 865 54
333 702 82
333 804 96
333 549 23
333 872 6
333 775 98
333 438 15
333 494 29
333 852 2
333 475 52
334 798 71
334 651 10
334 782 30
334 632 4
334 515 88
334 614 81
334 597 72
334 801 24
334 784 39
334 757 64
335 502 29
335 549 49
335 614 43
335 670 42
335 813 3
335 634 60
335 743 21
335 641 48
335 694 27
335 793 68
335 606 40
335 591 22
335 512 11
335 666 62
335 675 93
336 825 6
336 502 27
336 839 34
336 681 24
336 647 98
336 835 29
336 652 11
337 627 67
337 457 86
337 589 7
337 663 16
337 677 81
337 723 49
337 680 96
337 518 32
337 564 3
337 724 87
337 739 76
337 438 74
337 695 87
338 500 5
338 735 40
338 546 54
338 709 21
339 443 45
339 483 78
340 557 66
340 723 2
340 813 33
340 454 13
340 647 50
340 737 99
340 819 67
341 643 10
341 541 82
341 771 55
342 480 38
342 793 1
342 482 40
342 518 36
342 838 18
342 845 81
342 550 56
342 525 36
342 465 86
343 802 79
343 675 72
343 813 52
343 720 95
343 439 65
343 542 52
343 572 46
343 812 36
344 647 75
344 754 88
344 873 65
344 774 72
344 740 14
344 725 78
344 661 21
344 514 63
344 818 9
344 574 34
344 488 73
344 519 56
344 635 17
345 444 15
345 500 39
345 581 14
345 690 76
346 746 64
347 767 87
347 832 36
347 601 39
348 796 70
348 575 24
348 515 83
348 802 19
348 736 35
348 714 66
348 815 6
348 705 14
348 628 6
348 562 68
348 809 60
348 482 4
349 616 63
350 615 92
350 769 22
350 607 17
350 826 82
350 851 25
350 581 22
350 604 19
350 572 72
351 657 9
351 733 48
351 726 83
351 544 79
351 504 69
351 710 65
351 754 33
351 796 39
351 709 20
351 443 2
351 819 65
351 587 10
351 583 96
352 520 5
352 734 65
352 547 82
352 688 53
352 444 79
352 853 12
353 455 15
353 562 49
353 512 3
354 568 66
354 620 14
354 598 53
354 444 53
354 624 22
354 625 18
354 630 96
354 441 93
354 583 40
355 440 65
355 863 18
355 709 67
355 638 61
355 793 75
356 450 1
356 648 40
356 452 65
356 672 2
356 519 73
356 469 75
356 620 86
356 525 67
356 529 95
357 768 93
357 598 67
357 593 87
357 735 56
357 640 35
357 609 30
357 652 46
357 746 10
357 810 4
357 527 23
358 523 7
358 692 81
358 626 70
358 583 27
358 438 17
358 441 43
358 517 16
358 746 42
358 713 26
358 487 61
358 526 99
358 608 92
358 497 30
359 547 44
359 714 89
359 592 81
359 536 13
359 438 14
359 511 10
359 789 42
359 757 74
359 732 16
360 723 99
361 706 18
361 648 59
361 838 86
361 702 34
361 703 61
361 527 62
361 535 64
361 562 93
361 634 56
361 483 14
361 810 44
361 469 54
361 617 94
361 445 31
362 466 14
362 718 49
362 509 58
362 859 57
362 675 34
362 832 61
362 499 6
362 813 95
363 712 2
363 527 37
363 520 44
363 438 66
363 640 53
363 835 17
364 734 32
364 590 99
364 499 61
364 686 49
364 536 90
364 750 82
365 697 52
365 518 68
365 837 30
365 557 10
365 788 54
365 669 80
365 656 61
365 505 68
366 503 44
366 569 79
366 729 85
366 451 89
366 835 95
366 738 51
366 485 99
366 859 64
366 644 52
367 684 85
367 865 40
367 613 55
367 445 93
367 534 22
367 796 57
367 674 49
367 763 89
367 514 94
367 753 9
368 634 47
368 560 61
368 591 56
368 496 52
368 686 94
369 713 64
369 712 12
369 586 79
369 581 46
369 810 20
369 644 49
369 706 3
369 454 53
369 744 99
369 786 38
369 821 52
369 634 22
370 542 51
370 514 54
370 479 71
370 701 3
370 503 18
370 669 68
370 522 48
370 510 76
370 740 9
370 635 35
370 551 88
370 780 30
370 579 11
370 626 80
370 578 20
371 447 59
371 575 72
371 829 14
371 586 7
371 834 88
371 647 27
371 584 91
371 496 26
371 566 84
371 748 72
371 658 53
372 866 45
372 665 3
372 448 82
372 727 87
372 567 55
372 518 56
372 648 70
372 479 35
372 593 97
372 734 36
372 525 24
372 702 6
373 706 30
373 847 93
373 514 8
373 472 76
373 676 86
373 668 29
374 566 23
375 735 49
375 648 36
375 866 39
375 485 29
375 474 44
375 770 81
376 857 85
376 572 32
376 630 64
376 448 95
376 615 60
376 519 29
376 513 86
376 625 31
376 698 65
376 650 23
376 499 45
376 852 94
376 536 22
377 588 80
377 488 33
377 565 59
377 858 75
377 674 82
378 461 84
378 765 36
378 517 66
379 653 84
379 718 13
379 805 80
379 674 51
379 736 6
379 519 96
379 481 62
380 550 23
380 610 18
380 599 7
380 769 74
380 692 39
380 862 6
380 625 69
380 772 25
380 764 7
380 649 40
380 463 38
381 478 8
381 467 37
381 872 74
381 584 65
381 598 71
381 739 62
382 784 81
382 534 64
382 734 49
383 682 89
383 550 90
383 836 61
383 676 56
383 583 44
383 826 8
383 837 15
383 569 2
383 456 19
383 537 83
383 861 44
383 852 55
383 863 33
384 748 25
384 870 9
384 815 47
384 777 16
384 618 71
384 686 56
385 785 17
385 599 11
385 623 9
385 720 53
385 658 35
385 514 45
385 871 76
385 455 98
385 572 92
385 656 20
385 690 41
386 792 19
386 656 69
386 447 41
386 464 47
386 823 72
386 627 32
386 812 57
386 687 51
387 588 30
387 816 31
387 481 90
387 458 68
387 595 6
387 442 23
387 866 95
387 506 82
387 843 75
387 632 13
387 553 66
387 585 18
388 640 56
388 520 91
388 651 26
388 830 48
388 799 39
388 750 81
388 840 37
388 551 26
388 758 11
388 756 67
388 609 10
388 638 23
388 509 81
388 812 78
389 844 64
389 866 74
389 588 14
389 681 85
389 874 53
389 845 76
389 634 90
389 658 64
389 580 41
389 700 26
389 500 26
390 443 42
390 824 3
390 603 30
391 575 39
392 849 62
392 454 2
392 801 86
393 868 27
393 702 3
393 500 85
393 722 28
393 655 44
393 704 93
393 498 8
393 747 90
393 694 94
394 505 31
394 565 41
394 536 62
395 482 21
395 747 67
395 585 87
395 846 28
395 444 59
395 737 22
395 509 69
395 568 89
395 677 59
395 834 89
395 602 27
395 593 91
395 732 50
395 472 99
396 534 22
396 795 97
396 811 79
396 595 8
396 873 86
397 618 48
397 590 66
397 628 24
397 804 96
397 598 79
397 707 93
397 443 37
397 851 31
397 442 20
397 752 78
397 725 63
397 626 81
398 702 60
398 792 24
398 440 78
398 447 5
398 502 58
398 616 54
398 737 75
398 839 71
398 697 18
398 762 93
398 490 13
398 549 28
398 640 37
398 713 75
398 559 94
399 584 77
399 628 44
399 816 72
399 854 11
399 596 11
399 566 87
399 870 44
399 656 92
399 514 96
399 576 97
399 676 71
399 562 8
399 761 34
399 672 22
399 519 90
400 841 49
400 753 12
400 644 95
400 655 8
400 532 67
400 785 67
400 747 72
400 853 95
400 573 63
400 796 43
401 575 4
401 692 36
401 832 69
401 869 55
401 759 53
401 861 96
401 733 59
401 562 4
401 783 99
401 647 60
402 574 86
402 797 48
402 659 68
402 808 52
402 800 94
402 814 16
402 612 32
402 516 82
402 462 7
403 613 87
403 582 46
403 762 41
403 507 50
403 779 27
403 770 44
403 673 1
403 756 32
403 837 30
404 675 8
404 645 27
404 605 6
404 518 49
404 697 9
404 618 67
404 682 7
404 678 51
404 774 75
404 814 37
405 842 43
405 632 2
405 495 12
405 508 5
405 732 35
405 747 61
405 852 5
405 821 1
405 476 44
405 835 43
405 717 14
405 771 52
405 460 36
405 836 90
406 508 88
406 800 76
406 854 96
406 529 63
407 680 86
407 821 42
407 803 11
408 803 52
409 578 64
409 549 30
409 619 95
409 570 72
409 809 55
409 616 38
409 523 40
410 645 1
410 825 45
410 704 43
410 873 41
410 484 94
410 460 39
410 695 5
410 809 76
410 798 42
410 758 6
411 749 88
411 582 22
411 556 44
411 586 57
411 548 88
411 756 17
411 698 56
411 683 91
411 754 15
411 589 60
411 459 33
411 704 70
411 475 44
411 579 64
412 606 33
412 741 26
412 639 90
412 781 38
413 539 81
414 612 9
414 629 63
414 597 7
414 678 67
414 801 61
414 808 43
414 506 97
414 677 70
414 746 12
415 482 41
416 492 51
416 485 84
416 460 99
417 509 54
417 688 57
417 548 98
417 807 21
417 644 67
417 571 95
417 623 75
417 559 14
417 666 40
417 732 81
417 818 40
417 729 77
417 828 7
417 607 30
418 732 2
419 500 78
419 845 8
419 802 68
419 864 48
419 744 67
419 830 94
419 765 34
419 615 43
419 514 82
419 718 55
419 874 82
420 851 14
420 525 90
420 493 46
420 584 45
420 779 50
420 568 63
420 531 76
420 790 33
421 479 16
421 443 87
421 476 66
421 449 13
421 507 59
422 651 95
422 724 62
422 576 68
422 442 69
422 625 81
422 643 66
422 866 89
422 514 54
422 532 13
422 847 96
422 639 91
422 733 4
422 658 72
422 630 4
422 568 17
423 624 6
423 774 21
423 690 15
423 645 17
423 763 65
423 583 84
423 486 81
423 477 85
423 799 67
423 817 94
424 459 31
424 804 76
424 797 2
424 825 74
424 732 15
425 775 14
425 838 13
425 665 95
425 580 10
425 870 53
425 472 6
425 646 26
425 533 65
425 854 61
425 489 16
425 807 65
425 803 29
426 569 2
426 851 94
426 786 54
426 627 41
426 694 77
426 576 60
426 634 60
426 737 27
426 539 95
427 675 73
427 536 50
427 518 47
428 517 74
428 845 14
428 585 77
428 609 2
428 460 74
428 782 50
428 846 89
428 758 88
428 666 79
429 584 98
429 628 83
429 740 79
429 482 9
429 549 63
429 784 51
429 531 11
429 554 80
429 564 55
429 685 53
429 587 1
430 615 1
430 541 56
430 686 80
430 536 90
431 673 14
432 864 53
432 481 54
432 789 17
432 664 42
432 566 47
432 563 19
432 706 41
432 754 62
432 785 48
432 459 35
432 701 39
432 686 29
433 446 25
433 480 91
433 503 11
433 711 26
433 589 76
433 625 49
433 630 3
434 559 12
434 862 74
434 829 33
434 872 15
434 805 10
434 736 49
434 845 47
434 506 40
434 648 20
434 683 49
434 822 47
434 522 18
434 771 34
434 788 86
434 541 88
435 514 21
435 791 96
435 861 73
435 515 46
435 651 32
435 644 80
435 528 42
435 738 18
435 873 60
435 839 28
436 573 12
436 476 82
436 850 55
436 822 64
437 480 42
437 794 75
437 743 24
437 494 8
437 835 77
437 667 79
437 635 39
437 702 21
437 736 40
437 686 7
