790 3274
1 502 69
1 553 70
1 453 46
1 429 16
1 774 97
1 665 6
1 571 92
1 509 14
1 620 60
1 713 6
1 529 78
1 643 73
1 569 18
1 578 82
1 617 63
2 541 58
2 438 51
3 607 85
3 531 22
3 773 6
3 580 26
3 672 6
3 477 52
4 408 69
4 771 53
4 742 73
4 642 29
4 685 79
4 708 96
4 436 70
4 399 48
4 592 73
4 747 75
4 473 63
4 528 25
5 507 86
5 465 33
5 643 20
5 700 6
5 554 82
5 765 69
5 750 19
5 585 73
5 715 35
5 784 82
5 397 29
5 770 54
6 486 3
6 646 19
6 520 60
6 763 63
6 571 35
6 742 62
7 652 91
7 591 86
7 557 64
8 423 19
8 611 76
8 602 62
8 565 25
8 776 76
8 660 14
8 745 18
8 409 89
8 498 58
8 437 6
8 538 97
8 679 54
8 469 58
8 421 76
8 697 25
9 513 31
9 484 79
9 417 40
9 749 37
9 640 7
10 575 32
10 740 18
10 544 87
10 468 24
10 774 19
10 692 27
10 576 61
10 659 36
10 646 7
10 665 13
10 481 11
10 721 84
11 550 77
11 544 61
11 415 68
11 730 56
11 485 57
12 779 81
12 668 6
13 739 56
13 757 2
13 447 83
13 738 76
14 620 76
14 744 32
14 563 99
14 569 45
14 599 42
14 524 35
14 508 33
14 431 56
14 652 23
14 417 55
14 703 79
15 448 32
15 623 1
15 630 89
15 581 39
15 663 6
15 593 50
15 538 52
15 685 81
15 543 82
15 764 45
15 493 94
16 722 14
16 709 77
16 652 96
16 434 9
16 484 68
16 397 73
17 416 97
17 432 34
17 423 80
17 746 6
17 705 49
17 478 41
17 491 11
18 593 92
18 415 19
18 514 82
18 682 19
18 789 1
18 423 74
18 599 57
18 778 88
18 551 29
18 434 97
18 696 29
19 560 67
19 700 67
19 449 19
20 647 75
20 415 55
20 638 4
20 680 20
21 470 2
21 738 31
21 651 82
21 630 18
21 683 23
21 640 48
21 420 34
21 667 67
21 715 59
21 498 58
21 568 88
22 735 74
22 666 74
22 424 83
22 478 60
22 495 78
22 517 46
22 519 87
22 722 68
22 497 34
22 790 80
22 578 8
22 716 88
23 507 6
24 695 84
24 495 80
24 454 68
24 459 41
24 644 2
24 783 55
24 721 23
24 736 78
24 567 77
24 426 85
24 554 47
24 531 10
24 749 29
24 753 75
24 674 96
25 593 34
25 694 85
25 639 34
25 755 15
25 573 98
26 565 1
26 547 55
26 689 24
26 515 45
27 561 8
27 470 89
27 555 73
27 726 88
27 613 87
27 571 69
27 657 40
27 516 93
27 568 43
27 656 76
27 435 34
27 715 42
27 718 80
27 409 92
28 647 66
28 447 5
28 731 36
28 777 10
28 560 97
28 759 88
28 613 36
28 677 50
28 775 50
28 418 71
28 564 90
28 542 35
28 596 49
29 721 46
29 697 92
29 560 89
29 525 5
29 430 29
29 556 57
29 661 23
29 408 34
30 731 13
30 750 81
30 488 35
30 633 91
31 643 8
31 554 46
31 769 54
31 712 67
31 741 52
32 633 41
32 513 54
32 607 54
32 703 92
32 745 68
32 780 11
32 739 63
32 584 90
32 570 58
32 704 35
33 425 10
33 456 57
34 638 39
34 750 3
34 665 97
34 586 52
34 683 21
34 644 93
34 455 1
34 635 54
34 747 71
34 790 5
34 423 85
34 468 58
35 507 59
35 429 54
35 617 24
35 439 1
35 643 19
36 744 89
36 759 42
36 604 82
36 486 83
36 648 98
36 570 30
36 441 37
36 608 80
37 628 57
37 577 78
37 682 82
38 427 26
38 719 15
38 655 71
38 684 22
38 679 14
38 579 76
38 424 73
38 493 78
38 583 38
38 788 39
38 556 86
38 607 53
38 676 53
39 653 13
39 628 80
39 550 37
39 744 68
39 661 95
39 592 33
39 624 15
39 503 87
39 736 62
39 430 72
39 659 68
40 411 93
41 432 27
41 772 73
41 403 41
41 566 73
41 503 60
41 492 72
41 437 64
41 594 16
41 643 19
41 535 28
42 650 57
42 615 34
42 494 64
42 556 45
42 761 83
42 443 80
42 669 45
42 763 63
42 688 79
42 578 4
42 770 89
42 713 30
42 675 71
43 486 18
43 492 93
43 714 68
43 773 85
43 620 25
43 420 63
43 662 95
43 563 63
43 576 42
43 456 4
43 602 29
43 781 86
44 499 3
44 579 32
44 631 6
44 455 77
44 776 67
44 411 23
44 410 37
44 406 35
44 768 84
44 525 23
44 738 4
44 765 5
44 777 51
44 780 50
44 440 34
45 455 43
45 452 99
45 454 93
45 518 65
45 649 4
46 396 97
47 611 3
47 418 24
47 510 80
47 463 92
47 482 86
48 434 39
48 745 52
49 453 23
49 566 65
49 580 16
49 452 30
49 519 36
49 785 58
49 698 80
49 660 49
49 697 39
49 509 86
49 758 12
49 767 80
49 403 52
49 634 94
49 431 86
50 445 95
50 517 90
50 400 63
50 543 34
50 658 74
50 527 29
50 482 53
50 579 64
50 514 49
51 753 39
51 691 25
51 738 89
51 714 99
51 729 9
51 487 26
51 784 85
51 785 80
51 719 83
51 610 85
52 457 12
52 726 20
52 547 8
52 649 73
52 743 69
52 695 93
52 428 70
52 536 85
52 604 4
53 475 13
53 636 81
53 433 84
53 708 51
53 430 3
53 597 17
53 508 28
54 480 89
54 397 29
54 728 53
54 676 65
54 427 23
54 403 70
54 713 1
54 774 67
54 570 91
54 667 11
54 409 68
54 706 80
55 758 40
55 779 14
55 581 2
55 733 31
55 787 96
55 405 67
55 575 82
55 577 66
55 546 88
56 425 17
56 575 94
56 612 41
56 497 5
56 677 44
56 417 49
56 453 52
56 582 67
56 673 54
56 397 73
56 526 87
56 649 83
56 519 80
56 445 36
57 726 56
57 760 28
57 521 19
57 552 62
57 553 42
57 591 20
58 654 41
58 669 81
58 445 59
58 522 25
58 487 89
58 601 45
58 499 90
58 538 12
58 693 50
58 642 87
59 646 84
59 643 20
59 581 51
59 611 40
59 493 73
59 549 35
59 609 12
59 587 60
59 527 79
59 704 21
59 481 49
59 504 99
59 655 38
59 531 37
60 643 81
60 469 97
60 605 60
60 452 77
60 784 45
60 611 4
60 625 78
60 707 6
60 748 41
60 619 46
60 627 47
60 685 36
61 772 36
61 569 17
61 650 16
61 623 98
61 402 59
61 559 40
61 590 17
61 573 66
61 749 89
61 511 67
61 663 32
61 762 40
61 733 63
61 756 22
62 745 16
62 568 59
62 560 82
63 781 21
63 575 71
63 748 41
63 425 44
63 723 22
63 637 44
63 648 92
64 416 85
64 726 14
64 624 66
64 782 47
64 656 10
64 654 78
65 606 79
65 748 5
65 450 92
65 649 38
65 497 98
65 492 95
65 732 45
65 525 81
65 685 62
65 749 9
66 480 82
66 446 71
66 646 47
66 561 14
66 753 65
66 575 20
66 455 14
66 443 23
66 695 87
66 577 19
66 420 24
66 540 21
66 717 75
67 545 7
67 420 91
67 569 14
67 637 72
67 520 24
67 519 13
67 403 46
67 504 73
67 485 70
67 546 56
67 503 12
67 690 88
67 710 28
67 458 47
67 484 26
68 445 23
68 459 20
69 781 15
69 553 1
69 597 59
70 646 62
70 764 58
70 444 72
70 723 74
70 608 30
70 750 27
70 463 66
70 581 99
70 603 44
70 524 59
70 663 90
71 467 55
71 559 59
71 679 29
71 560 86
71 625 46
71 726 84
71 766 23
71 752 22
71 496 68
71 454 17
71 458 35
71 656 13
71 787 15
71 750 36
72 527 26
72 752 38
72 468 72
72 727 88
72 619 99
72 738 67
72 532 5
72 714 23
72 664 61
72 472 14
73 585 48
73 545 19
73 417 40
73 755 43
73 690 96
73 562 47
73 443 47
73 505 30
74 676 11
75 689 66
75 633 57
75 450 30
75 577 98
75 635 61
75 579 80
75 587 38
76 578 97
76 727 92
76 648 32
76 499 43
76 726 27
76 620 46
76 530 58
76 588 38
76 439 5
76 400 89
76 636 93
77 483 11
78 536 44
78 617 92
79 531 85
79 555 32
79 686 97
79 609 16
79 677 38
79 734 27
79 760 45
79 761 80
79 458 25
79 626 22
79 672 69
79 438 6
79 498 2
80 522 49
80 752 79
80 684 95
80 650 39
80 728 12
80 441 9
80 481 61
80 530 70
80 555 12
80 765 90
80 399 19
80 501 86
80 477 3
80 436 61
81 601 2
81 594 38
81 705 8
81 750 53
81 696 36
81 443 86
82 412 19
82 760 80
83 705 25
83 529 33
84 558 83
84 694 24
84 707 53
84 396 93
84 692 17
84 773 68
84 509 11
84 449 73
84 589 22
84 574 44
84 599 9
84 572 59
84 644 9
84 397 50
85 711 82
85 605 3
85 572 82
85 652 22
85 720 74
85 614 41
85 648 78
85 428 30
85 757 35
85 479 66
85 593 43
85 696 42
85 491 18
85 735 68
85 715 34
86 418 20
86 702 83
86 516 69
86 763 54
86 651 63
86 454 56
86 398 88
86 599 56
87 717 68
87 488 53
87 407 44
87 416 80
88 574 46
88 447 64
88 442 59
88 428 52
88 491 43
89 663 30
89 448 57
89 600 71
89 537 34
89 701 4
89 662 97
90 708 7
90 495 83
90 472 54
90 414 53
90 504 88
90 665 86
90 763 50
90 576 75
90 660 51
90 524 42
90 425 40
90 534 2
90 652 60
90 602 40
91 553 5
91 398 45
91 522 94
91 636 94
91 407 47
91 650 15
91 695 68
91 542 30
91 649 61
91 458 33
91 640 65
91 560 75
91 729 14
91 761 1
92 769 13
92 457 60
92 779 97
92 504 99
93 500 16
93 418 86
93 699 63
93 774 70
94 443 10
94 717 3
94 704 99
94 713 69
94 413 18
94 684 78
95 738 93
95 690 39
95 686 7
95 597 62
95 411 99
95 460 13
95 651 39
95 485 84
95 408 62
96 613 77
96 746 87
96 655 89
96 500 29
96 430 76
96 605 23
96 558 22
96 546 88
96 758 14
96 545 73
96 544 50
96 517 62
96 660 90
96 530 45
97 538 40
97 499 85
97 755 74
97 724 76
98 619 34
98 632 36
98 565 92
98 406 94
98 613 78
98 435 96
98 470 89
98 691 37
98 754 23
98 788 26
98 524 3
98 415 76
98 468 2
98 547 62
98 595 28
99 514 97
99 428 21
99 409 13
99 507 27
99 542 57
99 563 86
99 446 48
99 534 87
99 481 14
99 617 86
99 426 95
99 551 67
99 503 17
99 663 3
100 686 93
100 552 66
100 418 76
100 520 25
100 772 36
100 577 5
100 645 48
100 678 70
100 786 82
100 530 10
100 657 92
100 583 39
100 761 40
100 417 1
101 444 95
101 508 86
101 726 38
101 537 71
101 419 88
102 742 34
102 612 92
102 634 24
103 582 28
103 426 59
103 715 17
104 404 89
104 710 86
104 584 48
104 486 78
104 431 9
104 629 82
104 653 29
104 446 73
104 423 34
104 614 29
104 562 60
104 660 26
104 541 51
104 413 66
104 767 57
105 771 80
105 475 28
105 513 38
105 747 3
105 568 35
105 708 18
105 616 47
105 756 47
105 639 92
105 681 28
105 735 49
106 574 25
106 465 79
106 586 82
106 546 10
106 721 69
106 682 38
106 777 18
106 611 9
106 468 46
106 492 19
106 725 99
106 579 91
106 662 73
107 481 28
107 508 63
107 765 66
107 550 6
107 716 72
107 724 35
107 635 60
107 749 86
107 470 6
107 502 31
107 704 54
107 758 65
107 614 86
107 487 26
107 490 24
108 637 98
108 540 43
108 684 39
108 714 56
108 662 50
108 748 60
108 423 57
108 411 50
108 729 91
109 427 25
109 552 59
109 603 23
109 675 8
109 541 43
109 725 20
109 481 39
109 569 80
109 623 36
109 504 64
110 484 75
110 756 72
110 406 52
110 490 42
110 615 75
110 785 57
110 479 68
110 633 62
110 754 20
110 464 48
110 686 28
110 517 45
110 640 83
110 646 13
110 580 94
111 738 10
111 523 4
111 480 79
111 750 44
111 612 41
111 462 14
111 693 70
111 479 14
111 541 75
111 586 81
112 769 13
112 672 13
112 440 52
112 655 44
112 777 86
112 628 92
112 548 74
112 575 30
112 673 22
112 619 50
112 442 52
112 754 47
112 734 1
112 568 64
113 581 98
113 532 82
113 430 97
113 754 38
113 425 2
113 751 63
113 435 80
113 534 75
113 442 10
113 495 14
113 419 33
113 427 16
113 663 59
113 690 36
113 504 94
114 470 51
115 519 5
115 654 58
115 477 77
115 420 61
115 426 62
115 531 44
115 408 16
115 493 19
116 407 34
117 476 56
117 560 54
117 536 15
117 577 62
117 636 62
118 556 42
118 445 63
118 578 4
118 557 16
118 790 45
118 730 59
118 534 16
118 789 33
118 555 13
118 753 12
118 596 1
119 675 38
119 564 4
119 608 39
119 763 11
119 555 70
119 611 34
119 704 38
119 684 35
119 557 70
119 501 46
119 689 93
120 722 69
120 746 40
120 423 2
120 414 55
120 756 67
120 726 79
120 673 5
120 640 46
120 422 9
120 413 65
120 738 14
120 752 47
120 683 71
120 433 70
121 715 13
121 734 43
121 421 91
121 662 36
121 569 35
122 608 71
122 516 46
122 633 65
122 697 60
122 504 25
122 400 41
122 716 77
122 663 8
123 511 63
123 451 22
123 546 17
123 626 80
123 625 91
123 440 17
123 702 48
123 515 93
123 428 64
123 619 14
123 475 90
123 746 91
123 649 36
123 657 28
124 647 66
124 476 4
124 517 36
124 488 24
124 779 56
124 741 67
124 531 41
124 629 57
124 516 90
125 510 47
125 625 99
125 581 36
125 508 74
125 648 48
125 721 5
126 768 79
126 470 77
126 693 14
126 683 89
126 602 72
126 452 41
126 599 24
126 474 92
126 409 85
126 615 22
126 783 31
126 438 24
126 489 77
126 647 49
127 649 30
127 412 1
127 446 44
127 423 98
127 674 44
127 623 79
127 397 62
127 770 25
127 612 1
127 425 84
127 487 11
127 510 67
127 605 7
128 403 31
128 571 70
128 688 80
128 517 56
128 769 42
129 755 1
129 724 88
129 441 84
129 420 37
129 708 76
129 409 3
129 766 64
130 538 87
130 586 43
130 423 11
130 678 51
130 552 3
131 564 25
131 458 44
131 620 63
131 443 9
131 521 61
131 489 46
131 468 56
131 713 37
131 467 31
131 572 68
131 755 43
131 485 55
131 659 76
131 683 29
131 608 79
132 541 6
132 762 35
132 668 92
132 570 23
132 685 5
132 479 66
132 401 89
132 399 23
132 757 88
133 699 64
133 666 92
133 628 25
133 421 42
133 398 35
133 599 56
133 749 37
133 629 51
133 744 73
134 741 98
134 641 60
134 787 67
134 676 4
134 501 98
134 437 70
134 653 24
134 659 24
134 455 19
134 619 11
134 541 33
134 479 46
134 705 30
135 441 60
135 451 47
135 405 23
135 772 58
135 477 52
135 480 50
135 453 88
135 616 46
135 702 36
135 580 36
135 593 21
135 481 75
136 570 44
136 551 69
137 425 22
137 730 15
137 663 3
137 657 74
137 690 31
138 783 91
138 464 81
138 643 78
138 617 69
138 532 13
138 735 3
138 533 37
138 616 23
138 752 98
138 698 81
138 770 47
138 737 78
138 589 90
138 767 43
139 659 35
139 678 32
139 520 77
139 560 19
139 481 76
139 491 5
140 747 87
140 607 63
140 485 28
140 694 63
140 488 25
140 511 46
140 539 29
140 438 54
140 458 2
140 542 3
140 476 10
140 413 17
141 625 37
141 653 2
141 711 54
141 672 48
141 734 82
141 633 78
141 755 11
141 631 56
141 573 15
141 461 27
141 624 89
141 753 65
142 668 88
142 466 57
142 775 31
142 533 32
142 525 9
142 680 37
143 555 45
143 687 96
143 405 26
143 443 70
143 436 44
143 441 29
143 744 54
143 472 16
143 710 45
143 635 66
143 624 74
143 656 82
144 459 22
144 713 96
144 401 71
144 758 30
144 638 42
144 617 89
145 464 88
145 569 86
145 541 50
145 652 98
145 732 8
146 633 20
146 468 89
146 454 60
146 716 73
146 412 63
146 587 74
146 516 67
146 544 16
146 728 96
146 644 46
146 664 64
146 632 58
146 688 14
147 678 90
147 711 66
147 728 57
147 628 25
147 758 94
147 576 67
147 487 34
147 746 45
147 461 82
147 412 33
147 685 5
148 437 93
148 556 93
148 487 58
148 513 16
148 654 41
148 582 44
148 494 22
148 504 86
148 507 46
148 399 88
148 652 6
148 710 80
149 465 83
149 452 56
149 706 91
149 775 41
149 548 77
149 489 50
149 402 77
149 719 37
149 749 57
150 543 38
150 631 58
150 704 39
150 684 75
150 551 32
150 637 63
150 678 92
150 403 82
150 437 65
150 427 63
151 545 38
151 750 57
151 452 56
151 610 79
151 780 69
152 533 16
152 580 51
152 569 74
152 674 52
153 414 24
153 417 78
153 689 12
154 571 25
154 761 85
154 703 86
154 714 74
154 678 69
155 478 4
155 707 26
155 734 56
155 673 94
155 741 5
155 688 95
155 733 47
155 658 56
155 619 36
155 787 19
155 611 41
155 678 10
155 499 80
155 710 30
155 493 5
156 560 81
156 558 25
156 407 68
156 659 24
156 534 28
156 576 76
156 756 22
156 484 26
156 612 26
156 683 75
157 427 26
157 461 13
157 707 79
157 490 26
157 513 33
157 539 54
157 523 89
157 462 58
157 438 93
157 508 88
157 728 56
157 434 9
157 580 68
157 591 33
157 713 61
158 678 9
158 635 24
158 526 33
158 708 96
158 769 11
158 422 65
158 712 72
158 596 93
158 540 73
158 702 31
158 415 99
158 632 17
158 693 62
158 742 46
159 456 93
159 454 81
159 693 1
159 701 30
159 592 19
159 703 79
159 692 83
159 493 68
159 535 30
159 766 4
160 451 65
160 537 52
160 623 52
160 519 86
160 617 42
160 464 48
160 612 72
160 627 57
160 474 35
160 639 63
161 765 20
161 412 53
161 401 89
161 539 30
162 740 16
162 601 11
162 520 54
162 682 20
162 560 6
163 652 95
163 668 33
163 771 38
163 677 27
164 516 12
164 432 1
164 776 7
164 537 56
164 782 79
164 733 50
164 521 54
164 762 78
164 571 40
164 764 94
164 417 30
165 741 32
165 416 59
165 462 13
165 663 85
166 765 52
167 677 26
167 696 58
167 448 43
167 592 81
168 682 99
168 411 27
168 480 41
168 479 92
168 754 70
168 675 15
168 746 9
168 539 26
168 731 63
168 575 62
168 491 34
168 590 70
168 489 27
168 498 25
169 428 41
169 681 85
169 429 35
169 759 91
170 719 93
170 516 7
170 569 81
170 661 84
170 493 79
170 614 58
171 693 59
171 687 98
171 396 56
171 774 98
171 463 68
171 631 67
171 429 79
171 645 38
171 766 89
171 648 56
172 403 27
172 687 84
173 668 60
174 562 15
174 715 85
174 663 64
174 570 42
174 695 29
174 670 15
175 787 78
175 663 60
176 454 59
176 419 5
176 561 34
176 633 72
177 777 99
177 536 17
177 425 35
177 448 64
177 642 36
177 730 1
177 592 15
177 423 48
177 749 82
178 643 33
178 515 72
178 571 58
179 421 10
179 468 57
179 515 96
179 447 82
179 766 96
179 402 81
179 737 70
179 621 98
179 439 56
179 741 25
180 636 21
181 506 6
182 573 30
182 406 65
182 480 53
182 529 70
182 434 1
182 452 97
182 658 1
182 657 93
182 756 23
182 422 26
182 601 69
182 760 50
182 687 45
182 704 73
182 510 53
183 550 56
183 667 12
184 638 37
184 408 78
184 729 81
184 763 14
184 585 7
184 626 32
185 551 71
185 492 19
185 475 96
185 424 64
185 402 78
185 726 34
185 481 36
185 440 16
185 572 74
185 445 96
185 559 29
186 532 35
186 582 71
186 554 47
186 601 45
186 550 47
186 420 84
186 561 33
186 433 79
186 445 36
186 707 84
186 720 88
186 689 46
186 659 37
186 759 23
186 646 28
187 761 14
187 634 86
187 433 20
187 685 47
187 693 39
187 562 92
187 691 23
187 561 34
187 578 82
187 727 52
187 415 5
188 675 34
188 643 22
188 528 59
188 460 87
188 679 11
188 564 94
188 531 54
188 752 16
188 479 39
188 597 82
188 575 10
189 420 67
189 589 89
189 613 94
189 635 48
189 563 34
189 576 71
189 555 48
189 433 82
189 476 72
189 469 59
189 728 41
189 408 51
189 664 21
190 761 49
190 682 95
190 783 28
190 419 57
191 400 37
191 687 12
191 548 37
191 593 65
191 575 93
191 655 42
191 405 50
191 491 12
191 624 20
192 575 48
192 559 73
192 455 94
192 486 92
192 661 22
192 500 83
192 739 46
192 451 5
192 789 19
192 397 30
192 567 53
193 585 91
193 457 58
193 569 52
193 590 86
193 448 99
193 410 79
193 480 46
193 560 92
193 465 71
193 486 39
193 574 38
193 752 15
193 733 67
193 523 96
193 436 79
194 456 28
195 567 45
195 460 45
195 599 74
195 581 47
195 433 44
195 701 37
195 668 15
195 712 23
195 399 74
195 770 88
195 417 80
195 627 38
196 418 58
196 441 6
196 498 16
196 487 30
196 420 65
196 775 74
196 603 66
196 785 78
196 407 59
196 459 51
196 616 65
196 485 14
196 776 96
196 494 58
197 533 40
197 459 80
197 719 11
197 786 58
197 486 27
197 620 95
198 570 42
198 399 55
198 420 1
198 659 60
198 713 45
199 407 82
199 500 10
199 539 54
199 629 44
199 492 30
200 707 12
200 711 11
200 421 99
200 740 8
200 786 35
200 472 66
201 572 23
201 448 8
201 535 50
201 756 92
202 715 31
202 570 2
202 564 68
202 657 93
202 706 79
202 488 60
202 631 51
202 694 86
202 588 96
202 728 34
202 639 12
202 494 17
202 462 62
202 552 84
203 472 95
203 774 3
203 697 5
204 777 56
204 783 85
204 619 82
204 577 65
204 623 12
204 508 34
204 510 30
204 724 40
204 710 54
204 786 15
204 444 88
204 451 23
205 434 73
205 471 58
206 538 4
206 753 9
206 540 34
206 584 65
206 446 41
206 788 87
206 588 7
206 755 80
206 769 84
206 468 32
206 717 24
206 673 57
206 630 11
207 414 18
208 541 95
208 615 49
208 769 15
208 746 13
208 491 32
208 783 61
208 732 67
208 544 23
209 555 67
209 712 28
209 699 19
209 539 67
209 673 39
209 604 54
209 456 25
209 782 46
210 710 62
210 510 63
210 629 23
210 508 76
210 660 9
210 780 8
210 591 28
210 655 19
210 599 55
211 581 16
211 628 98
211 489 75
211 695 1
211 767 51
211 647 42
212 605 54
212 455 24
212 516 13
212 638 44
212 545 5
212 417 99
212 787 76
212 783 91
212 682 13
212 471 90
212 680 80
212 611 42
213 654 6
213 657 46
213 682 73
213 417 48
214 695 52
214 749 56
214 428 39
214 746 70
215 550 61
215 627 34
215 580 35
215 576 9
215 754 88
215 461 22
215 413 95
215 722 57
215 683 17
215 763 63
215 789 92
215 397 22
215 661 17
215 761 86
216 489 65
216 633 44
216 516 26
216 768 11
216 704 20
216 702 46
216 439 85
217 688 72
217 714 11
217 736 85
217 468 28
217 600 65
218 688 22
218 668 73
218 650 81
219 756 67
219 406 46
219 755 19
220 428 61
220 425 80
220 616 80
220 454 20
220 749 88
220 719 5
220 520 56
220 655 83
220 656 4
221 446 20
222 602 74
222 511 49
222 703 98
222 768 59
222 471 26
222 639 20
222 583 81
222 474 30
222 679 22
222 435 42
222 413 36
222 784 92
222 603 84
223 785 89
223 491 24
223 535 49
223 721 80
223 696 23
223 750 99
223 596 23
223 648 76
223 601 49
223 486 18
224 646 73
224 744 60
224 511 36
224 773 6
224 429 46
224 454 55
225 417 22
225 671 54
225 656 37
225 573 43
225 755 66
225 673 97
225 786 62
225 512 87
225 614 69
225 677 40
225 743 3
225 783 92
225 407 51
226 642 46
226 495 5
226 724 83
226 425 69
226 515 96
226 725 91
226 511 96
226 487 39
226 520 24
227 700 34
227 612 83
227 616 80
227 615 44
227 686 25
227 468 32
227 491 25
227 645 98
227 772 90
227 488 14
227 762 35
227 722 75
227 784 99
227 608 87
228 652 99
228 726 50
228 579 19
228 532 91
228 709 61
229 609 62
229 475 11
229 714 82
229 399 97
229 644 31
229 577 25
229 744 4
229 704 13
229 520 90
229 601 91
229 721 40
229 546 14
230 663 49
230 539 16
230 452 98
230 566 21
230 616 53
230 541 62
230 582 23
230 493 72
230 407 31
230 709 62
230 652 71
230 710 50
231 512 88
231 689 57
231 654 76
231 790 46
231 722 18
232 601 83
232 445 19
232 487 77
232 532 1
232 692 35
232 611 77
232 437 13
232 682 51
232 538 86
232 732 50
232 648 19
232 678 22
232 572 19
233 735 35
233 778 7
233 595 50
233 555 99
234 781 86
234 523 59
234 598 2
234 597 67
234 556 47
234 458 87
234 480 95
234 538 19
234 460 31
234 450 99
234 446 40
234 520 33
234 669 9
234 766 73
235 653 48
235 571 58
235 402 95
235 551 7
235 745 73
235 574 62
235 650 14
235 439 14
235 552 38
235 549 85
235 427 69
235 611 66
235 534 12
236 567 4
237 454 51
237 630 12
237 759 27
237 755 65
237 474 99
237 638 89
237 680 71
237 767 18
237 527 44
237 690 50
237 617 37
238 682 31
238 523 82
238 404 81
238 461 5
239 615 78
239 560 73
239 772 19
239 440 78
239 601 76
239 575 71
239 527 63
239 479 23
239 441 29
240 525 34
240 637 88
241 514 86
241 683 72
241 539 21
241 782 17
241 681 97
241 701 80
241 407 76
241 657 91
241 411 68
241 425 19
241 712 72
241 614 75
242 428 33
242 746 20
242 660 3
242 422 31
242 418 15
242 545 45
242 697 70
242 595 42
242 403 80
242 720 32
242 409 9
243 580 60
243 624 12
244 592 50
244 633 88
244 637 36
244 783 33
244 581 88
244 571 89
244 724 98
244 735 31
244 690 11
244 494 3
244 450 98
244 761 96
244 600 28
244 669 53
245 519 56
245 777 55
245 690 90
245 494 14
245 524 86
245 572 6
245 417 98
245 503 85
245 487 59
245 435 73
245 710 41
245 676 49
245 609 78
245 769 59
246 516 91
246 573 9
246 662 54
246 610 63
246 444 61
246 579 5
246 719 47
246 428 92
246 499 40
246 494 59
247 761 80
248 714 30
248 491 73
248 727 44
248 785 23
248 524 17
248 769 4
248 681 34
248 438 87
249 525 92
249 657 14
249 415 86
249 611 89
249 530 19
249 691 23
249 542 54
249 652 14
249 444 65
249 522 29
249 712 62
250 768 92
250 667 39
250 494 11
250 781 40
250 621 40
250 559 3
250 590 49
250 744 36
250 586 36
250 790 23
250 513 6
250 601 64
250 627 15
250 579 31
250 787 34
251 715 57
251 548 32
251 630 55
251 484 63
252 626 43
252 444 70
252 401 7
252 590 62
252 623 85
252 445 45
252 424 5
252 677 19
252 638 36
253 675 41
253 444 7
254 736 91
254 614 82
254 628 63
254 400 78
254 694 67
254 606 41
254 486 19
254 484 34
255 525 5
255 540 21
255 605 67
255 774 68
256 694 98
256 439 64
256 728 87
256 686 49
256 683 71
256 624 58
256 559 84
256 537 65
256 619 23
256 489 58
256 587 2
256 788 86
256 509 92
256 562 85
257 739 77
257 740 26
257 629 94
258 424 35
258 633 83
258 568 14
258 661 95
258 711 30
258 645 31
259 788 23
260 532 1
260 710 37
260 652 64
260 776 92
260 640 39
261 520 98
261 634 51
261 701 43
261 550 75
262 611 3
262 436 9
262 595 97
262 786 97
262 535 96
262 603 34
262 696 60
262 492 51
262 714 75
262 417 84
262 542 34
262 576 80
262 701 77
262 447 86
262 746 81
263 521 64
263 568 92
263 412 39
263 437 69
263 658 37
264 434 54
264 401 72
264 700 69
264 628 34
264 602 64
264 544 48
264 411 35
264 438 94
264 619 91
265 585 27
265 637 24
266 779 8
266 434 59
266 573 11
266 522 89
266 503 77
266 739 79
266 718 28
266 470 98
266 498 2
266 781 23
266 530 62
266 741 20
266 724 46
267 780 97
267 789 42
267 461 24
267 684 50
267 509 83
267 520 29
267 775 46
267 397 60
267 589 81
267 482 6
267 697 22
268 548 30
269 672 40
269 589 64
269 504 34
269 781 48
270 506 98
270 757 66
270 466 59
271 442 49
271 700 60
271 488 26
271 731 22
271 552 66
271 727 96
271 411 4
271 566 84
271 678 65
271 669 41
271 650 68
271 422 15
271 439 91
271 553 52
272 472 23
272 513 36
272 747 23
272 778 24
272 635 84
272 487 12
273 501 63
273 587 80
273 637 64
273 588 26
273 699 53
273 672 88
273 539 60
273 676 38
273 613 15
274 710 94
274 446 50
274 415 3
274 774 56
274 416 4
274 579 71
274 619 85
274 460 71
274 574 21
274 707 57
274 519 54
274 689 79
275 628 44
275 432 81
275 754 20
276 738 13
276 549 91
276 770 31
276 621 77
276 648 17
276 617 29
276 595 12
276 692 24
276 489 14
276 754 54
276 424 96
276 529 68
277 397 96
278 722 99
278 502 69
278 784 78
279 557 37
279 451 65
279 724 70
279 524 70
279 713 90
279 457 66
280 596 58
280 772 87
280 689 80
280 583 38
280 750 64
280 663 3
280 708 67
281 729 31
281 460 33
281 739 19
281 485 98
281 589 45
281 588 13
281 575 62
281 515 58
281 486 82
282 432 22
282 440 86
282 680 83
282 414 27
282 464 88
282 757 2
282 738 8
282 635 3
282 689 89
282 593 71
283 410 51
283 421 79
283 453 18
283 559 14
283 473 74
283 417 11
283 613 29
283 398 47
283 696 33
283 399 43
284 611 96
284 587 78
284 459 64
284 782 10
284 774 57
284 413 83
285 736 22
285 773 77
285 727 69
285 633 51
285 659 87
285 676 7
285 413 20
285 681 54
286 704 44
286 722 83
286 635 87
286 511 64
286 764 77
286 768 56
287 434 80
287 681 77
287 717 49
287 512 92
287 566 51
287 752 87
287 580 14
287 651 19
287 671 45
287 619 87
287 489 16
287 746 65
288 774 29
288 721 15
288 439 85
289 611 43
289 712 22
289 567 74
289 552 69
289 541 5
289 582 80
289 631 31
289 700 34
289 467 38
289 456 84
289 679 45
289 578 59
289 496 63
290 534 69
290 743 90
290 488 24
290 486 65
290 475 70
290 565 76
290 416 63
290 611 19
290 449 30
291 400 72
292 587 58
292 622 70
292 626 70
292 739 3
292 705 32
292 467 82
292 416 36
292 690 22
293 544 78
293 673 6
293 510 68
294 720 1
294 726 61
294 447 14
294 441 94
294 519 72
294 763 76
294 489 50
295 670 44
295 607 11
295 521 8
295 682 7
295 630 28
296 573 50
296 591 49
296 496 54
296 513 64
296 544 51
296 563 95
296 747 52
296 786 52
296 404 67
296 470 14
296 519 50
296 542 16
296 607 99
296 557 35
297 553 77
297 781 98
297 465 52
297 769 2
297 706 63
297 545 66
297 630 54
297 759 94
298 720 69
298 431 29
298 701 11
298 462 71
298 707 97
298 411 1
298 501 14
299 470 74
299 502 19
299 633 64
300 746 52
300 426 43
300 524 20
300 737 54
301 724 78
301 717 18
301 768 85
301 712 26
301 552 26
301 723 54
301 513 2
302 451 87
302 703 12
302 714 97
302 605 95
302 734 38
302 622 99
302 721 51
302 584 92
302 509 9
303 681 45
303 474 40
303 784 73
303 759 55
303 461 80
303 467 26
303 500 53
303 714 80
303 498 98
303 598 52
304 732 38
304 427 92
304 488 94
304 612 86
304 703 63
304 782 57
304 644 15
304 743 23
304 669 21
304 769 34
304 541 17
304 590 38
304 585 41
304 445 1
305 546 93
305 688 82
305 690 18
305 663 13
305 420 75
305 633 60
306 481 1
307 646 62
307 724 82
307 404 10
307 696 20
307 447 13
307 609 69
307 706 64
307 657 73
307 510 52
307 672 64
307 622 6
308 426 28
308 631 73
308 473 16
308 630 10
308 673 92
308 536 26
308 675 35
308 595 38
308 710 23
308 712 76
308 603 31
308 420 59
308 625 92
309 513 8
309 717 98
309 736 73
309 555 62
309 757 97
309 770 8
309 773 41
310 443 5
310 618 38
310 761 52
310 722 75
310 675 10
310 718 84
310 726 67
310 658 50
310 714 88
310 694 50
310 659 50
310 428 68
310 738 69
310 397 12
310 570 10
311 583 68
311 761 84
311 525 83
311 485 90
311 725 92
311 774 77
311 635 37
311 775 37
312 528 24
312 539 32
312 583 23
312 727 18
312 463 12
312 423 15
312 447 95
312 648 3
312 475 75
312 584 45
312 408 24
312 703 2
312 605 89
312 396 21
312 667 40
313 449 99
313 788 8
313 699 58
313 551 85
313 592 50
313 625 72
313 511 27
313 542 62
313 533 90
313 762 80
313 786 97
313 640 31
313 683 89
313 459 79
314 777 8
314 737 16
314 542 63
314 574 67
314 538 2
314 722 29
314 646 44
314 666 87
314 608 67
314 570 55
314 659 36
314 604 92
314 558 48
314 686 74
314 768 24
315 648 45
315 501 11
315 671 21
315 777 47
315 726 44
315 619 83
315 578 82
315 694 34
315 424 92
315 437 87
315 589 64
315 492 96
315 428 70
315 597 33
316 412 38
316 520 15
316 425 83
316 717 7
316 659 24
316 644 68
316 488 29
316 632 61
316 518 34
316 537 87
316 428 92
316 734 96
316 418 13
316 757 41
317 775 4
317 638 49
317 784 58
317 421 25
317 783 53
317 578 39
317 473 45
317 443 70
317 553 76
317 554 84
318 497 45
318 529 95
318 550 26
318 634 82
318 406 70
318 605 80
319 479 37
319 528 32
319 760 74
319 505 54
319 512 29
319 555 40
319 659 52
319 548 86
319 635 25
319 693 7
320 556 94
320 728 84
320 516 76
320 452 33
320 742 54
320 498 48
320 402 71
320 605 41
320 573 30
320 624 43
320 443 29
321 559 40
321 500 44
321 402 31
321 732 88
321 530 68
321 780 38
321 778 99
321 585 62
321 723 29
321 603 42
321 510 47
321 614 90
321 642 54
321 668 51
321 674 61
322 623 23
322 710 59
322 425 12
322 628 63
322 540 96
322 667 72
322 788 1
322 701 47
322 440 45
322 577 60
322 447 93
323 592 44
323 428 31
323 413 97
323 431 25
323 545 84
323 596 52
323 401 27
323 506 51
323 614 97
324 559 87
324 648 43
324 504 66
324 744 61
325 692 3
325 601 53
325 469 24
325 614 95
325 494 64
325 772 47
325 653 94
325 594 22
325 605 82
326 683 92
326 503 25
326 491 12
326 702 30
326 486 66
326 598 46
326 726 57
326 748 39
326 526 97
327 492 86
327 578 28
327 468 74
327 669 94
327 589 68
327 405 64
328 657 4
328 771 58
328 432 95
328 714 63
328 440 4
328 483 54
328 524 74
328 630 80
329 623 93
329 529 50
329 610 61
329 565 44
330 708 48
330 704 5
330 689 82
330 410 97
330 702 66
330 434 71
330 752 62
330 712 38
330 547 72
331 569 13
331 516 55
331 509 85
331 504 80
331 397 93
331 736 58
331 695 89
331 763 56
331 468 38
332 624 87
332 592 9
332 759 85
332 458 60
332 403 91
332 574 6
332 646 52
332 490 31
332 499 19
332 614 28
332 707 18
332 400 45
332 673 19
333 575 79
333 554 6
333 771 3
333 574 10
333 494 35
333 542 15
333 695 88
333 455 61
333 675 3
333 497 33
333 661 30
333 758 91
333 410 91
333 522 4
334 678 10
334 624 82
334 637 10
334 493 96
334 672 84
335 511 24
335 735 55
335 626 63
335 402 52
335 523 59
335 579 88
335 657 13
335 609 77
335 723 45
335 696 36
335 564 53
335 634 34
335 548 21
335 719 28
335 633 93
336 516 75
336 665 79
336 716 78
336 428 84
336 565 23
336 707 75
336 658 68
336 588 76
336 436 84
336 560 76
336 519 55
336 778 68
336 611 1
336 780 3
337 698 43
337 397 48
337 760 9
338 610 32
338 541 34
338 568 21
339 754 63
339 433 16
339 637 54
339 743 44
339 591 22
339 492 23
339 519 38
339 652 43
339 593 26
339 659 50
339 714 98
339 503 10
339 763 64
339 568 97
340 614 28
340 594 30
340 472 5
340 433 25
340 756 73
340 753 10
340 455 56
340 670 79
340 788 79
340 734 76
341 657 5
341 632 20
341 579 13
341 655 74
341 419 3
341 609 87
341 739 44
341 694 2
341 752 86
342 718 7
342 755 30
342 463 60
342 492 26
342 707 34
342 698 63
342 716 1
342 515 37
342 687 25
342 672 50
342 493 35
342 525 77
342 548 45
342 541 5
342 656 3
343 504 75
343 602 13
343 404 44
343 694 83
343 554 59
343 640 25
344 755 65
345 678 84
345 469 37
345 729 77
345 635 40
345 500 2
345 555 10
345 464 64
345 606 41
345 645 38
346 629 6
346 405 97
346 732 24
346 445 57
346 450 68
346 529 68
346 550 4
346 496 70
346 457 61
346 527 73
346 480 72
347 789 32
347 677 29
348 533 44
348 685 99
348 453 59
348 626 16
348 474 10
349 499 99
349 657 89
349 425 44
349 624 60
349 778 43
349 670 62
349 583 42
349 513 46
349 710 23
349 694 49
349 646 94
349 423 62
349 523 90
350 553 73
350 745 83
350 561 13
350 400 30
350 539 80
350 738 22
350 621 47
351 593 35
351 432 7
351 731 10
351 749 73
352 417 23
352 569 86
352 548 52
352 414 34
352 608 56
352 673 93
352 697 78
352 470 80
352 415 85
352 616 1
352 542 64
352 670 51
352 704 94
352 734 45
352 500 55
353 577 61
353 762 16
353 549 23
353 729 45
353 771 55
353 731 76
353 683 99
353 622 82
354 404 98
354 668 48
354 559 17
354 623 15
354 588 19
354 442 38
354 712 69
354 583 75
354 491 92
354 646 80
354 557 70
354 675 38
354 433 57
355 617 11
355 488 8
355 533 89
355 524 30
355 414 70
355 520 14
356 400 76
356 516 90
356 676 9
356 412 32
356 646 18
356 760 85
356 595 25
356 456 60
356 437 32
357 656 13
357 583 62
357 673 54
357 665 97
357 424 23
357 701 4
357 495 53
358 516 86
358 639 40
358 645 78
358 446 59
358 692 43
358 540 17
358 617 25
358 723 72
358 637 71
358 633 25
358 603 7
358 665 97
358 497 51
358 495 8
359 547 33
360 607 16
360 733 84
360 473 62
360 512 23
360 522 92
360 449 90
360 413 16
360 692 98
360 488 30
360 551 94
360 665 77
361 577 38
361 741 63
361 495 31
361 710 26
361 561 72
361 505 16
361 552 53
361 662 57
362 510 22
362 502 50
362 538 51
362 662 12
362 610 71
362 595 60
362 421 65
362 781 37
362 481 61
363 661 92
363 667 78
363 423 27
363 766 10
363 482 24
363 417 79
363 632 47
364 585 70
364 627 36
364 545 1
364 600 12
364 779 63
364 742 70
364 531 41
364 455 49
364 683 65
364 503 65
364 746 79
364 726 62
364 781 42
364 639 45
364 676 53
365 492 91
365 627 45
366 641 93
366 702 86
366 645 83
366 783 64
366 701 73
366 403 90
366 768 62
366 400 27
366 711 53
366 549 55
366 765 7
366 409 51
366 688 67
367 511 67
367 757 14
367 431 83
367 476 84
367 701 56
367 513 36
367 586 15
367 527 42
367 551 94
367 702 51
367 708 10
367 545 2
368 418 46
368 782 6
368 770 81
368 670 4
368 646 95
368 482 16
368 478 40
369 635 87
369 634 82
369 592 17
369 407 37
369 738 96
369 610 82
369 696 96
369 709 45
369 490 38
369 454 85
369 402 10
369 666 16
369 672 35
370 758 97
370 582 98
370 509 98
370 535 65
370 547 78
370 733 57
370 471 89
370 665 17
370 648 76
371 772 4
371 719 99
371 570 35
371 491 73
371 553 62
371 601 28
371 728 85
371 428 81
372 587 23
372 632 58
373 502 39
373 639 66
373 708 64
373 646 84
373 784 51
374 768 77
374 538 87
374 707 2
374 537 59
374 407 90
374 483 77
374 532 56
374 738 84
375 722 36
375 787 75
375 559 5
375 759 48
375 735 8
375 616 16
375 757 26
375 681 38
375 521 26
375 613 24
375 727 11
376 465 79
376 633 17
376 645 2
376 449 23
376 521 20
376 474 69
376 403 60
376 686 56
376 592 62
376 692 52
377 648 76
377 687 68
377 505 34
377 665 14
377 631 47
377 577 87
377 559 90
377 403 56
377 416 31
377 653 26
377 455 98
377 497 47
377 426 16
377 423 99
378 560 98
378 676 58
378 673 79
378 422 77
378 520 65
378 566 97
378 469 21
378 683 13
379 676 43
379 405 53
379 525 6
379 448 35
380 425 75
380 443 65
380 702 81
381 625 90
381 741 31
381 521 21
382 753 94
382 606 33
382 706 60
382 781 7
383 531 70
384 422 34
384 648 61
384 704 29
384 517 35
384 409 82
384 565 95
384 567 97
384 569 13
384 762 32
385 431 2
385 591 3
385 739 24
385 489 62
385 673 89
385 789 83
385 682 91
386 773 64
386 467 32
386 511 63
386 592 25
386 725 80
386 726 9
386 547 13
387 557 13
387 751 26
387 761 74
387 530 40
387 460 95
387 728 77
387 464 52
387 458 83
387 423 39
387 491 92
387 403 87
387 434 45
387 697 17
388 664 37
388 731 63
388 695 38
388 589 18
388 546 45
388 573 41
388 406 73
388 476 33
388 608 72
388 420 41
389 423 20
389 460 1
389 631 48
389 701 30
389 452 31
389 770 2
389 582 96
390 643 82
390 406 89
390 609 26
390 397 48
390 428 16
390 762 9
390 654 9
390 670 55
390 427 3
390 645 35
391 674 80
391 562 19
391 471 63
391 609 32
391 505 74
391 571 44
391 687 66
391 532 54
391 575 2
391 764 93
391 702 46
391 477 79
392 736 40
392 745 35
392 433 79
392 664 40
392 623 85
392 547 54
393 512 40
393 612 48
393 572 48
393 450 22
393 638 81
393 451 43
393 729 10
393 663 98
393 617 20
393 683 68
393 694 21
393 770 54
393 621 30
393 706 62
394 409 43
394 742 7
394 641 92
394 522 15
394 526 9
394 556 9
395 402 45
395 679 56
395 731 81
395 720 76
395 466 30
395 451 8
395 474 50
395 725 3
395 780 50
395 443 90
