534 2124
1 310 74
1 381 43
1 342 67
1 370 11
1 476 13
1 376 33
1 445 7
1 284 5
1 510 35
1 508 45
1 304 77
2 287 65
2 418 91
2 450 28
3 489 93
3 295 63
3 464 74
3 322 8
3 334 19
3 498 51
3 457 61
3 436 33
3 511 18
3 501 94
3 474 28
3 416 22
4 508 25
4 394 16
4 337 13
4 402 46
4 372 82
4 294 31
4 380 8
4 468 43
4 434 68
4 490 14
5 382 24
5 302 66
5 287 11
5 363 96
5 429 88
5 508 75
6 426 16
6 364 85
6 328 74
6 301 77
6 410 67
6 451 59
6 342 37
6 381 70
6 347 36
6 458 93
6 441 54
6 393 1
6 509 83
6 437 41
6 297 25
7 269 72
7 382 82
7 502 91
7 440 8
7 450 91
7 392 91
7 338 88
8 323 63
9 370 46
9 475 57
9 300 48
9 478 60
9 362 79
10 270 39
11 316 9
11 319 97
11 376 23
11 474 62
11 518 85
11 420 18
11 328 33
11 526 20
11 482 51
11 456 54
11 294 65
11 308 78
11 515 42
11 460 11
11 353 88
12 285 77
12 516 8
12 462 59
12 336 28
12 335 89
12 302 51
12 294 83
12 317 19
12 513 88
12 338 97
12 349 83
13 348 27
13 403 22
13 364 28
13 435 20
13 391 19
13 526 99
13 388 58
13 512 31
14 329 27
15 349 96
15 379 31
15 459 38
15 444 97
15 416 23
15 519 92
15 282 53
15 359 32
16 389 37
16 380 43
16 460 14
16 346 50
16 468 78
16 450 75
16 282 69
16 292 50
16 326 88
17 448 33
17 338 89
17 461 88
17 445 26
17 346 78
17 359 35
17 394 65
17 452 2
17 523 90
17 340 11
17 376 92
17 447 31
17 491 36
18 381 66
18 491 20
18 411 11
18 392 83
18 412 92
18 333 47
18 498 69
19 440 62
19 280 5
19 503 97
19 477 98
19 518 52
19 357 82
19 457 45
19 343 83
19 374 34
19 487 49
19 483 47
19 368 59
19 485 70
19 278 30
20 281 66
20 365 68
20 324 43
20 392 2
20 370 18
20 371 95
20 467 72
20 504 96
20 529 33
21 511 81
21 307 60
21 424 1
21 414 2
21 528 76
21 532 93
21 469 39
21 433 94
21 448 83
21 477 22
21 403 81
21 375 27
21 305 29
21 529 92
22 500 90
22 423 74
22 499 96
22 390 89
22 435 81
22 370 67
22 306 41
22 397 64
22 294 33
22 355 61
22 475 6
23 410 99
23 336 51
23 533 68
23 303 81
23 508 74
23 523 52
23 392 96
23 480 66
24 485 71
24 340 16
24 490 38
25 283 51
25 380 81
25 272 69
25 339 90
25 496 95
25 483 55
26 370 64
26 457 37
26 406 89
26 393 4
26 503 38
27 362 76
27 397 53
27 473 28
27 444 22
27 327 6
27 320 90
28 326 29
28 364 91
28 450 18
28 441 28
28 430 39
28 387 96
28 448 76
28 317 42
29 283 70
29 350 13
29 277 9
29 287 70
29 420 84
29 525 61
29 301 57
29 325 76
29 332 52
30 388 23
30 298 15
30 488 21
30 465 91
30 408 72
30 334 86
30 394 1
30 429 95
31 274 72
31 394 3
31 355 62
31 281 75
31 437 16
31 506 54
31 491 52
31 283 46
31 357 6
31 432 38
31 334 80
31 364 98
31 441 11
31 321 12
31 313 84
32 310 92
32 494 48
32 362 25
32 476 42
32 406 55
32 439 67
32 386 5
33 455 42
33 467 81
33 369 1
33 373 1
34 309 6
34 375 7
34 304 85
34 492 99
34 453 56
34 311 6
34 285 18
34 462 32
34 337 67
34 374 93
35 463 15
35 510 67
35 478 55
36 533 59
36 310 56
36 481 25
36 511 79
36 443 24
36 341 76
36 366 77
36 375 42
36 299 11
37 391 31
37 369 28
37 275 43
37 289 47
37 361 44
37 505 45
37 405 29
37 386 67
37 383 60
37 316 80
37 325 74
37 297 15
37 407 49
38 278 46
38 295 60
38 463 7
38 508 81
38 387 75
38 315 80
38 281 79
38 431 45
38 495 90
38 493 78
38 334 81
38 412 70
38 521 83
38 392 98
38 465 42
39 477 26
39 534 19
39 273 5
39 272 23
39 330 59
39 476 94
40 441 76
41 404 58
41 444 56
41 345 10
41 395 61
41 430 72
41 370 3
41 504 99
41 437 34
41 492 34
41 501 92
41 415 40
41 413 10
41 393 11
41 523 64
42 474 73
42 494 43
42 408 2
42 317 97
42 490 63
42 483 65
42 518 40
42 281 49
42 455 61
42 290 77
42 373 60
42 326 47
42 291 86
42 402 42
42 460 42
43 285 75
43 290 52
43 532 56
43 517 54
44 470 69
44 304 3
44 333 50
44 391 72
44 365 14
44 510 9
44 296 76
44 425 45
45 482 57
45 352 45
45 279 88
46 332 30
46 370 74
47 495 87
47 486 78
47 295 53
47 420 76
48 425 4
48 372 26
48 324 96
48 311 29
48 480 37
48 302 9
48 299 95
48 432 33
48 397 1
48 391 26
49 273 16
49 382 58
49 272 91
49 458 58
49 343 41
49 460 84
49 392 55
49 508 42
50 390 62
50 405 24
50 342 70
50 289 87
50 315 89
50 270 86
50 337 21
50 358 82
50 269 5
50 325 73
50 339 47
50 505 86
50 364 59
51 313 9
51 466 88
51 276 66
51 347 72
51 420 26
51 475 60
51 531 26
51 527 32
51 455 93
51 359 55
51 491 39
51 273 14
51 442 82
51 328 60
52 527 87
52 303 65
52 361 86
52 321 48
52 465 46
52 308 19
52 287 46
52 298 16
52 302 30
52 531 6
52 477 16
53 476 37
53 431 10
53 340 9
53 319 55
53 425 5
53 444 22
53 408 85
53 493 14
53 527 66
53 334 8
53 380 69
53 506 26
53 301 86
53 494 16
54 485 24
54 517 30
54 333 10
54 309 68
54 363 69
54 277 32
54 446 74
54 276 7
55 512 26
55 451 34
56 468 17
56 293 18
56 436 26
56 508 2
56 350 68
56 478 14
56 510 92
56 323 59
56 364 61
56 383 56
57 333 89
57 364 50
57 301 17
58 454 77
58 461 89
58 457 33
58 390 53
58 288 99
58 506 17
59 337 53
59 315 18
59 504 40
59 489 1
59 381 32
59 490 22
59 297 88
59 423 36
59 318 48
59 342 61
60 277 74
60 475 41
60 467 31
60 358 84
60 360 75
60 298 38
60 295 86
60 325 96
60 439 84
60 301 46
60 370 52
60 478 15
60 534 11
60 480 65
61 442 30
61 526 27
61 350 74
61 367 13
62 431 32
62 463 79
62 290 36
62 491 78
62 389 75
62 272 90
62 396 72
63 287 16
63 293 77
63 476 18
63 332 93
63 500 79
63 359 79
64 361 78
64 437 45
64 364 98
64 369 86
64 427 15
65 497 59
65 335 66
65 411 42
65 502 40
65 371 3
65 504 36
66 319 69
67 306 53
67 341 64
67 485 38
68 345 7
68 349 74
68 452 70
68 511 6
68 504 48
68 355 76
68 436 4
68 466 68
68 306 25
68 413 95
68 360 66
68 305 40
68 512 12
69 394 59
69 503 61
69 273 69
69 430 4
69 516 5
69 475 67
69 295 74
69 468 70
69 396 13
69 414 78
70 285 15
70 303 68
70 387 8
70 313 70
70 505 92
70 521 76
70 403 1
70 382 9
70 281 23
70 272 26
70 444 35
70 460 9
70 394 3
71 431 47
71 459 87
71 456 32
71 318 3
71 465 74
71 394 77
71 329 73
71 417 91
71 351 49
71 311 19
71 410 55
71 359 83
71 277 78
71 412 34
72 306 33
72 521 64
72 487 86
72 320 89
72 317 68
72 421 94
72 335 96
72 426 56
72 492 38
72 457 40
72 499 6
72 429 11
72 389 91
73 347 25
73 304 86
73 502 44
73 485 14
74 276 77
74 475 50
74 363 58
74 327 22
74 425 16
74 509 73
74 504 64
74 496 99
75 379 93
75 311 39
75 373 87
75 356 66
75 404 49
75 319 53
75 405 87
75 474 14
75 442 43
75 496 67
75 475 45
76 392 36
77 360 37
77 275 66
78 434 15
78 296 7
78 292 91
78 499 49
78 374 91
78 392 97
78 326 63
78 328 85
78 404 48
78 281 5
79 462 5
79 329 5
79 345 78
79 348 34
79 459 21
79 407 12
79 315 17
79 449 90
79 352 22
79 411 90
79 293 75
79 337 55
80 408 9
80 397 89
80 274 88
80 278 87
80 389 19
80 418 97
80 445 49
80 270 57
80 319 42
80 531 8
80 342 77
81 472 11
81 498 35
81 273 52
81 453 31
81 314 67
81 296 81
81 534 67
81 306 37
81 462 8
81 279 90
81 380 83
81 418 61
82 353 45
82 519 75
82 516 53
82 446 93
82 457 31
82 286 51
82 409 54
82 493 15
83 359 47
83 511 90
83 385 59
83 316 97
83 474 2
83 520 60
84 476 5
84 411 78
84 333 66
84 271 37
84 407 91
84 521 62
85 310 97
85 530 27
85 306 67
85 383 98
85 293 68
85 299 81
85 528 49
85 397 10
85 284 55
85 391 53
86 303 67
86 434 64
86 463 26
86 358 29
86 396 44
86 512 13
86 467 65
86 517 4
86 369 18
87 296 6
87 335 87
87 532 93
87 356 31
87 281 20
87 471 75
87 521 55
87 402 29
88 414 7
88 522 76
88 366 88
89 474 70
89 450 71
89 419 99
89 438 21
89 383 63
90 377 18
90 497 8
90 495 54
90 529 25
90 432 49
90 438 2
90 354 45
90 441 60
90 385 93
90 283 24
90 355 95
91 424 71
91 420 72
91 306 17
91 281 92
92 308 13
92 294 63
92 279 19
92 363 85
92 275 75
92 529 5
92 503 96
92 511 47
92 431 23
92 471 14
92 359 52
93 443 43
93 511 33
93 342 66
93 351 83
93 323 96
93 527 65
93 444 5
93 335 65
93 341 26
93 368 5
93 453 11
93 462 78
93 297 69
93 404 5
93 387 42
94 344 33
94 366 38
94 481 96
94 304 80
94 461 83
94 522 57
94 379 90
94 412 84
94 372 75
94 369 8
94 502 53
94 526 14
95 269 46
95 501 59
96 453 22
96 476 61
96 306 32
96 281 11
96 521 97
96 368 59
96 427 13
96 396 93
96 480 10
96 389 27
96 474 31
96 375 67
96 352 8
96 333 90
96 405 88
97 276 3
97 435 84
97 333 50
97 525 81
97 322 33
97 330 71
97 456 58
97 400 50
98 514 42
98 491 31
98 425 95
98 476 52
98 344 49
98 323 91
98 367 76
98 486 44
98 467 51
98 379 59
98 462 6
98 349 5
99 357 43
99 532 79
99 321 68
99 443 71
99 515 45
99 400 30
99 439 40
99 304 28
99 288 69
99 301 50
99 498 17
99 361 49
99 517 1
100 471 95
100 511 73
100 475 24
100 390 4
100 288 33
100 440 14
100 351 88
101 411 64
102 455 11
103 334 89
103 375 80
103 424 2
103 419 7
103 489 63
103 478 3
103 328 34
103 329 83
104 335 79
104 472 8
104 414 2
104 349 85
104 323 45
105 428 23
105 494 17
105 458 78
105 461 37
105 383 3
105 361 32
105 472 30
105 431 81
105 510 92
105 527 15
105 523 46
105 442 52
105 444 53
106 350 18
106 389 53
106 319 40
106 523 19
106 379 46
106 334 18
106 331 41
106 414 32
107 346 90
107 288 87
107 300 70
107 456 39
107 307 66
107 403 38
107 306 94
107 328 86
108 499 71
108 478 9
108 457 48
109 488 15
109 343 51
109 339 51
110 396 8
110 479 25
110 449 95
111 500 11
111 303 57
111 419 34
111 466 30
111 531 97
111 481 66
111 421 56
111 426 54
111 505 11
112 433 84
112 281 81
112 359 43
112 380 61
112 441 62
112 350 83
112 440 45
112 432 13
112 295 33
112 471 29
112 466 9
112 483 97
112 477 36
112 500 94
112 476 35
113 436 94
113 510 21
114 336 6
114 472 97
114 386 38
114 500 3
114 510 67
114 380 46
114 520 16
114 416 23
114 524 35
114 311 61
114 457 7
115 437 3
115 337 92
115 510 22
115 313 14
115 443 84
115 491 56
115 375 53
115 523 14
116 498 43
116 452 10
116 512 47
116 496 65
116 285 69
116 360 38
116 453 18
116 525 78
117 313 17
117 445 98
117 509 75
117 437 63
117 319 99
117 314 35
117 316 76
117 383 60
117 534 58
117 455 17
117 469 9
117 450 18
117 389 35
118 318 28
118 296 38
118 413 27
118 501 22
118 455 39
118 300 11
119 328 40
119 341 8
119 462 94
119 465 13
119 508 80
120 523 41
120 282 21
120 362 52
120 427 11
120 498 59
120 534 33
120 350 68
120 412 64
120 510 49
120 462 67
120 435 98
120 459 25
121 395 60
121 376 98
121 516 8
121 322 67
121 489 17
121 377 61
121 347 56
121 461 68
121 467 47
121 407 35
121 394 78
121 533 15
121 492 72
121 418 20
122 371 43
122 314 31
122 506 27
122 346 78
122 379 70
122 327 23
122 368 85
122 440 95
122 296 22
122 450 78
122 307 82
122 495 65
122 343 2
122 369 25
123 310 48
123 456 44
123 439 68
123 505 68
123 487 30
123 360 14
123 408 67
123 510 23
123 398 32
123 389 43
123 329 24
123 350 47
123 490 39
123 301 45
124 310 33
124 467 7
124 427 43
124 407 38
124 415 39
124 463 40
124 380 90
124 421 38
124 336 38
124 275 71
124 470 97
124 488 76
124 351 39
124 307 64
125 387 77
125 386 30
125 365 84
125 429 51
126 344 60
126 321 31
126 447 20
126 300 3
126 278 67
127 530 11
127 482 85
127 524 58
127 532 52
127 286 20
127 484 98
127 529 83
127 274 54
127 408 24
127 375 83
128 470 40
128 488 62
128 317 16
128 464 36
129 371 45
129 497 26
130 407 61
131 471 35
131 328 11
131 270 7
131 478 96
132 328 71
132 484 53
132 423 75
132 523 3
132 287 46
132 394 3
132 396 59
132 509 72
132 467 86
132 433 8
132 432 26
132 338 30
132 524 39
132 521 32
132 493 52
133 434 81
133 497 88
133 319 70
133 450 39
133 412 54
134 422 17
134 309 73
134 484 92
134 485 99
134 284 3
134 406 62
134 384 94
135 421 39
135 522 26
135 322 98
135 301 95
136 313 9
136 385 96
136 419 70
136 356 40
136 475 32
136 342 83
136 514 49
136 384 74
136 298 96
137 301 25
137 508 82
137 298 37
137 449 75
137 514 14
137 305 32
137 366 76
137 485 4
138 375 93
138 483 45
139 381 73
139 307 65
139 337 71
139 378 52
140 392 79
140 408 97
140 280 60
140 444 75
140 284 1
140 490 83
140 365 9
140 447 20
140 494 47
140 282 87
140 409 13
140 379 18
140 376 34
140 432 69
140 530 91
141 439 21
141 451 98
141 511 39
141 521 95
141 492 43
141 404 29
141 289 35
142 305 36
142 294 17
142 460 85
142 475 70
143 272 86
143 380 90
143 287 46
143 364 81
143 352 26
143 389 31
143 511 37
143 286 44
143 495 90
143 285 43
143 468 71
143 269 8
143 288 48
143 290 90
144 373 88
144 455 6
144 478 36
144 488 50
144 473 63
144 477 96
144 390 98
144 360 7
144 392 13
144 301 73
144 523 46
144 386 34
144 491 69
145 524 29
145 297 23
145 424 45
145 463 62
145 490 43
145 437 90
145 390 31
145 282 97
146 310 18
146 286 73
147 478 65
147 434 62
147 494 82
147 320 80
147 490 89
147 383 78
148 366 49
148 466 49
148 373 91
148 517 90
148 521 5
148 313 54
148 329 24
148 525 99
148 461 86
148 507 54
148 319 88
148 400 71
148 392 79
148 356 77
149 522 73
149 311 35
150 332 91
150 388 61
150 369 9
150 359 21
150 431 46
151 469 80
151 368 28
151 533 17
151 490 18
151 400 92
151 339 70
151 345 32
151 407 70
151 388 87
151 393 81
152 419 17
152 315 10
152 438 29
152 418 64
152 428 24
152 446 55
152 463 44
152 310 65
152 507 74
152 444 99
152 429 45
152 311 75
153 407 89
153 507 2
153 277 59
153 417 19
153 319 40
153 412 1
153 532 31
154 477 70
154 350 21
154 319 71
154 480 68
154 331 33
154 302 68
155 435 21
155 508 74
155 528 73
155 272 12
156 414 83
156 410 91
156 475 30
156 407 98
156 457 72
156 438 72
156 476 62
156 440 50
156 317 14
156 458 49
156 525 80
156 308 48
157 411 96
157 351 34
157 428 22
157 330 1
158 356 6
158 510 39
158 395 16
158 369 59
158 476 74
158 499 30
158 387 32
158 472 39
158 365 17
158 412 60
158 402 45
159 534 41
159 451 95
159 425 96
159 374 4
159 510 81
159 531 70
159 299 53
159 404 90
160 415 8
160 471 16
160 359 77
160 325 17
160 286 30
160 360 96
160 279 68
160 423 27
160 455 51
160 486 51
160 436 23
160 373 25
160 313 38
161 296 47
161 343 32
161 313 63
161 469 82
161 510 59
161 288 14
161 520 38
161 341 54
161 332 60
161 306 90
162 459 82
162 341 13
162 417 27
162 485 22
162 436 55
162 354 18
162 396 46
162 460 98
162 503 77
162 476 43
163 304 43
163 312 14
163 458 84
164 375 28
164 316 22
164 445 86
164 461 62
164 501 6
164 304 4
164 488 80
164 280 88
165 298 94
165 465 35
165 330 8
165 323 93
165 384 63
165 509 33
165 341 21
165 406 23
166 417 56
166 362 15
166 286 37
166 396 47
167 287 26
167 399 94
167 307 5
167 448 3
167 344 75
167 497 14
167 524 10
167 268 6
167 279 52
167 371 45
167 447 82
168 431 94
168 406 33
168 340 48
168 505 35
168 329 61
168 288 72
168 454 52
168 506 33
168 292 50
168 343 80
169 403 2
169 435 88
169 517 77
169 430 20
169 363 29
169 388 91
169 514 84
169 378 26
169 426 76
169 329 21
169 461 29
169 390 6
169 411 67
169 317 59
169 407 34
170 464 17
170 319 83
170 487 87
170 471 91
170 305 93
170 444 74
170 268 37
170 516 49
170 278 53
170 391 13
170 492 60
170 376 16
170 286 98
170 316 60
170 375 50
171 372 5
171 350 81
171 362 86
171 356 66
171 324 25
171 373 7
171 450 28
171 518 82
171 468 47
171 360 22
171 273 25
171 344 80
171 413 75
171 283 25
172 279 53
172 416 88
172 463 66
172 309 89
172 508 2
172 388 44
173 491 89
173 493 65
173 435 41
173 269 56
173 419 6
173 507 65
173 431 39
173 405 24
174 378 7
174 489 68
174 494 75
174 286 85
174 329 66
175 469 27
175 358 17
175 403 47
176 271 19
176 479 1
176 439 35
176 458 27
176 370 89
176 530 1
176 297 40
176 480 70
176 494 69
176 358 94
176 274 61
176 401 25
176 381 1
176 500 25
177 404 93
177 456 27
177 323 97
177 489 16
177 477 61
177 355 40
177 330 41
177 269 31
178 390 61
178 453 59
178 532 67
178 300 4
178 324 76
178 365 78
178 528 46
178 485 40
178 372 15
178 419 49
179 279 9
179 321 6
179 511 69
179 433 66
179 423 54
179 478 74
179 485 55
179 445 88
180 371 25
181 380 71
181 321 87
181 470 12
181 352 4
181 396 15
182 404 24
182 461 82
182 416 74
182 475 49
182 478 88
182 277 50
182 335 66
182 452 76
182 533 7
183 424 88
183 396 40
183 365 75
183 323 60
183 297 85
183 497 25
183 364 62
183 382 24
183 351 30
183 479 80
183 333 12
183 534 16
183 405 94
183 419 55
184 326 28
185 340 72
185 478 24
186 506 60
186 504 73
186 382 15
186 349 70
186 446 43
186 270 49
187 336 56
187 312 52
187 444 80
187 516 93
187 425 5
187 482 97
187 328 51
187 317 64
187 438 83
187 316 32
187 326 99
188 491 81
188 356 27
188 269 79
188 452 15
188 524 70
188 338 63
188 461 63
188 279 48
188 323 58
189 485 31
189 300 92
189 379 98
189 322 29
189 433 28
189 452 46
189 427 76
189 517 64
189 509 90
189 385 92
189 495 61
189 436 36
190 307 46
190 303 90
190 443 20
191 319 8
191 344 6
191 370 32
191 364 57
191 278 26
191 511 78
191 457 16
191 521 29
191 277 84
191 505 94
192 393 73
192 278 2
192 519 92
193 407 9
193 393 90
193 361 10
193 411 52
193 405 22
193 371 84
193 316 18
193 424 63
193 456 54
193 341 51
193 475 65
193 458 58
193 323 21
193 310 86
194 416 74
194 348 90
194 430 70
194 410 63
194 470 35
194 488 36
194 381 60
194 475 8
194 323 65
194 456 32
194 335 6
194 424 22
194 482 80
195 391 15
195 498 64
195 400 15
195 504 34
195 296 54
195 455 45
195 480 83
196 306 56
196 340 1
196 270 83
196 467 10
196 481 15
196 443 61
196 471 72
196 304 56
196 534 54
197 501 54
197 275 66
197 438 99
197 312 5
197 382 91
197 377 42
197 322 38
197 454 15
197 279 32
197 421 39
197 355 65
197 483 33
198 427 2
198 464 25
199 333 78
199 378 47
199 342 1
200 295 5
200 389 4
200 285 99
200 524 39
200 310 17
200 358 12
200 407 14
200 271 37
200 274 31
200 473 73
200 287 8
200 457 61
201 457 49
201 474 73
201 471 64
201 346 5
201 383 54
201 291 11
201 449 65
201 376 7
202 326 18
202 339 89
202 357 73
202 304 26
202 378 99
202 271 3
202 432 16
202 361 79
202 496 51
203 439 54
203 379 75
203 525 5
204 270 62
204 292 15
204 505 57
204 319 69
204 447 56
204 341 15
204 418 38
204 336 55
204 293 86
204 434 67
205 380 60
205 521 69
205 529 31
205 319 54
205 306 82
205 453 65
205 481 2
205 493 28
205 487 48
205 322 15
205 296 13
205 268 41
205 377 82
205 363 16
206 325 30
206 411 74
206 500 40
206 345 14
206 484 95
206 290 34
206 344 86
206 359 77
206 320 98
206 398 3
207 370 98
207 443 35
207 270 16
207 331 94
207 405 49
207 407 39
207 281 73
207 320 11
207 391 20
207 366 50
207 444 29
207 275 4
208 433 95
208 300 46
208 530 20
208 317 51
208 505 78
208 476 24
208 319 6
208 338 61
208 513 92
208 508 22
208 278 32
208 417 42
208 469 39
208 428 81
208 308 75
209 445 24
209 438 59
209 534 52
209 442 81
209 524 83
209 379 70
210 450 28
210 423 55
210 451 48
211 521 49
211 324 7
211 506 78
211 346 9
211 416 41
211 403 2
211 514 21
211 446 33
211 452 86
212 294 26
212 388 78
213 347 93
213 393 94
213 392 44
213 470 55
213 527 62
213 449 71
214 508 37
214 498 10
214 481 77
214 463 4
214 445 73
214 367 56
214 531 67
214 322 64
214 517 50
214 347 52
214 429 67
214 321 68
214 320 45
214 332 34
215 274 68
216 397 90
216 281 72
216 489 3
216 516 72
216 390 45
216 329 96
216 419 20
216 317 90
216 423 1
216 363 98
217 521 56
217 382 13
217 458 4
217 509 81
217 515 29
217 444 16
217 281 97
217 361 20
218 418 12
218 505 34
219 517 18
219 391 78
219 470 44
220 399 75
220 335 50
220 326 12
220 282 45
220 379 90
220 385 50
220 308 53
220 398 64
220 435 41
220 516 92
220 533 11
220 436 4
221 413 22
221 290 42
221 271 83
221 400 18
222 403 74
222 424 18
222 455 20
222 340 76
223 318 5
223 455 18
223 516 44
223 280 64
223 427 83
223 512 21
223 506 37
223 392 70
224 287 49
224 516 34
224 365 99
224 349 50
224 288 13
224 404 28
224 342 27
225 341 22
225 534 34
225 446 52
225 431 29
226 497 41
226 272 47
226 482 34
226 300 15
226 385 20
226 324 93
226 334 78
226 326 8
226 479 73
226 530 14
226 449 3
227 458 38
227 404 17
227 295 98
227 506 2
227 277 40
227 408 57
227 464 7
227 323 48
227 311 62
227 431 70
227 460 14
227 457 83
228 466 16
228 329 8
228 364 92
228 381 61
228 340 91
228 500 93
228 422 15
229 286 62
229 275 83
229 479 23
229 480 88
229 389 78
229 336 29
229 388 70
229 322 4
229 342 24
229 521 70
229 450 5
229 384 14
229 364 63
229 534 57
229 314 47
230 418 96
230 525 83
230 305 51
230 501 11
230 404 88
231 375 70
231 290 15
231 377 86
231 273 90
231 392 59
231 497 27
231 366 64
231 457 19
231 484 8
231 345 27
232 386 32
232 288 87
232 295 14
232 512 58
232 422 51
232 340 19
232 343 15
232 268 28
232 504 21
232 444 73
232 277 69
233 283 54
233 466 83
233 275 77
233 497 57
234 462 57
234 455 50
234 394 26
234 366 68
234 434 12
235 370 10
235 383 10
235 478 80
235 360 6
235 510 45
235 331 47
235 500 97
235 307 32
235 437 29
235 416 51
236 329 64
236 440 51
237 499 96
237 425 97
237 404 39
237 485 18
237 465 99
237 280 5
238 525 6
238 460 29
239 403 81
239 376 56
239 290 31
239 424 37
239 335 19
239 287 16
239 388 32
239 373 9
239 409 34
239 306 3
239 396 76
239 495 39
239 442 51
240 381 95
240 312 18
240 301 22
240 380 7
240 318 9
240 524 14
240 481 5
240 324 21
240 513 83
240 497 99
240 297 69
240 525 9
240 416 18
240 504 58
240 443 85
241 393 39
241 285 39
241 392 58
241 405 46
242 490 21
242 478 40
242 418 30
242 370 53
242 397 79
242 440 44
242 491 87
243 332 30
243 371 16
244 496 89
244 492 97
244 352 27
244 503 75
244 271 26
244 412 1
244 410 1
244 269 79
244 276 17
244 346 12
244 398 91
244 327 91
245 345 2
245 406 8
245 419 97
245 464 57
245 343 62
245 448 29
245 378 1
245 370 58
246 421 46
246 425 70
246 368 94
247 278 44
247 456 31
247 351 18
247 524 11
247 293 65
247 449 64
247 394 43
247 367 63
247 296 21
248 419 84
248 474 89
248 331 32
248 516 85
248 410 72
248 391 94
248 396 82
248 296 18
248 360 58
248 291 7
249 525 22
249 289 28
250 490 66
250 419 54
251 362 20
251 459 33
251 338 33
251 461 96
251 402 18
251 388 15
251 489 86
251 452 71
251 286 69
251 320 19
251 483 4
251 467 82
251 294 44
251 316 8
252 534 90
252 524 35
252 280 16
252 467 74
252 503 48
252 514 70
252 443 8
252 393 13
252 333 75
252 484 13
252 519 84
252 465 67
253 498 47
253 338 83
253 298 99
253 402 40
254 372 48
255 492 66
255 339 78
255 477 77
255 381 98
255 455 78
255 474 33
255 377 67
256 411 25
256 486 48
256 532 35
256 512 13
256 311 20
256 289 14
256 304 82
256 478 89
256 291 50
256 383 74
256 283 27
256 480 24
256 396 91
257 529 48
257 417 79
257 291 96
257 389 46
257 323 8
257 517 57
257 453 21
257 333 13
257 288 50
257 478 68
257 362 4
258 452 72
258 337 29
258 353 70
259 307 37
259 333 5
259 417 66
260 533 9
260 396 13
260 275 2
260 422 48
260 308 49
260 462 1
260 395 36
260 346 95
260 378 92
260 425 62
260 356 30
261 363 95
261 421 17
261 482 72
261 498 56
261 431 76
261 352 48
261 322 1
261 527 86
261 492 81
261 420 32
262 301 91
262 484 22
262 514 13
262 386 55
262 408 74
262 401 80
262 511 31
262 343 41
262 485 90
262 330 43
262 475 45
262 455 84
262 410 84
263 349 65
263 395 15
263 390 22
263 375 44
263 490 99
263 398 79
263 454 61
264 299 50
264 390 15
264 389 94
264 418 90
264 489 18
264 278 34
264 425 95
264 498 48
264 380 95
264 419 81
264 509 70
264 472 50
265 344 24
265 521 35
265 480 18
265 401 90
266 405 88
266 379 92
266 423 74
266 501 20
266 349 5
267 295 55
267 271 2
267 462 20
267 404 85
267 385 11
