577 2388
1 379 51
2 446 36
2 292 34
2 475 3
2 387 94
2 383 40
2 313 23
2 452 48
2 339 35
2 411 22
3 396 17
3 349 89
3 504 38
3 406 70
3 430 4
3 393 44
4 570 23
5 385 75
5 377 26
5 430 62
5 400 47
5 388 24
5 367 76
5 345 3
5 500 44
5 435 37
5 509 45
6 365 87
6 470 93
6 321 19
6 546 9
6 507 32
6 379 90
6 472 85
6 534 17
6 302 24
7 466 90
7 515 9
7 382 91
7 440 25
7 329 54
7 320 36
7 386 74
7 401 80
7 337 70
7 392 65
7 450 97
7 394 77
7 571 77
7 366 54
8 470 92
9 309 67
9 326 13
9 390 12
9 306 65
9 408 28
10 312 59
10 503 32
10 316 59
10 535 58
10 477 95
10 340 36
10 498 55
10 345 16
10 493 14
10 462 85
10 408 99
10 488 52
11 306 53
11 526 79
11 327 53
11 314 15
11 403 83
11 322 2
11 461 8
11 371 12
11 493 50
11 364 96
12 492 33
12 487 78
12 385 40
12 513 67
12 327 11
12 490 39
12 537 26
12 347 41
12 289 20
12 359 79
13 301 20
13 362 89
13 487 65
13 349 59
13 416 50
13 336 34
13 534 30
13 510 19
13 451 80
13 456 58
13 388 66
13 452 85
14 560 65
14 300 45
14 564 24
14 561 97
14 525 1
14 432 78
14 397 83
14 428 12
15 355 4
15 562 53
15 431 77
15 402 62
15 409 99
15 454 80
15 549 18
15 449 28
15 429 26
15 492 16
15 525 89
15 301 72
15 314 65
15 530 21
15 494 33
16 333 64
16 324 15
16 536 94
16 431 65
16 453 50
16 301 71
16 392 89
16 531 31
16 315 91
16 503 31
16 553 47
16 400 14
17 540 94
17 374 44
17 312 13
17 295 38
17 502 48
17 496 58
17 303 9
17 504 75
18 539 66
18 291 12
18 315 3
18 474 60
18 504 69
19 534 16
19 348 2
19 359 93
19 299 65
19 480 68
19 397 93
19 438 20
20 402 45
20 343 13
20 459 59
20 396 83
20 444 7
20 455 14
20 428 33
20 335 40
20 473 15
20 318 22
20 346 86
20 563 32
20 504 52
20 290 67
20 524 24
21 343 83
21 319 13
21 397 77
21 456 42
21 470 15
21 451 57
21 563 46
21 496 66
21 409 53
21 574 13
21 545 35
21 433 95
21 543 35
21 497 70
22 390 95
22 377 66
23 530 24
23 332 37
23 389 28
23 437 68
23 337 82
23 518 85
23 492 29
23 395 32
23 575 35
23 416 25
23 519 69
24 533 60
24 402 44
24 367 26
24 450 70
24 577 9
24 559 3
24 393 92
24 529 18
24 357 80
24 541 88
25 323 27
25 459 79
25 460 63
25 479 98
25 508 47
25 399 6
25 309 71
25 461 72
25 415 18
25 380 98
25 571 70
25 526 19
25 532 56
25 348 62
26 555 94
26 345 25
26 566 98
26 369 42
26 455 98
26 498 83
26 330 45
26 432 8
26 354 90
26 298 87
26 335 85
26 326 22
27 561 28
27 536 42
27 462 27
27 369 92
27 390 43
27 403 52
27 456 16
28 302 77
28 464 97
28 395 58
29 362 64
29 441 70
29 408 35
29 418 79
30 568 58
31 332 59
31 416 17
31 473 27
31 368 98
31 460 42
31 410 87
31 402 63
31 417 75
31 317 83
31 414 5
31 499 50
31 352 20
32 341 96
32 432 43
32 422 20
32 398 88
32 446 75
32 431 14
32 345 25
32 469 77
32 458 29
32 542 46
32 390 26
32 551 56
32 397 18
32 425 4
33 312 79
33 514 65
33 296 37
33 345 60
33 386 29
33 365 7
33 434 19
33 352 25
33 382 85
33 486 90
34 289 63
34 328 89
34 318 43
34 465 34
34 543 65
34 401 67
34 412 43
34 294 88
34 508 92
34 307 32
34 298 19
34 549 34
34 437 77
34 511 69
35 452 88
35 451 56
35 303 11
36 487 3
36 301 30
36 555 14
36 528 91
36 293 70
36 477 80
36 491 38
36 296 9
36 463 97
36 553 39
36 575 24
36 359 76
36 305 44
36 538 1
37 345 71
37 430 58
37 428 29
37 365 26
37 492 86
37 567 70
37 427 90
37 392 13
37 495 61
38 303 4
38 542 37
38 437 63
38 411 86
38 338 84
38 491 46
38 560 87
38 337 67
38 405 72
39 545 72
39 312 95
39 377 17
39 313 95
39 566 72
39 341 99
39 394 92
39 527 9
39 318 6
39 510 26
39 526 67
39 571 29
39 299 19
39 564 13
39 454 48
40 312 32
40 375 47
40 388 76
40 566 49
40 348 44
40 486 2
40 369 85
40 568 20
40 512 89
40 342 68
41 413 11
41 351 54
41 304 8
41 310 94
41 478 53
41 539 63
41 483 11
41 322 71
41 341 51
42 377 4
42 440 48
42 462 84
42 478 76
42 362 85
42 563 30
43 310 33
43 532 78
43 451 65
43 535 65
43 432 46
43 467 33
43 474 84
43 526 25
43 416 16
43 517 54
43 347 38
44 297 69
44 323 39
44 342 23
44 576 70
44 510 87
44 402 76
44 544 27
44 495 27
44 505 61
44 382 45
44 337 85
44 369 14
44 421 52
44 431 63
45 576 57
45 526 57
45 393 67
45 448 10
45 413 99
45 363 47
45 546 71
45 558 90
45 469 20
45 505 12
46 462 24
46 408 20
46 361 55
46 350 44
46 311 36
46 424 26
46 358 30
46 333 91
46 369 40
46 323 16
46 442 93
46 529 72
46 364 48
46 395 81
46 356 16
47 505 72
47 483 57
47 370 49
47 402 25
47 289 84
47 558 47
47 475 64
47 312 14
47 357 2
47 512 88
47 466 75
47 427 17
47 354 16
47 361 16
48 294 8
48 421 67
48 371 79
48 376 19
48 432 12
48 321 46
49 523 68
49 351 21
50 406 83
50 541 91
50 372 36
50 441 16
50 373 94
50 306 73
51 454 36
52 364 70
52 387 85
52 391 9
53 481 86
53 510 93
53 361 28
53 326 89
53 532 22
53 490 66
53 469 35
53 483 65
53 303 59
53 540 6
53 335 53
53 524 55
53 520 60
53 313 10
53 558 15
54 473 76
54 457 33
54 425 49
54 339 14
54 479 53
54 441 37
54 512 36
54 494 48
55 562 51
55 494 74
55 459 58
55 551 88
55 313 69
55 575 53
55 297 91
55 480 78
55 439 32
56 443 4
56 360 66
56 572 31
56 361 22
56 321 87
56 459 18
56 482 46
56 392 14
56 290 84
56 326 47
57 430 86
57 571 62
57 315 67
57 314 28
57 434 31
57 485 26
57 540 1
57 340 18
57 368 41
57 328 87
57 575 56
58 454 32
58 547 72
58 573 50
58 299 46
58 510 76
58 567 16
58 542 63
58 327 77
58 332 66
59 423 13
59 403 68
59 356 28
59 478 22
59 384 52
60 457 93
60 575 79
60 338 92
60 511 88
60 456 16
60 532 4
61 501 1
61 433 69
61 525 90
61 457 49
61 379 85
61 334 83
61 429 47
62 428 27
62 445 63
62 493 68
62 407 35
63 326 51
63 449 90
63 550 76
63 402 71
63 325 94
63 577 80
64 350 76
64 437 11
64 489 3
64 535 82
64 533 37
64 389 18
64 436 34
64 460 18
64 371 34
65 353 46
65 565 75
65 500 38
65 416 47
65 361 8
65 443 29
65 562 26
65 399 84
65 452 55
65 570 63
65 481 82
65 298 1
65 572 60
65 536 92
65 441 68
66 571 36
66 355 14
66 297 97
66 314 77
67 475 18
67 457 38
67 369 46
67 359 80
67 352 99
67 522 98
67 567 17
67 501 77
67 546 13
67 566 21
68 381 64
68 506 51
68 484 56
68 552 32
68 542 51
68 295 38
68 565 71
68 292 89
69 296 17
69 548 61
69 340 6
69 442 25
69 531 7
69 383 21
69 461 8
69 395 12
69 370 79
70 346 16
70 343 18
70 456 34
70 397 46
70 419 23
70 297 21
70 498 57
70 572 99
71 463 96
71 383 99
71 513 95
71 309 39
71 424 48
71 443 90
71 512 52
71 453 13
71 308 64
71 390 91
72 326 13
73 313 27
73 450 69
73 399 9
73 307 55
73 488 96
73 569 47
73 473 97
73 328 36
73 461 72
73 394 92
73 382 32
73 509 26
74 503 72
74 398 87
74 354 20
74 495 2
74 534 59
75 571 78
75 395 74
75 565 42
75 490 30
75 323 99
76 307 32
76 376 55
77 297 38
77 376 76
77 557 50
77 450 68
77 308 70
77 411 54
77 431 13
77 525 43
78 387 29
78 507 95
79 435 85
79 290 10
79 566 7
79 419 63
79 378 37
79 330 99
80 403 25
80 387 85
80 390 85
80 434 7
80 494 65
80 333 74
80 326 23
80 537 51
80 364 29
80 566 89
80 470 92
81 312 34
81 320 89
81 373 50
81 415 83
81 509 28
81 489 38
81 549 54
81 361 17
81 450 21
81 335 97
82 436 30
82 444 66
82 471 18
82 538 80
82 563 89
82 502 96
82 482 77
82 518 3
82 555 10
83 334 94
83 487 96
83 563 41
83 411 75
83 534 17
83 553 45
83 296 15
83 393 25
84 521 89
84 339 63
84 495 54
84 315 99
84 364 40
84 403 81
84 494 62
84 440 78
84 487 53
84 466 78
84 358 13
84 445 58
84 530 72
84 341 53
84 511 47
85 338 17
85 439 3
85 443 95
85 340 19
85 324 67
85 460 27
85 336 76
85 492 78
85 333 46
85 556 49
85 411 20
85 388 95
85 292 95
85 553 92
85 514 14
86 545 33
86 462 38
86 391 14
86 406 13
86 518 64
86 418 53
86 396 66
86 423 97
86 357 90
86 351 84
86 572 56
86 341 2
86 485 36
86 568 18
87 434 64
87 340 45
87 413 37
87 484 41
87 402 50
88 341 25
88 530 73
88 350 22
88 291 26
88 560 47
88 386 97
88 570 14
89 436 85
89 512 9
89 530 50
89 395 20
89 478 86
89 356 66
90 393 86
90 346 39
90 498 46
90 332 74
90 309 44
90 560 59
90 550 88
90 465 93
90 573 50
90 296 5
90 342 5
90 463 35
90 554 11
91 456 26
91 357 40
91 400 60
92 492 81
92 509 4
92 329 82
92 403 54
92 516 46
92 436 68
93 430 41
94 492 11
94 349 13
94 388 66
94 378 16
94 379 51
94 314 68
94 484 58
94 525 48
94 356 70
94 564 98
94 359 90
94 410 16
94 358 97
94 558 72
95 296 90
95 572 1
95 506 78
95 501 52
95 305 57
95 348 74
95 557 69
95 444 18
95 418 91
95 573 37
96 425 72
96 487 73
96 567 26
96 407 28
96 351 46
96 322 38
96 456 32
96 309 20
96 347 18
96 405 98
96 473 35
96 495 61
96 541 78
96 437 44
96 359 38
97 389 26
97 370 92
97 330 56
97 567 35
97 422 36
97 529 21
98 396 10
98 522 43
98 507 88
98 375 90
98 414 4
98 480 5
98 513 2
98 482 89
98 547 93
99 393 72
99 467 93
99 574 22
99 535 30
99 526 43
100 326 77
100 531 43
100 338 31
100 499 2
100 346 33
100 401 66
100 365 70
100 543 97
100 352 98
100 524 38
100 537 29
100 457 22
101 377 34
101 294 15
101 430 31
101 473 82
102 460 13
102 462 82
102 421 55
103 331 16
103 406 62
103 411 30
103 500 37
103 503 37
103 400 43
103 437 34
103 548 31
103 362 31
103 431 25
103 440 26
103 447 41
103 293 40
104 373 49
104 318 2
105 572 61
105 446 83
105 542 61
105 312 55
105 468 3
105 521 69
106 409 51
106 459 13
106 378 44
107 571 51
107 531 62
107 363 81
107 352 70
107 369 87
107 379 58
107 489 12
107 509 59
107 377 12
107 423 66
107 476 14
107 542 80
107 394 47
107 381 6
108 394 94
108 305 58
108 493 98
108 373 36
108 547 39
108 346 73
108 443 73
108 522 96
108 465 89
109 457 73
110 440 33
110 462 53
110 355 48
110 380 21
110 333 57
110 311 80
110 474 86
110 555 64
110 408 50
110 357 86
110 376 86
110 367 74
111 413 62
111 441 63
111 519 44
111 542 73
111 385 13
111 481 67
111 436 30
111 509 73
111 307 35
111 416 21
111 328 15
112 374 77
112 409 67
112 482 96
112 416 4
112 298 34
112 475 13
112 336 40
112 489 71
112 455 54
112 337 73
112 335 8
113 331 37
113 431 34
114 498 10
114 403 91
114 330 2
114 325 31
114 507 79
114 415 50
114 459 31
114 422 61
114 483 19
114 502 20
114 557 96
114 369 36
114 402 91
115 570 66
115 422 60
116 316 6
116 465 67
116 536 16
117 570 39
117 427 13
117 399 39
117 459 71
117 329 53
117 455 61
117 324 77
117 364 53
117 394 52
117 498 10
118 531 15
118 539 33
118 516 2
118 394 54
118 554 27
118 380 10
118 399 63
118 367 22
118 492 65
118 564 98
118 577 94
119 318 85
119 395 90
119 511 53
119 469 59
119 463 48
119 493 99
119 289 67
119 571 42
119 444 46
119 473 79
119 329 66
120 554 86
120 509 58
120 443 69
120 466 25
120 538 95
120 423 39
120 346 38
120 377 41
120 292 53
120 347 27
120 415 97
120 441 21
121 465 46
121 445 85
121 533 18
121 495 43
121 386 10
122 492 81
122 570 3
122 512 39
123 353 41
123 395 68
123 564 22
123 439 54
123 449 22
124 504 85
124 343 12
124 347 6
124 498 61
124 299 10
124 417 11
125 514 7
125 510 31
125 407 49
126 506 46
126 489 44
126 549 84
127 359 2
127 386 15
127 576 25
127 337 83
127 334 25
127 365 46
127 346 67
127 429 87
127 414 70
127 513 7
127 331 73
127 379 30
128 562 57
128 475 58
128 560 60
128 365 43
128 292 41
128 357 25
128 520 19
128 361 37
128 336 16
128 399 3
128 307 10
128 557 27
128 552 33
129 370 79
129 312 44
129 398 16
129 373 91
129 325 89
129 466 97
129 441 39
129 401 74
129 348 58
129 428 8
129 574 67
129 495 78
129 372 55
129 363 16
129 375 23
130 424 54
130 439 66
130 433 52
130 373 78
130 320 38
130 506 76
130 412 5
130 545 51
130 489 51
130 417 63
130 314 89
131 515 24
131 315 28
131 380 7
131 366 69
131 455 98
131 428 6
131 432 97
131 307 51
131 319 45
131 294 2
131 323 51
131 374 96
131 410 80
132 501 10
132 515 34
132 296 55
132 439 98
133 575 51
133 539 93
133 494 65
133 461 85
133 411 9
133 413 95
133 467 82
133 532 50
134 477 51
134 430 31
134 462 88
134 486 57
134 440 75
134 490 92
134 463 65
134 322 29
135 496 1
135 329 74
135 521 11
136 356 67
136 452 89
136 418 9
136 405 62
136 347 81
136 541 5
136 534 71
136 294 21
136 475 3
136 538 70
136 338 72
136 558 69
137 567 4
137 309 21
138 547 7
138 531 1
138 565 57
138 474 98
138 568 5
138 408 15
138 467 33
138 410 25
139 512 20
139 497 48
139 477 74
139 467 9
139 468 94
139 377 70
139 399 10
140 356 86
140 471 68
140 330 80
140 331 36
140 295 23
140 355 87
140 504 9
140 576 42
140 436 32
140 291 83
140 470 81
141 505 38
141 412 74
141 501 80
141 443 80
141 468 79
141 367 61
141 543 85
142 336 36
142 518 68
142 526 91
143 297 9
143 567 30
143 412 95
143 333 59
143 345 78
143 404 43
143 295 70
143 450 61
143 517 87
143 354 73
143 539 10
143 385 1
143 557 11
143 389 17
143 540 2
144 350 92
144 476 34
144 420 80
144 405 33
144 574 97
144 576 59
144 487 26
144 389 15
144 323 23
145 390 76
145 411 58
145 346 45
145 444 40
145 415 69
145 522 13
145 345 24
145 323 58
145 306 2
145 521 19
145 460 78
145 519 38
145 321 84
145 573 76
145 309 45
146 440 45
146 451 38
146 404 80
146 463 45
146 368 11
146 405 71
146 367 37
146 569 64
146 438 63
146 386 78
147 566 87
147 299 28
147 369 5
147 311 4
147 336 70
147 405 32
148 327 82
148 459 15
148 487 73
148 412 82
148 440 21
148 501 98
148 354 31
148 522 92
148 521 74
148 467 49
148 534 52
149 409 99
149 554 92
149 392 39
149 336 64
149 516 8
149 458 57
150 497 36
150 563 88
150 332 60
150 355 79
150 295 81
150 318 5
150 401 51
150 356 40
151 515 94
151 498 81
152 497 61
152 493 82
152 378 85
152 559 20
152 302 55
152 530 31
152 327 86
153 540 95
153 302 23
153 460 12
153 424 93
153 390 25
153 481 46
153 575 7
153 289 88
153 301 70
153 484 61
153 321 20
153 373 38
153 455 71
153 451 25
154 498 14
154 573 79
154 393 70
154 481 68
154 382 15
154 328 11
154 433 53
154 330 2
154 296 11
154 312 22
154 344 43
155 473 26
155 319 18
156 379 69
156 383 10
156 477 89
156 494 30
156 475 96
156 483 68
156 391 6
156 485 44
156 542 41
156 320 96
156 400 64
156 343 12
156 405 42
156 482 53
157 535 90
157 334 11
157 296 43
157 458 32
157 564 2
157 486 23
157 338 57
158 502 47
158 395 4
158 549 15
158 452 51
158 401 40
158 335 20
158 444 34
158 391 93
158 547 13
158 306 89
158 394 51
158 516 98
158 473 29
159 553 37
159 291 78
159 395 81
159 376 31
159 429 24
159 379 69
159 350 66
159 505 81
159 378 73
159 502 82
159 392 7
159 475 57
159 387 73
160 466 58
160 439 62
160 297 91
160 470 67
160 334 90
160 532 42
160 570 3
160 369 61
160 512 23
160 517 7
160 373 74
160 495 79
160 524 57
160 507 48
160 431 71
161 300 50
161 544 29
162 574 7
162 359 14
162 293 13
162 351 14
162 477 16
162 346 12
162 536 30
162 461 12
162 575 9
162 305 32
162 335 57
162 348 75
163 526 74
163 452 21
163 502 9
163 397 93
163 298 67
163 470 62
163 518 72
163 546 2
163 473 45
163 356 99
163 456 9
164 511 95
165 420 68
165 363 15
165 341 72
165 491 8
165 426 52
165 535 66
165 390 21
165 499 94
166 376 31
166 397 44
166 412 76
166 375 93
166 360 45
166 572 60
166 352 43
166 465 50
166 458 62
167 546 56
167 361 82
167 294 10
167 322 46
167 316 85
167 375 48
167 362 86
167 577 65
168 514 85
168 473 89
168 474 86
168 413 99
168 393 48
168 329 84
168 500 8
168 541 5
168 421 17
168 499 45
169 424 1
169 531 40
169 330 22
169 309 60
169 478 42
169 379 12
169 383 62
169 447 45
169 551 30
169 410 45
169 469 16
169 575 49
169 421 8
169 542 20
170 415 22
170 329 40
170 314 88
170 405 17
171 535 99
171 363 50
171 324 83
171 524 67
172 501 85
172 576 42
172 559 67
172 320 77
172 361 35
172 388 95
172 332 82
172 536 60
172 480 68
172 410 88
173 541 29
173 302 15
173 415 42
173 573 11
173 557 40
173 419 95
173 342 41
174 334 97
174 475 84
174 341 40
175 323 19
175 491 42
175 460 50
175 515 36
175 305 82
175 435 66
175 299 78
175 350 9
175 495 95
176 406 90
176 555 5
176 380 66
176 401 62
176 416 34
177 310 54
177 425 80
177 328 92
177 519 64
177 420 76
177 529 67
177 452 63
177 316 69
177 477 76
177 409 27
178 405 21
178 309 93
178 560 78
178 478 12
178 294 1
179 417 92
179 525 76
179 406 2
179 479 66
179 451 43
179 316 48
179 389 44
179 469 92
179 349 31
180 447 95
180 474 68
180 437 18
180 481 74
180 444 65
180 292 78
180 441 84
180 321 62
180 487 52
180 436 9
180 400 56
181 371 60
181 328 4
182 327 76
182 473 22
182 350 17
182 471 77
182 329 49
182 513 65
182 482 23
182 400 16
183 541 89
183 453 88
183 298 66
183 289 9
183 437 3
183 397 14
184 338 3
184 360 1
184 327 20
184 293 85
184 420 11
184 328 87
184 506 62
184 507 69
184 402 8
184 446 50
184 527 88
184 569 5
185 337 98
185 389 43
185 443 59
185 367 41
185 335 69
185 412 55
185 421 40
185 327 89
186 308 1
186 555 80
186 542 49
186 362 65
186 330 99
186 517 78
186 568 70
186 571 15
186 440 6
186 462 79
186 379 51
186 497 66
186 350 62
186 534 64
186 332 82
187 301 61
187 576 33
188 421 23
188 358 46
188 461 72
188 564 41
188 491 7
188 541 14
188 348 67
188 441 88
188 299 44
188 508 67
188 531 79
188 313 57
188 554 48
188 478 19
189 340 12
189 350 68
189 329 13
190 576 14
190 566 22
190 517 52
191 294 54
191 353 86
191 479 32
191 517 18
191 564 47
191 432 63
191 399 28
192 323 98
192 414 23
192 454 43
193 506 34
193 425 61
193 569 97
193 340 8
193 399 47
193 560 10
193 365 68
193 557 49
193 351 93
193 487 66
193 438 81
194 307 76
194 299 55
194 483 11
194 560 90
194 572 58
194 533 58
195 557 61
195 482 40
195 528 97
195 455 49
195 499 51
195 300 60
195 313 10
195 361 79
195 298 37
195 478 14
195 464 55
195 497 94
195 477 43
195 388 85
195 571 69
196 492 66
196 359 2
196 567 34
196 525 19
196 304 59
196 489 40
196 537 72
197 385 2
197 493 99
197 365 64
198 554 20
198 526 56
198 417 70
198 338 77
198 367 31
198 414 21
198 475 27
198 291 88
198 555 6
198 548 67
198 359 59
199 374 25
199 487 93
199 355 83
200 465 2
200 567 88
200 538 29
200 303 10
200 313 95
201 569 14
201 489 55
201 293 50
201 297 80
201 562 13
201 356 11
201 522 54
201 471 77
201 359 71
201 294 98
202 393 18
202 385 88
202 349 38
202 350 97
202 414 85
202 418 31
202 351 5
202 491 39
202 569 2
202 434 6
202 522 93
202 289 28
203 439 6
203 395 37
203 423 19
203 458 10
203 532 41
203 351 9
203 473 50
203 378 18
203 535 71
203 505 12
203 334 62
204 430 6
204 408 86
204 346 9
204 373 70
205 354 75
205 392 57
205 559 67
205 390 77
205 294 43
205 306 55
205 339 90
205 437 88
205 476 79
205 389 21
206 319 27
206 335 8
207 343 53
207 435 96
207 455 49
207 510 28
207 352 4
207 302 3
207 541 85
207 339 50
207 451 14
207 497 62
207 296 3
208 423 70
208 369 45
208 348 28
208 499 54
208 372 28
208 512 7
209 333 26
209 512 32
209 424 12
209 458 77
210 417 61
211 408 30
211 535 81
211 345 35
211 539 29
211 440 50
211 348 72
211 488 15
211 304 49
212 502 39
212 552 89
212 475 14
212 571 1
212 359 97
212 514 21
212 304 23
212 519 83
212 350 59
212 383 4
212 480 1
212 460 59
212 547 57
212 378 13
212 554 55
213 387 96
214 291 32
214 554 16
214 497 2
214 555 63
214 451 82
214 382 54
214 488 88
214 471 16
214 294 31
214 571 92
214 489 67
214 346 67
214 525 93
214 481 75
215 379 53
215 424 14
215 524 35
215 475 64
215 518 24
215 568 14
215 396 56
216 482 45
216 396 30
216 487 33
216 514 6
216 558 23
216 439 67
216 446 29
216 368 11
216 522 18
216 341 5
216 379 17
217 327 27
217 359 38
217 524 96
217 390 34
217 381 71
217 371 52
217 466 66
217 508 85
217 310 1
217 318 97
217 293 70
218 577 5
218 341 53
218 456 55
218 532 90
218 319 83
218 408 50
218 447 87
218 556 25
219 345 92
219 304 88
219 448 41
219 541 40
219 445 87
219 508 85
219 321 68
219 426 58
219 491 60
219 545 86
220 435 59
221 369 6
221 308 13
221 477 88
221 423 50
221 383 40
221 435 55
221 391 78
221 466 20
221 476 43
221 452 82
221 340 98
221 515 38
221 506 14
221 560 59
222 338 74
222 402 25
222 471 80
222 400 50
222 303 32
222 559 83
222 344 79
222 365 23
222 426 92
222 513 13
222 441 29
223 371 86
223 397 97
223 351 10
223 577 48
223 289 3
223 293 94
223 550 7
223 437 98
224 473 41
224 314 92
224 301 57
225 295 17
225 447 3
225 429 16
225 345 36
225 489 6
225 508 31
225 290 45
225 339 43
225 512 93
226 431 51
226 400 27
226 324 81
226 557 13
226 387 61
226 542 88
226 401 8
226 574 28
227 571 4
227 536 80
227 383 82
227 368 21
227 390 76
227 392 22
227 340 53
227 510 57
227 533 68
228 436 71
228 442 40
228 376 87
228 459 92
228 524 40
228 297 72
228 401 66
229 308 18
229 515 9
229 293 77
229 439 35
229 382 96
229 436 78
229 533 48
229 497 78
229 465 50
229 542 19
229 313 77
230 473 59
230 520 16
230 477 96
230 444 87
230 307 15
230 496 87
230 489 78
230 368 95
230 327 60
231 437 10
231 575 37
231 335 41
231 505 81
231 365 62
231 577 78
231 343 37
231 518 59
231 377 5
231 549 55
231 563 1
231 337 12
231 381 55
232 442 16
232 420 95
232 525 53
233 471 12
233 505 73
233 376 31
233 485 25
233 370 32
233 516 5
233 493 70
234 510 57
234 441 44
234 316 94
234 385 42
234 322 71
234 454 84
234 356 26
234 366 1
234 295 14
234 393 44
234 360 12
234 533 57
234 442 80
235 453 67
235 342 95
235 466 73
235 424 19
235 428 42
235 417 89
235 291 73
235 464 94
235 542 18
235 533 66
235 434 5
235 314 1
236 379 2
236 543 35
236 567 3
236 449 14
237 411 47
237 366 71
238 452 29
238 530 5
238 461 67
238 314 83
239 436 37
239 316 67
239 565 36
239 453 65
239 457 75
239 317 78
239 558 55
239 500 86
239 432 67
239 481 43
239 381 58
239 354 15
239 414 85
239 508 16
239 554 1
240 421 12
240 367 83
240 308 43
240 330 31
240 304 75
240 494 39
240 428 77
240 465 89
240 488 41
240 500 70
240 319 50
240 446 23
240 392 86
240 467 66
241 540 73
241 403 83
241 435 52
241 432 14
241 437 83
241 354 59
241 377 6
241 364 82
241 405 76
241 334 14
241 428 94
241 524 40
242 474 31
242 384 99
242 485 62
242 481 42
243 376 86
243 320 49
243 452 87
243 441 14
243 561 36
243 544 88
244 465 85
244 389 73
244 543 91
244 534 44
244 576 59
244 400 78
244 396 94
244 542 94
244 546 26
244 419 55
244 529 69
244 557 21
245 405 94
245 486 59
245 332 6
245 291 2
246 574 2
246 454 56
246 547 94
246 367 30
246 569 7
246 393 30
246 303 36
246 415 36
246 345 9
246 305 78
247 349 28
247 387 99
247 419 83
247 469 1
247 491 36
247 549 72
247 543 31
247 412 85
248 407 98
248 511 78
248 321 22
248 560 39
248 381 1
248 344 28
248 432 87
249 406 82
249 562 87
249 467 39
249 565 70
249 450 11
249 538 5
249 378 3
249 549 37
249 387 85
249 398 48
249 438 31
250 449 19
250 343 6
250 379 81
250 394 56
250 485 38
250 320 56
250 398 36
250 376 80
250 450 50
250 434 95
250 520 11
250 498 26
251 362 20
251 351 97
251 421 89
251 565 10
251 563 61
251 513 27
251 538 79
251 375 62
251 298 56
252 415 67
252 449 42
252 477 25
252 427 42
253 379 96
253 519 65
253 450 97
253 434 74
253 551 25
253 465 63
253 535 98
253 457 53
254 454 6
254 474 53
254 313 25
254 322 4
254 418 42
254 533 41
254 417 66
254 524 4
254 355 20
254 566 77
254 464 92
254 502 71
255 562 62
255 402 20
255 462 73
255 477 22
255 433 95
255 440 42
255 560 10
255 541 7
255 523 85
255 297 75
255 470 51
255 544 64
255 575 57
256 561 15
256 375 41
256 525 90
256 573 39
256 405 7
256 472 26
256 480 33
256 400 13
256 378 73
256 489 15
256 504 44
256 535 64
257 521 6
257 468 19
257 383 85
258 540 14
258 507 59
258 422 36
258 534 90
258 336 49
258 549 54
258 362 79
258 321 77
258 384 91
258 474 75
258 555 78
259 465 83
259 420 53
259 356 92
259 421 67
259 313 30
259 433 2
259 438 61
259 408 47
259 571 28
259 348 1
259 319 75
259 343 65
260 313 14
260 551 51
260 476 59
260 386 58
260 328 89
260 361 6
260 429 30
260 387 58
261 325 89
261 441 23
261 552 24
261 513 92
261 404 27
261 451 40
261 541 60
261 309 15
261 576 4
261 502 35
261 469 63
261 490 99
262 437 63
262 402 28
262 318 43
262 377 80
263 552 20
263 495 6
264 477 84
264 367 42
264 372 4
264 312 59
264 576 91
264 389 84
264 422 38
264 575 94
264 435 22
264 483 40
265 367 90
265 490 95
265 319 89
265 557 72
265 338 62
266 323 18
266 534 89
266 318 60
266 327 30
266 320 99
266 419 41
266 560 90
266 401 42
266 482 46
266 402 43
266 362 92
267 528 38
267 331 76
267 454 3
267 469 85
268 426 9
268 362 79
269 490 38
269 406 83
269 351 21
269 407 88
269 312 55
269 430 30
269 308 32
269 390 39
269 411 55
269 445 33
270 423 18
270 557 21
270 457 25
270 574 8
270 307 45
270 465 91
270 443 37
271 526 45
271 390 39
271 489 82
271 382 50
271 564 21
271 349 65
271 506 93
271 484 1
271 440 58
272 475 16
272 463 98
272 471 47
272 483 62
272 448 91
272 296 37
272 494 31
272 489 12
272 304 57
272 468 7
273 458 51
273 567 74
273 325 63
273 573 59
273 516 29
273 378 90
274 334 45
274 435 9
274 293 73
274 450 21
275 414 21
275 367 36
275 289 48
275 312 46
275 364 39
275 347 57
275 383 46
275 523 26
275 445 29
275 476 18
275 513 19
275 559 28
275 518 87
275 397 97
276 368 14
276 414 33
276 554 92
276 428 92
276 415 41
276 509 81
276 499 90
276 346 13
277 410 51
277 417 39
277 414 41
277 395 62
277 345 82
277 471 80
277 302 53
277 490 59
277 358 75
277 369 57
277 295 21
277 430 79
277 498 37
278 533 80
278 560 50
278 342 1
278 343 23
278 349 35
278 576 90
278 558 5
278 486 83
278 543 39
278 310 87
278 317 24
278 293 86
279 435 65
279 367 45
279 544 95
279 373 98
279 515 52
279 398 68
279 338 92
279 420 31
279 331 9
279 545 84
279 311 9
279 449 6
279 317 77
279 444 75
280 307 66
280 412 72
280 507 69
280 320 42
280 460 62
280 526 7
280 446 8
280 291 61
280 509 34
280 411 82
281 505 91
281 429 70
281 323 6
281 442 91
281 570 85
281 486 30
281 358 12
281 512 51
282 505 17
282 311 76
282 493 17
282 532 36
282 413 58
282 483 61
282 429 24
282 299 89
282 376 29
282 326 49
282 416 28
282 530 96
283 357 42
283 292 94
283 482 46
284 551 60
284 405 24
284 486 32
284 499 14
284 542 96
285 392 26
285 396 17
285 471 78
285 487 5
285 385 12
285 466 14
285 553 8
285 403 81
286 382 62
286 516 1
286 548 45
286 573 78
286 497 73
287 484 58
287 555 88
287 386 2
287 435 58
287 493 31
287 471 15
287 572 9
287 483 19
287 462 73
287 360 78
287 320 58
287 538 33
287 478 38
287 513 41
288 314 96
288 295 25
288 540 46
288 447 67
288 389 53
288 424 17
288 520 15
288 573 26
288 332 1
288 411 97
288 400 12
288 500 24
288 326 45
