816 3278
1 498 31
1 582 62
1 535 98
1 812 86
1 682 42
1 532 55
1 527 17
1 664 49
1 608 78
1 630 75
1 445 32
1 589 7
1 769 17
1 548 82
1 688 10
2 621 69
2 504 23
2 809 20
2 609 99
2 601 20
2 704 73
2 707 41
2 595 36
3 411 94
3 662 60
3 711 26
3 456 29
3 515 90
3 606 53
3 538 5
3 661 81
3 745 2
3 436 36
3 592 97
3 704 27
3 724 75
4 771 5
4 782 21
5 666 61
6 602 2
6 452 74
6 467 28
6 741 45
6 764 39
6 591 79
7 694 94
7 741 75
7 611 7
8 694 5
8 645 12
8 626 21
8 752 95
8 530 26
8 682 71
8 769 27
8 561 89
8 524 27
8 655 4
8 459 26
8 516 16
9 661 27
9 451 27
9 734 96
9 714 74
9 458 93
9 446 30
9 643 71
9 579 19
10 569 56
10 810 35
11 760 65
11 737 3
11 764 59
11 681 98
11 453 45
11 728 46
11 614 96
11 458 97
11 441 16
11 559 65
11 763 50
12 789 22
12 741 86
12 497 41
13 686 83
14 707 86
14 551 76
14 753 65
14 664 70
14 489 37
14 721 48
15 573 1
15 645 94
15 703 45
15 785 74
15 542 48
15 656 32
15 484 70
15 633 45
15 458 49
15 586 24
16 414 57
16 697 51
16 480 70
16 743 47
16 661 19
16 466 36
16 587 28
16 511 26
16 504 81
16 657 93
16 742 30
16 534 88
16 765 61
17 710 65
17 712 5
17 679 40
17 667 55
17 767 90
17 505 8
17 656 54
17 451 7
17 415 48
18 492 19
18 728 86
18 490 64
18 715 8
18 719 15
18 688 24
18 670 96
18 740 14
18 564 27
18 552 52
18 417 66
19 480 42
19 781 93
19 706 70
19 695 17
19 486 93
19 795 65
19 626 50
19 426 48
19 648 39
19 520 89
19 754 44
19 563 19
19 649 13
19 761 34
19 622 79
20 507 69
20 490 9
20 515 77
20 779 79
20 690 38
20 600 95
20 659 18
20 750 9
20 792 32
20 688 83
20 608 82
20 632 11
20 803 22
20 411 5
21 622 29
21 720 67
21 641 67
21 714 77
21 778 22
21 480 19
21 427 72
21 677 35
21 806 24
21 457 61
21 789 26
21 790 57
22 475 7
22 775 67
22 704 59
22 641 75
22 482 68
22 446 52
22 454 73
22 525 35
22 696 54
22 530 88
22 772 37
22 719 47
23 595 15
23 810 71
23 439 25
23 646 85
23 550 39
23 541 33
23 757 12
23 745 54
24 724 29
24 413 43
24 436 10
24 471 22
24 654 77
25 700 41
25 552 90
25 687 15
25 777 8
25 457 35
25 621 84
26 566 16
26 508 54
26 586 80
26 713 89
26 585 50
26 577 49
26 604 56
26 761 15
26 593 31
27 578 37
28 491 86
28 648 51
28 775 41
28 627 30
28 658 20
28 804 63
28 547 51
28 654 94
29 699 86
29 613 95
29 419 91
29 608 50
29 724 71
29 641 28
30 659 63
30 812 57
30 671 37
30 810 98
30 762 28
30 653 61
31 468 59
31 654 27
31 772 19
31 589 5
31 549 22
31 585 92
31 540 34
31 816 81
31 674 74
31 659 36
31 572 82
31 715 19
31 742 80
32 448 17
32 527 42
32 470 92
32 483 69
32 812 92
32 814 57
32 625 77
32 789 40
32 702 20
32 793 22
32 669 39
32 780 93
32 616 66
33 418 82
33 724 52
33 635 26
33 545 92
33 811 12
33 436 58
33 567 87
33 810 70
33 702 78
33 623 60
33 814 32
33 478 36
34 756 9
34 577 27
34 445 30
34 418 69
34 716 21
34 628 50
34 620 14
34 693 72
34 609 69
34 735 55
34 766 86
35 531 70
35 495 88
35 769 45
35 795 42
35 737 50
35 586 21
35 785 39
35 606 6
35 806 79
35 767 12
36 435 56
37 714 11
37 583 81
37 454 55
37 642 82
37 663 25
37 486 24
37 742 32
37 787 11
37 741 38
37 442 82
37 533 60
37 757 33
38 473 83
38 804 30
38 539 48
38 542 71
38 523 99
38 717 71
38 596 26
38 564 21
38 721 96
38 481 28
39 724 66
39 703 56
40 510 4
40 646 66
40 711 16
40 805 37
40 553 49
40 418 40
40 514 54
40 410 53
40 454 25
41 460 53
41 763 17
41 658 48
41 432 14
41 685 38
41 606 26
41 462 89
42 447 41
42 485 59
42 522 17
42 797 4
42 476 10
42 672 56
42 652 62
42 532 13
42 655 3
43 809 49
43 510 39
43 412 35
43 735 54
43 777 90
43 666 59
44 549 82
44 439 15
44 453 99
44 797 78
44 747 58
44 555 9
44 471 94
44 759 62
44 781 98
45 577 29
45 467 8
45 573 8
45 696 31
46 428 13
46 623 99
46 685 58
46 626 61
46 523 45
47 579 36
47 447 79
47 561 38
47 429 12
48 417 62
48 760 46
48 570 48
48 542 5
48 803 4
48 809 34
48 607 99
48 545 1
48 576 20
48 663 98
48 516 34
48 747 93
48 459 34
49 512 33
49 590 14
50 474 60
50 491 68
50 686 81
51 491 46
51 606 97
51 458 18
51 559 75
51 551 3
51 520 48
51 786 31
51 809 99
51 708 3
51 777 91
51 576 78
52 462 89
52 815 18
52 619 12
52 765 22
52 591 71
52 474 52
52 782 54
52 559 30
53 419 53
53 776 5
53 578 61
53 696 62
53 472 97
53 491 10
53 475 9
53 673 73
53 486 37
53 771 79
53 497 66
53 488 45
53 539 2
53 677 77
54 493 55
54 652 33
54 666 41
54 495 93
54 575 87
54 584 44
54 525 1
54 703 73
54 756 5
54 549 31
54 814 9
54 448 23
54 710 30
54 641 81
55 816 23
55 526 71
55 535 63
55 747 80
55 481 59
55 646 31
55 696 15
55 680 76
55 488 85
55 438 35
55 720 20
55 544 66
56 414 93
56 488 74
56 527 94
56 739 21
56 546 36
56 654 47
56 681 76
56 755 13
56 625 63
57 800 78
57 589 81
57 710 77
57 482 65
57 638 11
57 555 29
57 475 79
57 451 1
57 582 30
57 440 54
57 592 75
58 787 79
58 769 28
58 609 51
58 605 66
58 544 16
58 613 86
58 789 85
58 587 71
58 466 62
58 672 78
58 448 47
58 711 6
58 698 73
58 676 21
59 483 50
60 464 27
60 777 79
60 772 84
60 600 94
60 648 61
60 551 46
60 567 18
60 587 18
60 572 44
60 467 90
60 533 85
60 422 16
61 546 49
61 513 2
61 448 36
61 459 76
61 517 56
61 574 81
61 539 45
61 758 87
61 519 65
61 477 23
61 783 29
61 447 5
61 638 50
61 537 62
61 550 6
62 601 50
62 778 85
62 532 31
62 808 76
62 549 5
62 527 44
62 480 60
62 637 3
62 580 1
62 548 17
62 626 35
62 451 92
62 427 29
62 788 62
62 555 11
63 573 7
63 479 76
63 534 31
63 752 71
63 672 36
63 648 69
63 568 27
63 674 2
63 760 91
63 778 25
64 708 28
64 805 34
64 562 85
64 418 4
64 423 51
64 426 79
64 588 45
64 788 99
64 505 40
64 409 67
64 430 32
64 663 13
64 428 14
65 627 80
65 695 71
66 764 88
66 497 98
66 739 35
66 548 60
66 527 21
66 690 88
66 567 17
66 411 26
66 614 54
66 553 17
66 769 53
66 619 73
66 675 79
67 588 26
67 582 36
68 648 24
68 427 83
68 538 40
68 612 51
68 434 76
68 655 10
68 816 75
69 663 98
69 551 50
70 515 37
70 719 90
70 453 92
70 769 88
70 598 94
70 726 78
70 672 93
70 447 62
70 621 50
71 687 99
71 688 48
71 668 71
71 420 91
71 628 42
71 444 71
71 427 37
71 702 12
71 550 9
71 790 31
71 484 87
71 662 98
71 669 6
71 796 65
72 656 74
72 560 5
72 472 43
72 493 49
72 549 73
72 689 63
72 681 5
72 547 61
72 751 14
72 713 99
73 508 85
73 409 23
73 430 31
73 766 95
73 602 29
73 550 31
73 777 76
73 620 23
73 778 90
73 555 24
73 687 80
73 601 78
74 620 65
74 797 33
74 573 41
74 521 68
74 578 15
74 557 65
74 670 2
74 459 44
75 501 12
75 759 51
75 574 31
76 771 25
76 481 19
76 504 84
76 414 52
76 550 30
76 733 21
76 524 99
76 732 46
77 427 38
77 681 34
77 601 71
77 597 6
77 750 20
77 701 40
77 457 41
77 426 83
77 531 78
77 786 55
77 776 65
77 666 8
77 689 82
78 525 85
78 568 96
78 786 39
78 602 11
78 451 8
78 662 5
79 724 48
79 487 39
80 810 60
80 596 69
80 705 88
80 524 35
80 772 91
80 414 6
80 770 77
80 486 44
81 685 79
81 778 47
81 708 2
81 737 91
81 798 78
81 624 42
81 785 44
81 410 94
81 456 28
81 787 21
81 790 29
82 758 73
82 490 82
82 729 23
82 795 89
82 663 47
82 580 44
82 540 49
82 481 39
83 718 22
83 519 45
83 602 41
84 603 22
85 813 16
85 750 51
85 471 7
85 525 78
85 424 64
85 699 82
86 413 71
86 606 29
86 634 34
86 648 64
86 805 39
86 795 98
86 482 8
86 660 63
86 803 16
86 754 5
86 514 44
86 802 53
86 461 45
87 545 83
87 517 86
87 650 76
87 639 74
87 413 57
87 636 37
87 783 79
87 668 42
87 514 90
87 736 42
87 603 67
87 469 55
87 789 99
87 477 38
87 802 25
88 774 86
88 733 41
88 799 71
88 486 63
88 531 79
88 570 12
88 424 56
88 592 92
88 561 94
88 815 10
89 731 43
89 582 24
89 496 81
89 424 83
89 551 29
89 458 45
89 429 95
89 613 69
89 770 1
90 601 58
90 694 35
90 548 39
90 446 76
90 755 49
90 528 42
90 728 84
90 610 41
90 735 81
90 510 86
90 592 67
91 493 10
92 478 40
92 437 61
92 669 83
92 792 77
92 502 74
93 487 33
93 415 81
93 409 73
94 494 33
94 426 27
95 461 93
95 420 82
95 769 65
95 681 14
95 440 13
95 794 98
95 581 58
95 447 62
95 659 97
95 448 72
95 593 85
95 451 99
96 799 79
96 643 90
96 714 47
96 452 64
97 498 23
97 756 22
97 763 94
97 481 71
97 429 75
97 577 7
97 638 27
97 676 1
97 635 4
97 523 63
97 688 98
97 547 7
98 670 54
98 510 13
98 416 15
98 558 96
98 723 67
98 728 32
98 787 41
98 515 57
98 792 12
98 439 35
98 636 29
98 806 86
98 485 82
98 749 19
99 483 88
99 660 95
99 517 24
99 774 40
99 549 81
99 813 92
99 487 30
99 796 10
99 807 11
99 600 59
99 451 79
99 581 62
99 568 51
99 466 87
100 520 56
100 463 65
100 740 10
100 757 49
100 505 99
100 650 52
100 736 8
101 540 85
101 759 58
101 799 89
101 780 32
101 732 48
101 662 49
102 500 90
102 705 53
103 560 87
103 680 93
103 579 8
103 590 88
103 661 56
103 673 19
103 432 31
103 458 76
103 578 63
103 732 81
103 774 7
104 614 76
104 763 44
104 735 3
104 681 55
104 525 18
104 751 5
104 562 80
104 808 54
104 710 1
104 650 46
104 740 26
105 642 79
105 606 87
105 422 30
105 523 12
105 451 4
105 543 38
105 776 35
105 508 9
105 563 34
105 711 43
105 417 39
105 603 57
105 812 23
105 747 66
106 475 71
106 734 74
106 455 95
106 480 69
106 413 25
106 607 88
106 672 46
106 553 68
107 454 93
107 460 75
108 505 64
108 755 83
108 713 3
108 793 72
108 726 28
108 756 67
109 764 95
109 464 89
109 659 7
109 726 62
109 416 14
109 444 21
109 773 58
109 674 45
109 531 15
110 755 93
110 541 42
110 685 55
110 594 48
110 542 63
110 495 38
110 483 87
110 664 79
110 578 88
110 736 46
110 571 31
110 787 85
111 794 85
111 477 76
112 814 58
112 679 79
112 570 12
112 666 93
112 735 55
112 507 47
112 663 20
112 594 35
112 799 62
112 563 81
112 632 66
112 416 48
112 448 50
112 445 50
112 456 61
113 549 52
113 649 50
113 506 16
113 730 50
113 592 54
113 768 31
113 780 46
113 668 91
113 638 20
113 537 31
113 556 38
113 429 76
113 464 5
114 410 14
114 682 26
114 657 96
114 424 82
114 447 11
114 502 13
114 513 49
114 802 83
114 656 3
114 694 27
114 499 4
114 612 97
114 796 94
114 680 58
115 625 79
115 542 74
115 689 81
116 646 16
116 629 87
116 696 37
116 563 18
116 625 37
116 454 96
116 716 16
116 718 35
116 436 32
117 767 46
117 643 12
117 538 87
117 414 91
117 561 63
117 766 17
117 575 71
117 432 16
118 770 22
118 646 37
118 684 84
118 664 84
118 667 37
118 444 37
118 501 2
118 564 78
118 801 50
118 805 24
118 571 12
118 729 53
118 422 59
118 556 72
118 644 66
119 598 17
119 803 38
119 503 15
119 616 50
119 809 40
119 603 86
120 654 77
120 604 30
120 706 81
120 460 47
120 777 79
120 606 67
120 643 37
120 730 95
121 602 11
121 545 63
121 735 86
121 808 27
121 779 78
121 781 37
121 438 43
121 527 90
121 532 97
121 707 78
121 731 50
121 730 36
122 694 40
122 753 86
122 495 72
122 711 4
122 675 82
122 780 72
122 481 73
122 632 45
122 414 71
122 576 53
123 439 48
123 469 67
124 801 31
124 541 30
124 774 44
124 567 8
124 483 4
124 672 37
124 536 58
124 694 70
124 638 64
124 652 82
124 593 40
124 633 60
124 773 26
124 792 26
125 511 80
125 688 36
125 697 24
125 789 27
126 769 41
126 781 37
126 474 1
126 748 4
126 679 46
126 766 90
126 644 57
126 786 77
126 539 65
126 567 7
126 773 93
126 749 91
127 477 25
127 543 57
127 808 15
127 749 20
127 573 95
127 655 49
127 418 93
127 566 36
127 467 86
127 673 60
127 468 20
127 490 80
128 416 72
128 506 57
128 547 47
128 720 12
128 704 78
128 562 56
129 558 92
129 417 38
129 428 22
130 435 44
130 704 13
130 534 12
131 566 66
131 564 28
132 695 83
132 661 53
132 728 50
133 657 26
133 502 72
133 578 52
133 523 76
133 451 72
133 780 58
133 569 82
133 710 46
133 517 6
133 415 31
133 666 31
134 759 42
134 546 88
134 647 40
134 636 81
134 679 18
135 691 20
135 571 32
135 469 89
135 523 44
135 742 46
135 723 99
135 686 10
135 530 14
136 409 56
136 720 70
136 602 80
136 589 45
136 645 4
136 644 53
136 527 67
136 666 65
136 454 40
136 550 85
136 590 61
136 520 87
136 503 67
136 806 4
136 523 99
137 468 98
137 585 64
137 580 66
137 591 72
137 707 25
137 735 61
137 744 95
137 617 33
137 484 4
137 787 31
137 566 93
137 644 46
138 577 96
138 672 94
138 653 10
138 737 5
138 798 26
139 806 63
139 731 38
139 642 21
139 430 2
139 705 78
139 640 38
140 602 42
140 495 53
140 498 63
140 508 66
140 597 3
140 582 3
140 762 78
140 612 94
140 682 51
140 546 17
140 514 32
141 500 90
141 490 79
141 793 79
141 802 28
141 514 84
141 675 53
141 487 60
141 700 38
141 532 76
141 694 15
141 753 11
141 599 7
142 646 71
142 534 71
142 814 31
142 642 81
142 564 36
143 767 25
143 418 29
143 542 82
143 657 97
143 527 21
143 792 27
143 599 24
143 800 19
143 699 62
143 747 95
143 711 93
144 547 31
144 798 26
144 706 37
144 487 43
144 422 30
145 536 64
145 571 5
145 626 30
145 757 25
145 574 98
145 724 79
145 617 85
145 561 61
145 726 64
145 483 2
145 752 23
145 637 32
145 615 46
146 799 92
146 639 94
147 490 72
147 764 22
147 544 43
147 683 70
147 539 22
147 485 34
147 503 35
147 409 69
147 602 53
147 800 56
147 568 9
147 614 22
147 617 57
147 632 67
148 477 7
148 514 51
148 809 78
148 474 67
148 418 77
149 635 7
149 448 67
149 782 1
149 475 56
149 524 37
149 457 45
149 471 44
149 541 22
149 671 33
149 552 20
150 810 4
150 625 91
150 539 73
150 694 69
150 470 1
150 814 21
150 494 10
150 532 82
150 757 67
150 789 21
150 741 95
150 457 30
151 517 35
151 668 77
151 592 69
151 525 90
151 546 57
151 750 28
151 806 93
151 573 57
151 795 50
151 646 45
151 538 64
151 504 69
151 717 86
151 472 28
152 454 72
152 755 65
152 470 7
152 537 25
152 425 78
152 705 13
152 624 2
152 416 50
152 438 49
152 643 64
152 517 36
152 724 53
152 759 57
153 689 46
153 710 97
153 808 69
154 775 12
155 682 47
155 762 81
155 811 76
155 737 32
155 562 23
155 560 87
155 423 47
155 796 88
155 409 16
155 598 28
156 751 75
156 533 69
156 486 58
156 411 27
156 728 4
156 612 83
157 467 73
157 709 49
158 563 44
158 698 75
158 539 42
158 642 43
158 491 83
158 630 29
158 726 85
158 773 29
158 645 5
158 513 54
159 514 4
159 589 71
159 809 48
159 475 60
159 617 81
159 679 34
159 553 18
159 610 88
159 437 11
160 663 95
160 582 49
161 681 78
161 476 59
161 778 36
161 507 63
161 775 84
161 777 26
161 475 80
161 420 90
162 473 37
162 681 32
162 503 70
162 480 84
162 746 97
163 431 53
163 581 93
163 493 69
163 687 5
164 428 97
164 714 47
164 419 47
164 661 94
164 812 82
164 578 92
164 730 84
164 507 44
164 633 80
165 653 16
165 692 87
165 468 25
165 708 10
165 765 15
166 812 72
166 546 77
166 555 1
166 738 66
166 448 16
166 503 6
166 470 79
166 744 99
166 611 4
166 522 5
167 623 38
167 505 67
167 414 23
167 673 34
167 777 87
167 793 51
167 754 7
167 580 87
168 465 65
168 525 14
168 512 91
168 605 63
168 455 49
168 784 54
168 604 95
168 809 67
168 636 52
168 805 19
168 443 4
168 588 10
168 797 92
168 671 65
169 443 28
169 755 18
170 606 97
170 742 7
170 652 96
170 491 87
170 459 77
170 698 63
170 787 25
170 515 98
170 410 44
170 627 42
170 678 56
170 693 15
170 716 70
170 531 50
171 798 57
171 602 30
171 695 10
171 443 1
171 766 60
172 480 95
172 715 24
172 478 10
172 517 29
172 622 46
172 487 71
172 428 49
172 642 54
172 651 61
172 795 95
172 638 93
173 436 12
174 655 73
174 541 40
174 791 5
174 475 36
174 630 80
174 634 54
175 782 20
175 793 11
175 539 2
175 759 88
175 498 93
175 728 20
175 459 7
175 816 98
175 477 81
175 557 96
175 805 2
175 482 62
176 435 74
176 582 1
176 790 92
176 653 6
176 619 33
177 689 93
177 575 88
177 649 78
177 449 50
177 672 16
177 688 28
177 792 10
177 699 64
177 665 3
177 627 51
177 629 31
177 630 83
177 541 75
177 751 65
178 739 14
178 755 76
178 575 75
178 533 90
179 785 89
179 643 58
179 582 7
179 646 31
179 638 90
179 441 22
179 771 48
180 629 90
181 409 52
181 638 52
181 419 98
181 683 22
181 477 93
181 615 19
181 552 67
181 499 8
181 496 12
181 626 48
181 753 3
181 577 4
181 560 4
181 667 82
182 595 92
182 673 25
182 547 90
182 428 69
182 513 76
182 643 15
182 624 6
182 529 32
182 452 87
182 799 85
182 455 98
182 810 10
182 412 3
183 639 47
183 733 26
183 770 63
183 479 98
183 706 56
183 627 2
183 807 26
183 619 76
183 675 57
184 715 65
184 595 81
184 665 57
184 487 12
184 723 17
184 639 68
184 616 54
184 491 66
184 732 74
184 717 71
184 451 87
185 632 8
185 410 66
185 525 82
185 541 40
185 602 22
185 517 46
185 784 34
186 430 84
186 622 21
186 549 64
186 688 14
186 674 23
186 710 83
186 800 16
186 507 20
186 671 81
186 448 48
186 754 50
187 815 46
187 681 3
187 530 77
187 734 7
187 795 35
187 546 60
187 623 10
187 630 12
187 592 64
187 780 98
187 486 38
187 512 77
187 584 22
187 462 12
187 509 27
188 771 23
188 573 95
188 434 81
188 699 44
188 651 23
188 792 77
188 661 10
188 502 68
188 455 42
188 793 55
188 630 92
188 422 52
188 656 58
188 518 74
189 692 95
189 779 96
189 474 86
189 586 7
189 768 17
189 697 28
189 607 69
189 562 10
189 464 2
190 563 31
190 516 23
190 466 31
190 544 11
190 445 82
190 512 36
190 620 47
190 609 44
190 440 43
190 553 3
190 506 95
190 423 60
191 551 21
191 432 39
191 428 38
192 688 25
192 411 73
193 610 36
193 790 34
193 482 36
193 552 51
193 549 42
193 519 9
193 692 52
193 558 37
193 479 69
193 572 3
193 420 51
194 804 71
194 497 6
194 684 83
194 603 58
194 774 13
194 418 93
194 689 50
194 629 21
194 625 92
194 781 67
194 539 28
194 678 33
194 723 94
195 563 12
195 748 50
195 670 49
195 735 62
195 560 14
195 548 74
195 510 57
195 589 49
195 443 81
195 730 43
195 750 91
195 712 35
195 810 74
196 459 50
196 777 89
196 797 15
196 495 78
196 454 73
196 477 13
196 462 34
196 565 95
196 641 72
196 479 37
196 679 20
196 538 38
196 723 48
197 574 27
197 517 88
197 422 17
197 749 32
197 643 6
197 595 9
197 538 2
197 626 41
197 653 40
197 676 92
197 646 59
197 703 89
197 725 23
197 650 94
198 432 45
198 522 3
198 696 90
198 490 62
198 578 91
198 664 23
198 800 39
198 453 44
198 632 61
198 655 7
198 687 14
199 515 93
199 600 15
199 465 99
199 430 99
199 641 39
199 529 13
199 423 30
199 742 24
199 717 66
199 409 48
199 478 69
199 624 32
199 615 49
199 649 38
199 559 83
200 635 34
200 624 33
200 591 11
200 554 96
200 732 55
200 769 89
201 565 50
201 659 19
202 627 88
202 727 93
202 534 82
202 786 75
202 526 28
202 805 16
202 725 9
202 540 83
202 520 28
203 597 10
204 413 18
204 582 13
204 710 93
204 724 2
204 789 42
204 431 1
204 453 79
204 480 29
204 692 65
204 746 57
205 656 47
205 634 75
205 416 71
205 473 41
206 492 25
206 563 8
206 553 88
206 716 6
206 588 33
207 719 64
208 617 51
208 747 25
208 700 43
208 490 96
209 483 11
209 538 7
209 533 57
209 772 38
209 797 2
209 620 9
209 417 58
209 660 64
209 416 41
209 796 22
209 432 31
209 521 25
210 766 89
210 698 32
210 622 91
210 694 10
210 560 18
210 518 27
210 741 24
211 457 93
211 773 72
211 698 14
211 697 23
211 475 41
211 413 50
211 680 21
212 516 28
212 450 3
212 548 50
212 779 64
212 582 58
212 617 93
212 616 69
212 796 97
213 653 91
213 613 35
213 464 44
213 697 41
213 485 27
213 583 57
213 530 98
213 603 82
213 409 35
213 459 49
213 430 11
214 739 99
214 596 19
214 590 56
214 566 14
214 532 24
214 435 46
214 581 25
214 651 2
214 484 50
214 731 24
214 615 97
215 463 84
215 716 16
215 755 87
215 700 81
215 558 81
215 414 55
216 490 14
216 642 77
216 809 63
216 723 38
216 722 56
216 685 91
217 789 41
217 599 56
217 576 65
217 502 76
217 474 99
217 770 66
217 658 94
217 715 89
217 593 78
217 671 73
217 775 31
217 622 51
218 591 2
218 444 71
219 626 88
219 739 27
219 814 18
219 726 34
219 643 91
219 585 19
220 646 73
220 454 94
220 812 51
220 719 29
220 756 54
220 473 45
220 746 76
220 689 44
220 684 68
221 637 57
221 463 85
221 799 72
221 484 44
221 798 27
221 665 16
221 662 57
221 712 58
221 565 70
221 531 25
221 493 36
222 752 55
222 772 35
222 782 19
222 454 11
222 497 84
222 592 37
222 801 80
222 725 11
222 775 66
222 477 87
222 612 60
222 771 30
222 747 46
223 479 37
223 459 18
224 650 46
224 663 6
224 799 37
224 499 23
224 742 55
224 638 89
224 536 51
224 462 21
224 478 22
224 644 87
224 483 58
224 560 8
225 486 75
226 561 55
226 721 32
226 518 69
227 753 47
227 710 9
228 563 56
228 704 64
228 775 39
228 738 75
228 568 40
228 668 44
228 437 17
228 554 65
228 749 66
228 595 78
228 611 81
228 810 97
228 731 56
228 684 27
228 510 7
229 419 10
229 542 70
229 655 52
229 809 21
229 427 47
229 765 70
229 727 46
229 574 5
229 761 15
230 557 97
230 618 24
230 434 27
230 756 30
230 439 5
230 523 55
230 417 35
230 674 19
230 509 13
230 503 21
230 540 90
230 413 73
230 478 79
230 685 70
231 711 65
231 704 92
231 766 6
231 429 89
231 571 24
231 596 72
231 459 40
231 477 24
231 508 31
231 723 32
231 507 1
231 718 66
231 774 84
232 794 79
232 610 48
232 793 1
232 578 38
232 519 11
232 635 60
232 528 24
232 810 78
233 497 17
233 801 18
233 466 87
233 583 60
233 416 11
233 520 44
234 473 63
235 784 84
235 503 36
235 462 36
235 431 34
235 624 30
235 741 99
235 644 87
235 778 29
235 568 42
235 773 81
235 656 23
235 533 32
235 424 75
235 516 73
236 712 92
236 525 94
236 746 29
236 436 39
236 717 70
236 575 55
236 616 70
236 622 13
236 549 82
236 677 80
236 444 14
237 421 55
237 451 92
237 774 48
237 502 74
238 537 19
238 750 29
238 680 13
238 561 29
238 772 76
238 802 40
238 461 95
238 557 95
238 475 67
239 562 36
239 440 85
239 481 92
239 694 20
239 566 59
239 688 57
240 591 88
240 795 28
240 572 49
240 620 5
240 576 25
240 697 24
240 561 58
240 698 22
240 764 40
240 705 88
240 539 92
241 525 72
241 816 53
241 563 56
241 691 21
241 704 75
241 582 8
241 445 39
241 559 54
241 569 23
241 760 52
241 791 10
241 784 3
241 426 98
241 549 34
242 564 96
242 517 99
243 567 62
243 764 4
243 550 85
243 560 63
243 591 51
243 523 54
243 495 26
243 733 92
244 799 85
244 816 6
244 482 87
244 447 24
244 573 51
244 619 60
244 608 8
245 571 72
245 816 41
245 565 84
245 594 67
245 520 43
245 530 39
245 537 47
245 546 61
245 647 78
245 413 54
245 605 65
245 603 36
245 436 5
245 646 78
246 590 26
246 568 51
246 546 71
246 591 29
246 624 24
246 781 96
246 634 18
246 449 55
246 605 25
246 787 41
246 816 19
246 462 28
246 560 64
246 496 35
246 721 69
247 573 20
247 634 15
247 599 3
247 705 63
247 564 45
247 768 38
247 419 61
247 455 14
247 643 66
248 422 54
249 519 60
249 707 15
249 539 42
249 555 7
249 562 10
249 411 86
249 709 19
249 696 21
249 435 14
249 436 60
249 801 55
249 754 16
250 777 95
250 623 27
250 521 63
250 476 89
250 793 17
250 459 17
250 743 44
250 602 49
250 440 15
250 785 74
250 653 12
250 758 92
250 658 58
250 638 39
251 500 63
251 765 72
251 610 60
251 767 41
251 690 64
251 747 37
252 656 6
252 669 74
252 717 63
252 558 82
252 603 76
252 434 49
252 600 16
252 545 55
252 650 99
252 615 7
252 767 51
252 606 75
253 613 14
253 751 4
253 576 20
253 445 75
253 780 1
253 426 55
253 733 21
253 675 45
253 571 70
253 719 17
253 620 39
253 569 86
253 480 4
253 548 50
253 752 48
254 599 70
254 442 23
254 473 46
255 471 61
255 784 73
256 576 96
256 644 18
256 673 11
256 718 21
256 410 64
256 711 81
256 544 14
256 447 68
256 808 1
256 461 88
257 760 50
257 565 9
257 598 24
257 574 36
257 804 78
257 672 55
257 422 20
257 448 87
257 494 72
258 505 5
258 805 20
258 531 19
258 702 67
258 665 88
258 466 36
258 459 77
258 581 78
258 577 26
258 745 1
258 646 45
258 491 32
258 816 53
259 516 46
259 525 77
259 731 79
259 780 96
259 435 93
259 681 98
259 629 12
259 517 19
260 604 42
260 595 52
260 706 44
260 434 81
260 455 67
260 617 31
260 423 62
260 432 67
260 698 72
261 479 93
261 656 50
261 550 36
261 424 74
261 562 56
261 654 54
261 493 77
261 682 51
261 514 22
261 700 84
261 718 86
261 523 3
262 598 88
262 773 68
262 697 56
263 508 57
263 485 96
263 467 62
263 494 47
263 692 57
263 697 82
264 506 61
264 478 22
264 576 75
264 434 53
264 535 63
264 494 67
264 563 74
264 722 86
264 764 22
264 590 6
264 746 16
265 782 12
265 509 53
265 577 7
265 535 94
265 759 95
265 815 79
265 524 90
265 633 24
265 749 2
265 489 46
265 521 72
265 517 14
265 477 26
265 574 16
266 732 53
266 764 84
266 639 88
267 603 24
267 775 70
267 669 68
267 734 16
267 493 10
267 486 90
267 467 32
267 556 29
267 428 61
268 813 22
268 576 93
268 710 86
268 668 3
268 812 64
268 731 99
269 747 79
269 766 71
270 495 91
270 576 35
270 472 61
270 765 61
270 425 61
271 468 18
271 774 71
271 777 24
271 432 55
271 647 36
271 775 89
271 534 8
271 551 50
271 411 37
271 522 10
271 592 82
271 493 86
271 457 62
272 667 51
272 505 37
272 496 1
272 753 2
272 730 63
272 628 74
272 665 65
272 481 35
272 659 57
272 424 96
272 802 37
273 523 99
273 545 81
273 436 72
273 712 35
273 720 55
273 718 25
273 536 19
273 427 24
273 509 28
273 596 63
273 812 53
273 715 96
273 447 91
273 450 55
273 753 54
274 810 43
274 618 22
274 680 11
274 662 84
274 718 83
275 645 4
275 480 17
275 793 3
275 421 49
275 511 42
275 554 71
275 619 89
275 702 72
275 526 86
276 662 95
277 419 26
277 637 60
277 524 75
277 516 86
277 618 56
277 691 55
277 773 18
277 438 72
277 600 95
277 480 13
277 509 91
277 597 58
277 715 59
277 689 98
278 547 98
278 488 40
278 450 9
278 561 46
278 548 9
278 504 32
278 700 44
278 717 24
278 772 73
278 735 14
278 708 33
279 799 82
279 625 78
279 624 24
279 479 93
279 803 84
279 461 35
279 486 46
279 440 38
280 411 32
280 703 37
280 409 93
280 806 22
280 706 6
281 448 99
281 573 99
281 788 26
281 605 49
281 523 16
281 639 72
281 678 92
281 480 46
281 623 58
281 485 4
281 673 51
282 682 2
282 536 62
282 736 44
282 569 64
282 598 54
283 484 51
283 791 3
283 630 86
283 793 61
283 410 54
283 522 73
283 544 76
283 638 94
283 657 79
283 576 12
283 545 77
283 601 45
284 572 21
284 658 27
285 660 62
285 552 5
285 800 18
285 538 3
285 593 47
285 792 10
285 529 7
285 553 94
285 410 9
286 539 2
286 755 21
286 620 87
286 721 25
286 605 75
286 659 72
286 514 91
286 498 22
286 730 91
286 732 82
286 467 83
286 471 80
286 572 35
286 675 7
286 469 60
287 799 52
287 511 27
287 751 23
287 430 31
287 444 70
287 510 5
287 681 94
287 459 47
287 692 25
287 592 32
287 585 42
288 542 46
288 509 83
288 670 60
289 792 96
289 416 54
289 800 48
290 426 57
290 753 93
290 787 85
290 703 41
290 496 66
290 768 48
290 658 2
290 743 22
291 597 87
291 797 89
291 534 86
291 477 63
291 708 37
291 810 46
291 427 27
292 797 97
292 775 57
292 437 51
292 482 21
292 570 86
292 438 75
292 422 25
293 773 4
293 629 7
294 798 73
294 496 62
294 565 93
295 680 33
295 684 27
295 455 8
295 540 61
295 457 95
295 750 28
295 493 36
295 668 24
295 754 41
295 702 22
295 503 20
296 460 85
296 807 78
296 650 22
296 515 10
296 651 82
296 684 15
296 812 9
296 458 84
297 532 87
297 672 85
297 724 15
297 774 48
297 630 26
297 450 9
297 811 76
297 437 68
297 682 72
297 592 32
297 510 89
297 641 79
297 659 67
297 613 4
298 764 54
299 570 68
299 455 95
299 691 79
299 585 28
299 544 91
299 685 35
299 751 2
299 627 22
299 431 86
299 464 76
299 531 38
300 636 65
300 522 42
300 501 65
300 515 66
300 737 42
301 420 89
301 547 97
301 582 88
301 643 74
301 708 8
301 498 19
302 481 78
302 518 81
302 810 53
302 788 19
302 617 60
302 602 63
302 627 91
302 568 51
302 764 42
303 765 52
303 583 82
303 595 24
303 804 53
304 556 15
304 607 3
304 803 86
304 689 18
304 732 50
304 455 86
304 478 64
304 417 29
304 534 72
304 738 88
304 465 44
304 420 34
304 625 4
304 530 7
305 563 90
305 601 1
305 762 81
305 472 78
305 576 29
305 758 47
305 656 49
305 630 17
305 678 97
305 721 75
305 771 72
305 688 75
305 816 38
306 749 30
306 551 35
306 569 34
306 433 85
306 575 83
306 435 18
307 721 12
307 626 51
308 435 39
308 448 3
308 801 80
308 662 39
308 696 88
308 545 44
308 615 90
308 760 7
308 642 93
308 596 9
308 610 85
308 798 56
309 741 57
309 637 2
309 439 51
309 717 61
309 793 74
309 533 53
309 785 77
309 777 4
309 583 98
310 681 6
310 601 11
310 596 46
311 804 74
311 458 49
311 504 34
311 707 93
311 659 38
311 792 4
311 446 61
311 445 16
311 536 92
311 774 55
311 810 51
311 751 97
312 514 2
312 419 39
312 455 41
312 629 3
312 759 59
313 718 10
313 645 5
313 612 67
313 545 86
313 535 19
313 468 80
313 596 29
313 658 84
313 764 73
313 669 11
313 786 30
313 528 41
313 470 8
313 508 53
314 628 34
314 710 92
314 547 34
314 705 65
314 768 39
314 415 10
314 612 97
314 510 69
315 724 89
315 451 48
315 809 69
316 766 64
316 536 2
316 665 50
316 739 53
316 651 60
316 695 35
316 476 13
316 600 74
316 730 45
316 785 88
317 471 1
317 543 44
317 499 59
317 593 55
317 566 68
317 654 6
317 749 10
317 652 64
317 708 92
318 525 31
318 724 75
318 740 84
318 807 2
318 761 18
318 514 6
318 756 67
318 511 74
318 472 2
318 628 93
318 426 62
319 795 41
319 814 15
319 541 19
319 529 17
319 606 55
319 635 78
319 629 78
319 582 32
320 797 14
320 578 76
321 706 18
321 688 66
321 521 63
322 760 65
322 644 34
322 792 48
322 616 75
322 509 10
323 649 71
323 629 5
323 742 87
323 749 5
323 707 97
323 589 18
323 537 94
323 497 79
323 666 1
323 566 33
323 630 47
323 683 92
323 564 60
323 502 11
323 460 81
324 457 82
324 522 47
325 535 85
326 545 25
326 555 43
326 682 1
326 510 89
326 481 27
326 810 78
326 644 51
326 568 17
326 652 14
327 504 9
327 410 22
327 573 37
327 729 83
327 604 58
327 674 92
327 744 65
327 449 30
327 454 88
328 539 74
328 420 36
328 653 18
328 432 2
328 533 22
328 428 75
328 469 78
328 724 46
328 596 84
328 678 21
328 593 16
328 790 7
328 528 85
329 482 80
329 468 19
329 648 48
329 635 23
330 709 33
330 746 10
330 431 81
330 731 78
330 412 10
330 587 54
330 563 80
331 548 5
331 657 86
331 599 58
331 594 64
331 798 49
331 490 88
331 734 1
331 414 95
331 544 80
331 438 92
331 486 9
331 764 11
331 790 67
332 661 24
332 456 21
332 791 25
332 442 12
332 530 80
332 698 93
332 468 30
333 545 1
333 435 7
333 518 23
333 669 42
333 561 18
333 419 35
333 517 35
333 506 60
333 650 56
333 661 49
334 499 10
334 738 64
334 475 82
334 813 38
334 492 97
334 612 36
334 709 18
334 611 15
334 508 96
334 755 95
334 439 21
334 570 21
334 687 26
334 623 92
335 493 71
335 791 8
335 756 81
335 786 99
335 466 12
336 686 84
336 709 70
336 520 97
336 573 17
336 485 25
336 537 80
336 745 97
336 723 64
336 713 17
336 446 46
336 604 14
337 794 54
337 699 41
337 662 39
337 594 32
337 459 82
337 707 44
337 647 29
337 638 30
337 496 27
338 717 85
338 515 8
338 681 96
338 648 83
338 455 97
338 436 9
338 743 80
338 542 81
338 566 30
338 680 70
338 604 11
338 514 54
338 630 36
338 437 48
339 648 71
339 416 78
339 483 12
339 780 48
339 704 57
339 611 57
339 717 99
339 651 71
339 745 1
339 709 68
339 740 83
339 688 42
339 716 80
340 548 81
340 644 93
341 726 11
341 809 28
341 414 78
341 708 52
341 653 73
341 491 27
341 718 77
342 580 73
342 696 15
342 741 19
342 446 17
342 689 1
342 478 17
342 634 34
342 639 47
342 628 35
342 699 60
342 573 19
342 674 92
342 608 68
342 574 53
342 816 70
343 753 95
343 755 72
343 532 72
343 564 27
343 435 14
343 618 7
343 517 29
343 540 1
343 776 55
343 738 29
343 720 98
344 766 87
344 756 20
345 809 42
345 471 33
345 724 2
345 440 62
345 430 22
345 726 93
345 707 6
346 671 97
347 485 29
347 521 41
347 575 57
348 787 83
348 801 38
348 561 54
348 810 34
348 549 23
348 772 24
348 714 87
348 775 14
348 563 40
348 770 40
348 778 32
348 588 6
348 609 80
348 486 47
348 767 14
349 597 71
349 690 45
349 688 14
349 528 63
349 580 88
349 612 2
349 700 30
350 795 14
350 771 5
350 455 3
350 735 58
350 677 56
351 766 71
351 505 74
351 759 48
351 565 73
352 753 67
352 568 32
352 452 15
352 625 43
352 801 75
352 682 52
352 442 94
352 725 77
352 770 32
352 478 41
352 659 85
352 525 47
352 629 80
352 505 11
353 612 27
353 650 22
353 455 16
353 620 9
353 583 23
353 509 60
353 427 84
353 423 65
353 595 53
353 725 56
353 796 54
354 462 24
354 413 50
354 682 32
354 645 64
355 497 67
355 423 17
356 554 39
357 703 91
357 663 66
357 547 65
358 747 74
358 473 65
358 545 4
358 654 38
358 643 19
358 665 50
358 581 36
358 562 32
358 672 47
358 713 17
359 631 82
359 652 34
359 550 93
359 437 75
359 439 37
359 485 40
359 702 63
359 751 52
359 671 87
359 766 89
359 612 2
359 422 78
359 481 59
360 464 89
360 499 52
360 537 3
360 548 63
360 764 14
361 481 64
361 696 24
361 579 46
361 770 55
361 695 14
361 757 46
361 491 52
361 539 56
362 635 13
362 667 71
362 419 4
362 749 11
362 509 48
362 682 34
362 587 6
362 681 40
362 526 71
362 443 89
362 626 56
362 777 56
362 612 28
363 797 27
363 677 54
364 582 87
364 511 5
364 609 77
364 490 63
364 515 95
365 724 7
366 688 14
366 751 85
366 482 17
366 597 86
367 499 23
367 810 67
367 572 24
367 417 70
367 444 27
367 507 21
368 490 48
368 789 23
368 674 80
368 694 28
368 635 92
368 419 48
368 514 77
368 546 41
369 686 67
369 663 73
369 598 20
369 501 18
369 573 62
369 583 46
369 797 7
369 746 85
369 662 38
370 652 70
370 511 59
370 644 51
370 637 36
370 747 83
371 492 57
371 785 50
371 760 98
371 633 85
372 603 87
372 813 24
372 698 25
372 484 67
372 449 82
372 610 69
372 653 44
372 732 69
373 505 9
373 726 34
373 587 48
373 682 98
373 411 62
373 497 39
373 700 27
373 801 36
373 732 95
374 642 23
375 732 87
375 671 96
375 500 23
375 662 71
375 560 80
375 743 38
375 589 29
376 451 54
376 570 11
376 730 76
376 442 84
376 491 65
376 666 66
377 426 30
377 532 30
377 789 7
377 553 61
377 423 54
377 807 17
377 432 1
377 743 91
377 741 50
377 779 73
377 635 92
377 659 37
378 804 73
378 800 38
378 436 39
378 619 8
378 789 20
378 440 25
378 490 99
378 435 87
379 459 34
379 726 62
379 551 2
379 528 62
379 462 16
379 564 44
379 674 87
379 648 38
380 647 28
380 800 58
380 488 68
380 678 85
380 760 44
380 686 67
380 628 18
380 581 69
380 708 55
380 745 78
380 576 72
380 699 20
380 742 95
381 775 31
381 564 38
381 468 23
381 542 30
382 470 34
382 459 7
382 585 99
382 690 90
382 442 46
383 739 91
383 644 52
383 688 84
383 787 77
383 587 32
383 476 68
383 540 28
383 715 44
383 421 45
383 647 11
383 725 29
383 530 62
384 750 63
384 570 91
384 675 5
384 598 8
385 633 93
385 721 6
385 534 20
385 642 70
386 780 53
386 811 42
386 430 52
386 563 79
386 587 92
386 686 3
386 470 25
387 454 78
387 750 32
387 429 82
387 451 37
387 756 87
388 738 47
388 566 82
388 509 67
388 568 17
388 435 1
388 480 66
388 536 35
388 656 50
388 754 41
388 458 11
388 586 33
388 717 62
389 804 91
389 592 33
389 625 68
389 432 46
389 614 18
389 410 23
389 503 40
389 725 1
390 565 80
390 729 21
390 769 93
390 437 49
390 767 99
390 538 6
390 679 85
390 597 30
390 473 43
390 708 50
390 630 13
390 782 62
390 676 73
390 757 41
390 533 15
391 507 81
391 570 24
391 465 88
391 532 7
391 466 27
391 789 70
392 686 69
392 493 29
392 483 42
392 743 10
392 646 89
392 726 88
392 631 60
392 449 35
392 661 78
392 801 61
392 763 10
392 409 43
392 596 37
392 615 8
392 815 27
393 815 88
393 794 19
393 565 17
393 801 95
393 694 81
394 636 6
394 537 7
394 651 91
394 501 98
395 516 70
395 657 89
395 447 51
395 602 18
395 735 86
395 593 23
395 751 30
395 492 16
395 761 14
395 693 30
395 611 11
396 688 91
396 658 51
397 785 40
397 797 11
397 729 17
397 756 25
397 753 94
397 762 64
397 509 89
397 449 3
397 467 20
397 554 37
398 804 34
398 508 88
398 600 92
398 673 6
398 763 71
398 501 12
398 553 45
398 446 65
398 523 62
398 608 38
398 623 43
398 607 39
399 633 1
399 661 38
400 462 42
400 652 48
400 613 56
400 761 31
400 694 94
401 435 30
401 527 7
401 655 96
401 624 35
401 711 37
401 564 78
402 416 7
402 616 78
402 797 56
402 456 12
402 426 43
402 605 3
402 652 96
402 708 50
402 496 52
402 747 17
402 519 29
402 705 94
402 650 17
403 468 58
403 571 4
403 598 68
403 701 65
403 531 48
404 638 53
404 455 9
404 614 1
404 670 10
405 432 79
405 661 82
405 482 46
405 427 9
405 547 58
405 606 9
405 806 90
406 515 31
406 809 37
406 643 53
406 560 55
406 420 27
407 418 64
407 641 33
408 722 89
408 503 53
408 465 20
408 453 36
408 416 47
408 784 88
408 772 49
408 739 21
408 588 14
408 472 54
408 513 39
408 778 72
408 411 90
