855 3593
1 783 66
1 468 97
1 594 7
1 820 61
1 696 27
1 709 86
1 844 83
1 655 39
1 578 32
1 471 15
1 706 51
2 671 83
2 651 68
2 652 59
2 723 78
2 518 87
2 500 69
2 611 41
2 488 1
2 684 66
2 855 58
2 598 64
2 725 4
2 697 39
3 474 33
3 809 66
3 551 80
3 766 95
3 433 94
3 807 60
3 436 6
3 781 41
4 757 37
4 767 60
4 429 55
4 852 62
4 584 22
4 476 97
4 565 6
4 530 61
4 550 24
4 538 35
4 797 87
4 482 23
4 500 25
4 739 73
5 487 3
5 551 47
5 712 43
6 462 46
6 784 51
6 725 10
6 724 77
6 551 23
6 485 95
6 662 2
6 531 93
6 667 68
6 466 28
7 767 61
7 745 7
7 688 88
7 750 44
7 812 71
7 517 9
7 504 11
7 454 47
7 439 9
7 547 5
7 753 17
7 476 65
8 756 71
8 584 35
8 830 39
8 497 42
8 482 23
8 707 77
8 738 80
9 565 14
9 746 60
9 462 63
9 460 34
10 734 52
10 794 48
11 441 9
11 461 96
11 718 63
11 511 14
11 638 65
11 457 53
11 592 68
11 667 54
11 844 70
11 540 45
11 826 55
11 474 36
11 685 90
12 771 17
12 458 15
12 676 15
12 537 26
12 650 94
12 757 43
12 687 27
12 820 80
12 477 80
12 816 75
12 584 38
13 630 81
13 854 72
13 654 25
13 718 14
13 770 54
13 639 68
13 566 97
13 531 73
14 462 36
14 820 96
14 832 62
14 727 13
15 591 47
15 509 34
15 798 43
15 737 51
15 691 49
15 693 12
15 706 2
15 831 90
15 431 84
15 639 6
15 788 32
15 511 61
15 465 66
15 519 98
15 476 34
16 758 69
16 783 90
16 834 25
16 683 67
16 594 29
16 441 22
16 554 26
16 625 32
16 614 92
16 764 29
16 582 54
16 716 99
16 685 2
16 852 47
16 712 82
17 779 99
17 765 94
17 524 54
17 739 2
17 535 68
18 749 92
18 822 51
18 779 91
19 650 78
20 837 69
20 555 78
20 529 84
21 805 54
22 559 75
22 465 41
22 853 64
22 471 47
23 577 56
23 810 34
23 600 29
23 550 82
23 783 12
23 539 29
23 845 33
23 573 91
23 435 22
24 655 2
24 587 51
24 556 23
24 850 94
24 593 12
24 732 99
24 679 44
24 462 2
24 440 6
24 759 37
24 570 7
24 646 64
24 475 30
25 487 42
25 662 18
25 569 99
25 767 46
25 583 98
25 720 51
25 674 37
25 563 71
26 511 57
26 802 52
26 785 65
26 790 8
26 812 44
26 821 67
26 710 18
26 789 1
26 733 88
26 643 66
26 579 22
27 823 11
27 829 47
27 445 90
27 640 1
27 653 69
27 736 84
27 431 57
28 568 78
28 539 41
28 787 52
28 762 69
28 812 4
28 491 57
28 548 82
28 825 26
28 506 92
28 846 12
28 570 82
28 537 65
28 520 31
28 707 82
28 473 55
29 664 50
29 798 45
30 496 98
30 585 58
30 826 87
30 693 68
30 431 32
30 752 26
30 462 2
30 519 18
30 689 71
30 551 84
30 554 54
31 840 83
31 670 51
31 578 17
31 595 30
31 827 62
31 443 41
31 450 72
31 834 95
31 749 19
31 701 87
31 740 49
31 710 8
31 742 25
32 470 18
32 517 75
32 543 6
33 825 18
33 832 23
33 711 35
33 442 40
33 791 55
33 683 96
33 597 46
33 701 3
33 783 12
33 438 97
33 777 88
33 827 47
33 714 16
34 807 50
34 488 52
34 586 33
34 722 73
34 797 28
34 540 42
34 501 42
34 460 94
34 641 53
34 819 3
35 651 89
35 701 10
35 543 60
35 806 31
35 786 58
35 710 50
35 801 50
35 831 62
35 761 51
35 582 57
35 578 21
35 503 84
35 825 94
35 735 36
35 751 45
36 554 98
36 515 87
36 439 6
36 484 15
36 777 19
36 842 65
36 466 53
36 758 26
36 682 80
36 770 69
36 604 36
36 575 16
36 431 35
36 711 96
36 793 75
37 747 33
37 469 12
37 568 65
37 838 21
37 482 45
37 750 30
37 853 95
38 832 65
38 852 87
38 809 52
38 547 61
38 657 35
38 841 38
39 842 89
39 474 94
39 542 66
39 802 57
39 800 96
39 630 28
39 762 30
40 664 55
40 662 37
41 552 79
41 443 34
41 533 38
41 654 37
41 827 84
41 478 80
41 645 62
41 816 23
42 784 34
42 595 16
42 769 66
42 799 75
42 660 25
42 518 9
42 711 20
43 781 74
43 460 90
43 775 16
44 697 4
44 582 22
44 617 18
44 528 63
45 764 58
45 848 30
45 844 15
45 840 37
45 846 85
45 759 3
45 603 78
45 697 20
45 625 8
45 838 67
45 478 21
45 605 96
46 759 32
47 697 31
47 657 82
47 688 9
47 674 46
47 560 16
47 598 4
47 570 65
47 710 19
47 774 45
47 681 69
47 553 63
47 632 65
48 539 86
48 711 47
48 717 83
48 772 6
48 553 12
48 510 26
48 569 34
48 652 19
48 827 17
48 626 76
48 794 9
48 692 22
49 529 48
49 462 94
49 535 60
49 661 45
49 759 14
49 757 9
50 444 98
50 688 55
50 467 28
50 750 77
50 799 88
51 574 91
51 622 82
51 565 70
51 497 87
51 587 19
51 721 53
51 555 44
51 716 13
51 586 61
51 770 52
51 549 71
51 562 98
51 480 55
51 798 94
52 533 15
52 725 95
52 459 41
52 750 86
52 838 77
52 823 15
52 496 55
53 602 74
53 541 86
53 778 97
53 651 21
54 726 43
54 706 21
54 671 5
55 829 37
55 585 70
55 791 8
55 803 37
55 515 10
55 758 59
55 467 91
55 500 23
55 565 41
55 732 38
55 799 15
55 547 66
55 842 72
55 527 64
56 815 48
56 794 69
56 767 76
56 819 95
56 436 5
56 428 50
56 816 98
56 506 14
56 514 57
57 812 68
57 664 51
57 497 62
57 479 34
57 846 18
57 735 95
57 526 72
57 581 67
57 589 75
57 750 32
57 435 40
57 671 76
57 446 90
57 822 44
58 677 35
58 700 89
58 518 96
58 553 4
58 844 91
58 615 54
58 442 3
58 499 71
58 692 11
58 564 43
58 814 90
58 743 27
58 663 17
58 823 22
58 440 25
59 712 39
59 716 71
59 551 6
59 802 24
59 658 13
59 431 40
60 742 86
60 492 47
60 448 25
61 794 74
61 812 27
61 807 69
61 551 71
61 749 40
61 852 34
61 444 33
61 606 88
61 543 57
61 766 25
62 525 42
62 631 7
62 798 8
62 593 46
62 660 7
62 771 59
62 459 54
62 847 96
62 719 40
62 614 20
62 576 43
62 578 91
62 810 78
63 448 51
63 617 42
63 674 37
63 615 61
63 632 34
63 489 53
63 823 77
63 782 5
63 504 48
63 542 43
63 740 71
63 440 30
64 747 64
64 646 85
64 644 32
65 674 32
65 759 76
65 619 10
65 775 3
65 431 69
65 493 91
65 626 80
65 598 19
65 710 31
65 500 25
65 585 98
65 502 64
66 646 58
66 657 44
66 597 46
66 854 28
66 831 82
66 683 82
66 788 49
66 784 18
67 747 29
67 558 3
67 705 73
67 722 98
67 478 36
68 758 80
68 822 21
68 528 93
68 500 63
68 826 37
68 680 17
68 775 42
68 674 73
68 619 23
68 830 64
68 444 63
68 552 10
68 475 40
69 777 22
70 666 86
70 708 71
70 714 23
70 751 7
70 511 37
70 699 35
70 494 88
70 771 19
70 819 60
70 711 2
70 823 15
70 540 89
70 440 47
70 489 16
70 498 68
71 442 3
71 706 29
71 695 4
71 744 11
71 828 67
72 531 89
72 820 71
72 727 86
73 834 55
73 451 94
73 814 8
73 559 56
73 740 91
73 767 36
73 640 80
73 758 83
73 747 19
73 853 42
73 435 61
73 583 62
73 693 47
73 486 7
73 755 96
74 537 36
74 542 64
74 712 47
74 662 61
74 661 61
74 558 91
74 760 49
75 537 47
75 625 70
75 605 27
75 461 6
75 444 21
75 581 35
75 604 59
75 749 98
75 451 73
75 527 33
75 721 16
76 813 84
76 687 68
77 484 13
77 756 30
77 537 79
77 597 97
77 501 83
77 558 80
77 715 19
77 441 95
77 636 47
77 844 85
77 643 54
77 831 21
77 845 96
77 536 33
78 605 67
78 704 47
78 547 20
79 449 28
79 543 10
79 589 95
80 741 7
80 594 47
80 676 38
80 541 30
80 559 85
80 593 16
80 621 45
81 655 24
81 705 21
81 571 68
81 656 29
81 762 46
81 552 62
81 816 39
81 686 84
81 604 7
81 678 84
82 824 50
82 473 78
82 657 80
82 606 72
82 615 53
82 641 99
82 814 84
83 445 72
83 779 84
83 733 24
83 666 3
83 711 91
83 750 51
83 577 54
83 651 5
83 431 6
83 681 88
83 444 61
83 583 65
83 703 92
84 560 49
85 554 12
85 701 67
85 735 35
85 587 94
85 481 75
85 743 79
85 716 57
85 758 9
85 626 59
85 787 58
85 621 48
85 561 61
85 512 62
85 843 69
85 489 49
86 600 30
86 671 23
86 604 53
86 789 47
86 777 53
86 467 58
86 715 2
86 761 91
86 612 43
86 756 32
86 813 70
86 433 15
87 523 24
87 764 40
87 809 74
87 768 77
87 669 19
87 480 15
88 761 36
88 655 39
88 724 11
88 557 46
88 490 78
88 831 78
88 467 21
88 780 28
88 444 64
88 566 26
88 443 66
89 545 54
89 838 31
89 460 88
89 694 84
89 627 55
89 494 76
89 514 65
90 830 9
90 580 19
90 786 39
90 711 91
90 598 11
90 531 76
90 450 92
90 667 62
90 648 6
90 699 64
90 791 33
90 575 68
90 849 85
90 801 80
91 475 30
91 726 46
91 802 27
91 428 31
91 790 39
91 631 84
91 596 45
91 618 75
91 797 26
91 669 26
91 470 93
91 540 75
91 732 26
91 543 89
92 602 2
92 821 81
92 782 31
92 787 69
92 680 63
93 627 9
93 635 69
93 660 1
93 791 75
93 758 45
93 746 28
94 723 35
94 507 54
94 471 16
94 551 72
94 465 57
94 513 94
94 646 95
94 756 41
95 514 85
95 480 24
95 627 85
95 662 61
95 818 53
96 469 17
96 555 92
96 847 21
96 574 33
96 552 92
96 507 14
96 524 97
96 826 35
96 649 51
96 490 3
96 549 61
96 658 24
96 703 34
96 519 64
96 570 5
97 460 76
97 741 12
97 801 29
98 718 70
98 626 82
98 775 4
98 502 4
98 647 31
98 752 30
98 669 4
98 483 69
98 735 32
98 730 98
98 588 35
98 446 40
99 639 65
99 593 17
99 533 20
99 799 77
99 611 52
99 621 71
99 572 87
100 536 36
100 678 8
100 489 62
100 771 47
100 710 92
100 799 84
100 665 51
101 449 54
101 447 49
101 741 24
101 717 30
101 495 90
101 553 64
101 699 73
101 636 94
101 772 15
101 783 79
101 655 50
101 694 13
101 469 62
101 519 91
101 774 30
102 531 24
102 476 82
102 492 99
102 781 1
102 464 11
102 549 37
102 704 45
102 547 4
102 656 56
102 552 13
102 609 34
102 803 88
103 586 75
103 792 22
103 809 9
103 431 35
103 506 11
103 714 20
103 710 79
103 702 75
103 585 55
103 542 45
103 513 2
104 752 8
104 454 70
104 684 66
104 822 70
104 734 2
104 585 41
104 445 28
104 760 39
104 587 9
104 668 96
104 662 7
105 796 83
105 755 80
105 599 48
105 621 91
105 488 73
105 799 15
105 800 10
105 752 45
105 778 67
105 614 18
105 846 57
106 690 75
106 818 98
106 660 73
106 491 6
106 483 45
106 802 39
106 789 93
106 834 83
106 459 16
106 568 75
107 447 78
107 581 80
107 778 92
107 822 30
108 470 44
108 554 66
108 774 43
108 557 63
108 502 28
108 548 73
109 814 26
109 539 92
109 509 69
109 524 38
109 599 28
110 854 87
110 830 19
110 696 46
110 693 65
110 547 66
111 623 10
111 641 78
112 532 84
112 722 50
112 729 95
112 756 68
112 707 97
112 656 96
112 660 96
112 580 89
112 467 45
112 565 26
113 636 80
113 709 32
113 652 5
113 695 1
113 717 55
113 628 62
113 569 30
113 680 48
113 701 66
113 808 81
113 829 39
113 705 44
113 617 32
113 693 83
113 460 29
114 682 35
114 609 78
114 461 57
114 734 20
114 627 48
114 806 19
115 449 50
115 479 65
115 683 1
115 602 96
115 696 42
115 766 35
115 582 75
115 815 69
116 815 47
116 622 67
117 573 39
117 605 29
117 428 99
117 832 12
117 775 37
117 758 34
117 798 28
117 795 32
117 744 57
117 558 17
117 445 18
117 539 99
117 490 28
118 490 39
118 833 40
118 826 19
118 434 12
118 687 39
118 633 62
118 686 19
118 507 39
118 630 69
119 461 97
119 454 8
119 729 30
119 769 66
119 547 5
119 848 4
119 788 14
119 746 27
120 760 54
120 743 78
120 843 19
120 681 15
120 633 99
120 542 16
120 832 32
120 684 71
120 439 91
120 741 2
120 747 50
120 462 26
120 572 62
120 539 32
120 449 2
121 604 51
121 844 37
121 463 62
121 556 56
121 530 23
121 494 23
121 831 36
121 640 8
121 798 29
122 457 29
122 676 70
122 752 31
122 626 92
122 555 81
122 544 71
122 585 29
122 787 25
122 502 19
122 579 31
122 621 62
123 710 39
123 805 80
123 675 14
123 621 39
123 739 24
123 610 87
123 745 41
123 770 48
123 707 60
123 493 68
123 798 14
123 431 7
124 618 66
124 434 7
124 658 79
124 677 29
124 440 42
124 469 47
124 690 90
124 649 4
124 802 18
124 655 71
124 619 90
124 845 86
125 762 30
125 455 85
125 809 39
125 518 90
125 629 21
126 651 72
127 701 26
127 467 7
127 711 32
127 728 69
127 520 62
127 458 70
128 834 24
128 605 23
129 733 33
129 748 36
129 729 82
129 793 88
129 537 47
129 783 60
129 490 15
129 538 63
129 786 65
129 526 86
129 763 3
129 578 42
129 484 86
130 618 77
130 703 28
130 717 27
130 816 44
130 617 67
130 720 90
130 773 27
130 635 10
131 772 39
131 823 48
131 803 51
131 805 27
131 776 88
131 439 43
131 637 7
132 625 75
132 691 96
132 741 44
132 524 10
132 675 5
132 825 20
132 774 15
132 454 55
132 836 22
133 770 30
133 721 25
133 473 30
133 793 71
133 745 66
134 523 21
134 757 53
134 610 87
134 619 78
134 446 85
134 844 48
134 526 79
134 816 5
135 548 26
135 448 94
135 569 79
135 836 97
136 569 14
136 526 93
136 576 87
136 712 32
136 566 62
136 742 58
137 536 18
137 798 9
137 733 88
137 789 68
137 637 42
138 430 93
138 770 38
138 563 67
138 835 63
138 506 73
138 575 6
139 446 15
139 684 43
139 651 61
139 636 55
139 593 43
139 781 19
139 840 95
139 554 63
139 805 48
140 474 3
140 675 95
140 853 27
140 671 71
140 572 71
140 616 49
140 654 30
140 430 8
141 843 6
141 814 22
142 676 68
142 512 89
142 635 68
142 801 66
142 813 13
142 625 62
142 840 78
142 468 52
142 491 11
142 688 94
142 734 41
143 697 19
143 558 85
143 488 7
143 785 98
143 577 11
144 552 52
144 672 18
144 783 42
144 593 71
144 743 74
144 817 91
144 583 68
144 614 14
144 625 56
145 608 23
145 503 82
145 519 18
145 722 96
145 487 93
145 807 63
145 625 31
145 567 61
145 429 41
145 647 5
145 824 16
145 642 47
145 570 76
145 764 49
146 642 93
146 796 64
146 730 66
146 830 85
146 442 68
147 724 8
147 709 84
147 667 10
147 718 21
147 570 72
148 510 61
148 625 97
148 673 12
148 646 65
148 626 35
148 428 47
148 465 76
148 716 21
148 843 55
148 597 10
148 440 89
148 491 80
148 746 61
148 788 56
149 784 18
149 785 31
149 704 11
149 766 57
149 529 44
149 446 2
149 451 82
149 528 64
149 448 75
149 708 69
149 640 49
149 611 7
149 675 8
150 649 6
150 707 1
150 431 6
150 772 72
150 429 13
150 543 61
150 797 45
150 611 36
150 626 95
150 641 52
151 476 65
151 582 27
151 473 94
151 784 28
152 511 95
152 510 92
152 634 66
152 796 59
152 779 13
152 818 4
152 808 11
152 468 68
152 786 37
153 524 97
153 653 27
153 793 65
154 672 19
154 646 89
154 832 96
154 621 22
154 745 43
154 436 16
154 574 29
154 744 39
154 673 71
154 835 21
154 600 49
154 784 38
154 506 77
154 552 20
154 853 16
155 725 20
155 483 22
155 520 79
155 469 45
155 557 31
155 529 50
155 798 73
155 726 87
155 744 72
155 478 9
155 731 10
155 498 37
155 484 4
156 814 96
156 491 38
156 640 63
156 825 8
156 742 45
156 499 48
156 816 42
156 584 56
156 775 39
156 520 73
157 692 9
157 654 49
157 624 97
157 851 55
157 740 57
157 684 74
157 471 43
158 617 29
158 469 82
158 560 92
158 752 87
158 712 90
158 571 47
158 605 57
158 461 53
158 751 96
158 428 16
158 814 46
158 698 2
158 674 25
158 616 14
159 642 33
159 720 79
159 721 26
159 583 42
159 539 34
160 764 58
160 755 42
160 600 92
160 804 30
160 790 77
160 692 60
160 670 81
160 602 48
160 730 70
160 432 95
160 649 33
160 688 94
161 722 17
161 659 14
161 681 30
161 595 80
162 681 28
162 565 44
162 465 16
162 493 7
162 583 90
162 817 6
162 678 55
162 804 49
162 504 32
162 519 96
162 838 54
162 559 15
162 446 60
163 788 76
163 489 70
163 709 72
163 570 13
164 804 24
164 777 16
164 735 2
164 790 36
164 715 53
164 449 16
164 851 28
164 592 10
164 438 98
164 563 87
164 750 57
164 759 63
164 816 21
164 553 30
165 757 88
165 830 95
165 716 33
165 699 6
165 599 36
165 639 10
165 554 36
165 841 43
165 616 53
165 579 86
165 620 43
165 842 97
166 755 81
166 476 6
166 441 66
166 517 88
166 721 94
167 434 26
167 802 60
167 630 82
167 606 92
167 472 97
167 587 28
167 653 44
167 667 74
168 609 29
168 616 88
168 449 96
168 434 92
168 509 19
168 628 98
168 814 85
168 437 12
169 604 67
169 678 66
169 792 20
169 546 27
169 639 71
169 522 34
169 705 63
169 437 76
169 472 81
169 539 63
169 514 15
169 737 92
169 670 55
170 785 34
170 810 22
170 627 43
170 537 10
170 655 92
170 439 31
170 842 4
170 742 39
170 600 37
170 434 90
170 819 67
170 598 88
171 760 31
171 775 8
171 797 22
171 703 40
171 431 50
171 546 35
172 824 88
172 498 57
172 683 86
172 847 15
172 512 40
173 577 47
173 609 61
173 556 23
173 582 91
173 728 97
173 801 6
173 783 11
174 580 35
174 673 13
174 614 51
174 518 20
175 814 94
175 617 66
175 791 53
175 619 82
175 540 26
175 676 67
175 780 82
176 552 72
176 597 30
176 667 75
176 733 52
177 832 38
177 793 41
177 715 27
177 555 41
177 636 37
178 460 32
179 661 29
179 614 27
179 446 35
179 561 69
179 445 20
179 671 82
179 493 96
179 608 49
179 530 69
179 610 39
179 612 6
180 587 33
180 783 26
180 460 56
180 734 54
180 571 37
180 598 11
180 588 14
180 509 56
181 484 86
181 814 67
182 851 9
182 677 21
182 806 75
182 590 14
182 721 84
182 546 64
182 834 95
182 492 23
182 605 82
182 524 65
182 812 56
182 601 68
183 659 79
183 536 6
183 475 86
183 781 17
183 449 50
183 843 74
183 482 83
183 512 57
183 820 34
183 477 56
183 760 28
183 836 77
183 839 39
183 465 5
183 721 20
184 673 97
184 604 2
184 655 30
184 531 14
184 566 85
184 623 51
184 721 64
184 758 20
184 742 6
184 840 60
184 632 55
184 547 36
184 470 19
184 490 1
185 711 27
185 561 87
185 593 74
185 795 49
185 479 65
185 462 46
185 546 50
185 827 68
185 716 21
185 766 61
185 713 39
185 757 72
185 686 29
186 563 34
186 796 52
186 627 93
186 654 97
186 707 74
186 635 80
186 805 44
186 497 97
186 695 22
186 463 52
186 671 51
187 466 70
187 465 18
187 639 16
187 790 85
187 470 80
187 757 56
188 477 94
188 702 38
188 673 64
189 670 56
189 772 8
189 554 69
189 569 53
190 670 28
190 656 74
190 765 58
190 820 69
190 500 30
190 430 80
190 705 69
190 691 74
190 776 14
191 639 22
191 619 31
191 761 68
191 492 13
191 754 62
191 759 81
191 664 56
191 745 75
191 508 4
192 616 5
192 782 35
192 724 24
192 812 79
192 679 48
192 637 31
192 466 64
192 745 88
192 698 65
192 737 66
192 580 2
192 494 8
192 549 72
192 682 27
193 553 83
193 707 40
194 464 70
194 616 1
194 803 23
195 653 74
196 742 68
196 571 42
196 638 83
196 775 76
196 622 57
197 455 95
198 572 85
198 496 18
199 788 68
199 809 93
199 568 14
199 718 82
199 819 89
199 815 53
199 849 3
199 820 34
199 790 30
199 487 49
199 553 27
199 640 27
200 716 5
200 634 42
200 812 15
200 672 3
200 471 73
200 664 6
200 668 49
200 769 4
200 498 84
201 792 72
201 493 92
201 683 80
201 825 34
201 503 1
201 806 36
201 710 63
201 533 52
201 777 47
201 481 22
202 533 52
202 599 46
202 566 47
202 637 21
202 500 71
202 657 52
202 810 19
202 477 19
202 719 20
202 486 25
202 617 50
202 787 10
202 829 22
203 844 73
203 477 95
203 639 69
204 764 27
205 830 27
205 718 80
205 543 3
205 631 52
205 653 46
205 563 81
205 845 34
205 773 95
205 441 2
206 810 33
206 631 49
206 586 88
207 610 17
207 462 39
207 674 81
207 826 83
207 435 27
207 714 75
207 720 81
207 634 58
207 636 21
207 603 43
208 710 50
208 766 55
208 515 87
208 756 30
208 498 79
209 441 34
209 653 63
209 819 70
209 670 8
210 790 38
210 840 31
211 667 10
211 464 37
211 463 72
211 639 44
211 531 70
211 841 6
211 628 65
211 530 13
211 732 26
211 810 70
211 659 19
211 605 70
211 460 30
212 825 4
212 538 85
212 512 69
212 763 27
212 456 94
212 518 98
212 709 15
212 507 12
212 686 6
212 541 83
212 437 30
212 708 48
213 788 64
213 762 17
213 795 2
213 834 99
213 739 32
213 477 31
213 461 26
214 677 11
214 685 58
214 850 7
214 532 3
214 617 10
214 790 39
214 607 57
215 560 69
215 525 17
216 497 45
216 539 95
216 684 73
216 709 32
216 586 84
216 576 58
216 762 26
216 750 94
216 511 65
216 588 36
216 633 76
216 777 9
217 679 24
217 651 20
217 695 5
217 623 54
217 792 42
217 832 95
217 775 6
217 556 88
218 561 63
218 575 14
218 709 93
218 517 39
218 658 93
218 694 59
218 584 71
218 529 96
218 472 83
218 553 59
218 443 87
218 544 38
218 639 30
218 506 98
218 531 66
219 637 10
219 685 11
220 582 98
220 806 63
220 463 6
220 471 90
220 763 8
220 648 35
220 709 95
220 822 55
220 522 18
220 840 87
220 525 38
220 584 3
220 605 49
220 620 67
220 497 43
221 537 51
221 428 80
221 497 53
221 773 32
221 496 3
221 594 34
221 838 38
221 543 26
221 508 86
221 761 30
221 513 11
221 467 6
221 572 48
221 591 38
221 570 79
222 574 26
222 798 54
222 829 95
222 477 44
222 525 43
222 531 33
223 725 1
223 805 98
223 727 55
223 489 78
223 545 97
223 803 84
223 824 76
223 694 72
223 780 34
223 569 93
223 528 35
223 850 91
223 481 45
223 568 86
224 764 49
224 844 45
224 823 34
224 776 7
224 819 76
224 429 60
224 562 38
224 669 19
224 678 61
224 786 96
224 698 29
224 797 48
225 662 17
226 448 38
226 736 61
226 434 84
226 482 8
226 627 6
226 823 24
226 624 11
226 533 51
227 596 82
227 539 97
227 495 53
227 589 6
227 754 49
227 471 62
227 597 54
227 516 53
227 443 37
227 662 76
227 461 14
228 509 4
228 605 52
228 568 31
228 799 80
228 590 20
228 564 88
228 476 67
228 558 83
228 703 94
228 433 81
228 814 38
228 459 59
228 561 50
228 548 50
228 648 67
229 854 38
229 796 11
229 799 49
229 567 86
229 739 30
229 530 67
229 608 34
229 707 36
229 790 66
229 829 47
229 771 80
229 635 2
229 617 27
229 609 97
229 782 84
230 628 66
230 661 24
230 795 20
230 558 15
230 722 44
230 539 65
230 465 8
230 687 81
231 830 64
231 446 19
231 590 38
231 581 41
231 463 16
231 456 70
232 678 45
232 609 39
232 518 4
232 503 55
232 718 82
232 749 25
232 530 44
232 834 4
233 716 50
233 437 47
233 616 47
233 648 70
233 697 17
233 796 64
233 521 34
233 507 39
233 610 86
233 686 40
233 755 85
233 609 11
233 518 15
233 549 14
233 743 39
234 540 36
234 847 7
234 764 3
234 512 30
234 445 30
234 554 85
234 755 67
234 801 91
234 565 27
234 812 18
234 436 66
234 518 22
235 769 9
235 734 77
235 559 47
235 816 45
235 560 73
235 433 41
235 529 62
235 704 74
235 466 73
236 780 68
236 511 74
237 632 48
237 556 44
237 452 47
237 588 25
237 487 33
237 630 97
237 600 56
237 606 6
237 758 55
237 621 32
237 750 99
237 836 67
237 590 49
237 538 79
238 511 94
238 740 14
238 788 19
238 431 83
238 656 56
238 697 20
238 807 52
238 623 51
238 648 42
239 544 25
239 641 62
239 482 40
239 501 95
239 540 12
239 730 70
239 588 52
239 790 39
239 582 66
239 550 67
239 672 32
239 541 54
239 652 86
239 804 82
240 533 60
240 590 35
240 832 93
240 793 70
240 494 13
240 580 11
240 699 90
240 847 9
240 461 10
240 811 97
240 850 66
240 529 78
241 710 27
241 557 44
241 680 91
241 789 17
241 659 48
241 630 22
241 799 97
241 845 2
241 546 23
241 533 63
241 645 92
241 747 3
241 589 44
242 435 35
242 843 3
243 825 92
243 516 34
243 840 1
243 543 17
243 551 25
243 534 9
243 831 32
243 685 58
243 582 48
243 661 62
243 700 50
243 649 39
243 448 40
243 545 52
243 546 16
244 667 52
244 507 43
244 452 30
244 725 34
244 739 44
244 738 9
244 449 48
244 433 49
245 842 20
245 485 10
245 615 57
245 474 84
245 760 59
245 533 96
245 691 42
245 432 90
245 462 27
245 841 78
245 761 9
245 544 97
246 586 75
246 451 10
246 705 80
246 531 41
246 505 69
246 825 94
246 526 85
246 623 43
246 525 55
247 526 98
247 546 83
247 777 57
247 822 49
247 838 7
247 544 12
247 515 50
247 495 73
247 835 10
247 645 90
247 564 94
247 477 44
247 643 85
247 639 80
248 555 7
248 436 67
248 645 24
248 842 72
248 560 62
248 641 7
248 512 72
248 434 23
248 776 61
249 447 32
250 661 55
250 479 41
250 762 42
250 558 62
250 744 88
250 498 64
250 516 49
250 784 23
251 567 6
251 709 94
251 742 21
251 774 27
251 754 99
251 694 36
251 565 53
251 444 84
251 450 92
251 829 18
251 490 17
251 748 87
251 683 14
251 698 54
251 517 90
252 539 30
252 711 73
252 741 73
252 461 46
252 771 22
252 473 24
252 836 37
252 526 83
252 764 75
252 710 23
252 443 26
252 500 94
252 514 66
252 675 70
252 835 87
253 711 85
253 694 46
253 843 42
253 583 72
253 759 39
254 661 90
254 802 60
254 803 80
255 754 67
255 456 88
255 813 20
255 743 77
255 833 14
255 637 54
255 672 7
255 579 73
255 633 19
255 642 2
255 631 51
255 750 13
255 495 89
255 521 15
255 728 19
256 437 28
256 472 98
256 678 69
256 492 12
256 785 45
256 631 5
256 850 74
256 791 42
257 845 87
257 710 15
258 503 5
258 470 32
258 477 70
258 794 46
258 514 42
258 781 15
258 575 99
258 808 69
258 568 93
258 449 6
258 733 58
258 661 3
258 684 46
259 469 23
259 620 29
259 778 69
259 816 49
259 626 8
259 749 93
259 711 15
259 543 58
259 487 98
259 617 70
259 552 28
259 738 15
259 488 73
260 462 70
260 449 79
260 706 15
260 843 75
260 783 93
261 504 47
261 590 33
261 592 63
261 693 10
261 664 23
261 570 36
261 802 28
261 775 76
261 502 86
261 844 52
261 595 43
262 664 95
263 589 9
263 657 61
263 440 25
263 504 52
263 647 46
263 816 83
263 506 76
263 839 56
263 716 67
263 670 48
263 631 72
263 720 56
263 452 6
263 774 62
264 599 43
264 745 32
264 734 68
264 801 45
264 714 20
265 455 55
265 513 18
265 579 13
265 484 11
265 803 70
265 792 83
265 468 14
265 499 6
265 449 34
265 535 21
265 502 31
266 817 8
266 660 63
266 436 16
267 624 3
267 822 61
267 659 66
267 544 89
267 607 21
267 732 24
267 450 96
267 460 39
268 777 20
268 428 26
268 811 98
268 673 60
268 705 7
268 566 4
268 718 60
268 563 92
268 710 96
268 629 9
269 780 41
269 590 32
269 440 87
269 570 78
269 775 95
269 768 50
269 694 55
269 562 69
269 557 33
269 654 77
269 491 42
269 541 35
269 538 37
270 549 41
270 767 9
270 569 41
270 598 3
270 555 1
270 579 76
270 490 42
270 547 47
270 635 22
270 453 23
270 791 17
270 512 97
270 682 87
270 599 13
271 639 10
271 786 77
271 535 10
271 459 46
271 509 41
271 704 25
271 461 23
271 809 67
271 517 32
271 624 28
271 694 25
271 465 65
271 744 17
271 758 35
272 714 52
272 742 91
273 703 20
273 584 96
273 654 85
273 576 88
273 820 57
273 582 52
273 477 65
273 720 1
273 661 60
273 811 16
274 634 54
274 690 61
274 514 19
274 522 10
274 593 70
274 774 81
274 724 9
274 811 37
274 510 45
274 456 92
274 548 23
274 515 32
274 813 1
274 480 10
274 830 15
275 542 74
275 602 77
275 644 14
275 584 78
275 594 35
275 476 60
275 667 8
275 834 95
275 443 31
275 598 3
275 490 21
276 808 12
276 837 98
276 645 55
276 470 58
276 506 12
276 822 9
276 739 85
276 789 26
276 608 70
276 798 61
276 578 48
276 840 23
276 610 57
276 758 44
277 672 57
277 582 79
277 497 89
277 696 60
277 524 68
277 846 88
277 721 95
277 791 75
277 545 74
278 654 83
279 585 74
279 451 52
279 535 23
279 507 26
279 851 56
279 711 47
279 758 65
279 431 88
279 529 7
280 505 50
280 437 69
280 847 11
280 597 81
280 468 87
280 536 81
280 600 14
280 452 46
280 659 75
281 691 40
281 672 53
281 851 27
281 680 55
281 802 56
281 757 35
281 822 78
281 830 80
281 515 19
281 473 36
281 527 62
281 453 15
281 707 26
281 573 37
281 581 25
282 500 72
282 718 83
282 582 59
282 557 86
282 707 60
282 755 70
282 559 24
282 432 96
282 504 59
282 488 16
282 705 8
282 783 74
283 612 47
283 619 98
283 521 2
283 641 78
283 680 54
283 841 43
283 768 20
283 455 36
283 711 21
283 561 56
283 522 20
283 745 96
283 783 88
283 772 47
284 568 75
284 480 28
285 701 30
285 443 27
285 557 92
285 464 25
285 737 33
285 726 85
286 550 9
286 792 5
286 541 22
286 846 28
287 741 86
287 479 6
287 466 16
287 452 57
287 758 67
287 710 39
287 434 48
288 454 60
288 587 31
288 668 82
288 738 18
288 644 57
288 584 8
288 488 72
288 667 6
288 780 1
289 503 4
289 720 16
289 452 63
289 758 63
289 431 97
289 767 13
289 677 94
289 576 95
289 738 66
289 651 33
289 538 24
289 558 83
289 477 42
289 655 61
289 465 89
290 675 96
290 470 57
290 706 27
290 759 56
291 628 15
292 667 20
292 558 64
292 542 89
292 631 80
292 674 48
293 580 29
293 665 17
293 718 93
293 626 11
293 809 72
293 465 19
293 553 21
293 579 20
293 839 32
294 555 82
294 631 92
295 828 41
295 638 59
295 557 31
295 752 73
295 538 12
295 441 20
295 701 90
296 765 34
296 445 16
296 817 65
296 449 18
297 730 70
297 586 92
297 640 21
297 627 1
297 745 81
297 564 16
297 430 91
297 756 81
297 585 39
297 841 27
297 676 83
297 788 15
297 524 69
297 617 96
298 812 1
298 692 85
298 850 94
298 578 15
298 555 4
298 688 64
298 656 11
298 779 78
298 538 96
298 662 55
298 431 98
298 618 95
299 566 83
299 671 3
299 648 1
299 756 74
299 604 56
299 840 65
299 590 83
299 822 11
299 795 46
299 639 1
299 586 90
299 847 72
299 628 38
299 709 5
299 670 28
300 736 50
300 819 43
300 442 66
300 680 58
300 788 45
300 580 61
300 500 77
300 451 11
301 749 35
301 564 96
301 502 19
301 663 12
301 529 2
301 820 7
301 742 91
301 802 96
301 457 65
302 770 2
302 620 85
302 775 32
302 611 88
302 539 80
302 454 65
302 802 70
303 480 18
304 587 32
304 783 59
304 834 50
304 841 99
304 553 95
304 657 22
304 698 77
304 845 98
304 793 36
304 468 60
305 598 35
305 625 30
305 517 96
305 711 54
305 703 34
305 516 7
305 587 92
305 693 65
305 674 77
305 700 37
305 473 53
305 518 81
305 756 4
305 460 54
306 636 5
306 758 25
306 653 70
306 842 52
306 562 73
306 447 40
306 615 69
306 507 78
306 821 96
306 585 41
306 516 13
306 537 3
306 727 27
306 550 11
307 436 40
307 844 75
307 632 42
307 599 14
307 851 66
307 685 47
307 755 56
307 692 66
307 793 68
307 642 48
307 608 51
307 662 26
308 542 96
308 612 16
308 744 88
308 513 33
308 521 64
308 696 50
308 490 55
308 515 95
308 568 95
308 482 70
308 707 51
308 578 25
308 437 26
308 438 95
308 745 90
309 855 57
309 477 34
309 821 56
309 552 41
309 804 32
310 610 80
310 742 81
311 464 26
311 560 3
311 736 95
311 494 40
311 715 16
311 627 57
312 641 98
312 624 38
312 821 56
312 637 22
312 697 1
312 431 47
312 444 44
312 459 54
312 487 90
312 665 63
312 723 76
312 790 62
312 780 48
312 449 31
313 675 15
313 438 69
313 574 24
313 794 17
313 593 87
313 642 70
313 537 56
313 471 99
313 504 33
313 430 13
313 429 8
313 784 20
313 484 46
313 564 16
313 610 89
314 708 85
315 753 38
315 792 24
315 669 35
315 473 98
315 536 97
315 703 58
315 851 14
315 461 29
315 789 25
315 493 78
316 597 52
316 675 37
316 818 67
316 563 70
316 478 79
317 725 78
317 775 83
317 777 49
317 462 66
317 595 56
317 532 79
317 581 78
317 744 52
317 634 45
317 696 2
317 503 98
318 751 5
318 732 44
318 644 15
318 443 80
318 507 2
318 454 29
318 512 65
318 601 5
318 630 26
318 758 53
318 726 28
318 798 49
318 559 33
318 709 57
319 760 55
319 763 94
320 466 92
320 649 10
320 434 19
320 679 20
320 740 33
320 529 62
320 786 33
321 586 30
321 688 37
321 515 96
321 584 49
321 757 33
321 435 7
321 776 59
321 502 71
321 465 90
322 778 97
322 581 99
322 596 54
322 792 69
322 478 15
322 733 44
322 539 76
323 477 24
323 834 72
323 758 62
323 742 45
323 487 27
323 676 51
323 837 34
323 452 17
323 657 10
323 710 2
323 809 84
323 500 86
323 848 43
323 542 26
324 686 81
324 723 66
324 679 43
325 473 12
325 428 85
325 718 44
326 485 6
327 711 79
327 837 32
327 609 98
327 442 66
327 530 81
327 598 37
327 557 52
327 568 34
327 772 3
328 808 86
328 773 80
329 629 48
329 694 34
329 603 95
329 733 48
329 634 71
329 493 17
329 548 6
329 821 78
329 624 3
329 663 79
330 765 40
330 496 32
330 655 22
331 493 72
331 823 29
331 614 64
331 811 16
331 701 33
331 498 12
331 631 58
331 694 30
332 437 1
332 554 70
332 540 45
332 679 40
332 788 63
332 503 79
332 489 46
332 560 14
333 451 82
333 478 83
333 674 7
333 726 16
333 551 5
333 512 39
333 812 9
333 792 31
333 706 34
333 515 95
333 602 26
333 540 6
334 462 7
334 798 42
334 765 26
334 502 39
335 722 1
335 852 76
335 500 93
335 629 52
335 853 73
335 855 37
335 803 1
335 723 91
335 507 28
335 809 51
335 724 47
335 460 63
335 548 50
335 601 8
336 852 8
336 472 38
336 605 60
336 828 65
336 623 20
336 699 96
336 529 34
336 855 17
336 764 18
336 648 34
336 544 21
336 520 33
336 542 81
337 519 37
337 597 85
337 770 52
337 714 23
337 553 59
337 623 44
337 563 7
337 696 40
337 677 86
337 481 85
337 674 93
337 778 41
338 433 46
338 431 82
338 495 15
338 674 87
338 822 54
338 428 91
338 603 45
338 535 80
338 846 27
339 792 88
339 735 88
339 533 46
339 621 41
339 853 22
339 591 30
339 837 5
340 763 83
340 689 59
340 817 60
340 843 32
340 640 40
340 810 55
340 602 64
340 851 7
340 834 76
340 657 28
340 584 88
341 551 19
341 581 44
341 700 68
341 443 21
341 523 53
341 852 66
341 697 25
341 829 74
342 520 15
342 794 20
342 653 30
342 529 64
342 831 42
342 833 75
343 447 53
343 430 54
343 566 49
343 533 97
343 695 6
343 600 82
343 767 37
343 517 15
343 722 2
343 446 56
343 646 28
343 540 25
343 500 62
343 827 1
343 449 90
344 807 19
344 623 9
344 497 11
344 638 26
344 462 4
344 518 27
344 525 36
344 429 59
344 750 67
344 435 35
344 586 79
344 670 17
344 592 47
345 664 16
345 833 85
345 623 54
345 831 95
345 832 19
345 519 56
345 479 87
345 810 1
345 807 15
345 670 9
345 611 70
346 505 46
346 633 51
346 584 5
346 757 43
346 606 12
346 499 93
347 702 28
347 762 4
347 622 24
347 799 84
347 785 96
347 760 11
347 565 19
347 638 38
347 688 38
347 441 49
347 525 17
347 558 95
347 560 82
348 563 62
348 732 27
348 852 65
348 473 90
348 711 99
348 756 16
348 668 3
348 545 32
348 824 6
348 707 6
348 797 14
348 448 89
348 651 4
348 593 99
348 534 41
349 599 80
349 757 52
349 746 22
349 835 93
349 758 47
349 638 73
349 679 8
349 473 75
349 500 93
349 810 62
349 696 19
349 550 74
349 794 36
349 572 57
349 844 80
350 800 8
351 448 71
351 453 6
351 610 32
351 565 46
351 801 44
351 521 80
351 644 61
352 520 5
352 843 27
352 739 9
352 769 61
352 473 23
352 581 98
352 461 10
352 781 95
353 667 92
353 580 11
353 508 77
353 780 57
353 481 86
353 806 27
353 828 23
353 757 48
353 488 10
353 546 55
353 607 51
354 718 72
354 779 28
354 504 80
354 429 41
354 572 67
354 509 74
354 653 25
354 573 98
354 620 43
355 742 84
355 541 71
355 841 53
355 586 97
355 486 99
355 617 90
355 468 17
355 651 66
355 824 39
355 761 12
355 647 84
355 551 77
355 634 83
356 524 67
356 827 27
356 659 64
356 481 58
356 663 1
357 831 94
357 464 81
357 830 48
357 658 57
357 492 23
357 663 91
357 768 93
357 756 8
357 500 34
357 636 25
358 723 85
358 694 42
358 822 86
358 795 97
359 748 99
359 639 66
359 716 11
359 693 21
359 577 57
359 702 80
359 460 57
359 594 95
359 572 10
359 712 56
359 714 10
359 476 97
360 849 70
360 520 73
360 812 89
360 487 60
361 505 54
361 439 77
361 784 9
361 850 74
361 809 31
361 556 17
361 750 95
361 752 27
361 525 49
361 438 62
361 451 4
361 767 91
362 603 57
362 584 92
362 505 80
362 767 96
362 697 25
362 803 87
362 476 77
362 681 17
362 618 57
362 797 6
362 492 7
362 775 77
362 806 43
362 481 98
363 819 71
363 669 91
363 544 47
363 571 26
363 664 21
363 783 21
363 745 19
363 784 74
363 821 70
363 754 9
364 587 33
364 798 12
364 680 66
364 604 83
364 450 71
364 570 83
364 661 72
364 758 95
364 539 76
364 747 65
365 510 39
365 678 18
366 438 76
367 743 14
367 497 72
367 720 83
368 431 95
368 503 72
368 471 4
369 712 49
369 749 71
369 735 32
369 531 32
369 454 33
369 714 46
369 656 5
369 540 80
369 441 23
369 440 41
369 643 83
369 534 73
369 428 82
370 775 22
371 542 72
371 476 63
371 797 13
371 816 21
371 787 94
371 587 46
371 722 73
371 562 33
371 653 11
371 697 1
371 430 77
371 714 59
371 529 54
372 682 16
372 512 34
372 755 53
372 747 38
372 748 25
372 556 47
372 690 70
372 557 22
372 732 37
373 519 2
373 774 80
373 496 34
373 665 37
373 649 67
373 760 4
373 512 50
373 729 54
373 578 93
374 815 92
374 810 56
374 561 95
374 511 4
374 429 50
374 553 60
374 455 63
374 601 1
374 733 27
374 612 31
374 711 16
374 797 60
374 439 31
374 617 55
375 559 74
375 635 91
375 537 88
375 549 46
375 646 69
375 514 4
375 840 59
376 544 27
376 725 13
376 441 1
376 518 35
376 484 61
376 768 33
376 749 86
377 556 57
377 564 78
377 586 69
377 720 83
377 727 56
377 806 8
377 672 84
378 622 3
378 529 59
378 517 12
378 680 83
378 547 93
378 825 75
378 577 24
378 763 20
378 734 40
378 479 6
378 518 76
378 553 71
379 608 25
379 787 60
379 712 46
379 830 78
379 638 58
379 445 80
379 641 51
379 843 35
379 462 66
379 826 44
379 689 94
379 839 69
379 855 89
379 583 27
379 661 76
380 753 43
380 742 48
380 609 61
380 818 33
380 646 5
380 782 23
380 545 71
380 853 71
380 588 33
380 480 77
381 575 62
381 533 76
381 639 29
381 433 35
381 678 7
381 624 72
382 804 94
382 633 58
382 729 90
382 745 9
382 516 27
382 788 12
382 458 1
382 758 11
383 558 4
383 684 6
383 696 73
383 548 18
383 670 58
383 772 64
384 837 43
384 593 94
385 590 67
385 613 98
385 682 80
385 669 72
385 715 79
385 670 73
385 586 72
385 726 48
385 494 54
385 738 89
385 678 13
385 821 1
386 643 95
387 635 4
387 455 22
387 835 99
387 435 60
387 653 72
387 676 1
387 788 11
387 743 98
388 842 19
388 596 50
388 747 32
388 788 48
388 760 50
388 659 29
388 479 98
389 695 50
389 769 53
389 461 13
389 452 68
389 549 35
389 819 67
389 442 10
389 503 30
389 785 54
390 819 34
390 448 93
390 765 21
391 673 86
391 481 42
391 758 54
391 462 38
391 744 98
391 502 99
392 795 16
392 515 99
392 657 83
392 725 73
392 488 58
392 682 86
392 546 64
392 779 32
392 654 96
392 821 48
392 690 49
392 686 49
392 448 25
392 553 29
392 525 45
393 621 73
393 513 98
393 491 2
393 821 76
393 788 45
393 723 66
393 614 28
394 722 94
394 712 92
394 677 45
394 779 26
394 693 79
394 458 79
394 725 25
394 771 57
394 833 64
394 684 12
394 755 33
394 681 48
394 660 35
394 582 30
395 565 16
395 751 76
395 579 94
396 525 27
396 557 5
396 617 3
396 744 71
396 467 61
397 727 80
397 564 6
397 805 10
397 680 64
397 536 76
397 468 13
398 757 44
398 688 53
398 430 61
399 432 54
399 623 34
399 513 87
399 624 5
399 523 91
399 775 28
399 709 32
399 619 7
400 699 85
400 805 8
400 466 39
400 451 84
400 782 37
400 498 16
400 636 76
400 592 93
401 695 16
401 532 58
401 823 22
401 638 7
402 822 49
402 749 40
402 776 63
402 518 57
402 724 34
402 644 12
402 683 40
402 780 17
403 579 15
403 714 3
403 560 12
403 555 13
403 494 11
403 790 50
403 429 79
403 637 15
403 764 48
403 553 25
403 669 25
403 733 48
403 778 63
403 526 21
403 781 19
404 466 94
404 688 32
404 763 76
404 668 43
404 848 89
404 754 33
404 663 70
404 650 61
404 547 54
404 731 22
404 602 47
405 841 13
405 831 14
405 826 70
405 775 31
405 833 71
405 742 79
405 593 88
405 650 16
405 798 91
405 570 82
406 515 95
406 486 27
406 624 73
406 698 86
406 824 37
406 753 62
406 471 46
406 650 91
406 850 34
407 686 74
407 811 43
407 776 28
407 539 22
407 834 68
407 681 25
407 478 57
408 563 68
408 803 50
408 487 83
408 683 44
408 808 41
408 778 57
408 578 90
408 699 64
408 814 38
408 801 65
408 640 44
408 615 17
409 523 53
409 546 45
409 534 60
409 581 47
410 557 29
410 821 37
410 681 99
410 523 6
410 503 3
410 509 57
410 608 53
410 492 71
410 583 25
410 447 70
410 478 21
410 663 48
410 854 4
411 543 84
411 741 92
411 663 2
412 598 7
412 688 14
412 534 11
412 702 38
412 548 33
412 553 48
412 794 41
413 437 38
413 663 36
413 518 10
413 590 49
414 669 71
414 814 18
414 472 30
414 552 38
414 513 88
414 511 15
414 467 95
414 728 99
414 834 84
414 503 69
415 623 19
415 558 54
415 649 12
415 578 97
415 802 13
415 580 20
415 500 71
415 645 37
415 716 43
415 779 60
415 792 53
415 749 73
416 710 43
416 700 11
416 556 39
416 584 35
416 832 22
416 499 15
416 800 81
416 830 95
416 848 61
417 664 70
417 705 93
417 810 8
417 791 81
417 458 53
417 657 94
417 624 32
418 619 32
418 613 34
418 646 8
418 506 85
418 845 8
418 760 32
418 644 87
418 580 60
418 713 98
418 590 40
418 729 20
418 730 28
419 733 70
419 493 2
419 643 92
419 697 50
419 668 96
419 811 98
419 738 75
419 751 19
419 762 99
419 558 54
419 769 92
419 630 81
420 840 18
420 729 89
420 848 9
420 644 49
420 469 61
420 843 5
420 520 16
420 457 59
420 600 25
420 564 39
420 466 5
420 632 10
420 711 52
420 652 67
421 680 65
421 641 11
421 638 23
421 529 79
421 546 36
421 695 81
421 786 94
421 640 54
421 594 25
421 522 59
421 646 77
421 702 43
421 741 12
422 713 83
422 482 77
422 732 76
422 468 33
422 775 78
422 770 42
422 588 27
422 497 67
422 548 19
422 741 24
422 638 38
422 561 98
422 785 94
423 493 25
423 812 61
423 586 3
423 798 32
423 499 96
423 548 83
423 776 98
424 512 29
424 538 33
424 482 65
424 517 96
424 681 20
424 550 19
424 679 11
424 568 86
424 634 64
425 742 64
425 509 50
426 755 72
426 671 18
426 732 93
426 453 33
426 520 81
426 572 49
427 643 6
427 764 27
427 809 67
427 653 25
