773 3136
1 727 46
1 752 91
1 550 59
1 477 16
1 536 96
1 440 50
1 501 99
2 570 41
2 401 27
2 508 84
2 423 57
2 400 12
2 716 59
3 722 13
3 440 68
3 607 85
3 640 46
3 469 97
3 443 5
3 760 43
3 618 3
3 555 66
3 458 32
3 606 39
3 740 29
4 748 28
4 645 69
4 496 28
5 754 99
5 516 6
5 746 75
5 672 68
5 526 16
6 460 20
6 394 19
6 719 86
6 691 83
6 501 99
6 535 64
6 766 14
6 651 84
6 596 40
6 772 46
6 729 41
6 502 72
6 418 16
6 424 35
7 505 56
7 741 95
7 521 92
7 769 55
7 405 52
7 704 6
7 770 67
7 534 13
7 478 79
8 529 60
8 398 21
8 683 86
8 419 69
8 587 81
8 731 72
8 437 41
8 688 21
8 657 9
9 461 88
9 498 96
9 455 40
9 504 93
9 407 81
9 466 3
9 728 47
10 741 33
10 488 90
10 632 59
10 614 62
10 459 20
10 694 90
10 636 67
10 548 14
10 611 92
10 677 13
11 406 32
11 463 8
11 633 51
11 628 24
11 482 62
12 523 48
12 469 7
12 619 40
12 395 26
12 428 62
12 679 13
12 588 95
12 534 33
12 631 13
12 519 98
12 394 26
12 672 32
12 404 83
12 748 19
13 749 95
13 535 63
13 567 14
13 763 89
13 736 9
13 688 19
13 713 15
13 762 9
13 557 50
13 425 59
13 506 70
13 533 53
13 568 73
14 490 76
14 602 68
14 644 40
14 747 33
14 532 70
14 657 85
14 770 27
14 496 49
14 612 33
14 700 54
15 431 55
15 466 40
15 601 34
15 562 38
15 628 58
15 649 47
15 594 64
15 702 94
16 430 58
16 701 84
16 453 94
16 638 97
16 519 50
16 443 19
16 584 19
16 481 42
17 744 6
17 695 47
17 532 40
18 671 57
19 691 80
19 524 56
19 699 9
19 645 40
19 478 19
19 716 65
20 697 72
20 640 65
20 567 55
20 692 47
20 609 56
20 499 70
20 587 62
20 702 9
20 549 58
20 685 49
21 773 75
21 593 80
21 562 57
21 535 61
21 392 85
21 614 64
21 476 12
21 459 69
21 676 78
22 642 79
22 391 18
23 411 21
23 569 15
24 644 28
24 491 80
24 724 79
25 611 10
25 626 75
25 564 73
25 391 99
25 587 31
25 457 93
25 601 20
25 608 93
25 472 75
25 667 98
25 520 39
25 581 12
25 396 28
25 702 25
26 464 35
27 542 42
27 518 60
27 472 69
27 556 67
27 405 25
27 426 89
27 592 79
27 441 71
27 635 17
27 517 45
27 668 40
27 716 62
28 599 39
28 736 47
28 767 51
28 534 51
28 416 28
28 558 66
28 722 77
28 708 60
28 399 86
29 761 36
29 396 59
29 688 18
29 448 81
29 768 61
29 508 64
29 390 86
29 492 87
29 493 25
29 489 99
30 638 42
30 554 53
30 592 45
30 586 76
30 746 61
30 724 45
30 725 60
30 714 56
30 707 89
30 569 31
30 432 5
30 695 57
30 755 55
31 708 91
31 647 32
32 568 80
32 594 46
33 459 24
33 688 48
33 418 12
33 416 45
33 677 51
33 766 64
33 640 48
33 395 6
34 708 2
34 707 52
34 614 85
34 625 63
34 735 26
34 569 93
34 562 84
34 721 91
34 443 45
34 608 98
34 771 9
35 466 94
35 459 70
35 716 90
35 446 6
35 767 67
35 467 11
35 721 87
35 574 30
35 516 82
35 443 78
35 698 4
35 668 27
35 549 50
35 565 81
35 639 19
36 557 62
36 456 39
36 731 13
36 471 55
36 705 90
36 428 89
36 634 96
37 496 70
37 456 59
37 407 93
37 639 75
37 532 92
38 765 64
38 734 38
38 597 20
38 589 66
38 767 11
38 616 93
38 475 23
38 744 85
38 683 76
38 686 33
38 693 42
38 594 45
38 535 34
39 395 63
39 719 35
39 462 66
39 556 28
39 703 97
39 388 26
39 551 36
39 760 82
39 650 8
39 686 31
39 449 46
40 598 78
40 604 89
41 697 8
41 446 20
41 469 98
41 429 99
41 590 31
41 452 13
41 737 91
41 458 19
41 734 23
41 572 92
41 409 63
41 472 13
41 586 93
41 546 33
42 551 27
42 497 95
43 757 42
43 490 30
43 550 96
43 768 68
43 624 21
43 709 27
43 531 55
43 535 30
43 391 43
43 470 62
43 684 68
44 730 40
44 405 10
44 645 57
44 407 8
44 760 74
44 626 88
45 552 21
45 718 85
45 586 4
45 431 86
45 648 76
45 502 2
45 758 30
45 681 53
45 690 16
46 601 41
46 606 42
46 521 4
46 725 16
46 530 4
46 614 92
46 500 9
46 560 87
46 703 65
46 596 1
46 533 49
46 671 10
46 442 69
46 447 80
47 548 64
47 594 69
47 615 57
47 390 69
47 600 45
47 566 52
47 560 9
47 578 65
47 714 85
47 719 89
47 722 24
48 445 73
48 676 48
48 652 24
48 640 9
48 414 65
48 615 28
48 570 67
49 638 15
49 549 5
49 574 86
49 586 13
49 564 27
49 532 27
49 620 58
50 417 75
50 464 32
50 654 23
51 526 92
51 551 7
51 487 25
51 681 78
51 529 51
51 677 5
51 476 39
51 559 18
51 427 20
51 415 33
51 581 84
52 582 1
53 442 7
53 658 75
53 437 57
54 506 14
54 443 91
54 645 30
54 656 44
54 402 84
54 772 78
54 406 99
54 416 73
54 600 81
54 455 95
54 719 64
54 503 94
54 548 52
54 636 42
55 446 30
55 418 11
55 667 69
56 745 21
56 497 86
56 511 73
56 525 79
56 398 64
56 523 46
56 610 23
56 741 43
57 391 84
57 507 90
57 476 46
57 736 95
57 394 82
57 461 14
57 732 97
57 598 12
58 643 56
59 488 13
59 662 36
59 499 29
59 464 31
59 408 47
59 613 44
60 640 92
60 718 34
60 716 44
60 522 82
60 412 86
60 548 11
60 469 87
60 465 76
60 619 89
60 768 22
60 691 16
60 634 80
60 519 21
61 417 2
61 612 77
61 412 50
61 479 45
61 752 8
61 756 2
61 495 1
62 678 88
62 626 54
62 428 77
62 548 99
63 474 81
63 470 66
63 771 83
63 433 95
63 504 29
63 558 94
64 743 82
64 410 38
64 625 74
64 642 43
64 482 80
64 702 46
64 654 21
64 615 63
65 681 36
65 544 32
65 511 97
65 743 15
65 457 56
65 436 74
65 474 67
65 758 34
65 429 77
65 631 10
65 590 78
65 554 62
65 427 90
65 477 21
66 637 30
66 416 47
66 768 55
66 769 39
67 722 56
67 573 45
67 462 2
67 694 21
67 596 28
67 394 91
67 761 47
67 544 95
67 771 39
67 437 77
68 567 6
68 632 77
68 714 21
68 719 32
69 424 30
69 548 81
69 404 72
69 420 69
69 684 4
69 448 74
69 462 97
69 701 4
69 395 32
69 576 48
69 757 88
70 548 73
70 618 18
70 672 67
70 660 5
70 706 62
70 766 9
71 494 28
72 590 87
72 533 42
72 449 89
73 761 76
73 766 62
73 528 16
73 409 5
73 695 6
73 486 67
73 531 61
73 597 35
73 599 89
73 642 28
73 750 99
73 735 88
73 711 46
74 498 33
74 535 9
74 686 49
74 407 60
74 411 44
74 613 81
74 769 42
74 539 52
74 538 13
74 603 54
74 634 32
75 699 55
75 612 73
75 575 80
75 608 90
75 401 77
75 728 69
75 745 78
75 754 90
75 461 79
75 469 42
76 760 54
76 654 20
76 657 56
76 390 65
76 724 97
76 405 7
76 416 36
77 744 68
77 442 42
77 516 20
77 769 88
77 708 84
77 678 71
77 513 34
77 425 96
77 610 13
77 707 48
77 609 84
77 614 6
78 548 1
78 442 37
78 561 63
78 693 9
78 409 84
78 765 50
78 627 32
78 764 87
78 731 71
78 585 57
78 415 21
78 749 50
79 526 10
79 527 10
79 609 4
79 432 78
79 520 89
79 508 92
79 693 95
79 664 46
79 584 75
79 569 6
79 616 84
79 640 70
79 704 34
80 689 43
80 522 70
80 433 3
80 626 46
80 629 94
80 634 65
80 598 21
80 599 94
80 483 85
80 470 78
80 702 6
81 563 90
81 661 11
82 484 72
82 705 15
82 740 65
82 732 20
82 752 65
82 760 12
82 672 21
82 387 70
82 662 79
82 475 75
82 492 68
82 392 55
82 658 7
82 631 21
82 766 52
83 542 38
83 447 31
83 739 95
84 629 53
84 684 93
84 733 74
84 559 41
84 501 80
85 701 30
85 430 41
85 525 76
85 503 92
86 719 1
86 419 55
86 684 25
86 486 31
86 638 98
87 682 88
87 726 78
87 676 20
87 404 81
87 521 81
87 544 56
87 538 40
87 524 73
87 629 49
87 714 64
87 741 63
88 393 95
88 546 35
88 740 90
88 598 87
88 554 44
89 574 68
89 745 57
89 567 54
89 617 83
89 651 52
90 628 97
90 635 36
90 546 32
91 546 35
91 746 35
91 748 78
91 531 89
91 514 19
91 587 21
91 634 15
91 495 55
91 450 44
91 476 69
91 526 67
91 582 29
91 422 1
91 646 71
92 734 56
92 713 75
92 518 55
92 730 80
92 527 44
92 508 11
92 638 78
93 686 84
93 666 95
93 468 51
93 451 89
93 461 48
93 617 33
93 549 98
94 772 70
94 556 47
94 751 47
94 656 91
94 740 43
94 596 88
94 750 46
94 580 46
94 686 77
94 631 51
94 534 54
95 403 29
95 434 49
95 550 9
95 532 52
96 490 65
96 485 24
96 689 59
96 503 44
96 589 96
96 615 1
96 424 79
96 495 28
96 575 71
96 619 53
96 621 26
96 505 54
96 569 50
96 420 39
97 701 27
97 609 99
97 528 70
97 412 88
97 444 17
97 764 84
97 581 96
97 525 22
97 736 76
98 431 85
98 669 13
98 747 26
98 560 11
98 542 97
98 639 5
98 502 26
98 710 16
98 480 61
98 744 69
98 519 33
98 633 30
99 715 27
99 713 31
99 548 5
99 551 36
99 751 98
99 515 91
99 461 20
99 504 75
100 702 38
100 538 18
100 568 35
100 680 95
100 525 8
100 475 50
100 754 51
100 683 84
100 734 41
101 564 33
101 545 24
101 719 55
101 451 44
101 708 48
101 420 73
101 753 32
101 506 70
101 569 90
101 475 82
101 449 24
101 474 45
101 454 38
101 453 64
102 470 84
102 504 18
102 603 9
102 416 1
102 547 69
102 607 65
102 638 52
102 700 19
102 458 93
102 432 77
102 408 47
102 748 38
102 733 68
102 751 77
103 500 31
103 448 4
103 559 47
103 680 53
103 752 42
103 412 75
103 769 29
103 649 45
103 613 77
103 518 86
104 396 79
104 665 57
104 415 73
104 535 65
104 615 9
104 471 10
104 501 95
104 722 30
104 442 99
104 744 53
104 537 50
104 654 78
104 573 98
104 506 50
104 699 81
105 648 19
105 405 88
105 686 14
105 445 31
105 407 78
105 528 96
105 721 10
105 748 5
105 388 54
106 547 40
106 475 86
106 706 35
106 474 70
106 628 4
106 764 63
106 672 35
106 550 39
106 597 40
106 747 22
106 671 21
106 697 12
107 711 92
107 633 87
107 398 11
107 696 84
107 651 81
107 737 17
107 567 38
107 759 15
108 439 28
108 568 53
108 508 5
108 630 96
108 700 72
108 459 23
108 751 86
109 718 15
109 441 15
109 533 99
109 700 89
109 697 70
109 413 53
109 402 20
109 741 25
109 502 22
109 547 74
110 410 26
110 682 27
110 726 37
110 720 19
110 724 12
110 588 38
110 749 76
110 585 30
110 396 70
110 606 27
110 456 2
110 398 4
110 594 47
110 703 96
110 760 80
111 525 71
111 739 89
112 450 26
112 599 87
112 572 81
112 729 39
112 415 98
112 617 81
112 551 76
112 665 20
112 400 25
112 607 40
112 769 32
112 728 50
112 536 59
112 577 73
112 586 62
113 652 88
113 486 10
113 621 56
113 558 89
113 429 2
113 725 96
113 648 17
113 742 15
113 422 29
113 649 67
113 430 2
113 712 96
113 771 85
113 711 12
114 651 67
114 388 3
114 504 10
114 483 98
114 542 63
114 611 93
114 727 37
114 697 40
114 489 36
114 560 27
114 735 45
114 752 60
114 400 98
115 595 86
115 395 98
115 740 44
115 494 79
115 710 11
115 677 53
115 568 39
115 730 15
115 499 37
115 725 41
115 603 90
115 693 70
116 574 93
116 612 10
116 668 73
116 463 53
116 617 71
116 504 96
117 418 84
117 480 91
117 430 9
117 511 57
117 699 37
117 562 23
117 519 51
117 771 96
117 505 80
117 763 25
117 670 49
117 728 73
117 545 29
117 729 45
118 704 41
118 417 97
118 603 30
118 440 17
118 747 85
118 594 87
118 548 91
118 757 43
118 591 46
119 420 96
120 689 31
120 722 62
120 416 19
120 658 29
120 522 69
120 670 83
120 698 64
121 501 87
121 738 64
121 615 31
121 569 61
121 534 68
121 545 90
121 570 30
121 611 61
121 510 21
121 442 28
121 649 15
122 585 73
122 739 15
122 682 66
122 637 63
122 633 12
122 563 46
123 519 29
123 644 96
123 497 80
123 613 57
123 503 67
123 665 84
124 603 6
125 476 42
125 491 46
126 445 13
126 621 27
126 453 75
126 495 5
126 739 23
126 575 27
127 680 97
127 589 60
128 711 62
129 535 10
129 519 98
129 659 84
129 732 72
129 724 8
129 427 99
129 552 56
129 412 64
129 733 60
129 526 76
130 405 70
130 390 31
130 512 31
130 498 67
130 677 50
130 515 72
130 715 1
131 522 73
131 405 3
131 681 8
131 590 20
131 687 80
131 518 25
132 716 19
132 448 23
132 599 78
132 656 4
132 715 85
132 496 16
132 707 6
132 637 88
132 464 76
132 757 54
133 447 4
134 396 54
134 697 13
134 466 62
134 575 56
134 693 88
134 442 81
134 435 2
134 491 4
134 614 25
134 463 29
134 517 71
135 647 15
135 662 82
135 576 60
135 615 25
135 628 33
135 703 23
135 745 53
136 479 94
136 484 53
136 490 43
136 586 29
136 463 73
136 584 65
136 456 50
136 472 30
136 527 96
137 514 70
137 670 48
138 448 54
138 512 88
138 598 94
139 492 77
139 671 27
139 632 13
139 470 38
139 526 10
139 489 44
139 759 85
139 468 22
139 454 6
139 607 17
139 518 56
139 408 96
140 441 47
140 422 8
140 620 95
140 560 44
140 685 60
140 594 83
140 654 83
140 499 35
140 495 81
141 737 1
141 738 61
141 566 26
141 722 40
141 620 97
141 483 7
141 585 59
141 537 85
141 751 31
141 676 55
141 523 70
141 419 40
141 499 77
141 516 38
141 726 55
142 505 47
142 504 87
142 745 23
142 517 78
142 623 68
142 728 73
142 599 47
142 460 27
142 635 73
142 608 77
142 661 18
142 600 43
142 390 34
142 445 53
143 562 10
143 646 65
143 507 71
143 697 53
143 423 14
143 621 76
143 395 66
143 642 87
143 456 98
143 540 13
143 506 38
143 473 26
143 409 36
143 696 75
144 607 61
144 690 85
144 475 56
144 536 70
144 528 69
145 523 41
145 395 96
145 620 73
145 740 61
145 649 5
145 759 67
145 697 8
145 711 53
145 747 34
145 618 52
145 530 63
145 630 79
145 627 64
145 396 26
146 458 32
146 469 22
146 656 89
146 736 99
146 648 86
146 554 64
146 575 62
147 513 89
147 437 60
147 713 89
147 504 11
147 440 41
147 683 43
147 689 37
147 682 72
147 625 65
147 583 87
147 509 21
147 498 48
147 716 73
147 730 93
147 547 57
148 520 36
148 719 5
148 519 66
148 566 86
148 661 6
148 716 23
148 552 32
148 455 35
148 481 35
148 443 33
149 393 74
149 653 1
149 565 5
149 491 53
149 743 72
149 594 86
149 620 70
149 614 6
149 599 8
150 531 51
150 643 36
151 445 84
151 709 50
152 433 64
152 504 25
152 672 70
152 608 81
152 502 69
152 695 65
152 407 43
152 603 32
152 702 90
152 421 33
152 395 75
152 498 85
153 658 85
153 644 33
153 409 1
153 771 58
153 451 39
153 683 58
153 416 26
153 446 54
154 540 78
154 677 67
154 482 42
154 503 33
155 590 19
155 762 93
155 462 2
155 491 50
155 507 43
155 726 65
155 424 43
155 506 21
155 725 52
155 583 54
155 608 3
155 504 62
155 471 36
155 633 42
156 562 62
156 708 70
156 585 92
156 509 1
156 431 83
156 714 67
156 646 29
156 737 68
156 536 86
156 680 53
156 619 69
156 728 47
157 768 69
157 513 92
157 773 11
157 747 30
157 591 72
157 614 97
157 627 82
157 704 37
157 662 62
157 546 75
157 532 63
157 539 92
157 693 89
157 600 26
158 721 90
158 599 55
158 557 33
158 484 32
158 690 31
158 606 39
158 478 23
159 458 96
159 394 95
159 414 55
159 640 61
159 590 77
159 527 83
159 745 75
159 432 5
159 579 50
159 551 8
159 761 48
159 588 81
159 482 95
159 505 96
160 429 50
160 508 11
160 709 23
160 390 81
160 697 5
161 672 79
161 561 98
161 643 80
161 682 87
161 483 7
161 403 1
161 711 12
161 510 58
161 522 77
161 424 73
161 518 36
161 677 55
161 540 23
161 701 31
162 563 24
162 747 72
162 424 96
162 691 55
162 500 69
162 727 95
162 761 14
162 706 8
162 398 32
162 454 12
162 603 68
162 488 16
162 515 11
163 755 93
163 602 30
163 554 40
163 396 45
163 560 11
163 607 50
163 545 26
163 732 59
163 493 24
163 511 17
163 420 9
163 696 48
163 444 60
163 514 66
163 629 26
164 716 97
164 577 32
164 532 15
164 639 52
164 534 26
164 671 51
164 600 72
164 393 24
164 623 53
164 718 55
164 574 54
164 710 86
165 416 91
165 573 72
165 609 67
165 769 69
165 546 19
165 443 91
165 690 90
165 509 18
165 530 29
165 527 38
165 519 29
166 402 26
167 439 5
167 657 96
167 577 71
167 670 99
167 634 56
167 463 88
167 487 8
167 512 9
167 412 29
167 730 88
167 649 11
167 601 1
167 470 96
168 548 16
169 615 90
169 419 60
169 608 22
169 448 7
169 463 86
169 711 90
169 585 57
170 671 63
170 458 35
170 713 87
170 563 57
170 572 48
170 436 90
170 399 57
170 622 70
170 519 48
170 740 97
170 548 59
170 510 3
170 432 89
171 713 48
171 634 30
172 678 80
172 548 72
172 653 67
172 506 65
172 719 47
172 746 45
172 688 57
172 734 3
173 686 62
173 486 66
173 569 72
173 728 3
173 628 1
173 501 30
173 458 96
173 650 22
173 773 51
173 563 39
173 524 68
173 698 41
173 713 61
173 749 83
173 717 43
174 469 9
174 504 97
175 425 50
175 501 38
175 567 81
175 480 90
175 748 51
175 652 97
175 559 8
175 550 68
175 705 61
176 725 80
176 485 50
176 411 39
176 602 22
176 589 43
176 524 12
176 686 6
176 439 32
177 499 26
177 434 91
177 438 75
177 556 88
177 435 57
177 537 40
177 496 51
178 738 75
178 573 9
178 709 64
178 479 21
178 637 7
178 628 68
178 461 96
178 696 30
178 642 58
178 505 68
178 393 97
179 463 8
179 455 76
179 725 12
179 527 11
179 434 68
179 464 65
179 499 34
179 482 40
180 611 50
180 417 47
180 748 83
180 678 30
180 391 96
181 760 57
181 719 36
181 518 29
181 717 58
181 639 51
181 393 33
181 595 10
182 769 93
182 489 97
182 475 31
182 630 16
182 723 42
182 680 34
182 720 86
182 405 62
182 618 92
182 488 84
182 430 21
182 483 80
182 684 54
182 487 45
183 459 5
184 550 30
184 614 20
184 735 15
184 679 23
184 504 11
184 732 54
184 623 17
184 669 90
184 709 5
184 697 92
184 761 79
184 450 68
184 729 64
184 456 71
184 634 40
185 531 38
185 740 78
185 733 26
185 607 59
185 549 5
185 576 10
185 564 45
185 592 96
185 511 68
185 516 34
185 577 79
185 735 72
185 469 47
185 462 66
186 517 26
186 644 3
186 642 76
186 616 51
186 755 53
186 402 6
186 477 9
186 758 43
187 441 28
188 410 23
188 418 55
188 617 76
188 662 8
188 570 26
188 509 24
188 540 63
188 521 66
188 429 22
188 625 91
188 607 53
188 748 46
188 436 42
189 554 55
189 761 95
189 542 41
189 662 95
189 586 84
189 633 24
190 631 46
190 579 89
190 474 32
190 613 82
191 731 69
191 441 24
191 755 78
191 602 89
191 600 3
191 495 17
191 605 12
191 540 65
191 561 31
191 668 95
191 628 50
192 552 4
192 734 4
192 696 28
192 484 2
192 475 20
192 406 73
192 421 5
193 705 68
193 647 57
193 696 81
193 770 94
193 748 21
193 505 83
193 628 48
193 497 81
193 719 11
193 561 57
194 575 21
194 578 85
195 551 96
195 485 39
195 539 90
195 600 73
195 412 8
195 499 83
195 529 47
195 670 35
195 741 60
195 660 49
195 520 11
195 771 26
196 626 23
196 711 50
196 754 92
196 542 52
196 560 91
197 745 13
197 722 93
197 471 65
198 759 51
198 627 41
198 482 21
198 641 75
198 494 1
198 594 74
199 630 4
200 740 94
200 635 41
200 569 22
201 718 7
201 648 54
201 768 44
201 696 46
201 499 98
201 421 11
201 679 13
201 422 31
201 636 21
202 394 18
202 388 72
202 560 38
202 738 45
202 405 20
202 638 46
202 522 56
202 607 72
202 742 70
202 467 91
202 740 96
202 553 89
202 746 97
202 703 64
202 631 56
203 462 35
203 741 55
204 468 19
204 417 16
205 444 72
205 500 33
205 422 80
205 668 52
205 565 93
205 517 38
205 633 42
205 687 57
205 483 81
206 649 76
206 474 52
206 640 81
206 708 39
206 629 61
207 765 92
207 690 75
207 520 92
207 666 13
207 488 96
207 630 1
207 552 29
207 676 45
207 451 3
207 464 33
207 732 4
207 712 45
207 392 33
207 555 10
208 532 90
208 717 88
208 447 12
208 703 43
208 511 92
208 459 96
208 392 58
208 747 87
208 442 38
208 675 21
208 644 45
208 430 7
208 483 77
209 765 89
209 487 74
209 606 95
209 759 19
209 425 11
209 551 57
209 671 29
209 744 5
209 729 88
210 644 63
210 765 22
210 501 58
210 452 18
210 556 86
210 728 27
210 627 30
210 478 47
210 729 49
210 702 48
211 696 6
211 648 32
211 700 67
211 631 93
211 693 65
211 684 9
211 546 88
211 611 42
211 586 3
211 760 5
211 508 37
211 579 72
211 608 67
212 750 90
212 513 24
212 726 40
213 390 71
213 436 7
213 562 15
213 761 92
213 577 87
213 445 4
213 519 6
213 731 2
213 714 25
213 578 89
213 487 84
213 435 75
213 553 11
213 475 32
214 674 58
214 456 91
214 613 71
214 679 97
214 515 1
214 506 46
214 640 22
215 520 81
215 530 30
215 657 11
215 523 22
215 573 15
216 765 27
216 579 99
216 602 51
216 675 91
216 511 55
216 725 68
216 653 94
216 541 47
216 708 56
216 457 24
216 642 33
217 735 56
217 744 60
217 741 3
217 510 27
217 538 65
218 419 68
218 412 76
218 708 24
218 391 14
218 524 32
218 607 70
218 598 47
218 620 46
218 523 1
219 429 70
219 618 90
219 694 77
219 696 18
219 719 89
219 452 76
219 722 5
219 773 70
219 658 73
219 534 77
219 428 7
219 523 50
219 675 33
220 521 35
220 542 17
220 424 80
220 402 63
220 545 75
220 670 34
221 396 59
221 766 15
221 450 37
221 490 98
221 548 20
221 732 56
221 761 13
222 769 54
222 463 86
222 664 9
223 729 83
223 498 56
223 476 52
223 537 6
223 720 90
223 553 84
223 669 78
223 409 17
224 625 29
224 390 66
224 552 47
224 670 28
224 510 85
224 575 87
224 643 26
224 756 21
224 569 16
224 582 35
224 462 42
224 627 7
224 540 34
224 419 68
225 631 95
225 593 14
225 558 87
225 493 85
225 734 33
225 718 91
225 663 58
225 457 61
225 537 77
225 708 23
226 408 18
226 431 62
226 392 90
226 478 21
226 622 54
226 649 44
226 648 42
226 576 50
226 544 39
226 762 63
226 672 35
226 593 9
226 424 87
227 505 31
227 459 29
227 586 50
227 655 73
227 589 98
227 736 41
227 575 77
228 624 13
228 680 79
228 514 74
228 768 15
229 448 61
229 410 39
229 736 19
229 707 5
229 401 52
229 564 86
230 598 58
230 751 67
230 478 89
230 734 24
230 587 11
230 752 24
230 738 97
231 638 5
231 732 66
231 773 71
231 521 92
231 723 91
231 616 68
231 646 70
231 463 34
231 576 86
231 722 26
231 745 57
232 716 57
232 581 83
232 486 19
232 737 59
232 627 21
232 473 99
233 552 11
233 582 38
233 441 87
233 657 76
233 631 60
233 634 16
233 764 26
233 681 38
234 495 97
234 694 52
234 388 6
234 757 67
235 591 20
235 759 64
235 721 20
235 514 6
235 634 53
235 613 68
235 606 33
235 538 69
235 659 85
236 452 21
236 764 12
236 419 5
236 611 80
236 403 74
236 652 14
237 493 62
237 501 48
237 553 69
237 572 67
237 453 99
238 461 46
238 528 90
238 660 14
238 733 72
238 708 36
238 551 22
238 742 44
238 655 51
239 761 46
239 694 55
239 512 93
239 595 16
239 538 64
239 610 66
239 767 67
239 634 62
239 754 37
239 400 51
239 697 30
239 592 50
240 601 27
240 539 51
240 664 14
240 604 89
240 754 27
240 588 83
240 661 95
240 591 85
240 425 3
240 524 64
241 646 89
241 760 29
241 747 85
241 653 7
241 671 21
241 761 29
241 690 50
242 506 48
242 389 70
242 499 32
242 486 25
242 581 82
242 500 24
242 678 30
242 640 27
242 572 95
243 530 40
243 660 14
243 643 8
243 661 52
243 446 26
243 580 97
243 431 39
244 762 18
244 453 72
244 445 94
244 557 76
244 655 24
244 761 46
244 419 53
244 666 26
244 623 58
244 406 48
244 754 81
244 469 66
244 413 65
245 447 31
246 638 58
246 489 45
246 440 39
246 469 12
247 462 88
247 475 80
247 408 98
247 405 26
247 641 44
248 676 28
248 389 84
248 485 63
248 688 31
248 460 43
248 627 81
248 427 78
248 701 51
248 570 39
248 447 91
248 606 90
248 618 68
248 498 34
248 549 26
248 608 52
249 480 27
249 660 3
249 489 18
250 523 6
250 600 66
250 557 34
250 410 42
250 731 63
250 526 62
251 616 64
251 686 81
251 752 68
251 424 69
251 538 40
251 401 37
251 767 17
251 517 40
251 663 91
251 525 29
251 491 67
251 681 92
251 759 61
252 650 15
252 412 10
252 418 44
252 644 80
253 694 97
253 656 43
253 408 74
253 768 74
253 521 63
253 690 25
253 496 19
253 631 86
253 462 84
253 606 86
253 461 63
253 731 93
253 707 60
254 584 11
254 402 85
254 592 21
254 410 1
254 454 66
254 604 61
254 504 14
254 419 10
254 718 11
254 689 3
254 762 75
255 647 50
255 546 76
255 444 6
255 723 59
255 532 60
255 766 66
255 473 87
255 584 8
255 427 61
255 734 86
255 665 36
255 757 99
255 676 88
255 622 87
255 678 2
256 441 57
256 444 49
256 451 82
256 534 55
256 747 50
256 724 54
257 450 47
257 445 31
257 388 19
257 737 81
257 427 71
257 598 60
257 662 48
258 492 49
258 392 31
258 542 70
258 429 87
258 723 41
258 574 99
258 512 24
258 460 86
258 469 20
258 645 60
258 509 27
258 625 19
258 624 99
259 608 56
259 507 32
259 606 74
259 699 74
259 755 85
260 661 32
260 625 14
260 615 65
260 392 4
260 697 64
260 757 27
260 767 55
260 665 52
260 530 22
260 415 4
260 432 45
260 760 86
260 539 77
260 409 88
260 559 6
261 521 40
261 579 58
261 729 31
261 722 16
261 702 48
261 757 59
261 756 89
261 663 63
261 625 15
261 485 37
261 711 89
261 713 56
261 611 37
261 655 51
261 518 97
262 616 15
262 684 57
262 436 44
262 640 96
262 551 40
263 506 47
263 739 82
263 580 45
263 621 67
263 703 44
263 441 33
264 522 88
264 472 78
264 601 20
264 725 42
264 630 33
264 759 83
264 414 39
264 744 14
264 420 59
265 678 97
265 643 1
266 541 59
266 598 26
266 433 27
266 441 43
266 440 50
266 649 50
266 670 67
266 704 74
266 531 71
266 628 19
266 746 2
266 693 24
266 587 89
266 759 88
267 763 43
267 528 81
267 468 49
268 702 59
268 451 57
268 490 14
269 497 64
270 755 71
270 669 16
270 491 71
270 531 11
270 582 43
270 636 73
270 532 5
270 771 7
270 599 18
270 769 23
270 682 91
270 693 1
270 526 14
270 567 98
270 441 18
271 668 69
271 764 96
271 617 97
271 628 32
271 419 78
271 429 92
271 387 73
272 754 15
272 665 86
272 741 55
272 624 31
272 715 53
272 661 90
272 438 2
272 585 90
272 709 54
272 453 3
272 459 83
272 753 37
272 566 87
272 559 11
273 766 56
273 601 32
273 695 7
273 761 77
273 763 63
273 551 68
273 456 53
273 389 95
273 674 11
273 773 23
273 544 75
273 556 89
273 499 25
274 730 12
274 713 52
274 669 61
274 537 25
274 551 35
274 690 71
274 668 98
274 682 1
274 442 84
274 712 55
275 484 13
275 758 20
275 460 14
275 495 5
275 462 28
275 751 68
275 496 89
275 428 17
275 625 77
275 414 12
275 497 8
275 441 14
275 397 64
276 685 90
276 663 55
276 454 16
276 625 25
276 557 20
276 492 20
276 712 76
277 454 33
277 497 56
278 470 63
278 416 66
278 395 89
278 419 38
278 484 93
278 692 77
279 436 49
279 432 66
279 454 88
279 472 10
279 702 71
279 565 77
279 697 94
279 567 57
279 446 49
279 457 63
280 614 26
280 619 27
280 658 21
280 659 6
280 748 98
280 639 78
280 414 17
280 601 98
280 444 87
280 607 71
280 392 70
280 455 20
281 737 47
281 749 79
281 766 81
281 722 8
281 487 23
281 396 56
281 527 56
281 496 48
281 631 16
281 392 89
281 738 75
281 495 12
282 735 68
282 662 11
282 701 23
282 764 98
282 432 42
282 641 87
282 485 96
282 613 98
282 651 66
283 585 61
283 441 93
283 529 92
283 391 55
283 657 27
283 635 58
283 754 85
283 602 49
283 426 91
283 773 51
284 738 22
284 589 8
284 705 30
284 619 20
284 732 9
284 448 28
284 563 63
285 762 54
285 652 38
285 694 1
285 640 1
285 426 48
286 712 36
286 516 51
286 669 10
287 524 37
287 744 87
287 464 55
287 473 19
287 500 57
287 568 99
287 667 74
288 391 72
288 644 53
288 635 85
288 650 85
288 563 89
288 699 53
288 495 95
288 431 98
288 770 71
288 460 99
288 531 24
288 473 39
288 580 53
289 494 5
289 662 39
289 757 91
289 664 14
289 575 70
289 489 78
289 712 34
289 718 58
289 505 97
289 472 65
289 427 14
289 676 57
290 477 42
290 652 46
291 524 89
291 725 70
291 387 30
291 443 30
292 644 34
292 499 52
292 475 48
292 769 36
292 531 76
292 456 35
292 639 24
292 520 39
292 524 11
292 718 58
293 743 40
293 585 30
294 677 2
294 478 24
294 629 97
294 452 97
294 699 5
294 516 98
295 523 96
295 410 42
295 466 49
295 727 78
295 504 65
295 758 16
295 632 74
296 472 87
296 523 72
296 389 28
296 624 47
296 549 7
296 668 6
296 669 28
296 430 42
297 642 69
297 466 90
297 758 86
297 722 6
297 725 69
298 754 62
298 507 57
298 454 90
298 731 32
298 621 68
298 634 75
298 531 19
298 765 68
298 767 64
298 514 89
298 709 60
298 726 44
298 746 42
298 452 91
299 726 74
299 654 88
300 718 81
300 390 56
300 582 86
300 433 32
300 506 61
300 422 89
300 623 62
300 394 95
300 434 91
300 522 4
300 584 53
301 532 13
301 616 88
301 571 33
301 452 34
301 485 12
301 606 92
301 437 36
301 413 36
301 398 40
301 719 51
302 532 18
302 395 11
302 496 90
302 614 97
302 716 7
302 697 24
302 752 82
302 452 68
302 690 4
302 586 65
302 483 15
302 391 54
302 722 53
303 707 88
303 388 34
303 419 1
303 495 73
303 613 8
303 586 73
304 567 94
305 756 95
305 480 40
305 541 64
305 680 23
305 740 6
305 596 80
306 627 31
306 650 55
306 772 48
306 449 52
306 436 6
306 424 55
306 396 34
306 581 37
306 681 63
306 471 46
306 456 96
307 420 34
307 435 55
307 612 66
307 623 80
307 690 27
307 552 88
307 605 39
307 405 38
307 692 58
307 559 35
307 520 44
308 738 1
308 635 11
308 514 19
308 521 28
308 562 63
308 403 45
308 398 56
308 630 77
308 401 47
308 732 67
308 607 91
308 392 27
308 659 92
309 669 27
309 765 20
309 611 51
309 587 60
310 517 59
310 713 20
310 674 16
310 501 25
310 708 88
310 642 5
311 764 40
311 575 53
311 657 8
311 708 15
311 478 68
311 639 52
311 518 25
311 472 84
311 563 48
311 656 45
311 447 87
312 455 55
312 444 38
312 600 34
312 653 77
312 461 92
313 606 89
313 737 81
313 590 86
313 656 98
313 613 29
313 568 42
313 491 28
313 417 73
313 389 53
314 451 8
314 520 37
314 580 79
314 653 79
314 644 39
314 412 19
314 597 20
314 639 12
314 518 7
314 411 79
314 516 75
314 527 56
314 528 31
314 401 88
314 492 26
315 550 22
315 468 83
315 460 44
315 500 81
316 427 6
317 422 72
317 728 82
317 561 18
317 692 82
317 537 66
318 604 31
318 447 35
318 636 39
318 527 89
319 430 75
320 568 97
320 635 25
320 429 34
321 734 62
321 521 60
321 437 15
321 472 46
321 466 5
321 595 9
321 575 27
321 550 67
321 504 44
321 404 31
322 730 54
323 651 2
323 430 37
323 480 58
323 474 93
323 617 60
323 690 77
323 625 46
323 678 98
323 489 47
323 429 68
323 580 80
323 455 25
323 664 20
324 768 96
325 420 13
325 755 9
325 606 83
326 613 80
326 539 22
327 763 32
327 408 82
327 730 51
327 519 23
327 759 69
327 528 28
327 420 12
327 458 75
327 581 78
327 491 35
327 706 54
328 750 38
328 723 29
328 762 51
328 724 63
328 719 80
328 577 30
328 716 72
328 632 42
328 479 79
328 630 13
328 403 30
329 594 99
329 581 78
329 488 65
329 470 81
329 422 36
329 577 94
329 698 49
329 477 92
330 544 1
330 490 44
330 452 86
330 661 22
330 558 99
331 536 72
331 455 51
331 744 15
331 773 88
331 738 65
331 732 48
331 513 2
331 404 67
331 499 63
331 432 92
332 661 31
332 614 52
333 681 73
333 567 56
333 520 17
333 392 83
333 541 36
333 698 42
333 564 2
333 427 10
333 724 2
333 422 83
333 390 73
334 537 57
334 593 88
334 619 92
334 696 17
334 450 27
334 548 86
334 711 35
334 566 11
334 564 51
335 630 7
335 439 52
335 617 90
335 467 29
335 564 16
336 424 84
336 391 76
336 689 31
336 470 12
336 580 62
336 591 36
336 750 85
336 744 35
336 447 29
336 506 62
336 633 39
336 461 33
336 495 9
336 504 65
336 709 2
337 558 85
337 503 12
337 750 97
337 584 89
337 654 78
337 509 57
337 742 1
337 500 73
337 676 32
337 491 75
337 504 81
337 446 29
337 663 82
337 726 79
337 698 45
338 387 22
338 439 65
338 686 87
338 417 67
338 474 51
338 483 65
338 422 70
338 719 98
338 616 40
339 636 47
339 717 87
339 688 23
339 457 59
339 446 31
339 572 78
339 634 93
339 655 77
339 500 69
339 491 9
340 495 66
340 689 95
340 423 54
340 576 2
340 567 51
340 476 59
340 474 83
340 691 4
340 467 99
340 494 36
340 581 81
340 402 8
340 461 3
340 443 55
340 592 83
341 681 40
341 461 73
341 467 46
341 418 42
341 741 14
341 391 37
341 647 15
341 411 14
341 585 58
341 426 43
341 420 90
341 444 34
342 415 41
342 458 43
342 584 53
342 513 82
342 407 4
342 718 59
342 771 73
342 768 14
342 672 50
342 689 68
342 720 64
343 699 36
343 568 9
343 528 67
343 522 61
343 673 71
343 562 62
343 401 59
343 628 39
343 667 85
343 726 67
344 420 76
344 460 90
344 399 5
344 490 47
344 428 36
344 764 55
344 527 71
345 416 52
345 431 81
345 438 95
346 771 59
346 662 60
347 499 25
347 594 43
347 684 61
348 545 46
349 560 54
349 429 77
349 596 49
349 505 30
349 662 42
349 686 33
350 406 72
350 590 10
350 753 10
350 463 33
350 652 47
350 551 76
350 440 44
350 395 51
350 614 99
350 730 4
351 681 6
351 549 66
351 665 65
351 601 52
351 655 49
351 517 35
351 492 68
351 525 4
351 397 2
351 507 62
351 676 69
351 420 72
351 757 6
351 717 76
351 421 84
352 673 25
352 744 99
352 667 25
352 696 9
352 510 82
352 465 90
352 662 55
352 422 26
352 600 43
352 451 19
352 749 95
352 544 37
353 608 3
353 433 9
353 658 95
353 638 8
353 702 30
353 489 96
353 770 55
353 630 54
353 733 58
354 466 78
354 400 10
354 524 97
354 675 19
354 517 9
354 504 45
354 557 28
355 520 80
355 617 64
355 653 1
355 541 5
355 424 34
355 720 49
355 420 22
355 633 76
355 602 19
355 660 43
355 629 18
355 388 14
355 590 51
355 722 41
356 562 22
356 461 34
356 404 53
356 556 98
356 441 65
356 614 95
356 425 6
356 429 54
356 714 39
356 583 75
356 588 50
356 683 22
357 563 27
357 532 46
357 692 90
357 430 27
357 455 89
357 616 73
357 700 46
357 727 28
357 454 45
357 395 78
357 711 18
357 605 91
357 456 4
357 660 54
357 497 86
358 731 20
359 698 89
359 451 86
359 605 79
359 500 42
359 443 4
359 487 17
359 387 56
359 715 76
359 679 45
359 579 21
359 611 43
359 601 50
359 614 22
359 519 27
360 647 26
360 426 25
360 514 54
360 711 12
360 732 23
361 699 75
361 409 85
361 739 92
361 495 54
361 452 44
361 466 68
362 758 23
362 728 96
362 701 44
362 428 16
362 756 62
362 627 94
362 663 12
362 619 9
362 541 86
362 450 65
362 476 53
362 592 96
362 429 9
362 513 18
363 507 10
363 503 90
363 626 15
363 554 82
363 579 68
363 481 30
363 583 96
363 621 6
363 756 18
363 450 53
363 773 92
363 594 37
364 639 91
364 391 32
365 407 11
365 437 34
365 730 96
365 725 32
365 651 35
365 570 74
365 618 80
365 761 21
365 630 13
365 665 60
365 493 82
365 749 26
365 425 32
365 506 41
365 690 36
366 762 62
367 623 72
367 642 29
367 672 46
367 661 94
367 630 13
367 562 85
367 493 71
367 719 10
367 751 86
367 757 14
367 419 72
367 663 18
368 675 78
368 445 90
368 485 23
368 571 25
368 766 4
368 556 79
368 759 97
368 629 53
369 395 68
369 567 21
369 723 61
369 590 34
369 476 37
369 645 89
369 717 78
369 718 54
369 469 99
369 586 42
369 398 98
369 528 55
369 402 70
370 478 56
370 519 80
370 580 64
370 554 90
370 618 97
370 706 20
371 635 26
371 729 63
371 740 87
371 475 46
371 591 22
371 691 3
371 713 63
371 708 42
372 612 22
372 389 38
372 432 57
372 690 23
372 634 52
372 491 44
372 712 82
372 427 94
372 473 52
372 622 68
372 388 13
372 419 57
372 674 23
373 651 8
373 435 17
373 659 10
373 696 44
373 394 16
373 438 17
373 572 48
373 389 22
373 528 10
374 501 59
374 533 35
374 612 7
374 756 60
374 658 71
374 728 90
374 391 81
374 397 74
374 545 40
374 747 32
374 396 74
374 482 47
375 663 56
375 760 16
375 581 43
375 540 19
376 770 46
376 705 11
376 560 87
376 734 62
377 475 28
377 426 95
377 706 78
377 769 41
378 513 96
378 610 19
378 634 46
378 509 77
378 576 3
378 487 6
378 653 85
378 729 16
378 699 20
378 588 12
378 667 79
379 409 23
379 516 17
379 634 92
379 642 72
379 726 92
379 560 14
379 419 78
379 407 29
379 630 80
379 418 82
379 694 75
379 532 52
379 765 1
379 714 67
379 573 25
380 668 69
380 462 6
380 726 60
380 733 60
380 458 82
381 419 63
381 523 56
381 535 65
381 747 64
381 683 53
382 494 44
382 626 4
382 615 72
382 654 34
382 489 46
382 708 58
382 538 27
383 648 44
383 606 37
383 473 20
383 532 3
383 736 54
383 686 39
383 412 94
383 481 49
383 690 50
384 518 67
384 635 97
384 688 58
384 550 21
385 624 67
385 635 45
385 708 11
386 668 77
386 483 37
386 497 79
386 493 55
386 753 60
386 651 30
386 630 16
386 686 67
386 391 51
386 577 29
386 427 19
386 429 48
386 443 10
