624 2418
1 592 13
1 337 51
1 530 70
1 452 55
1 548 51
1 552 78
1 490 41
1 563 83
1 480 93
1 461 17
1 517 12
1 614 80
1 401 70
1 351 31
2 488 49
2 553 73
2 559 50
2 397 49
2 611 76
2 589 9
2 564 4
2 520 49
2 491 98
2 493 78
2 586 91
2 463 55
2 451 84
2 349 16
3 618 33
3 560 64
3 479 57
3 509 25
3 421 32
3 387 99
3 365 22
4 448 68
4 510 56
4 353 59
4 355 27
4 347 5
4 459 47
4 408 93
4 502 20
4 455 43
4 447 2
4 340 50
5 619 15
5 554 17
5 508 5
5 623 13
5 340 27
6 351 22
6 584 61
6 614 88
6 591 96
6 339 63
6 424 52
6 443 92
7 523 64
8 547 95
8 467 93
8 497 26
9 500 51
9 343 29
9 574 59
9 414 86
9 548 49
10 486 70
10 344 9
10 397 81
10 369 17
10 443 91
10 329 22
10 424 72
10 573 62
10 463 10
10 376 30
10 364 56
11 481 77
11 604 42
11 349 41
11 405 68
11 539 12
11 483 20
11 553 37
11 536 36
12 561 63
12 354 44
13 613 4
13 574 58
13 552 16
13 525 64
13 588 95
13 605 32
13 407 12
13 387 21
13 443 43
13 580 90
13 320 84
13 499 16
13 557 1
14 323 44
14 313 8
14 495 23
14 477 95
14 459 35
14 315 99
14 378 89
14 610 26
15 377 86
15 407 33
15 429 96
15 405 15
15 555 22
15 619 55
15 610 26
15 454 15
15 408 32
15 355 91
16 454 23
16 379 23
16 497 6
16 361 67
16 500 51
17 582 65
17 407 53
17 351 96
17 337 90
17 341 60
18 606 41
18 333 66
18 473 39
18 553 72
18 354 62
18 492 41
18 414 96
18 352 60
18 514 88
18 315 24
18 369 2
19 430 37
19 471 73
19 513 18
19 477 17
19 392 25
19 457 20
19 438 49
19 536 73
19 456 76
20 319 85
20 569 7
20 441 11
20 446 98
20 602 61
20 376 92
20 357 94
21 572 77
21 494 57
21 348 58
21 501 43
21 448 39
21 385 10
21 394 29
21 379 85
21 569 20
21 587 94
21 619 24
21 316 53
21 524 81
21 452 59
22 322 66
23 341 26
23 508 8
23 418 90
23 327 86
23 518 49
23 523 88
23 430 51
23 387 26
23 462 45
23 326 4
23 529 24
23 425 14
24 515 75
24 350 34
24 619 56
24 542 40
24 367 11
24 500 69
24 452 47
24 554 20
24 336 3
24 441 31
24 395 81
25 512 63
26 542 27
26 453 45
26 557 32
26 492 96
26 559 31
26 431 95
26 515 95
26 573 92
27 564 18
27 582 20
27 366 80
27 595 3
27 543 9
27 427 75
27 610 43
27 371 7
27 490 27
28 350 32
28 385 13
28 581 39
28 322 16
28 606 95
28 397 54
28 447 51
28 495 64
28 314 54
28 317 14
28 380 84
28 335 34
29 360 40
30 559 63
30 530 95
30 459 27
30 595 27
30 618 60
30 329 5
30 566 57
30 482 54
30 368 94
30 585 49
31 529 8
32 439 32
32 351 96
32 382 55
32 530 54
32 371 53
32 475 31
32 403 36
32 585 27
32 444 40
32 576 92
32 408 70
33 561 18
33 514 42
33 569 48
33 425 31
33 541 90
33 580 80
34 547 32
34 342 76
34 492 82
35 537 12
35 520 58
35 585 78
35 334 56
36 412 85
36 578 76
36 333 82
36 396 16
36 542 38
36 585 50
36 499 72
37 622 38
37 430 63
37 567 31
37 468 83
37 581 99
37 552 99
37 428 97
37 578 12
37 363 23
37 482 77
37 369 57
37 440 94
37 621 47
38 318 93
38 577 78
38 606 85
38 504 79
38 571 29
38 584 15
38 469 76
39 411 22
40 584 18
40 485 67
40 490 96
40 556 74
40 324 19
40 507 98
40 601 69
41 604 77
42 423 49
42 325 21
42 517 88
42 591 90
42 414 21
42 377 33
43 486 54
43 350 11
43 528 64
43 518 32
43 447 91
43 356 82
43 439 21
44 443 54
45 394 5
45 553 55
45 319 63
45 465 31
45 419 63
45 469 7
45 326 90
45 622 3
45 380 86
45 563 24
45 335 73
45 352 50
46 393 20
46 426 96
46 330 35
46 566 10
46 341 80
46 617 1
46 372 29
46 328 35
46 402 73
46 507 57
46 457 68
46 608 4
46 598 26
47 450 60
47 442 24
47 363 74
47 540 15
47 505 96
47 572 23
47 519 94
47 399 2
47 597 64
47 587 62
47 316 42
47 481 11
48 593 87
48 347 36
48 439 62
48 416 86
48 447 47
48 375 34
48 448 65
48 405 18
48 429 70
48 414 14
49 335 57
49 383 75
49 544 54
49 616 51
49 358 90
50 482 53
50 446 86
50 587 80
50 391 47
50 484 86
50 562 60
50 512 5
50 419 3
50 471 82
51 498 17
51 339 87
52 604 89
52 337 1
52 449 79
53 359 49
53 367 55
53 380 34
53 354 93
53 473 99
53 536 93
53 371 65
53 467 67
53 334 48
54 576 27
54 517 23
55 341 4
55 527 86
55 353 56
55 424 47
55 417 66
55 495 98
56 425 60
56 422 46
56 409 32
56 552 41
56 621 16
56 601 84
56 347 16
56 574 56
56 378 50
56 384 82
57 386 33
57 511 79
57 514 70
57 497 59
57 562 44
57 603 64
58 321 38
58 535 21
58 528 58
58 548 24
58 463 82
58 560 55
59 349 58
59 624 26
59 596 85
59 611 38
59 558 53
59 499 24
59 467 82
59 555 73
59 381 49
59 562 55
59 583 17
60 358 18
60 497 27
60 501 44
60 422 68
60 401 38
60 574 34
60 529 70
61 318 19
61 545 38
61 468 49
61 590 11
61 374 32
61 604 88
61 408 78
61 585 68
61 615 78
61 502 39
62 499 48
62 616 35
62 407 89
62 565 43
62 347 17
62 603 6
62 392 88
62 450 6
62 561 55
62 544 77
62 581 32
62 446 91
62 559 73
63 399 77
63 449 34
63 346 78
63 418 63
63 459 53
63 513 32
63 319 1
63 370 96
64 428 99
64 468 87
64 318 87
64 549 6
64 579 45
64 404 6
64 507 47
64 564 94
64 503 97
64 603 59
64 396 84
65 576 45
65 557 44
65 466 25
65 444 14
65 322 66
65 437 73
65 593 2
65 583 22
66 411 56
66 533 62
66 611 83
67 517 56
67 584 38
67 551 28
67 509 65
67 355 72
67 383 77
67 493 53
67 558 26
67 510 26
67 449 37
67 503 78
68 467 43
68 496 49
68 470 48
68 350 2
68 330 38
68 567 71
68 581 99
68 519 41
68 313 12
68 448 57
68 516 19
68 504 48
68 599 46
68 450 29
69 351 52
69 412 20
69 472 12
69 330 89
70 331 51
70 325 10
70 374 45
70 444 34
70 580 17
70 367 32
70 461 49
70 533 78
70 528 80
70 378 34
70 421 69
71 471 42
71 479 72
71 565 34
71 435 47
71 545 67
71 344 2
71 468 76
71 577 66
71 405 65
71 536 36
71 382 30
71 380 22
71 359 15
71 535 51
72 618 26
72 455 38
72 459 90
72 351 81
72 431 36
72 568 20
72 579 57
72 434 41
72 338 36
72 394 74
73 419 28
73 360 33
73 616 9
73 410 33
73 383 17
73 408 52
73 541 60
73 441 91
73 595 65
73 448 72
73 540 69
73 491 85
73 440 84
73 487 2
74 551 78
74 414 28
74 617 75
74 377 54
74 533 47
74 457 53
74 555 22
74 540 87
74 386 31
74 381 82
74 340 90
74 614 93
74 332 59
74 516 96
74 337 44
75 410 14
75 464 13
75 382 1
75 361 37
75 530 59
75 414 20
75 438 34
76 597 92
76 443 44
76 406 49
76 560 13
76 482 76
76 539 38
76 593 56
76 535 43
76 569 81
76 586 41
76 341 53
76 353 89
76 442 4
76 585 9
76 486 45
77 488 3
77 445 93
77 542 82
77 341 52
77 356 40
77 418 3
77 522 26
78 570 42
78 317 23
78 443 92
78 340 63
78 371 48
78 438 52
78 390 60
78 450 69
78 600 49
78 617 26
78 405 81
78 403 44
79 620 35
79 370 32
79 471 5
80 429 35
80 358 77
80 371 84
80 487 31
80 608 88
81 449 2
82 564 50
82 498 41
82 397 69
82 496 93
82 409 36
82 581 69
82 491 10
82 546 7
82 481 54
82 614 7
82 478 80
82 566 32
82 477 67
83 508 3
83 516 27
83 378 20
83 450 13
83 493 90
83 395 5
83 392 83
84 388 13
84 383 92
84 553 27
84 551 8
84 373 59
84 463 73
84 376 13
84 586 98
84 315 59
85 362 6
85 432 68
85 565 9
85 617 15
85 578 25
85 503 92
85 349 81
85 538 23
85 482 70
85 507 12
85 319 82
85 516 50
85 375 63
85 472 94
85 576 19
86 487 2
86 595 13
86 543 68
86 489 30
86 580 78
86 520 15
86 484 65
86 318 93
86 322 27
86 426 5
86 481 89
87 431 57
87 395 14
88 340 62
88 475 35
88 415 62
88 517 57
88 358 12
88 504 47
89 563 49
89 499 39
89 413 71
89 579 17
89 538 42
89 510 10
89 486 46
89 496 96
89 321 42
89 394 78
90 459 22
90 601 33
90 405 50
90 356 97
90 451 9
90 351 7
90 467 46
90 572 6
90 559 83
90 608 20
90 465 45
90 335 40
90 319 74
90 420 81
91 402 10
91 604 36
91 354 35
91 584 67
91 579 61
92 347 36
92 596 50
92 344 26
92 357 39
92 388 16
92 313 46
92 606 80
92 598 30
92 457 96
92 450 26
92 417 20
93 366 33
93 596 18
93 418 23
93 325 16
93 609 5
94 377 72
94 362 40
95 569 59
95 532 6
95 411 55
95 477 88
95 407 56
96 451 73
96 421 91
96 506 3
96 455 9
96 361 64
96 439 89
96 382 7
96 425 7
97 374 75
98 375 78
98 350 35
98 485 6
98 598 29
98 415 96
98 470 93
98 360 34
98 560 52
98 577 28
98 449 76
98 606 50
98 389 80
98 620 63
98 329 87
98 520 27
99 432 18
99 403 59
99 377 77
99 558 38
99 505 96
99 606 75
99 466 62
99 467 6
99 490 48
99 575 93
99 620 52
100 585 48
100 609 14
100 484 38
101 576 16
101 610 40
101 586 89
101 339 19
101 502 45
102 466 54
102 374 82
102 364 17
102 542 86
102 454 9
102 335 79
103 344 6
103 511 8
103 438 78
103 465 79
103 534 39
103 575 75
103 335 11
103 564 4
104 431 75
104 393 91
104 509 6
104 330 13
104 421 69
104 465 11
104 474 99
105 599 17
105 593 30
105 589 58
105 504 35
105 438 44
105 323 45
105 368 21
105 494 15
105 340 12
105 620 36
105 561 60
105 315 62
105 507 19
105 587 33
105 465 44
106 622 1
106 458 72
106 376 68
106 494 58
106 529 90
106 363 67
106 346 83
107 475 27
107 448 9
107 491 19
107 505 42
107 455 45
107 484 38
107 328 47
107 314 11
108 373 28
108 567 20
108 485 8
108 371 45
108 590 38
108 531 53
108 501 59
108 383 52
108 595 65
108 506 34
108 579 84
109 561 93
109 558 66
109 469 43
109 553 78
109 378 14
110 587 91
111 605 70
111 399 32
111 548 90
111 559 34
111 440 44
112 614 11
112 456 20
113 352 33
113 481 33
113 605 3
113 559 50
113 415 17
113 446 2
113 333 1
113 385 83
114 551 68
114 500 2
115 558 9
115 482 41
115 392 54
115 376 74
115 538 95
115 515 90
116 577 41
116 390 20
117 365 4
117 538 25
117 544 6
117 599 74
117 332 18
117 550 83
117 555 30
117 561 6
118 357 51
118 520 74
118 556 6
118 338 56
118 599 77
118 463 83
118 459 9
118 424 88
118 448 13
118 572 6
118 617 50
118 612 10
119 526 36
119 493 63
120 379 33
120 480 2
120 376 26
120 429 65
120 411 35
120 434 38
120 535 59
120 587 18
121 552 75
122 495 41
122 472 49
123 368 14
124 409 40
124 323 86
124 455 14
124 528 58
124 314 16
124 456 20
124 418 20
125 391 12
125 404 51
125 511 27
125 317 77
125 397 12
125 476 25
125 329 25
125 324 32
125 364 66
125 446 62
125 577 89
126 491 41
126 444 32
126 443 84
126 548 41
127 594 91
127 321 5
127 359 49
127 441 52
127 588 49
127 577 92
127 447 46
127 517 33
127 475 98
127 516 65
127 338 7
127 383 63
127 589 43
127 464 22
127 547 74
128 463 54
128 350 89
128 320 31
129 530 89
129 502 25
129 478 13
129 535 7
129 322 24
129 444 14
129 338 41
129 361 10
129 610 6
129 588 93
129 589 56
129 504 85
130 542 1
130 344 18
130 447 30
130 371 99
130 409 94
130 428 10
130 451 9
130 376 63
130 424 70
130 546 28
130 584 65
131 566 18
131 399 28
131 606 13
131 343 6
131 320 61
131 340 82
131 406 10
131 435 91
131 313 8
131 393 1
131 404 10
131 468 42
131 448 59
131 431 28
131 456 84
132 399 80
132 532 36
132 512 12
132 552 39
132 458 86
132 476 52
132 359 77
132 433 14
132 412 65
132 316 89
132 367 34
132 547 43
133 484 28
133 418 65
133 581 45
133 518 27
133 545 60
133 381 62
133 357 59
133 331 94
134 560 79
134 495 12
134 382 8
134 531 79
134 462 28
134 564 95
134 604 3
134 547 48
134 602 85
134 596 91
134 525 75
134 601 70
134 517 72
134 346 10
135 469 29
135 402 73
136 486 52
136 555 31
137 598 41
138 566 13
138 454 40
138 599 14
138 448 48
138 575 17
138 528 28
138 363 39
138 411 82
138 507 27
139 554 62
139 576 74
139 369 49
139 389 80
140 522 1
140 493 33
140 433 6
140 394 69
140 389 28
140 575 33
140 593 12
140 507 91
140 526 50
140 547 30
140 485 28
140 388 73
140 603 14
141 495 63
142 599 71
142 587 18
142 323 36
142 441 72
142 389 74
143 429 30
143 341 22
143 332 46
143 552 55
143 497 65
143 331 64
143 533 91
143 587 51
143 394 89
144 393 13
144 457 76
144 455 85
144 618 12
144 434 42
144 547 95
144 521 70
144 534 39
144 597 5
144 571 60
144 386 45
144 525 19
144 402 20
144 452 49
145 406 63
145 324 11
145 605 86
145 580 74
146 358 3
146 572 64
146 493 67
146 347 65
146 377 90
146 404 90
146 374 99
146 462 20
146 390 58
146 575 54
146 599 78
146 563 40
146 465 5
146 509 37
146 620 81
147 488 23
147 502 78
147 591 74
147 364 44
147 379 16
147 414 32
147 469 19
147 443 93
148 528 33
148 564 13
148 504 76
148 481 27
148 404 56
149 552 10
150 405 72
151 446 83
151 588 44
151 420 79
151 554 90
151 343 88
151 485 87
151 371 22
151 456 48
151 335 85
151 597 95
151 447 13
151 373 23
152 457 37
152 549 17
152 542 60
152 447 65
152 327 55
152 528 9
152 548 38
152 569 97
152 416 71
152 363 89
153 474 66
153 465 70
153 495 43
153 606 83
153 610 71
153 568 35
153 359 53
153 555 15
153 373 64
153 579 43
153 486 10
153 496 86
154 573 71
154 561 34
154 503 61
154 320 15
155 446 49
155 470 94
155 591 1
155 467 31
155 359 88
155 556 49
155 486 3
155 497 9
155 538 82
155 416 77
155 482 72
155 610 47
156 537 21
156 487 18
157 502 18
157 615 12
157 390 2
157 470 93
158 551 77
158 517 9
158 313 48
158 563 5
159 366 16
159 474 87
159 499 94
159 391 71
159 338 31
159 540 69
159 611 13
159 594 51
159 518 45
159 591 26
159 319 5
159 419 41
159 449 59
159 362 44
160 384 97
160 445 40
160 451 2
160 515 18
160 593 68
160 457 34
161 518 2
161 493 94
161 371 62
161 513 6
161 555 93
161 424 46
161 367 25
161 543 97
161 387 84
161 467 77
161 420 57
161 388 52
161 503 67
161 324 44
162 460 78
162 391 13
162 566 36
162 624 17
162 372 18
162 332 34
162 520 95
162 386 32
162 395 32
162 478 47
162 340 43
162 346 80
162 321 58
162 419 74
162 378 15
163 595 61
163 451 92
163 407 60
163 580 41
163 319 14
163 332 4
164 609 22
164 500 26
164 540 89
164 599 77
164 517 84
164 477 44
164 624 16
165 484 66
165 425 68
165 386 69
166 373 52
166 574 73
166 594 16
166 397 65
166 564 84
166 623 4
166 420 84
166 600 99
166 347 35
166 528 39
166 390 70
166 358 62
166 437 16
166 322 63
167 562 14
167 409 87
167 368 51
167 616 83
167 440 23
167 567 84
167 581 97
168 456 12
168 357 53
168 316 41
168 534 57
168 396 87
168 418 47
169 546 39
169 559 34
169 434 89
169 318 80
169 472 65
169 314 63
169 367 77
169 467 90
169 582 7
170 356 43
170 414 10
170 394 30
170 422 58
170 495 8
170 475 60
170 508 6
170 431 75
170 486 33
170 436 59
170 387 10
171 394 26
171 482 63
171 431 96
172 469 93
172 565 33
172 520 43
172 619 84
172 511 72
172 516 40
172 554 20
172 360 74
172 423 9
172 316 97
172 510 56
172 449 45
172 508 66
173 411 45
173 405 58
173 396 5
173 465 99
173 500 38
173 328 72
173 586 8
173 506 45
173 433 41
173 415 53
173 534 65
173 606 76
173 406 37
174 478 6
174 576 78
174 511 8
174 480 97
174 469 77
174 426 22
174 572 76
174 588 37
174 325 95
175 485 48
175 346 23
175 577 79
175 384 6
175 472 51
175 504 86
175 546 69
175 350 2
176 446 33
176 583 2
176 614 63
176 398 94
176 590 61
176 430 17
176 454 29
176 603 60
176 326 71
176 498 54
176 408 56
176 606 52
177 579 53
177 605 80
177 570 78
177 364 8
177 430 35
177 343 34
177 604 42
177 394 66
177 618 11
177 447 20
177 392 35
177 556 69
178 375 30
178 515 50
178 347 11
178 554 81
178 493 20
178 497 33
178 366 22
178 584 22
179 489 75
179 491 40
179 546 20
179 362 64
179 327 14
179 448 43
179 559 45
179 402 62
179 541 78
179 483 37
179 537 6
180 596 67
180 438 21
180 421 84
180 386 43
181 370 68
181 472 45
181 452 72
181 448 70
181 534 17
181 466 45
181 610 3
181 589 90
181 391 13
181 401 66
182 569 93
182 540 64
182 422 11
182 519 6
182 619 47
182 388 40
182 394 39
182 497 33
182 509 35
182 605 77
182 590 13
182 571 60
182 371 14
182 358 93
183 386 92
183 381 88
183 404 80
183 389 87
183 551 73
183 480 15
183 601 68
184 519 49
184 444 45
184 394 8
184 579 43
184 338 37
184 560 48
184 398 63
185 359 5
185 580 76
185 457 73
185 314 49
185 373 7
185 330 98
185 397 20
185 521 78
185 357 35
185 548 56
185 502 32
185 535 97
186 525 67
186 393 35
186 403 85
186 371 8
186 392 30
187 515 8
187 612 31
187 324 78
187 365 77
187 401 28
187 563 65
187 608 15
187 313 17
187 487 98
187 618 98
187 440 45
187 472 20
188 520 3
188 343 63
188 524 11
188 416 92
188 525 76
188 474 28
188 326 58
188 363 4
188 613 63
188 508 53
188 345 16
188 315 74
188 602 15
189 346 54
189 618 25
189 363 56
189 616 76
190 570 48
190 331 33
190 507 63
190 572 38
190 348 78
190 527 35
190 369 7
190 375 69
190 389 85
190 330 76
191 527 12
191 542 58
191 389 33
191 554 9
191 328 1
191 375 75
191 314 59
191 602 32
191 502 92
191 522 21
191 379 5
192 526 90
192 417 8
192 604 28
192 363 4
192 423 66
192 497 54
192 575 15
192 319 5
192 436 63
193 544 74
194 554 41
194 325 59
194 395 40
194 488 50
194 513 65
194 469 81
194 411 81
194 561 25
194 346 28
194 391 4
194 605 23
195 551 90
195 361 52
195 363 46
195 596 46
195 616 31
195 386 44
196 622 16
196 504 98
196 464 55
196 605 22
196 468 32
196 369 35
197 570 72
197 502 57
197 439 26
197 323 35
197 411 34
197 525 13
197 622 81
197 487 91
198 315 65
198 605 22
198 450 2
198 402 71
198 345 99
198 424 92
198 442 58
198 458 35
198 447 94
198 436 77
198 489 8
198 437 65
198 375 18
198 604 81
199 363 1
200 547 56
200 335 81
200 403 58
200 344 35
200 551 11
200 432 99
200 349 7
200 524 9
200 533 53
200 435 9
201 605 24
201 393 68
202 376 93
202 361 40
202 360 46
202 615 48
202 479 13
202 609 47
203 511 12
203 374 58
203 319 69
203 471 50
204 504 75
204 353 47
205 368 38
205 460 85
205 620 81
205 360 5
205 325 78
205 388 14
205 464 67
205 534 18
205 596 90
205 366 57
206 365 70
207 515 53
207 320 76
207 435 77
207 467 70
207 355 92
207 371 59
207 373 14
208 400 49
209 473 62
209 379 75
209 431 25
209 348 65
209 585 95
209 396 48
209 498 30
209 519 95
209 552 18
209 621 6
209 329 24
209 478 31
209 600 6
209 340 7
209 558 11
210 355 96
210 536 25
210 451 19
210 389 2
211 461 30
211 556 39
211 573 42
211 621 6
211 367 77
211 508 37
211 316 70
211 614 92
211 446 71
211 604 35
211 494 76
211 593 20
212 459 99
212 606 55
212 519 1
212 353 13
212 504 71
212 451 14
212 410 21
212 472 85
213 369 56
213 429 48
213 349 19
213 344 49
213 408 13
214 598 67
214 329 26
214 461 64
214 499 47
214 323 66
214 364 80
214 325 46
214 447 74
214 482 57
214 351 83
214 531 10
215 494 20
215 529 69
215 419 47
215 329 29
215 460 26
215 509 55
215 441 58
215 506 60
215 576 42
215 487 85
216 345 24
217 603 75
218 370 5
218 500 93
218 456 39
218 584 83
218 335 4
219 407 33
219 328 45
219 429 81
219 456 20
219 619 93
220 420 93
220 446 11
220 471 11
220 349 6
220 314 46
220 598 6
220 563 55
220 540 30
220 568 45
220 609 43
220 352 72
220 594 91
220 464 93
221 526 2
221 582 66
221 424 91
221 327 60
221 428 2
221 498 89
221 344 59
221 587 7
221 580 27
221 572 43
221 338 50
222 508 59
222 412 53
222 399 27
222 513 97
223 498 42
223 466 42
223 552 12
223 334 2
223 372 90
223 418 27
223 451 76
223 313 37
223 375 18
223 376 20
223 459 10
223 386 53
223 460 5
223 487 12
224 432 41
224 511 81
224 450 4
224 529 14
224 415 1
224 340 38
225 550 17
225 457 13
225 491 72
225 523 44
225 324 91
225 547 61
226 463 86
226 454 67
226 367 67
226 619 61
226 479 47
227 537 92
227 506 79
227 467 57
227 476 88
227 598 4
227 327 31
227 369 70
228 593 1
228 441 67
228 506 26
228 425 30
228 475 74
228 584 41
229 525 92
229 573 37
229 609 54
229 512 94
230 346 86
230 314 61
230 502 47
230 506 45
230 519 53
230 439 89
230 391 81
230 594 30
231 547 69
231 404 68
231 392 10
231 605 30
231 359 40
231 520 10
231 550 69
231 357 57
231 599 73
231 556 17
231 400 74
232 621 48
232 581 24
232 328 37
232 609 51
232 411 33
232 473 13
232 587 34
232 327 12
232 563 86
232 505 38
232 382 32
232 419 52
232 321 55
232 407 7
233 317 92
233 585 80
233 581 7
233 471 15
233 560 2
233 399 39
233 524 89
233 359 76
233 349 58
233 427 35
233 445 63
234 377 61
234 463 71
234 480 27
234 599 16
234 365 61
234 424 18
235 349 67
235 358 75
235 486 62
235 521 7
235 421 71
235 591 50
235 428 11
235 580 14
235 598 32
236 335 20
236 597 77
236 596 94
237 609 92
237 545 38
237 396 16
237 330 54
237 398 23
237 465 48
237 509 29
237 410 63
237 534 43
237 603 72
237 495 78
237 590 84
237 357 71
238 489 66
238 395 3
238 530 87
238 329 71
238 620 42
238 447 7
238 371 95
238 490 26
238 456 21
238 376 64
238 472 76
239 444 92
239 551 99
239 318 21
239 327 31
239 455 95
239 473 1
239 477 69
239 392 20
239 542 13
240 581 81
240 592 66
240 584 96
240 614 47
240 563 7
241 507 48
241 339 79
241 455 87
241 547 97
241 530 75
241 404 95
241 515 97
242 318 78
242 601 35
242 461 6
242 518 48
242 431 23
242 402 42
242 332 90
243 517 13
243 333 81
243 378 69
243 484 71
243 529 73
243 589 40
243 352 62
243 430 24
243 504 27
244 571 98
244 624 67
244 574 42
244 361 3
244 348 58
244 458 72
244 432 90
245 573 99
245 350 6
245 329 40
246 539 65
246 352 93
246 348 27
246 494 9
246 322 29
246 478 46
246 324 68
246 583 79
246 585 15
246 452 65
246 376 16
246 411 83
246 387 72
247 548 58
247 392 79
247 543 7
247 611 31
247 338 12
247 355 94
247 400 24
247 457 8
247 516 45
247 499 25
247 581 53
247 565 88
248 398 30
249 453 33
249 607 93
249 466 39
249 560 6
250 338 44
250 448 6
250 348 42
250 579 83
250 499 77
250 418 97
251 482 86
251 431 72
251 560 41
251 476 26
251 598 5
251 409 60
251 534 47
251 353 58
251 436 11
251 343 15
251 363 95
251 616 84
252 452 24
252 520 52
252 457 41
252 619 78
252 366 5
252 537 82
252 321 33
252 498 20
252 509 68
252 624 74
252 394 21
253 452 98
253 458 14
253 522 75
253 569 41
253 508 9
253 588 21
253 425 11
253 544 41
253 434 89
253 542 80
253 338 81
253 581 21
253 336 59
254 469 71
254 406 69
254 358 19
254 578 47
254 423 98
254 556 66
254 475 42
254 332 74
254 591 35
254 443 48
254 616 69
254 353 86
254 526 65
254 586 66
254 410 1
255 598 60
255 432 50
255 478 57
256 459 29
256 576 12
256 324 52
256 409 42
256 552 12
256 379 30
256 563 20
256 384 38
256 419 38
256 534 1
256 494 74
257 596 6
257 383 4
257 381 42
257 539 32
257 452 82
257 556 8
257 514 36
257 462 63
257 407 85
257 433 22
258 392 2
258 578 32
258 468 47
258 375 64
258 463 65
258 446 6
258 386 54
258 569 44
258 530 55
259 429 11
259 461 80
259 517 39
259 395 23
259 574 53
260 356 9
260 618 7
261 537 29
261 370 57
261 573 89
261 427 28
261 382 60
262 518 29
262 496 42
262 533 99
262 354 29
262 543 45
262 329 28
262 436 55
263 398 83
263 557 58
264 397 64
264 317 97
264 412 65
264 562 36
264 346 28
264 589 79
264 588 6
265 479 78
265 547 47
265 488 24
265 456 65
265 503 94
266 470 83
266 469 89
266 317 93
266 521 66
266 433 80
266 443 89
266 463 23
266 399 75
266 545 78
266 570 78
266 575 74
267 527 57
267 612 62
267 399 73
267 617 90
267 435 47
267 432 36
267 463 21
267 431 78
268 352 98
268 518 60
268 465 96
268 504 46
268 405 83
268 610 74
268 341 87
268 527 25
268 532 29
268 343 2
268 448 51
269 484 11
269 432 66
269 442 62
269 589 65
270 617 45
270 623 52
270 397 7
270 467 62
270 612 64
270 492 39
271 601 32
271 624 9
271 486 80
272 368 86
272 618 23
272 384 8
272 590 74
272 431 54
272 575 89
273 329 59
273 341 43
273 458 27
273 434 46
273 496 66
273 325 34
273 539 87
273 536 44
274 391 10
274 538 92
274 539 93
274 498 64
274 618 94
274 468 74
274 349 28
275 566 68
275 580 9
275 363 95
275 478 96
275 324 28
275 343 39
275 321 40
276 353 74
276 420 56
277 358 39
277 583 67
277 483 52
277 579 17
277 534 59
277 581 61
277 425 67
277 560 14
277 592 70
277 496 40
277 440 42
277 384 8
277 552 84
277 389 20
278 608 95
278 375 31
278 398 58
279 431 8
279 524 97
279 582 70
279 570 71
279 336 74
279 476 38
279 525 34
279 623 52
279 317 19
279 450 15
279 405 12
279 456 77
279 529 27
279 564 50
280 489 20
280 533 69
280 584 70
280 318 7
280 542 99
280 505 82
280 532 70
280 381 84
280 567 49
281 508 25
281 435 79
281 402 93
281 592 54
281 359 32
281 570 20
281 568 83
282 614 88
282 388 99
282 401 65
283 459 70
284 321 31
284 583 42
284 421 5
284 562 85
284 455 65
285 609 29
285 479 18
285 612 64
285 523 41
285 492 46
286 416 55
286 393 36
286 384 44
286 550 89
287 513 23
287 315 39
287 522 14
287 592 14
287 402 96
287 533 49
287 350 87
287 576 24
287 504 49
287 461 45
287 403 91
287 540 80
287 489 83
287 401 3
287 476 32
288 480 35
288 621 26
288 584 13
288 397 13
289 551 56
289 476 20
289 455 77
289 342 64
289 448 85
289 503 42
289 413 70
289 596 64
289 467 7
289 487 44
289 605 3
289 376 69
289 396 43
289 513 50
290 562 64
291 544 10
291 362 80
291 383 70
291 610 74
291 575 3
291 566 17
291 518 83
292 436 8
292 434 93
292 329 59
292 314 93
292 560 84
292 397 45
292 425 16
292 466 32
292 334 6
292 586 20
292 463 43
292 379 24
292 563 88
293 343 70
293 562 45
293 605 74
293 350 29
293 599 72
293 422 26
293 476 84
293 406 81
293 513 79
293 465 47
293 449 76
293 344 49
293 389 31
294 326 20
294 610 92
294 600 52
294 534 65
294 561 51
294 402 10
294 324 95
294 381 73
294 396 13
294 594 84
294 531 6
295 493 91
295 535 57
295 375 25
295 551 49
295 484 74
296 510 38
296 590 82
296 331 27
296 446 19
296 317 62
296 538 94
296 592 64
296 408 6
296 401 42
297 546 3
297 488 77
298 528 32
298 320 3
298 515 28
298 452 47
298 348 82
298 611 45
298 553 53
298 443 26
298 473 23
299 586 80
299 478 41
299 324 68
299 443 33
299 509 29
299 554 16
299 565 57
299 343 60
299 587 69
299 605 37
299 578 15
299 459 1
299 424 36
300 504 8
300 605 42
300 374 64
300 567 50
300 466 30
300 314 69
300 607 25
300 460 28
300 533 46
300 416 23
301 395 49
302 396 33
302 339 64
302 564 70
302 555 85
302 365 38
302 349 24
302 336 47
302 370 5
302 593 99
302 618 26
302 407 93
302 479 96
302 460 14
303 584 93
303 507 90
303 536 46
303 382 38
303 521 4
303 624 37
303 572 5
303 368 88
303 549 76
303 611 96
303 601 94
303 472 85
303 585 82
303 438 33
303 569 15
304 441 84
304 426 1
304 575 95
304 481 35
304 317 18
304 335 20
304 362 1
304 526 64
304 422 45
304 401 72
304 458 23
305 612 46
305 592 89
305 483 11
305 611 2
305 478 11
305 608 14
305 501 46
305 338 50
305 504 56
305 558 39
305 499 23
306 449 87
306 596 24
306 328 10
306 569 19
306 388 60
306 502 56
306 375 67
306 556 76
306 336 99
306 399 55
306 591 90
306 595 32
306 528 20
306 604 98
307 562 31
307 457 59
307 323 78
307 584 94
307 432 93
307 478 26
307 348 2
307 381 65
307 582 81
307 441 91
307 614 15
307 618 77
307 601 75
307 561 85
307 543 81
308 507 40
308 551 33
309 345 76
309 319 76
309 418 61
309 450 14
309 544 71
309 338 25
309 526 99
309 512 59
309 525 44
309 313 97
309 513 69
309 396 72
309 499 67
310 564 55
310 505 57
310 494 90
310 598 3
310 379 80
310 437 55
310 413 67
310 528 56
310 370 62
310 440 13
310 399 22
310 509 22
310 620 43
310 417 18
311 397 4
311 356 83
311 556 81
312 587 81
312 555 94
312 352 59
312 498 23
312 353 15
312 407 56
312 577 59
312 460 85
312 480 59
312 581 34
312 553 79
312 531 35
312 432 50
301 310 29
