658 2562
1 337 89
1 374 75
1 544 14
1 375 18
1 658 43
1 357 92
1 428 25
1 556 34
1 574 6
1 502 9
1 451 72
1 520 66
1 592 93
2 541 50
2 515 95
2 432 18
2 603 36
2 397 38
2 605 39
2 360 10
3 439 87
3 496 3
3 447 36
3 427 42
3 557 22
3 338 92
3 580 7
3 617 64
3 373 53
3 407 53
3 536 89
3 545 16
3 570 7
3 596 91
4 531 97
4 489 73
4 439 65
4 360 75
4 608 28
4 592 3
4 631 4
4 449 33
4 621 50
4 434 10
4 602 87
5 658 82
5 610 53
5 588 97
6 357 73
6 594 45
6 378 30
6 587 63
6 560 8
6 458 65
6 419 7
6 634 87
6 615 39
6 374 72
7 377 95
7 394 50
7 629 86
7 578 60
7 499 80
7 402 53
7 566 20
7 495 56
7 658 59
7 360 3
7 506 52
7 524 23
7 657 52
7 465 60
7 453 10
8 420 37
8 560 7
8 373 54
9 607 52
9 634 27
9 380 54
9 635 39
9 547 39
9 334 9
10 360 91
10 350 9
10 384 23
10 652 26
10 463 9
10 586 42
10 465 85
10 574 11
10 370 34
10 631 93
10 570 80
10 546 78
10 374 17
11 570 43
11 656 52
11 418 97
11 512 89
11 588 31
12 335 24
12 354 51
12 544 46
12 385 50
12 415 92
13 365 69
13 401 54
13 343 71
13 653 58
13 360 52
13 495 35
13 430 12
13 535 19
13 474 56
13 603 11
13 367 77
13 373 69
14 522 72
14 550 30
14 413 94
14 422 48
14 509 17
14 343 17
14 446 41
14 411 89
14 514 59
14 393 80
14 383 32
14 547 21
14 365 63
15 535 3
15 355 55
15 655 37
15 499 23
16 377 16
16 338 87
16 430 62
16 502 42
16 356 17
16 637 53
16 540 71
16 381 38
16 485 84
16 497 34
16 607 76
16 625 23
16 618 75
17 575 24
17 396 67
17 533 39
18 590 74
18 364 80
18 371 68
18 628 95
18 496 83
18 509 7
18 338 35
18 619 6
18 435 61
18 654 33
18 419 89
18 554 23
19 478 51
19 433 94
19 429 50
19 654 80
19 587 75
19 421 95
19 378 41
19 386 23
19 443 16
20 621 27
20 619 55
20 572 76
20 566 24
20 426 10
20 423 33
20 502 83
20 448 65
20 338 67
20 332 84
20 432 57
20 394 65
20 465 81
20 555 89
21 500 23
21 579 87
21 493 42
21 395 39
22 544 9
22 620 53
22 590 57
22 645 81
22 458 83
22 522 64
22 519 49
22 379 87
22 646 89
22 633 84
23 524 95
23 476 47
23 394 79
23 408 83
23 338 44
23 583 24
23 602 47
23 570 25
24 592 91
24 535 72
24 410 73
24 551 74
24 407 52
24 413 40
24 627 93
24 532 49
24 575 33
25 500 58
25 543 69
25 650 6
25 571 27
26 330 93
26 359 33
26 586 56
26 437 32
27 562 70
27 452 58
27 460 46
27 364 72
27 506 13
27 567 74
27 576 23
27 400 43
27 476 98
28 582 69
28 528 20
28 598 5
28 338 73
28 539 21
28 368 58
28 567 42
28 374 97
28 553 95
28 646 70
28 463 66
28 560 35
28 462 1
28 600 17
29 564 87
29 640 34
29 407 31
29 638 91
29 656 18
29 494 84
29 336 57
29 622 3
29 469 15
29 405 24
30 374 51
30 499 74
30 496 65
31 385 1
31 505 52
31 498 79
31 523 97
31 619 51
31 451 31
31 632 53
31 404 71
31 450 74
31 649 45
31 348 59
32 340 37
32 575 11
32 648 64
33 560 30
33 565 97
33 363 63
33 342 90
33 419 97
33 398 69
33 421 41
33 579 59
33 472 38
33 575 81
33 564 83
34 592 5
34 492 59
34 653 42
34 398 66
34 537 5
34 655 80
35 617 23
35 391 47
35 598 93
35 639 41
35 411 45
35 591 17
35 565 72
35 616 15
35 647 4
35 637 48
35 431 46
35 655 13
36 480 89
36 504 72
36 475 54
37 466 8
37 484 21
37 467 28
37 645 6
37 413 51
37 578 33
37 380 54
38 545 5
38 503 24
38 471 42
39 655 15
39 609 98
39 514 15
39 343 46
39 643 72
39 361 11
39 498 5
39 620 69
39 584 64
39 610 37
39 409 90
39 512 18
39 441 23
39 432 84
40 371 81
40 578 91
40 517 75
40 636 93
40 418 22
40 347 95
40 514 47
40 590 49
40 383 9
40 603 29
40 533 97
40 471 39
41 595 15
41 525 61
41 417 54
41 423 47
41 330 69
41 651 42
41 358 69
41 575 99
41 641 31
41 392 19
42 336 58
42 513 69
42 542 32
42 514 37
42 404 42
42 613 43
43 640 26
43 636 36
43 339 64
43 454 89
43 357 97
43 526 43
43 383 25
43 598 60
43 470 58
43 348 60
44 485 83
44 369 29
44 487 94
44 356 65
44 402 89
44 648 85
45 650 49
45 419 33
45 440 96
45 439 43
46 454 16
46 595 17
46 517 68
46 411 48
46 493 49
46 630 23
46 406 53
46 637 62
46 562 33
46 399 6
46 551 62
47 538 84
47 471 53
47 497 4
47 550 24
47 370 73
47 390 65
47 511 8
47 340 41
48 486 71
48 353 37
48 620 94
48 639 89
48 440 9
48 553 59
49 413 40
49 524 5
49 423 65
49 531 29
49 394 73
50 517 21
50 562 98
50 338 40
50 630 98
50 435 28
50 498 9
50 600 68
50 483 16
50 581 41
50 629 74
51 520 90
51 522 62
51 507 27
51 576 52
51 430 97
51 378 98
51 380 76
51 587 91
51 561 42
51 340 17
51 439 20
51 431 41
51 556 92
52 382 26
52 407 6
52 636 22
52 554 28
52 367 59
53 350 89
53 429 10
53 653 18
53 612 87
53 594 34
53 541 60
53 398 85
53 614 64
53 342 44
53 620 54
53 563 76
53 382 15
53 355 5
54 576 49
54 376 67
54 511 66
54 641 80
54 476 75
54 373 67
55 491 37
55 534 12
55 407 60
55 460 64
55 441 14
55 530 23
55 382 13
55 421 53
55 622 79
55 587 6
55 544 15
55 653 92
55 574 7
56 528 81
56 553 9
56 641 27
56 547 32
56 638 56
57 574 4
57 493 28
57 378 66
57 535 67
58 640 33
58 464 55
58 361 22
58 455 15
58 571 28
58 549 12
58 590 70
58 406 74
58 597 26
58 449 45
59 464 31
59 430 54
59 527 90
59 562 48
59 580 29
59 434 46
59 362 5
59 348 64
59 388 21
59 440 8
60 378 6
60 481 59
61 424 30
61 497 61
61 608 70
61 358 33
61 657 96
61 485 23
61 531 35
61 411 10
61 570 77
61 548 47
62 389 2
62 497 70
62 346 78
62 653 6
62 393 42
62 482 99
62 409 95
62 348 1
62 507 83
62 447 6
62 440 80
63 652 70
63 388 62
63 346 52
63 516 91
63 649 61
63 419 97
63 613 86
63 416 52
63 538 39
64 476 8
64 382 59
64 641 61
64 377 74
64 598 26
64 623 60
64 333 45
64 519 95
64 638 16
64 644 48
64 521 39
65 345 16
65 354 67
65 654 84
65 602 53
65 533 21
65 628 69
65 463 24
65 351 4
65 636 6
65 386 69
65 417 20
65 365 25
65 599 1
66 345 78
66 421 59
66 480 99
66 593 18
66 490 42
66 510 35
66 570 25
67 601 49
67 410 58
67 449 39
67 543 40
67 445 43
67 345 9
67 454 5
67 586 80
67 460 82
67 535 54
68 450 1
68 330 85
68 491 35
68 654 66
68 476 64
68 409 3
69 405 78
69 564 99
69 498 71
69 654 91
69 553 74
69 341 82
70 484 47
70 646 70
70 620 87
70 368 35
70 374 61
70 483 95
70 340 66
70 356 60
70 475 28
70 411 53
70 573 80
70 482 23
70 649 89
70 513 58
70 447 29
71 379 45
71 585 11
71 540 12
71 563 65
71 478 44
71 467 21
71 512 51
71 425 69
71 334 35
71 514 89
71 374 34
72 335 15
72 360 56
72 606 22
72 516 19
72 438 71
73 619 43
73 358 51
73 493 67
73 548 11
73 415 68
73 382 53
73 450 9
73 424 47
73 514 9
73 410 14
74 652 23
74 418 27
74 592 47
74 616 5
75 449 13
76 343 77
76 437 7
76 510 74
76 346 33
77 524 89
77 363 59
77 519 27
77 439 30
77 564 62
77 350 96
77 445 2
78 387 52
78 374 45
78 435 28
78 552 81
78 419 10
78 392 38
78 489 9
79 488 82
79 442 38
79 383 72
79 612 23
79 432 47
79 344 60
79 340 91
79 425 3
80 477 64
80 655 57
80 569 30
80 536 98
80 503 25
80 330 22
81 603 30
81 553 77
82 515 57
82 555 9
82 602 82
82 545 88
82 403 30
82 399 12
82 604 17
82 353 21
82 608 6
82 642 15
82 370 67
82 527 1
82 605 63
82 618 20
83 513 28
83 653 4
83 456 84
83 393 18
83 360 64
83 510 67
83 352 40
83 423 54
83 657 59
83 417 14
83 353 41
84 586 86
84 543 94
84 373 70
84 402 99
84 608 63
84 524 71
84 423 79
84 633 23
84 602 68
84 544 70
85 638 72
85 542 28
85 487 50
85 649 79
85 391 71
85 442 21
85 399 51
85 608 18
85 380 33
85 610 92
85 636 91
86 336 39
86 565 45
86 539 29
86 523 26
86 447 15
86 492 7
86 462 58
86 603 62
86 458 37
86 380 3
86 524 49
86 347 68
86 469 47
86 570 43
87 333 17
87 512 47
87 643 21
87 615 42
87 628 43
88 476 88
88 509 77
88 532 95
88 519 49
88 620 55
89 588 76
89 467 34
89 632 38
89 582 93
89 609 46
89 554 89
89 367 37
89 495 26
89 398 22
89 331 50
89 634 48
89 471 50
89 470 41
89 600 73
89 428 49
90 348 65
90 470 22
90 509 61
90 484 31
90 531 68
90 637 24
90 605 60
90 526 3
90 625 37
90 351 54
90 349 74
90 568 30
91 360 76
91 650 89
91 587 5
91 530 15
91 480 44
92 649 95
93 600 74
93 397 50
93 574 80
93 527 68
94 353 64
94 332 16
94 536 48
94 501 66
95 358 24
95 657 47
95 547 97
95 490 95
95 391 66
95 339 6
95 465 47
96 610 93
96 520 78
96 435 67
96 615 17
96 588 64
97 458 81
97 406 32
97 368 17
97 339 32
97 377 2
97 600 40
97 648 72
97 584 59
97 437 61
97 511 37
98 403 18
98 594 35
98 616 4
98 456 55
99 603 66
99 649 24
99 453 68
99 534 96
99 650 57
99 569 45
99 530 83
99 528 2
99 588 99
99 577 13
99 394 6
99 371 42
99 393 87
100 630 68
100 643 83
100 467 82
100 370 12
100 399 37
100 657 97
101 651 80
101 489 14
101 560 43
101 485 34
101 432 49
101 549 67
101 366 24
101 413 44
101 647 89
101 404 6
101 508 86
101 642 30
101 655 62
101 576 91
101 445 12
102 383 40
102 542 24
102 547 25
102 535 82
102 498 10
102 410 71
102 459 80
103 521 80
103 637 32
103 539 4
103 423 27
103 594 59
103 554 52
103 547 4
103 457 76
103 628 78
103 610 26
103 489 80
103 551 38
103 378 23
104 350 42
104 493 24
104 444 90
104 599 20
104 503 29
104 545 33
104 388 2
104 397 94
104 541 95
104 515 13
105 414 83
105 486 43
105 510 50
105 451 76
105 475 29
105 570 59
105 360 57
106 538 29
106 570 28
107 486 27
107 649 1
107 383 34
107 509 11
107 620 30
107 514 23
107 356 9
107 624 72
107 614 40
107 599 14
107 334 28
108 527 61
108 372 50
108 383 25
108 470 69
108 615 70
108 648 16
108 548 34
108 453 6
108 425 53
108 353 76
108 600 70
108 509 85
108 398 84
108 366 19
108 336 20
109 370 83
109 459 9
109 526 76
109 499 75
109 637 17
109 438 21
109 337 96
110 545 52
110 652 11
110 584 22
110 533 8
110 370 13
110 576 60
111 541 97
111 410 21
111 491 61
111 642 61
111 409 81
111 421 68
111 430 51
111 404 34
111 365 19
111 649 81
111 446 7
112 462 13
112 378 26
112 533 52
112 440 76
112 583 52
112 507 56
112 532 16
113 484 49
113 402 92
113 493 10
113 346 39
113 418 99
113 364 95
113 588 65
113 583 96
113 621 8
113 394 65
113 344 97
113 413 14
114 452 47
114 389 62
114 429 3
114 565 74
114 382 9
114 585 33
114 392 15
114 598 9
114 385 4
115 509 17
115 520 67
115 622 86
115 533 65
115 406 28
115 342 70
115 542 62
115 330 90
116 497 68
116 650 20
117 468 1
117 575 54
117 474 7
117 553 59
118 491 21
118 506 50
118 442 59
119 634 21
119 363 66
119 625 96
119 340 85
119 647 61
119 434 86
119 534 36
119 530 5
119 581 34
119 470 44
119 645 11
119 429 52
119 570 44
119 643 43
120 455 37
120 490 48
120 511 12
120 571 33
120 408 25
120 393 24
120 647 73
120 574 71
121 377 25
121 580 4
121 512 6
121 421 39
121 487 45
121 540 97
121 559 59
121 601 40
122 534 3
122 486 82
122 655 24
122 523 50
122 417 12
122 567 49
122 337 12
122 459 19
122 433 56
123 335 81
123 634 50
124 590 61
124 648 93
124 428 26
124 543 51
124 638 39
124 594 25
124 363 77
124 566 63
124 645 7
124 447 95
124 438 26
125 397 95
125 580 26
125 442 85
125 372 49
125 370 41
125 570 92
125 553 79
125 486 22
125 381 41
125 439 39
125 657 46
125 458 93
125 626 41
125 424 28
126 400 28
127 544 93
127 548 31
127 510 88
127 401 36
127 353 92
127 581 77
127 431 44
127 389 73
127 656 13
127 579 77
127 485 98
127 568 52
127 612 66
128 369 14
128 547 68
128 559 35
128 350 53
128 645 45
128 554 77
128 416 86
128 392 97
128 445 64
128 441 62
129 505 8
129 481 19
129 650 40
129 629 34
129 575 41
129 544 12
129 590 16
130 631 1
130 431 85
130 558 23
130 586 12
130 550 32
130 373 46
130 658 74
130 341 70
130 642 3
130 649 49
130 397 52
130 577 52
130 427 73
131 617 71
131 570 42
131 396 41
131 403 13
131 347 9
131 505 72
131 506 4
131 481 92
131 432 49
131 399 64
131 583 42
132 429 30
132 440 30
132 419 69
132 410 81
132 364 17
132 554 53
132 606 44
132 639 3
132 446 62
133 619 97
133 339 77
133 636 14
133 646 29
133 542 55
133 433 82
133 349 23
134 373 60
134 559 82
134 407 42
134 589 28
134 362 34
134 389 46
135 471 91
135 573 90
135 445 65
135 455 78
135 608 28
135 456 25
135 516 69
135 626 8
135 524 23
136 559 51
136 552 21
136 621 81
136 615 81
136 502 2
136 630 77
136 447 93
136 434 53
136 478 50
136 609 6
136 386 50
137 359 90
137 622 75
137 402 94
137 462 28
137 636 12
138 354 57
138 430 26
139 408 49
139 360 44
139 559 11
139 551 8
139 639 37
139 490 9
139 514 84
139 497 38
140 432 78
141 442 16
141 418 39
142 540 26
142 386 19
142 498 34
142 530 54
142 587 75
142 619 27
142 484 93
142 543 48
142 438 73
142 452 80
142 376 46
142 544 66
142 482 29
142 382 91
142 475 23
143 490 84
143 602 55
143 424 16
143 388 96
143 481 37
143 522 66
143 392 70
144 521 98
144 469 20
144 591 64
145 464 12
145 506 44
145 344 84
145 641 72
145 599 97
145 638 64
145 521 99
145 405 78
145 468 15
145 485 25
145 425 86
145 469 16
146 580 36
146 437 1
146 505 67
146 425 35
146 338 64
146 461 83
146 351 46
146 524 4
146 601 77
147 348 81
147 360 16
147 491 14
147 347 25
147 653 29
148 338 22
148 448 81
148 357 78
148 547 72
148 408 55
149 437 20
149 393 15
149 604 90
149 502 63
149 520 82
149 400 9
149 340 75
149 335 76
149 506 16
149 613 47
149 373 88
149 615 14
150 613 66
150 547 36
150 426 68
150 461 20
150 460 15
150 575 30
150 599 3
150 564 3
150 574 86
150 623 53
150 569 16
150 477 86
150 503 31
151 364 29
151 476 70
151 635 48
151 442 69
152 445 42
152 648 18
152 658 99
152 441 43
152 479 69
152 494 67
153 610 2
153 513 45
153 595 38
153 581 85
153 393 26
153 645 88
153 534 8
153 406 30
153 369 57
153 545 88
153 570 67
153 555 49
154 468 78
154 356 56
154 522 10
154 428 8
154 364 52
154 354 76
154 346 69
154 647 69
154 634 67
154 517 98
154 530 4
154 501 33
154 576 54
154 500 39
155 614 27
155 435 8
155 605 74
155 625 29
155 519 88
155 623 71
155 415 96
155 627 69
155 652 66
155 560 74
155 582 76
155 602 45
155 427 76
156 478 14
156 565 79
157 545 23
157 484 58
157 636 98
157 622 63
157 466 79
157 343 92
157 445 91
157 470 59
157 582 35
157 621 66
157 538 24
157 407 73
157 381 1
157 551 99
157 399 3
158 454 42
158 414 6
159 623 31
159 350 87
159 366 61
159 337 99
159 382 56
160 528 29
160 527 99
160 440 95
161 578 52
161 606 10
161 486 90
161 611 35
162 615 31
162 421 8
162 523 99
162 647 56
162 478 90
162 422 44
162 490 40
162 485 6
162 596 69
162 332 74
163 549 46
163 601 36
163 338 48
163 513 40
163 568 62
163 631 65
163 616 98
163 368 96
163 600 69
163 628 63
164 477 33
164 583 71
164 564 14
164 596 88
164 474 53
164 334 79
164 389 67
164 333 30
164 345 98
165 455 67
165 499 27
165 594 83
166 499 2
166 466 25
166 594 4
166 346 59
166 463 24
166 523 18
166 428 11
166 334 56
166 505 62
166 497 36
166 586 37
166 518 56
166 585 41
166 500 26
167 648 52
167 447 16
167 341 66
167 570 35
167 436 97
167 603 56
167 598 40
167 412 27
167 540 2
167 606 60
167 486 93
167 425 12
167 592 3
168 484 11
168 424 76
168 431 11
168 403 7
168 536 3
168 399 47
168 495 63
168 351 34
168 467 23
168 434 36
168 410 4
168 472 41
168 407 81
168 397 85
169 615 13
170 547 2
170 386 96
170 355 34
170 593 57
171 588 47
171 488 27
171 362 27
171 559 52
171 383 64
171 384 64
172 635 69
172 428 71
172 495 43
172 347 75
173 402 23
174 445 44
174 379 66
174 431 13
174 441 15
174 627 99
174 425 80
174 533 52
174 465 30
175 461 35
175 521 9
176 530 78
177 409 92
177 537 29
177 535 80
177 621 62
177 549 93
177 640 17
177 502 70
177 573 27
177 503 26
177 498 6
177 441 26
177 626 36
177 611 64
177 490 75
177 336 84
178 454 25
178 386 46
178 654 43
178 514 33
178 499 76
178 357 20
178 446 58
178 604 1
178 498 92
178 568 38
178 452 29
179 560 66
179 368 86
179 512 33
179 408 49
179 556 67
179 550 99
180 385 49
180 461 69
180 421 35
180 641 98
180 530 71
180 534 2
180 592 71
180 658 53
180 331 1
180 473 16
180 373 50
180 459 18
180 442 18
180 336 30
181 350 48
181 346 39
181 480 16
181 381 55
181 420 7
181 590 87
181 564 2
182 401 33
182 379 58
182 441 34
183 459 29
183 403 88
183 443 25
183 533 64
183 592 50
183 445 84
183 612 93
183 399 76
183 584 38
183 562 26
183 531 87
183 628 95
183 481 41
184 604 86
184 385 53
184 355 44
184 525 71
184 652 79
184 350 75
184 554 4
184 563 8
184 348 83
185 586 74
185 505 8
185 459 80
185 359 28
185 480 70
185 409 78
185 350 42
185 592 80
186 591 97
186 462 16
186 585 11
186 546 1
186 598 69
187 343 83
187 488 76
187 595 7
187 539 4
187 446 17
187 473 23
188 558 73
188 566 79
188 644 91
188 508 42
188 356 53
188 534 97
188 385 29
188 421 2
188 377 62
189 384 16
189 606 23
189 605 58
189 417 54
189 645 27
189 583 46
189 578 14
189 504 17
189 542 84
189 598 23
189 538 14
190 380 16
190 348 34
190 497 57
190 415 29
190 638 72
190 521 84
190 617 41
190 353 17
190 560 70
191 405 68
191 606 65
192 373 76
192 630 59
192 383 81
192 474 35
192 536 4
192 657 83
192 544 66
192 566 28
192 531 30
192 599 41
192 652 76
193 357 80
193 563 65
194 365 75
195 533 58
195 631 56
195 339 74
195 516 24
195 626 70
195 340 60
195 600 23
195 448 80
195 405 3
195 559 7
195 419 39
196 482 23
196 583 63
196 530 70
196 469 68
196 423 57
196 540 13
196 606 32
196 451 94
196 397 51
196 391 47
197 334 98
197 473 73
197 476 92
197 557 42
197 422 30
197 392 51
197 611 56
197 616 93
197 600 72
197 646 40
198 478 54
198 432 92
198 597 53
198 365 14
198 405 29
198 619 67
198 442 92
198 355 99
198 460 8
198 428 42
198 455 95
198 364 56
198 378 75
198 346 95
198 451 80
199 593 20
199 352 95
199 399 60
199 573 72
199 494 29
199 471 44
199 421 86
199 334 15
199 372 29
199 479 59
200 507 83
200 385 82
200 453 82
200 601 40
200 477 9
200 544 66
201 434 87
201 427 30
201 531 67
201 387 85
201 464 30
201 646 10
201 338 56
201 372 40
202 442 90
202 538 21
202 439 33
202 428 86
202 540 9
202 629 51
202 509 42
202 348 97
202 594 96
202 530 61
202 403 10
202 492 55
203 341 96
204 651 21
204 585 44
204 506 95
204 593 67
204 629 77
204 337 25
204 485 55
204 636 45
204 479 84
204 552 11
204 570 59
204 354 99
205 535 75
206 412 9
206 564 27
206 452 8
206 540 10
206 637 50
206 454 11
206 592 40
206 381 20
206 560 81
206 537 9
207 435 12
207 337 1
207 606 6
207 470 78
207 651 17
207 427 85
207 416 85
207 598 21
207 395 30
207 538 54
208 404 70
208 401 66
208 582 85
208 615 71
208 561 18
208 618 52
208 534 85
209 605 2
209 499 94
209 471 6
209 376 10
209 448 73
209 498 86
209 369 33
209 454 42
209 362 16
209 468 89
209 388 87
209 533 12
209 385 99
210 560 16
210 478 76
210 359 39
210 338 36
211 596 84
211 401 67
211 469 72
211 338 46
211 601 38
211 490 59
211 380 99
212 351 90
212 551 30
212 632 46
212 506 6
212 590 43
212 591 41
212 365 37
212 622 91
212 619 98
212 488 25
212 631 38
212 612 26
212 383 76
213 336 98
213 335 38
213 523 14
213 348 73
213 636 36
213 351 2
214 531 95
214 610 97
214 633 10
214 486 30
214 338 38
214 428 93
214 331 27
215 505 50
215 338 86
216 496 51
216 340 80
216 575 39
216 414 64
216 356 36
216 344 6
216 453 20
216 389 44
216 597 41
216 518 28
216 530 99
216 365 74
216 606 53
216 499 95
216 543 13
217 463 75
217 333 77
217 408 51
217 471 63
217 403 38
217 595 46
217 543 54
217 350 98
217 352 11
217 531 37
217 434 63
217 582 3
218 580 81
218 642 99
218 623 8
218 465 12
218 373 16
218 543 91
218 637 50
218 509 41
218 554 18
218 577 85
218 413 74
218 608 89
219 574 70
220 645 79
220 454 94
221 527 72
221 365 45
221 426 36
221 525 27
221 574 43
221 560 3
221 455 96
221 555 55
222 484 61
222 568 42
222 529 63
223 635 12
223 596 41
223 546 96
223 401 81
223 642 29
223 364 28
224 386 72
224 542 4
224 354 38
224 558 44
224 576 34
224 484 16
224 511 83
224 594 83
225 436 3
226 448 54
226 458 95
226 437 90
226 423 4
226 545 61
226 546 92
226 427 59
226 379 51
227 576 81
227 647 53
227 517 74
227 483 10
227 599 21
227 354 99
227 454 85
227 436 44
227 342 47
227 443 69
227 503 52
228 610 79
228 613 10
229 644 44
229 340 36
229 526 56
229 608 46
229 419 18
230 520 66
230 536 41
230 614 51
231 449 39
231 400 30
231 345 52
231 542 44
231 380 40
231 330 48
231 632 1
231 593 64
231 460 57
231 582 80
231 397 70
231 354 53
231 530 89
231 617 16
231 551 29
232 404 54
232 582 18
233 592 52
233 462 5
233 497 53
233 504 99
233 336 86
233 438 46
233 535 32
233 349 4
233 478 93
233 618 10
233 513 60
234 441 34
234 562 57
234 504 44
235 613 27
235 439 19
235 553 1
235 620 42
235 443 24
235 529 22
235 438 66
236 360 80
236 363 51
236 619 84
236 468 80
236 567 89
236 387 89
236 390 81
237 597 27
237 632 21
237 351 29
237 505 8
237 611 2
237 554 29
237 338 66
237 434 62
237 503 87
237 640 51
237 484 52
237 634 83
237 606 21
237 527 41
238 451 47
238 356 38
238 468 40
238 597 30
238 578 99
238 510 37
238 620 44
238 450 35
238 393 88
238 353 74
238 348 5
238 474 32
238 632 52
238 477 72
239 440 53
239 420 68
239 557 20
239 538 96
240 468 57
240 540 50
240 657 77
240 527 73
240 388 81
240 431 53
241 446 32
241 461 29
241 375 78
241 463 64
241 532 31
241 491 50
242 498 89
242 442 40
242 429 1
242 449 25
243 453 33
243 635 14
243 511 45
243 617 50
243 482 89
243 592 52
243 410 38
244 616 91
244 437 32
245 393 54
245 406 3
245 397 69
245 409 76
245 477 93
245 569 10
245 357 19
245 599 31
245 538 56
246 503 27
246 647 71
246 347 64
247 475 74
247 641 57
247 555 87
247 637 98
247 613 71
247 340 58
247 630 80
247 417 4
247 415 39
247 471 84
248 581 64
248 505 32
248 593 27
248 636 39
248 396 40
248 491 24
248 339 70
248 590 8
248 640 5
248 387 12
248 465 85
248 412 41
248 588 27
248 587 50
249 489 62
249 569 52
249 651 84
249 391 54
250 523 13
250 599 19
250 592 34
250 447 14
250 427 30
250 468 61
250 637 58
251 519 56
251 422 57
251 647 52
251 640 19
251 597 93
251 521 57
252 335 87
252 560 92
252 411 70
252 494 38
252 386 38
252 366 50
252 491 55
252 340 70
253 626 94
253 379 61
253 528 49
253 510 22
253 390 59
253 424 78
253 354 33
253 339 30
253 421 37
253 640 36
253 571 20
254 539 74
254 586 26
254 512 91
254 515 21
254 401 50
254 547 51
254 398 2
255 473 65
255 397 80
255 599 83
255 562 66
255 483 19
255 338 88
255 570 11
255 489 55
256 466 98
256 563 49
256 431 57
256 437 12
256 527 24
256 501 2
256 587 30
256 613 84
256 339 18
256 362 58
256 552 85
256 615 91
256 588 70
256 429 83
257 599 25
258 351 27
258 483 20
258 377 17
258 637 98
258 644 20
258 477 31
258 422 95
258 515 72
258 415 20
259 439 87
259 625 36
259 356 84
259 381 74
259 513 87
259 523 29
259 371 43
259 614 60
259 407 11
259 469 5
259 368 80
260 415 84
261 561 72
261 392 25
261 515 12
261 505 18
261 526 44
261 544 42
261 627 74
261 592 62
261 621 65
261 624 59
261 645 32
261 416 82
262 648 56
262 481 56
262 415 46
262 339 3
262 580 90
262 442 91
263 478 24
263 646 3
263 641 76
263 639 37
263 369 25
263 421 88
263 546 18
263 474 56
263 587 97
263 459 89
263 479 16
263 340 26
263 397 81
264 405 65
264 581 3
264 621 41
264 576 54
264 647 95
264 530 5
265 505 80
265 333 75
265 391 89
265 394 22
265 426 10
265 411 54
265 382 28
265 462 5
265 651 3
265 459 19
265 446 31
265 558 82
266 434 40
266 573 69
266 409 20
266 535 80
266 465 77
266 657 8
267 334 35
267 492 1
267 474 24
267 635 1
267 349 88
267 647 45
267 572 85
268 453 47
268 422 40
268 592 78
268 570 66
268 340 79
268 632 16
268 643 2
268 579 51
268 574 97
268 601 10
269 341 16
269 595 35
269 330 81
269 363 66
269 440 82
269 583 97
269 348 83
269 490 15
270 416 37
270 440 66
270 542 7
270 531 75
270 437 56
270 500 62
270 576 85
271 407 26
271 423 33
271 468 20
271 562 95
271 528 81
272 513 80
272 646 86
273 461 44
273 589 36
273 489 63
273 619 15
273 522 50
273 424 38
273 493 24
274 398 3
274 492 30
274 441 31
274 524 43
274 424 60
274 628 4
274 412 46
275 366 96
275 641 41
275 379 52
276 561 3
276 461 40
277 333 86
277 486 52
277 524 79
277 576 78
277 355 72
277 438 83
277 397 17
278 508 81
278 453 54
278 450 82
278 546 82
278 559 56
278 343 16
278 455 30
278 576 30
278 447 90
278 368 45
278 625 4
278 432 68
278 338 48
278 464 46
279 641 91
279 453 34
279 385 36
279 505 76
279 491 32
279 384 96
279 463 58
279 607 39
279 560 29
279 658 91
279 446 67
280 462 92
280 657 42
280 507 94
280 467 35
280 363 65
280 330 57
280 529 91
280 591 32
281 633 33
281 412 56
281 511 69
281 373 21
282 395 47
282 590 74
282 330 28
282 594 31
282 359 74
282 464 55
282 527 51
282 593 38
282 541 84
282 452 55
282 628 94
283 565 94
283 567 18
283 374 43
283 504 2
283 548 40
283 546 86
283 443 58
283 516 42
283 651 25
283 577 91
283 599 16
283 559 64
284 431 74
284 468 36
284 532 94
284 480 26
284 338 87
284 371 12
284 533 36
284 462 15
284 579 89
284 648 22
284 531 14
284 607 88
285 628 2
285 641 5
285 616 66
285 528 84
285 445 84
285 384 77
285 498 53
285 431 82
285 423 37
285 620 47
285 546 99
285 555 18
285 414 22
285 524 55
286 515 52
286 577 45
286 476 74
286 650 14
287 332 44
287 586 29
287 655 32
287 654 11
287 443 53
288 411 94
288 425 79
288 458 29
288 644 63
288 577 26
288 501 49
288 556 40
288 582 6
288 460 73
289 453 4
289 462 54
289 544 1
289 391 36
289 491 21
289 338 74
289 506 58
289 644 48
289 583 39
289 505 34
290 605 27
290 332 27
290 502 36
290 540 77
290 507 4
290 622 32
290 371 60
291 621 91
291 415 41
291 572 75
291 631 77
291 403 85
291 437 57
291 372 91
291 375 51
291 658 71
291 491 6
291 606 55
291 596 14
291 616 27
291 453 33
292 435 96
293 500 42
293 578 27
294 340 15
294 518 67
294 608 55
294 565 17
294 619 25
294 512 1
294 642 56
295 620 96
295 378 90
295 618 98
295 535 83
296 596 27
296 368 59
296 548 3
296 572 25
296 646 31
296 519 66
296 559 58
297 599 99
297 584 30
297 422 95
297 558 18
297 526 97
297 648 9
297 537 84
298 434 49
298 469 69
298 452 4
298 495 34
298 610 12
298 555 1
298 622 30
299 442 84
299 448 10
299 453 62
299 626 37
300 609 77
300 531 44
300 400 66
300 451 40
301 415 19
302 522 80
302 380 95
302 639 58
302 349 8
302 345 24
302 400 13
303 516 3
303 336 30
303 422 82
303 523 61
303 435 75
303 576 97
303 515 12
303 568 31
303 496 96
303 412 70
303 638 47
303 645 32
304 585 75
304 505 32
304 534 52
304 400 63
304 435 79
304 495 98
304 515 54
305 549 42
305 487 50
305 405 40
305 628 88
305 451 54
305 364 22
305 571 91
305 419 60
305 471 11
305 433 15
305 480 23
305 540 40
305 621 1
305 436 60
306 350 37
306 584 66
306 348 74
307 557 51
307 371 50
307 364 25
308 472 33
308 363 72
308 603 78
308 527 66
308 347 66
308 505 30
308 569 13
308 572 91
308 508 9
308 544 67
308 618 18
308 625 17
308 507 60
308 553 54
309 541 81
309 602 63
309 478 63
309 354 41
309 638 29
309 488 40
309 434 84
309 508 37
309 479 1
309 445 17
309 513 74
309 475 31
309 416 46
309 616 71
310 515 38
310 499 66
310 591 78
310 595 13
310 507 29
310 495 74
310 554 22
310 573 70
310 561 71
310 519 74
310 630 23
310 654 25
311 469 10
312 332 99
312 361 52
312 364 44
312 497 97
312 613 7
312 551 80
312 340 47
312 338 78
312 642 74
312 587 3
313 378 33
313 560 23
313 650 10
313 424 41
313 485 95
314 586 72
314 356 61
314 440 91
315 414 36
316 465 83
316 376 41
316 378 54
316 564 42
316 452 88
316 449 5
316 516 87
316 438 86
316 504 33
316 339 12
316 563 91
316 511 89
316 443 19
316 382 4
317 332 31
317 370 84
317 505 85
317 491 56
317 608 19
317 337 68
317 412 51
317 446 98
317 652 92
317 582 63
317 466 63
317 363 45
317 567 90
318 636 19
318 359 34
318 532 26
318 576 97
319 558 11
319 450 82
319 564 86
319 646 41
320 547 68
320 456 46
320 478 10
320 578 56
320 369 92
320 656 19
320 468 93
320 639 15
320 433 67
320 445 83
321 644 14
321 594 15
321 506 19
321 465 79
321 608 56
321 382 10
321 589 16
321 385 43
321 640 24
321 645 85
321 415 85
322 527 48
322 639 90
323 593 79
323 370 43
324 486 15
324 426 69
324 382 53
324 617 7
324 602 14
324 482 81
324 518 7
325 406 32
325 654 63
325 443 62
325 486 39
325 589 76
325 452 1
325 473 26
325 650 49
326 356 57
326 441 84
326 453 26
326 505 79
326 520 50
327 335 31
327 560 71
327 461 40
327 506 77
327 438 17
327 381 82
327 389 67
327 626 59
327 534 2
328 609 56
328 618 20
328 486 55
328 592 31
328 635 13
328 562 78
328 642 50
328 420 41
328 548 9
328 512 53
328 389 3
328 527 8
328 488 83
329 485 56
329 556 17
329 535 17
329 545 33
329 333 15
329 482 17
329 576 74
329 636 29
