558 2239
1 309 82
1 331 99
1 423 40
1 419 54
1 469 80
1 493 53
1 401 70
1 521 89
1 376 61
1 404 64
1 557 14
1 520 71
1 352 62
2 324 14
3 536 68
3 433 78
3 390 39
3 423 24
3 489 71
3 375 92
3 544 42
3 339 74
3 553 61
3 439 6
3 549 86
4 370 12
4 282 78
4 541 56
4 306 82
4 368 13
4 373 34
4 429 71
4 312 91
4 551 13
4 369 17
4 366 54
5 323 71
5 385 11
5 531 9
5 281 39
5 483 28
5 557 67
5 447 18
5 439 25
5 480 14
5 466 68
6 310 41
6 557 72
6 309 52
6 493 5
6 346 46
6 280 14
6 359 79
6 475 94
6 333 42
7 331 8
7 285 38
7 402 35
7 295 67
7 493 69
7 543 75
7 470 15
7 453 8
8 543 49
8 344 30
8 304 42
8 533 79
8 446 49
8 548 96
8 292 15
8 421 8
8 414 28
8 555 16
9 389 33
9 548 65
9 463 75
9 412 57
9 511 37
9 308 91
9 339 19
9 439 71
9 363 6
9 312 4
9 471 77
9 453 66
9 318 21
9 550 92
10 409 97
10 544 71
10 549 10
10 293 16
10 536 36
10 545 44
11 481 40
11 364 63
12 304 14
13 503 59
13 334 69
13 417 95
13 504 72
13 478 88
13 341 91
13 301 76
13 342 38
14 548 96
14 343 18
14 465 98
14 484 47
14 310 30
14 369 67
15 352 51
15 450 2
15 550 44
15 495 48
15 454 98
15 449 70
15 441 11
15 436 30
16 541 82
16 295 10
16 402 50
16 525 82
16 540 78
16 327 86
16 504 98
16 284 72
17 495 84
17 309 75
17 454 69
17 525 52
17 533 16
17 529 87
17 296 42
17 488 20
17 557 30
17 419 79
17 480 30
18 368 66
18 506 81
18 455 49
18 437 22
18 409 45
19 294 67
19 367 5
19 526 59
19 334 15
19 451 91
19 540 95
19 360 42
19 496 93
19 326 3
19 458 29
19 376 87
20 501 85
20 398 22
20 461 7
20 287 13
20 373 89
20 340 40
20 529 25
21 475 34
21 301 23
21 478 78
21 524 78
21 450 51
22 340 64
22 452 60
22 348 25
22 505 18
22 367 19
22 411 40
22 413 44
22 490 49
22 475 33
22 508 87
22 441 5
22 416 15
22 472 74
23 316 28
23 483 83
23 397 80
23 392 89
23 437 34
23 477 75
23 362 49
23 461 86
23 361 99
24 395 56
24 467 97
24 303 24
24 556 67
24 552 41
24 448 27
24 282 56
24 442 15
25 305 98
25 299 67
25 323 89
25 537 53
25 511 95
25 288 55
25 546 67
25 367 77
25 466 24
26 338 53
26 490 59
26 483 80
26 336 54
26 498 98
26 439 18
26 376 91
26 361 39
26 412 61
26 293 56
26 382 45
26 432 45
26 438 88
26 371 4
26 494 30
27 458 64
27 387 64
27 416 4
27 497 27
27 307 94
27 506 51
28 545 99
28 447 18
28 425 92
28 551 19
28 505 88
28 445 37
28 383 26
28 450 21
28 390 33
28 454 29
28 475 13
28 303 12
28 480 11
28 470 22
28 411 89
29 397 7
29 455 46
29 366 58
29 428 79
29 429 32
30 432 28
30 420 79
30 511 71
31 400 12
31 389 70
31 438 10
32 528 64
32 518 59
32 390 89
32 491 31
32 497 51
32 447 41
32 353 83
32 446 72
32 430 54
32 475 42
32 309 88
32 401 36
32 551 10
33 521 80
33 348 66
33 294 19
33 479 28
33 327 27
33 303 33
33 298 33
33 321 78
33 499 81
33 357 40
33 409 58
33 497 19
33 284 46
34 462 48
34 324 62
34 553 24
35 438 21
36 516 46
36 471 81
36 548 48
36 532 78
36 522 73
36 290 66
36 510 31
36 305 2
36 450 77
36 399 72
36 307 29
36 334 39
37 458 68
37 443 48
37 308 18
37 480 10
37 341 48
37 415 98
37 491 66
37 486 9
37 298 52
37 312 44
38 558 79
38 433 38
38 348 32
38 405 82
38 526 20
39 315 31
39 390 13
39 392 5
39 331 92
39 285 21
39 435 48
39 305 33
39 505 95
39 364 8
40 347 88
41 329 31
42 382 8
42 442 99
42 398 87
42 385 26
42 436 50
42 434 61
42 403 4
42 491 39
42 435 14
42 505 91
42 557 40
42 497 9
42 438 97
43 533 49
43 369 95
43 500 15
43 384 69
43 338 3
43 299 3
43 364 10
43 475 47
43 501 91
43 404 47
43 452 1
44 283 89
45 535 72
45 401 79
45 424 9
45 470 91
45 528 35
45 354 53
45 538 11
45 395 22
45 314 18
45 522 91
45 371 67
45 307 22
45 382 26
46 445 94
46 332 18
46 346 34
46 556 93
46 398 68
46 531 28
46 554 90
46 351 5
46 521 7
46 516 44
46 309 25
46 432 33
46 465 64
47 553 92
47 491 5
47 429 78
47 431 84
47 428 17
47 514 52
47 313 87
47 361 37
47 366 77
47 528 81
47 363 95
47 486 48
48 334 79
48 537 39
48 415 30
48 525 87
48 551 80
48 541 57
48 520 29
48 335 93
49 385 43
49 289 9
49 444 84
49 282 76
50 330 54
50 461 23
50 512 19
50 498 10
50 480 84
50 353 66
50 453 35
50 320 83
50 310 58
50 379 70
50 499 61
50 437 6
50 426 43
51 525 34
51 377 75
51 472 16
51 470 35
51 393 88
52 372 17
52 386 37
52 550 38
52 317 45
52 450 89
52 503 89
52 445 61
52 482 18
52 385 27
52 419 86
52 546 96
52 425 40
53 542 22
53 458 83
53 412 21
53 310 3
53 442 31
53 413 94
53 522 33
53 294 77
53 507 53
53 315 12
53 306 47
53 393 13
53 394 90
53 320 9
54 384 78
54 288 24
54 376 44
54 532 47
54 448 82
54 320 13
54 516 59
54 355 55
54 521 91
54 460 48
54 309 38
54 408 9
54 396 33
55 518 30
55 511 48
55 291 67
55 451 39
55 496 48
55 464 86
55 392 18
55 347 49
55 310 77
55 337 84
55 429 41
56 424 3
56 350 81
56 523 82
56 482 57
56 336 36
56 463 6
56 473 89
56 377 26
56 323 55
56 293 80
56 536 12
57 306 38
57 383 74
57 450 79
57 408 5
57 412 83
57 284 81
57 514 66
57 456 92
57 303 73
57 355 64
57 353 22
57 382 61
58 382 4
58 345 30
58 551 85
58 500 72
58 475 98
58 299 26
58 393 72
58 371 60
58 284 2
58 556 39
58 536 3
59 504 44
59 373 2
59 299 31
59 386 3
59 475 20
59 498 85
59 314 58
59 517 12
59 470 54
59 361 52
59 501 19
59 457 11
59 332 93
60 309 59
60 401 44
60 553 3
60 450 37
60 380 82
60 393 84
60 360 12
60 408 76
60 384 81
60 436 20
60 536 79
61 517 28
61 379 50
61 493 34
61 378 90
61 452 99
61 430 83
62 339 21
62 420 11
62 436 99
62 476 71
62 439 36
62 414 4
62 348 53
62 543 79
62 470 47
63 329 7
63 282 16
63 447 53
63 422 68
63 384 10
63 364 85
63 529 19
63 289 92
63 386 13
63 436 55
63 419 23
63 423 35
63 524 78
63 473 17
63 509 28
64 400 27
64 355 63
64 418 81
64 536 52
64 541 75
64 329 69
64 347 52
64 298 67
64 552 12
64 333 70
64 431 31
64 483 8
65 315 11
65 312 22
65 409 24
65 449 41
65 425 50
65 335 58
65 433 35
66 514 78
66 413 95
66 295 24
66 523 13
66 369 11
67 553 94
67 298 9
67 475 57
67 455 21
68 526 36
68 501 77
68 293 48
68 551 43
68 404 94
68 493 72
68 280 45
68 428 72
68 429 22
68 330 2
68 491 5
69 454 78
69 350 54
69 403 48
70 532 41
71 418 97
71 355 78
71 408 77
71 445 8
71 501 70
71 403 89
72 452 15
73 353 73
73 558 77
73 356 43
73 437 38
73 469 32
73 516 3
73 452 51
73 302 71
73 319 57
73 284 66
73 515 12
73 424 32
73 335 31
73 499 35
74 362 23
74 477 88
74 473 14
74 554 39
75 288 77
75 501 51
75 355 19
75 382 49
75 450 53
75 372 57
75 406 24
75 329 48
75 281 83
76 387 15
76 296 32
76 420 17
76 428 1
76 353 87
76 451 31
76 302 22
76 368 4
76 282 70
76 328 1
76 364 56
77 297 41
78 363 42
78 415 22
78 467 51
78 360 44
78 418 38
78 320 66
78 375 23
78 537 17
78 547 6
78 483 75
78 550 89
78 413 63
78 361 69
79 345 93
79 359 38
79 454 95
79 549 24
79 282 24
80 317 85
80 318 14
81 350 83
81 291 20
81 470 36
81 340 39
81 388 41
82 505 66
82 345 25
82 281 1
82 484 10
82 401 32
82 299 53
82 315 88
82 464 58
82 325 98
82 469 36
82 520 29
83 408 68
83 308 5
83 495 16
83 437 91
83 498 2
83 369 31
84 303 77
84 481 40
84 433 43
84 374 53
84 284 31
84 541 94
84 476 92
84 324 26
84 335 79
84 396 46
84 349 15
84 507 42
85 545 57
85 346 22
85 321 86
85 418 12
85 548 4
85 488 71
85 519 41
85 309 22
85 454 8
85 408 74
85 359 23
85 320 2
86 290 6
86 422 70
86 472 57
86 351 10
86 380 27
86 404 19
86 365 9
86 548 94
86 352 13
86 529 53
86 556 42
87 483 96
87 533 96
87 538 87
87 347 36
87 535 31
87 521 8
87 540 83
87 398 52
87 342 7
87 545 74
87 357 16
87 447 42
88 408 14
89 552 43
89 307 57
89 304 2
89 294 45
89 522 50
89 332 80
89 289 24
89 314 4
90 483 18
90 556 41
90 406 48
90 414 61
90 460 37
90 356 83
90 527 99
90 447 61
90 550 38
90 545 20
90 316 30
91 329 4
91 386 80
91 431 89
91 397 16
91 339 17
92 405 36
92 303 11
92 344 14
92 304 24
92 341 23
93 535 16
93 372 27
93 521 90
93 327 28
93 515 44
93 314 66
93 448 70
93 474 18
93 498 63
93 346 45
93 423 32
93 538 30
93 394 39
93 406 78
94 545 55
94 297 40
94 469 74
94 456 94
94 304 25
94 372 84
94 335 91
94 502 68
94 480 54
94 432 86
94 463 38
95 443 34
95 291 53
95 407 41
95 458 85
95 495 9
95 434 40
95 437 66
95 368 1
95 393 81
95 480 2
95 490 14
95 516 57
95 376 33
96 432 92
96 542 18
96 521 30
96 452 43
96 282 74
96 492 75
97 285 97
97 434 74
97 407 41
97 317 12
97 438 60
97 479 76
97 428 61
97 321 16
98 339 89
98 409 39
98 486 32
98 311 48
98 487 73
98 497 4
98 524 90
98 323 11
98 519 13
98 527 29
99 431 32
99 376 54
99 537 6
99 498 66
99 486 30
99 530 58
99 462 77
100 517 41
100 538 82
100 453 42
100 530 3
100 368 7
100 304 55
100 285 48
100 532 93
100 330 79
100 457 88
100 554 63
100 498 92
101 305 42
101 431 81
101 386 9
101 449 48
102 503 24
102 325 76
102 556 61
102 409 49
102 322 54
103 304 41
103 546 53
103 468 43
103 455 81
103 390 5
103 467 1
103 296 12
103 469 21
103 362 70
103 475 32
103 444 45
103 438 82
103 397 34
104 482 20
105 473 94
105 424 20
105 523 14
105 289 82
105 468 84
105 358 84
105 351 54
105 385 93
105 391 16
105 316 27
105 440 19
105 518 71
105 519 48
106 410 23
106 286 7
106 343 81
106 316 90
106 375 68
106 356 9
106 421 24
107 367 99
107 500 29
107 309 99
107 549 21
108 546 3
108 507 54
108 331 36
108 362 73
108 300 10
108 360 57
109 544 19
109 358 10
109 513 9
109 394 61
109 467 15
110 350 28
110 356 11
110 353 93
110 307 76
110 337 65
110 554 99
110 401 48
111 313 38
111 431 16
111 333 63
111 529 33
112 447 53
112 331 88
112 356 14
112 436 88
112 348 41
112 438 76
113 520 74
113 398 11
113 442 20
113 543 65
113 357 21
114 392 92
114 436 80
114 423 30
114 332 48
114 331 80
114 507 83
114 407 58
114 537 9
114 286 9
114 344 63
114 553 86
114 340 9
115 313 78
115 427 71
115 323 96
115 512 92
115 355 43
115 556 24
115 392 52
115 472 90
115 471 83
116 468 58
116 481 70
117 514 2
117 379 48
117 435 60
117 510 22
117 473 16
117 368 42
117 508 36
117 398 97
117 441 42
118 481 49
118 540 8
118 380 19
118 385 14
118 401 46
118 408 18
118 441 19
118 546 64
118 361 79
118 376 7
118 463 54
118 405 70
118 499 66
118 477 79
119 366 35
119 546 18
119 523 45
119 304 84
119 480 31
119 405 86
119 514 67
119 410 75
119 444 37
120 307 34
120 382 10
120 334 29
120 430 99
120 464 21
120 390 62
120 324 42
120 462 67
120 400 73
120 531 65
120 534 45
120 451 60
120 549 71
120 344 53
121 324 83
121 386 46
122 540 26
122 389 5
122 439 88
122 516 11
122 345 76
122 386 5
123 544 99
123 373 36
123 520 68
123 398 25
123 526 4
123 409 71
124 392 57
124 373 5
124 306 11
124 387 74
124 395 74
124 455 70
124 544 84
124 419 4
124 533 18
124 316 18
124 356 98
124 472 2
125 374 38
125 532 40
125 519 80
125 449 6
125 361 22
125 407 20
126 462 64
126 442 65
127 424 61
127 547 38
127 324 6
127 363 82
127 404 78
127 509 64
127 469 60
127 344 29
128 401 11
128 320 92
128 339 32
128 456 95
128 317 58
128 482 71
128 487 10
128 489 68
128 399 54
129 415 70
129 402 85
129 439 1
129 432 68
129 553 79
129 286 28
129 291 8
130 351 7
130 317 87
130 398 73
130 384 37
130 311 24
130 508 94
130 505 14
130 441 48
131 351 61
131 372 39
131 420 10
131 468 20
131 343 99
131 531 29
131 482 96
132 350 11
132 314 11
132 356 55
132 482 92
133 432 25
133 476 86
133 465 3
133 341 43
133 306 66
133 305 31
133 543 12
133 394 51
133 329 51
133 356 34
133 393 63
133 376 96
133 398 81
133 307 10
134 296 97
134 289 75
135 509 91
135 435 90
135 363 24
135 416 5
135 397 17
135 537 78
136 351 83
136 429 35
136 516 20
136 360 61
136 483 89
136 530 69
136 493 25
136 489 74
136 383 75
136 443 90
136 480 13
136 478 86
137 482 4
137 479 22
137 456 4
137 284 45
137 301 8
137 295 6
137 306 12
137 372 43
137 504 63
137 446 14
137 334 97
137 341 43
137 484 28
138 327 10
138 443 2
138 296 54
138 359 5
138 486 20
138 408 86
138 513 51
139 306 76
139 314 46
139 405 3
139 384 68
139 458 24
139 446 6
139 294 41
139 422 43
139 393 27
140 318 77
140 466 59
140 309 73
140 537 83
140 358 94
140 394 7
141 511 76
141 399 71
141 406 47
141 484 83
141 350 18
141 306 92
142 326 73
142 367 16
142 442 70
142 498 37
142 426 76
142 401 33
142 551 80
142 400 67
143 325 71
143 430 69
143 529 56
143 455 4
143 469 62
143 407 11
143 485 57
143 489 19
143 361 36
143 332 21
143 516 2
143 302 65
143 297 69
143 376 17
144 364 85
144 461 55
144 536 24
144 533 59
145 386 33
146 515 4
146 287 26
146 542 82
146 337 58
146 370 37
146 283 69
146 355 58
146 555 4
146 551 31
146 384 33
146 477 31
146 496 47
146 543 72
147 388 61
147 498 76
147 471 55
147 384 8
147 472 3
147 475 70
148 297 22
148 348 84
148 398 49
148 308 57
148 550 36
148 373 26
148 414 81
149 424 53
149 297 24
149 390 57
149 421 31
149 375 15
149 473 14
149 521 18
149 471 99
149 411 77
149 316 42
149 481 89
149 414 12
149 365 19
149 340 35
150 384 5
150 360 7
150 391 27
150 520 86
150 534 6
150 522 74
150 344 29
150 429 4
151 470 93
151 386 61
151 498 77
151 497 52
151 423 54
151 308 38
152 469 49
152 499 54
152 311 68
152 407 47
152 367 32
152 366 55
153 447 16
153 472 34
153 426 46
153 306 99
153 339 18
154 550 18
154 340 30
154 317 73
154 516 84
155 294 34
155 507 66
155 438 96
155 411 83
155 282 36
155 359 17
155 426 77
155 295 23
155 510 70
155 548 30
155 534 52
156 328 53
156 383 49
157 292 31
157 473 96
157 334 53
157 492 62
157 324 59
157 297 79
157 284 51
157 502 23
157 327 73
157 388 43
157 495 79
157 285 64
158 384 19
158 409 70
158 348 61
158 540 27
158 281 69
159 359 88
159 499 45
159 337 56
159 341 20
159 308 59
159 327 94
160 404 81
160 458 68
160 497 19
160 402 22
161 515 71
161 411 31
161 538 97
161 425 17
161 542 80
161 304 3
161 452 67
161 556 4
161 503 50
161 495 47
161 364 55
161 330 58
161 345 50
161 354 23
162 469 61
162 380 60
162 479 24
162 552 17
163 477 20
163 303 18
164 513 46
164 412 17
164 305 95
164 444 2
164 383 41
164 504 8
164 439 96
164 324 29
164 389 71
164 544 2
164 517 71
164 328 93
164 509 41
164 404 58
164 542 80
165 516 91
165 388 76
165 411 26
165 415 99
165 284 61
166 290 51
166 522 67
166 531 11
166 433 79
166 440 14
166 303 31
166 537 94
166 503 34
166 380 59
166 339 98
166 491 71
166 414 65
166 304 49
166 293 1
167 418 75
167 348 54
167 331 35
167 343 95
167 450 76
167 534 73
167 345 6
167 387 38
167 305 32
167 395 49
167 344 76
167 397 61
167 394 17
168 473 92
168 346 42
169 551 69
169 540 84
169 401 98
169 342 17
169 471 59
169 509 66
169 343 78
169 416 7
169 346 17
170 443 88
170 458 11
170 395 13
170 374 63
170 380 70
170 529 73
170 406 30
170 377 6
170 319 45
171 351 40
171 392 82
171 556 26
171 504 57
171 415 80
172 318 50
172 376 27
172 464 55
172 422 13
172 467 36
172 466 62
172 552 4
172 325 52
172 322 14
172 450 2
172 454 91
172 506 89
173 547 15
173 486 73
173 384 48
173 369 89
173 460 35
173 487 96
173 468 48
174 523 19
174 427 8
175 497 65
175 433 60
175 545 42
175 374 68
175 438 59
175 542 19
175 456 70
175 486 16
175 524 77
175 470 11
175 526 16
175 510 13
175 482 4
175 536 48
176 350 90
176 510 4
176 337 53
176 358 43
176 430 45
176 480 14
176 371 36
176 424 96
176 288 12
177 323 72
177 486 80
177 317 59
177 297 57
177 411 58
177 434 56
177 529 6
177 312 85
177 287 78
177 509 38
178 339 73
178 552 84
178 527 66
178 540 14
178 486 45
178 300 76
178 535 43
178 460 33
178 392 36
178 483 37
178 302 91
178 397 75
178 349 77
178 466 11
178 348 25
179 346 57
179 512 86
180 509 81
180 429 53
180 355 4
180 412 6
180 280 71
180 486 68
180 453 48
180 394 70
180 472 87
180 328 1
181 503 61
182 399 13
182 527 60
182 557 71
182 364 25
182 542 38
182 449 74
182 552 31
182 351 63
182 447 25
182 386 90
183 399 9
183 463 67
183 478 2
183 507 80
183 504 1
184 397 60
184 463 21
184 359 97
184 393 4
184 558 49
184 392 33
184 542 1
184 420 69
184 527 25
184 334 33
184 313 75
184 464 33
184 343 2
184 412 16
185 538 18
185 404 43
185 556 57
185 380 76
185 467 81
185 542 21
186 456 75
186 518 65
186 382 67
187 323 37
187 280 3
187 292 79
187 375 61
188 504 33
189 503 96
189 489 72
189 382 86
189 424 2
189 344 25
189 400 71
189 414 9
189 294 28
190 519 73
190 445 84
190 384 52
190 533 29
190 528 12
190 420 91
190 339 47
191 406 91
191 316 63
191 544 41
191 344 30
191 287 48
191 399 7
191 290 47
191 496 52
191 349 90
191 542 20
191 408 60
192 327 25
192 367 94
192 295 53
192 398 60
192 481 1
192 283 69
192 393 71
192 339 68
192 436 73
193 453 52
193 319 46
193 318 73
193 341 9
193 558 30
193 495 8
193 517 89
193 348 70
193 311 73
193 430 25
193 316 53
193 365 9
193 378 84
193 412 19
194 425 75
194 375 74
194 305 62
194 333 49
194 462 14
194 344 26
194 310 49
194 421 21
194 346 95
194 431 82
194 429 64
194 544 47
195 524 15
195 306 75
195 558 13
196 439 83
196 422 82
196 505 57
197 504 43
197 400 18
198 538 94
198 281 46
198 511 90
198 536 33
199 521 99
199 548 41
199 441 17
199 439 76
199 336 78
199 467 66
199 368 66
200 532 51
201 422 40
201 502 76
201 455 78
201 553 86
201 406 39
201 346 21
201 531 58
201 296 42
201 345 24
201 404 32
202 320 51
202 497 90
202 548 45
203 399 83
204 463 92
204 538 15
204 483 57
204 343 89
204 358 43
204 398 96
204 307 66
204 384 66
204 442 24
205 385 30
205 554 83
205 337 29
205 497 50
205 552 73
205 350 10
205 537 73
205 280 42
205 282 29
205 408 16
205 509 13
205 287 7
205 286 39
205 543 96
206 411 27
206 357 45
206 480 62
206 330 98
206 451 2
206 425 94
206 495 63
206 317 94
206 463 1
207 329 87
207 397 16
208 384 48
208 428 2
208 449 20
208 523 88
209 425 24
209 300 70
209 288 85
209 465 73
209 323 52
210 519 49
210 548 3
210 291 10
210 550 70
210 479 85
210 470 33
210 530 51
210 477 89
210 358 22
210 472 74
210 545 32
210 508 76
210 462 54
210 392 19
211 519 30
211 339 45
211 299 80
211 313 97
211 526 64
211 301 72
212 495 60
212 456 35
212 538 83
212 339 42
212 308 34
212 488 25
212 420 8
212 523 53
213 505 54
213 313 6
213 509 46
213 370 28
213 462 34
213 414 86
213 503 48
213 397 25
213 552 35
214 411 91
214 319 14
214 430 69
215 479 44
215 545 74
215 411 73
215 542 26
215 465 56
215 520 39
215 547 93
216 356 83
216 508 89
216 379 44
216 332 43
216 393 72
216 291 21
216 419 2
216 441 91
216 322 14
217 394 19
217 314 68
217 320 37
217 475 61
218 301 25
218 471 97
218 384 36
218 394 16
218 461 29
218 320 5
218 448 43
218 380 67
218 345 70
218 338 6
218 339 10
218 353 89
219 505 84
219 513 95
219 283 29
219 449 86
219 352 62
219 515 58
219 281 85
219 550 94
219 409 31
219 300 25
220 536 64
220 390 10
220 292 62
220 354 73
220 484 7
220 395 32
220 358 95
220 283 34
220 313 6
220 389 67
220 350 55
220 361 53
221 365 44
221 392 46
221 444 39
221 339 57
221 557 97
221 546 51
221 335 96
222 346 27
222 543 13
222 376 83
222 382 34
222 391 54
222 424 88
222 526 25
222 518 72
222 510 6
222 310 52
222 342 61
222 363 82
222 461 42
223 488 30
223 459 1
223 374 34
223 455 26
223 508 54
223 538 55
223 335 97
223 319 11
223 347 72
223 434 36
223 432 1
224 363 43
224 519 34
224 351 32
224 500 51
224 551 82
224 421 47
224 524 5
224 539 60
224 470 34
225 475 98
225 530 5
225 372 12
225 390 80
225 324 75
225 361 9
226 288 84
226 556 81
226 503 59
226 440 89
226 462 82
227 524 44
227 381 84
227 317 14
227 355 23
227 455 44
227 307 13
227 476 14
227 500 4
227 508 42
227 513 53
227 340 85
227 286 54
227 447 76
227 290 83
228 398 91
228 480 20
228 293 57
228 362 74
228 542 90
228 402 58
228 537 47
228 428 2
228 291 49
228 516 43
229 425 25
229 435 88
229 492 53
229 482 50
229 337 46
229 366 70
229 535 17
229 449 51
229 383 82
229 448 54
229 363 56
229 443 58
229 488 21
229 533 9
229 302 8
230 470 70
230 384 34
230 436 2
230 351 19
230 321 80
230 368 14
230 437 51
230 302 35
231 379 97
231 280 83
231 401 88
231 299 28
231 339 8
231 486 69
231 444 32
231 349 35
232 355 43
232 353 36
232 301 70
232 416 97
232 508 55
232 360 60
232 314 63
232 426 58
232 375 71
232 509 37
232 396 34
232 409 71
233 289 23
233 380 27
233 503 34
233 346 99
233 323 48
233 414 66
233 444 21
233 505 24
233 337 46
234 469 82
234 335 68
234 516 30
234 366 74
234 413 54
234 430 56
234 323 66
234 520 57
234 478 42
234 373 9
234 280 82
234 458 51
234 507 19
234 396 14
234 333 22
235 355 51
235 317 12
235 453 52
235 551 11
235 486 71
235 465 44
235 297 47
235 505 44
235 550 80
236 354 79
236 551 12
237 310 70
237 463 50
237 541 88
237 298 80
237 355 41
237 390 49
237 361 9
237 550 89
237 553 60
238 555 68
238 331 40
238 547 23
238 477 2
238 315 4
238 433 96
238 390 1
238 431 29
238 386 28
238 293 52
239 338 21
239 407 4
239 332 13
239 344 13
239 349 49
239 284 36
239 318 15
239 290 10
239 374 53
239 392 3
240 331 35
240 357 25
240 447 50
240 468 95
240 297 42
241 431 85
241 286 17
241 531 69
241 443 62
241 361 68
241 416 33
241 457 42
241 499 30
241 498 53
242 540 54
242 352 11
242 439 88
242 428 50
242 527 7
242 538 74
242 554 44
242 531 19
242 336 16
242 488 29
242 512 58
242 285 9
242 386 57
242 322 38
242 539 40
243 347 44
243 479 27
243 280 39
243 470 55
243 309 87
243 406 25
243 415 44
243 509 90
243 558 27
243 380 59
244 284 19
244 535 80
244 549 31
245 403 67
245 410 60
245 296 19
245 336 78
245 497 73
245 493 60
245 522 58
245 387 39
245 351 47
246 475 64
246 412 4
246 367 78
246 485 58
246 425 17
247 488 10
247 462 22
247 349 38
247 536 34
247 499 28
247 307 79
247 517 29
247 414 18
247 495 41
248 428 93
248 427 87
248 497 43
248 549 28
248 554 10
248 345 20
248 334 61
248 389 90
248 434 88
248 370 93
248 545 13
248 322 51
249 383 55
249 372 10
249 488 79
249 387 35
249 392 97
249 553 79
249 327 2
249 303 96
249 413 62
249 480 36
249 391 76
249 380 29
249 352 9
250 463 35
250 383 69
250 337 89
250 480 26
250 282 90
250 284 2
250 374 3
250 518 50
250 413 19
250 371 25
251 346 91
251 313 31
251 376 32
251 550 49
251 368 19
251 501 86
251 420 73
251 498 16
251 524 85
251 444 46
251 291 65
252 405 54
252 420 12
252 448 58
252 465 98
252 295 31
252 505 99
252 385 27
252 481 21
252 424 79
252 436 58
253 331 11
253 312 15
253 344 20
253 320 75
253 518 50
253 289 71
253 412 65
253 355 97
253 296 92
253 471 10
253 486 2
253 293 36
254 421 84
254 391 88
254 448 4
254 519 66
254 413 31
254 514 83
254 292 11
254 452 88
254 463 20
254 491 91
254 340 82
254 392 43
255 359 80
255 292 57
255 307 32
255 481 27
255 557 59
255 480 2
256 450 75
256 499 29
256 335 40
256 437 67
256 380 81
256 538 16
256 515 12
256 311 73
256 494 68
257 492 15
257 434 9
257 538 18
257 432 92
257 394 36
257 495 64
257 488 19
257 347 28
257 468 70
258 312 95
258 426 65
258 380 69
258 284 44
258 486 10
258 420 91
258 488 38
258 399 19
259 373 32
259 472 76
259 286 95
260 315 92
260 480 40
260 335 38
260 291 38
260 419 90
260 433 35
260 558 72
260 539 96
261 280 17
261 557 7
261 406 87
261 517 54
261 399 57
261 485 15
261 457 96
261 370 79
261 552 3
261 489 99
261 292 46
261 418 79
262 514 62
262 432 30
262 453 62
262 398 32
263 471 94
263 447 33
264 299 31
264 486 20
264 297 49
264 502 30
264 510 62
265 483 84
265 349 36
265 472 78
265 469 75
266 355 74
266 426 71
266 381 79
266 437 2
266 527 2
266 300 91
266 283 22
266 500 11
266 515 63
267 542 8
267 553 11
267 403 12
267 456 30
267 408 13
267 380 12
268 525 36
268 315 20
268 531 86
268 348 96
268 349 33
268 471 62
268 537 77
268 479 6
269 455 43
269 533 58
269 399 4
269 445 53
269 483 48
269 296 87
269 381 44
269 408 4
269 343 19
269 485 79
269 413 39
269 554 22
270 377 9
270 303 23
270 529 97
270 490 44
270 547 88
270 316 40
270 492 20
270 452 98
270 326 25
270 382 84
270 517 21
270 345 1
271 437 7
271 497 37
271 374 93
271 285 43
271 514 97
271 402 39
272 306 45
272 404 13
272 308 97
272 381 65
272 349 36
272 456 44
272 525 97
272 451 38
272 553 74
272 393 23
272 481 19
272 526 4
272 423 92
273 496 33
273 507 91
273 377 91
274 482 3
274 500 13
274 546 23
274 327 42
274 409 9
274 430 93
274 440 43
274 380 78
275 418 81
275 443 59
275 314 37
275 337 3
275 530 47
275 290 11
276 458 94
276 532 2
276 553 6
277 420 79
277 370 34
277 350 26
277 320 25
277 457 44
277 492 86
277 459 53
277 550 47
278 342 51
278 499 65
278 548 97
278 555 80
278 426 22
278 311 91
278 460 88
278 529 10
278 537 16
278 553 35
278 437 81
279 528 21
279 356 56
279 387 30
279 288 52
279 519 70
279 335 19
279 510 84
279 515 77
279 385 7
279 421 95
279 523 91
279 512 64
