628 2504
1 597 51
1 367 22
1 438 38
1 490 1
1 520 38
1 391 75
1 470 68
1 476 24
1 571 60
1 484 14
1 355 68
1 516 88
1 347 30
1 317 86
1 600 99
2 470 76
2 555 76
2 352 18
2 609 71
2 368 62
2 591 80
2 497 39
2 370 49
2 597 7
2 379 69
2 414 76
2 471 2
2 431 96
2 424 95
2 526 26
3 589 98
4 519 27
4 426 86
4 402 20
4 348 41
4 352 82
4 548 65
5 420 48
5 619 93
5 434 69
5 369 64
5 393 17
5 577 27
5 575 97
5 344 31
5 505 47
5 417 49
5 496 23
5 519 38
5 568 41
5 321 66
5 498 42
6 521 14
6 456 90
6 605 70
6 628 13
7 462 72
7 587 31
7 338 31
8 515 61
8 427 74
8 488 71
8 538 28
8 437 35
8 517 15
8 628 41
8 375 3
8 376 11
8 485 45
8 507 17
8 564 11
9 614 28
9 466 25
9 524 3
9 401 97
9 547 64
9 423 12
9 464 51
9 385 75
9 522 23
9 513 28
9 557 79
10 455 58
11 375 55
11 549 60
11 575 57
11 587 14
11 347 96
11 411 49
11 442 29
11 507 11
11 464 35
11 401 17
11 435 32
12 529 94
12 497 93
12 458 88
12 506 92
13 620 83
13 448 90
13 607 45
13 470 38
13 454 77
13 418 21
13 587 30
13 543 38
14 502 18
14 484 11
14 622 92
14 543 7
14 560 1
14 520 21
14 610 56
14 620 9
15 455 34
15 429 94
15 526 13
15 474 73
15 467 75
15 415 57
15 422 27
15 316 7
15 437 62
15 595 16
15 480 7
15 523 76
15 596 11
16 330 92
16 363 8
16 566 5
16 513 76
16 477 19
16 370 68
16 550 85
16 445 78
16 617 90
16 359 2
16 498 37
16 537 25
17 514 22
17 550 40
17 470 4
17 544 4
17 401 43
17 537 28
17 558 89
17 317 78
17 392 9
17 566 97
17 460 99
17 609 80
17 506 16
18 452 18
18 609 26
18 620 63
19 584 38
19 535 75
19 557 62
19 606 15
20 622 53
20 321 28
20 448 25
20 565 3
20 332 88
20 325 30
20 440 82
20 482 53
20 605 70
21 457 31
21 536 44
21 394 93
21 596 75
21 366 48
21 393 53
21 614 18
21 353 24
21 553 3
21 566 20
21 425 88
21 421 18
22 599 97
22 322 3
22 412 94
22 464 8
22 626 24
22 610 60
22 543 2
22 317 42
22 344 23
22 536 40
22 371 16
23 537 40
23 581 23
23 601 72
23 540 94
23 621 16
23 580 2
23 399 16
23 483 13
24 363 46
24 455 36
24 372 9
25 569 78
26 598 54
26 497 7
26 318 5
26 354 67
26 384 64
26 516 9
26 417 40
26 478 36
26 558 55
26 548 73
26 489 96
26 443 55
26 501 25
26 377 30
26 556 94
27 315 64
27 338 69
27 434 80
27 457 11
27 441 48
27 327 90
28 561 29
28 615 54
28 341 52
28 566 76
28 481 58
28 550 3
28 496 23
29 451 87
29 371 8
30 573 42
30 448 81
30 340 89
30 496 25
30 615 40
30 588 2
30 435 20
30 418 93
30 358 37
30 621 34
30 447 83
30 452 5
30 526 60
30 420 66
30 438 26
31 455 17
31 348 69
31 523 85
31 426 7
31 487 51
31 586 43
31 371 66
31 386 26
31 368 61
31 357 87
31 579 26
31 564 53
32 377 53
32 508 91
32 352 6
32 386 6
32 504 18
32 433 48
32 423 48
32 403 32
32 447 16
32 351 66
32 474 1
32 336 89
33 598 92
33 449 45
34 477 76
34 443 43
34 460 76
34 358 65
34 615 86
34 355 68
35 557 87
36 453 26
36 615 60
36 392 89
36 582 18
36 443 16
36 573 36
36 324 65
36 500 76
36 490 56
36 610 28
36 428 37
36 410 14
36 380 48
37 616 66
37 330 2
38 322 31
38 625 29
38 363 65
38 404 57
38 464 13
38 616 35
38 551 11
38 587 50
39 543 69
39 433 95
39 520 14
39 570 7
39 336 66
39 501 23
39 423 49
39 441 96
39 366 2
39 446 58
40 449 66
40 319 27
41 464 32
41 465 17
41 475 88
41 617 3
41 335 12
42 412 82
43 473 55
43 343 60
43 454 38
43 348 63
43 324 75
43 508 45
44 618 78
44 627 74
44 470 12
44 624 48
44 552 99
44 344 29
44 519 56
44 608 53
44 549 16
45 555 10
45 615 20
45 568 22
45 599 2
45 484 30
45 613 98
45 342 54
45 318 7
45 533 32
45 527 36
45 617 56
45 628 82
45 530 40
46 422 70
46 437 15
46 589 40
46 492 63
46 430 45
46 616 30
46 543 80
46 585 51
46 377 13
46 448 6
46 504 20
46 453 69
47 378 29
47 574 91
47 485 11
47 555 2
48 409 97
48 347 72
49 450 2
49 618 14
49 359 12
49 427 22
49 344 96
49 420 67
49 610 1
49 545 81
50 628 84
51 370 1
51 445 53
51 536 6
51 559 28
51 430 20
51 433 62
51 600 38
51 377 5
51 386 97
51 611 8
51 537 36
51 351 83
51 423 27
52 552 72
52 469 64
52 582 97
52 397 15
52 377 2
52 600 32
52 435 2
52 536 7
52 578 43
52 616 6
53 448 35
53 318 64
53 587 55
53 387 69
53 562 29
53 355 48
53 376 18
53 564 73
53 397 63
53 579 64
53 471 45
53 329 79
53 370 98
54 371 7
54 346 77
54 590 1
54 490 8
54 541 90
54 581 87
55 538 14
55 421 93
55 579 62
55 342 88
55 462 75
55 567 41
55 448 47
55 463 25
55 496 81
55 548 65
55 588 69
56 430 80
56 328 77
56 619 58
56 452 48
56 571 71
56 476 64
56 531 65
56 488 92
56 435 10
56 601 56
56 627 79
56 567 35
56 342 73
56 569 20
56 543 81
57 575 93
57 402 66
57 389 90
57 333 37
57 513 2
58 480 25
58 436 11
58 534 20
58 521 30
58 438 12
59 430 73
59 562 75
59 398 79
59 551 29
59 370 82
59 387 24
60 358 36
61 452 9
61 548 94
62 365 83
62 390 68
62 418 22
62 449 50
63 404 35
63 435 14
63 626 36
63 428 15
63 360 81
63 517 31
63 408 34
63 474 59
63 570 89
63 413 68
63 336 93
63 476 47
63 497 81
64 364 34
64 352 45
64 425 64
64 373 44
64 501 69
64 517 57
64 391 28
64 512 37
64 583 98
64 563 88
64 500 85
64 362 64
65 482 27
65 324 33
65 596 44
65 437 26
65 619 78
65 346 37
66 445 14
66 401 72
66 441 16
66 621 56
66 385 24
66 360 65
66 618 11
66 392 30
66 429 88
67 613 95
67 510 52
67 487 84
67 535 8
67 498 86
67 342 81
67 569 2
67 332 89
67 545 91
67 560 44
67 504 50
67 520 14
67 480 11
67 377 93
68 626 14
68 395 37
68 555 26
68 464 51
68 602 50
68 605 54
68 345 98
68 444 90
68 328 33
68 415 11
68 592 32
68 540 80
69 616 75
69 455 65
69 528 78
69 628 22
69 398 99
69 609 34
70 618 40
70 503 68
70 530 32
70 612 84
70 610 15
70 341 81
70 419 98
70 389 83
70 415 26
70 609 44
70 554 52
70 549 82
70 378 29
71 387 23
71 594 3
71 378 78
71 556 3
72 627 20
72 583 97
72 380 14
72 474 60
72 434 76
72 535 90
72 431 6
73 344 19
73 404 73
73 347 76
73 505 7
73 437 6
73 500 37
73 426 11
74 438 70
74 493 45
74 571 17
74 483 74
74 575 42
74 500 61
74 585 29
74 344 22
74 347 45
74 490 52
74 358 67
74 476 28
74 366 55
75 490 38
75 464 51
75 386 82
75 572 9
75 611 77
75 625 97
75 553 62
75 343 59
75 411 24
75 392 85
75 493 73
76 389 64
76 613 78
76 383 27
76 418 66
76 432 41
76 364 5
76 580 92
76 442 77
76 577 89
76 416 33
77 387 82
77 508 37
77 441 12
77 626 48
77 351 60
78 492 17
78 583 74
78 400 97
78 429 53
78 543 62
78 511 93
78 433 48
78 494 36
78 517 67
78 430 67
78 328 91
78 409 67
78 397 29
79 618 9
79 372 74
79 425 52
79 601 46
79 589 60
79 558 44
79 373 11
79 623 64
79 524 34
80 595 63
80 389 81
80 343 40
80 628 60
80 378 90
80 484 38
80 627 22
80 516 56
80 531 15
80 466 70
80 529 60
80 539 17
81 589 80
81 385 88
81 500 61
81 613 71
81 566 24
81 475 80
82 429 16
82 483 42
82 334 60
82 571 98
82 397 49
82 451 38
82 330 63
82 340 68
83 512 15
83 514 81
83 497 36
83 373 76
84 463 68
84 469 38
84 483 95
84 434 83
84 430 11
84 347 17
84 432 13
84 441 2
85 559 3
85 593 10
85 394 15
85 567 11
85 465 53
85 531 21
85 403 7
85 573 12
85 435 29
85 462 86
86 439 90
86 427 75
86 369 37
87 545 64
87 556 95
87 468 23
87 602 74
87 440 64
88 580 32
89 480 2
89 586 96
90 544 23
90 332 23
90 493 40
90 451 21
90 442 38
90 348 3
90 617 23
91 404 22
91 606 96
91 318 77
91 512 45
91 494 58
91 438 22
91 616 77
91 567 6
91 394 28
91 350 50
91 628 45
91 351 28
91 414 32
92 518 52
92 503 39
92 507 29
92 459 91
93 488 60
94 562 40
94 543 5
94 610 42
94 339 73
94 615 9
94 386 46
94 395 85
94 613 11
94 334 6
94 341 80
94 450 86
94 451 74
94 594 90
94 423 16
95 358 19
95 603 83
95 478 90
95 453 32
95 395 10
95 501 45
95 625 17
95 481 16
95 549 86
95 405 89
95 445 95
96 604 25
96 576 20
96 564 4
96 517 70
96 616 45
96 430 83
96 425 94
96 359 49
96 404 60
96 531 97
96 470 98
96 452 80
97 487 48
97 409 88
97 330 31
97 601 60
97 529 47
97 527 16
97 448 96
97 602 20
97 604 53
97 459 60
97 533 30
98 490 10
98 408 48
98 420 61
98 566 8
98 376 19
98 375 46
98 562 44
98 484 25
98 450 18
98 419 53
98 351 77
98 399 84
98 452 27
98 463 81
98 336 41
99 379 61
99 453 97
99 456 92
99 448 26
99 341 30
99 537 18
99 406 20
99 609 3
100 334 42
100 506 44
100 626 79
100 591 85
100 628 69
100 432 99
100 345 90
100 537 70
100 440 42
100 337 65
101 421 90
102 470 93
102 536 23
103 409 83
103 382 76
103 373 76
103 559 3
103 463 17
103 381 73
103 506 81
103 593 28
103 538 71
103 466 4
103 317 4
103 400 78
103 582 7
104 329 55
104 585 99
104 496 27
104 356 28
104 371 30
104 487 12
104 488 89
104 419 45
104 547 19
105 544 63
105 337 40
105 628 61
106 586 74
106 425 25
106 615 28
106 540 82
106 374 35
106 442 20
106 469 37
106 347 88
107 360 19
107 582 77
107 628 22
108 367 16
108 476 23
109 574 13
109 583 44
109 487 39
109 466 75
109 619 71
109 465 41
110 429 75
110 479 7
110 424 63
110 550 44
110 592 90
110 454 43
110 505 15
110 548 35
111 507 78
111 428 4
111 580 77
112 330 65
112 488 13
113 454 36
113 345 41
113 610 43
113 535 48
113 451 54
113 403 45
113 371 36
113 435 83
113 571 67
114 423 90
114 589 88
114 479 78
114 477 77
114 489 12
114 436 5
115 501 18
115 375 67
115 578 51
115 521 70
115 506 48
115 522 23
115 488 64
115 440 55
115 537 12
115 436 80
115 548 37
115 416 40
115 435 21
116 401 84
116 374 59
116 347 84
116 435 41
116 323 13
117 337 9
117 341 80
117 423 82
117 599 70
117 429 96
117 335 85
117 397 30
117 588 36
117 508 57
117 345 9
117 567 17
118 404 74
118 458 66
118 427 14
118 574 32
118 561 10
118 468 18
118 403 11
119 326 53
119 494 7
119 564 18
120 334 90
120 450 72
120 333 86
120 336 32
120 529 67
120 446 17
120 356 6
120 480 15
120 506 98
120 557 8
120 475 7
121 608 47
121 407 65
121 485 69
121 499 31
121 405 23
121 480 47
121 344 71
121 609 65
121 586 40
121 346 12
121 584 65
121 602 55
122 414 39
122 595 37
122 549 15
122 512 24
122 326 9
122 475 12
123 379 67
123 410 48
123 513 31
123 319 34
123 375 95
123 374 18
123 376 8
123 617 96
123 402 38
124 475 29
124 612 68
124 594 25
124 469 21
124 611 58
124 532 1
124 584 10
124 474 27
124 464 2
124 473 44
124 553 1
124 377 86
125 377 70
125 363 39
125 414 87
125 347 67
125 389 6
126 623 25
126 546 17
126 628 47
126 408 94
126 543 53
126 625 93
126 601 96
126 495 4
126 345 32
126 421 60
126 596 75
126 417 13
127 319 70
127 499 51
127 600 24
127 442 27
127 464 10
127 573 43
127 613 97
127 332 15
127 556 91
127 480 8
128 328 54
129 348 29
129 409 10
129 570 13
129 327 79
129 588 8
129 344 25
129 542 96
130 587 9
130 557 43
130 613 67
130 381 90
130 365 93
130 472 90
130 325 49
130 351 43
131 367 75
131 497 74
131 371 28
131 346 17
131 372 26
131 548 41
131 405 35
131 549 15
131 578 31
131 402 93
131 543 77
132 381 59
132 617 61
132 394 96
132 403 90
133 506 52
133 554 14
133 332 18
133 462 63
133 566 19
133 503 85
133 366 40
133 360 15
133 571 89
133 616 78
133 375 35
133 414 51
133 416 33
133 602 46
134 316 80
134 427 58
134 457 33
134 586 78
134 423 66
134 604 68
134 490 24
134 479 86
134 406 74
134 324 81
134 571 13
134 452 94
134 556 95
134 520 82
134 491 85
135 615 31
135 590 65
135 508 36
135 447 13
135 425 53
135 536 15
135 534 76
135 559 75
135 497 28
135 608 31
135 327 58
135 606 35
135 418 59
135 489 39
135 479 39
136 431 91
136 562 89
136 380 3
136 582 68
136 474 51
136 437 35
136 608 44
136 617 81
136 331 94
136 389 28
136 555 67
136 452 66
136 624 39
136 365 36
136 439 50
137 394 24
137 620 89
137 388 58
137 452 29
137 536 58
137 470 13
137 498 99
137 408 39
138 526 79
138 403 31
138 444 4
138 592 82
138 513 6
138 376 47
138 546 8
138 473 34
138 584 64
138 335 47
139 454 36
139 538 90
139 465 23
139 493 92
139 610 27
139 520 31
139 431 51
139 351 86
139 396 84
139 563 41
139 446 84
139 483 86
139 486 49
139 526 38
140 415 40
140 341 77
140 393 7
140 590 68
140 378 76
140 601 31
141 576 80
141 348 26
141 479 92
142 447 51
142 328 23
143 607 38
144 344 48
144 445 53
145 485 38
146 524 34
146 471 86
146 330 94
146 353 4
146 462 19
146 427 4
146 440 46
146 592 27
147 590 32
147 420 63
147 615 28
147 578 78
147 445 71
147 446 29
147 506 58
147 374 54
147 558 93
147 482 82
147 477 66
147 518 43
147 459 28
148 495 41
148 613 40
148 338 57
148 600 34
148 418 67
148 523 10
148 416 98
149 471 72
149 356 69
150 520 89
150 499 82
150 378 97
150 551 49
150 545 50
150 488 54
150 563 90
150 613 83
150 391 30
150 518 34
150 548 93
150 460 50
151 475 74
151 477 6
151 599 48
151 516 52
151 476 9
151 322 97
151 580 34
151 380 97
151 339 29
151 464 56
152 439 82
152 455 10
152 336 10
153 484 93
153 552 47
153 577 37
153 574 69
154 554 52
154 576 94
154 443 47
154 451 55
154 328 62
154 622 74
154 542 45
154 533 80
154 382 23
154 557 79
154 575 4
154 467 64
154 588 11
154 408 52
154 571 32
155 446 49
155 465 78
155 623 67
156 321 34
156 454 9
157 542 81
157 496 58
157 420 12
157 348 64
157 541 74
157 544 41
157 536 34
157 594 1
158 515 88
158 387 39
158 582 57
158 528 8
158 349 53
158 462 14
158 503 78
158 483 40
158 408 46
158 361 95
158 626 12
158 411 32
158 518 3
158 531 71
159 362 85
159 394 19
159 337 31
159 353 34
159 402 19
159 582 4
159 541 50
159 613 60
160 416 32
160 529 27
160 583 14
160 536 28
160 589 87
161 618 93
162 591 82
162 603 83
162 580 81
162 515 22
162 454 41
162 358 45
162 326 92
162 612 84
163 455 22
163 568 96
163 589 11
163 457 97
163 377 73
163 338 92
163 594 3
163 569 82
163 614 55
163 462 3
163 521 7
163 498 11
163 507 72
163 332 93
164 403 34
164 482 40
164 426 23
164 448 30
164 507 50
164 595 28
164 522 7
164 407 31
164 372 94
164 466 25
164 449 26
164 543 85
164 579 58
164 594 63
165 351 15
165 326 90
165 369 91
165 439 58
165 441 79
165 601 1
165 338 96
165 586 34
165 353 23
165 506 21
165 618 30
166 603 58
166 482 58
166 411 50
166 605 71
166 399 11
166 586 22
166 606 77
166 426 21
166 601 89
166 560 50
166 506 41
166 419 99
166 624 11
166 562 95
167 532 64
167 619 78
167 557 91
167 423 3
167 329 86
167 604 72
167 392 88
167 426 34
168 444 40
168 382 68
168 519 65
168 316 11
168 380 48
168 525 31
168 388 71
168 571 96
168 518 99
168 628 18
169 554 2
169 590 99
169 490 91
169 364 70
169 586 57
169 601 59
169 482 83
169 564 3
169 419 48
169 449 64
169 578 69
169 443 14
170 440 74
170 434 90
170 595 81
170 424 63
170 397 15
170 603 23
170 621 5
170 525 32
170 371 37
170 529 49
171 331 42
171 382 25
171 604 18
171 361 81
171 391 7
171 487 1
171 563 74
171 530 46
172 329 49
172 550 92
172 571 51
172 444 23
172 507 97
172 466 11
172 357 4
172 436 94
172 457 22
172 321 33
172 375 20
172 494 83
172 567 24
172 325 24
172 505 65
173 558 27
173 592 94
173 489 74
173 543 30
173 321 85
173 336 17
173 498 49
173 375 91
173 328 67
173 348 80
173 519 53
173 625 58
173 435 67
174 561 52
174 515 75
174 362 52
174 447 83
174 494 29
174 518 2
174 492 15
174 466 76
174 545 63
175 561 51
175 499 92
175 383 70
175 364 59
175 469 21
175 610 1
175 392 72
175 371 13
175 414 54
175 416 25
175 461 18
175 523 59
176 616 91
176 618 87
176 621 33
176 367 70
177 430 89
177 474 30
177 576 1
177 360 1
177 315 83
177 598 43
177 388 45
177 489 53
177 446 37
177 435 42
178 616 47
178 396 81
178 407 36
178 361 55
178 558 23
178 610 10
178 451 89
179 448 63
179 535 44
179 347 81
179 585 60
179 462 26
179 526 95
179 334 49
179 341 20
179 352 55
179 441 27
179 375 28
179 457 41
179 501 9
180 610 61
180 350 88
180 386 19
180 612 14
180 516 40
180 498 71
180 413 15
180 604 75
181 478 79
181 585 8
181 539 48
181 426 18
181 334 23
181 369 78
181 477 54
181 459 91
181 320 76
181 482 99
181 354 3
181 548 9
181 605 69
181 398 28
181 518 43
182 462 52
182 610 10
182 572 63
182 351 34
182 363 51
182 386 81
183 588 28
183 465 17
183 415 18
183 372 12
183 603 29
183 575 81
183 409 58
183 581 62
183 483 23
183 472 15
183 555 51
183 497 94
183 628 14
183 552 83
184 628 36
184 601 34
184 504 42
184 610 3
184 369 18
185 461 95
185 545 29
185 319 78
185 580 28
185 497 26
185 498 32
185 368 39
185 516 33
185 470 45
185 568 67
185 560 4
185 407 76
185 606 38
186 547 63
186 625 94
186 502 51
186 513 91
186 540 31
186 530 6
186 499 94
186 390 97
186 364 95
186 518 29
186 505 53
186 362 84
186 611 51
187 476 14
187 382 56
187 331 44
187 319 7
187 441 19
187 549 67
187 410 60
187 420 17
187 421 56
187 392 52
187 355 50
187 379 89
187 327 91
187 533 79
188 404 89
188 336 49
188 600 14
188 453 94
188 395 20
188 604 39
188 316 14
188 411 31
188 458 19
188 387 33
188 591 45
188 469 3
188 584 37
188 364 9
188 607 20
189 320 99
189 534 99
189 499 26
189 407 43
189 493 74
189 390 19
189 602 82
189 453 88
189 355 39
189 451 49
189 520 36
189 395 16
189 436 21
189 500 7
189 465 42
190 486 2
190 369 3
190 440 39
190 496 26
190 533 5
190 538 48
190 530 82
190 624 35
190 474 33
191 502 46
191 560 38
191 479 83
191 394 37
191 455 12
191 371 62
191 443 16
191 399 31
191 349 51
191 474 96
191 456 57
191 440 53
191 445 24
191 329 46
192 462 17
192 412 61
192 572 7
193 549 60
193 604 75
193 587 45
193 551 84
193 419 23
194 529 92
194 553 24
194 425 77
194 402 31
194 411 43
194 319 64
194 504 11
194 561 5
194 523 72
194 517 18
194 356 65
194 602 92
194 590 97
194 625 37
194 464 36
195 351 46
195 465 76
195 620 76
195 344 34
195 360 5
195 553 64
195 426 25
195 448 50
195 386 89
195 440 77
195 586 56
195 540 22
196 544 65
196 324 97
196 375 87
196 411 8
196 555 89
196 446 49
196 332 23
196 626 45
196 566 59
196 469 60
196 581 81
196 508 19
196 551 51
196 441 20
196 322 47
197 451 25
197 576 39
197 564 87
197 597 32
197 567 48
197 436 80
197 559 26
197 389 61
197 566 84
198 442 98
198 606 12
198 331 79
198 599 58
198 362 68
198 593 73
198 322 87
198 528 53
198 601 86
198 347 42
198 542 46
198 494 7
198 385 84
198 332 11
199 354 75
199 528 43
199 465 74
199 392 91
199 481 76
199 316 86
199 613 94
199 441 58
199 527 82
199 618 85
199 324 18
199 604 99
200 371 12
200 422 3
200 393 46
200 615 9
200 474 42
200 578 39
200 319 37
200 355 4
200 610 10
200 595 78
200 617 70
200 500 65
201 468 77
201 603 85
202 585 73
202 506 29
202 547 33
202 348 10
202 527 73
202 537 40
202 409 41
202 625 29
202 399 12
202 603 88
202 457 74
202 479 88
202 432 49
203 352 75
203 617 89
203 366 41
203 471 29
203 494 93
203 582 41
203 555 68
203 335 62
203 435 84
203 327 7
203 523 78
203 373 1
203 561 8
203 358 70
203 403 80
204 607 2
204 460 97
204 466 73
204 580 10
204 347 15
204 447 91
204 372 13
204 552 66
204 472 25
204 514 73
204 613 12
204 618 77
204 389 59
204 604 82
204 491 90
205 492 57
205 614 34
205 385 53
205 315 90
205 448 61
205 495 14
205 603 69
205 335 50
205 334 76
205 565 25
206 534 9
206 453 24
206 469 88
206 605 22
207 536 55
207 418 10
207 625 66
208 328 70
208 481 60
208 577 28
208 534 15
208 559 16
208 443 64
208 627 73
208 609 58
208 598 62
208 566 24
208 574 16
208 459 55
208 464 82
208 333 63
208 510 10
209 601 79
209 403 94
209 476 50
209 426 44
209 486 47
209 445 18
209 561 10
209 411 66
209 375 33
209 466 48
209 413 97
209 318 85
209 537 7
210 396 68
210 599 25
210 608 45
210 494 70
210 491 64
210 326 45
210 352 8
210 480 98
210 385 55
210 320 75
210 496 41
210 622 69
211 396 80
211 619 32
211 555 99
212 435 90
212 588 53
212 344 94
212 393 93
213 571 61
213 513 99
213 454 44
213 511 93
213 548 71
213 480 11
213 473 63
214 345 49
214 624 60
214 386 94
214 351 94
214 484 67
215 480 19
215 599 79
215 471 67
215 499 90
215 537 38
215 436 79
215 333 45
215 470 91
215 558 37
215 492 56
215 394 11
215 479 24
215 420 19
215 449 9
216 607 74
216 358 66
216 508 85
216 483 11
217 343 75
217 409 79
217 354 53
217 608 4
217 406 24
217 500 8
217 321 24
217 606 31
217 604 73
217 501 60
217 551 2
217 329 96
217 541 47
218 389 5
219 592 61
219 404 9
219 436 23
219 585 90
219 429 13
220 584 42
220 591 61
220 431 12
220 383 9
220 375 3
221 325 57
221 366 5
222 507 88
222 496 20
222 535 74
222 575 63
222 386 37
222 559 96
222 491 64
222 407 50
222 351 19
222 430 16
222 355 14
222 495 15
222 372 56
223 380 60
223 567 66
223 404 7
223 374 6
223 610 85
223 329 90
223 583 40
223 386 10
223 526 7
223 462 63
223 556 11
223 454 85
223 391 84
224 338 53
224 440 43
224 611 49
224 596 64
224 552 71
224 549 51
224 359 46
224 461 20
224 320 19
225 318 4
225 484 56
225 415 11
225 625 23
226 470 5
226 389 33
226 549 96
226 526 86
226 337 45
227 445 94
227 599 8
227 594 34
228 352 53
228 626 76
229 599 54
229 388 6
229 333 23
229 560 13
229 483 17
229 628 95
230 540 82
230 448 57
230 388 64
230 571 77
231 525 52
231 547 43
231 561 21
231 335 2
231 370 54
231 441 44
231 543 63
232 616 69
232 371 36
232 388 41
232 322 62
232 556 51
232 369 95
232 440 62
232 521 86
232 470 8
232 331 13
232 567 20
232 515 18
232 551 16
233 491 78
233 561 50
233 365 1
233 386 67
233 316 94
233 416 58
233 557 48
233 487 38
233 337 29
233 315 25
233 606 37
233 389 47
234 447 92
234 512 33
234 578 71
234 538 61
234 530 13
234 438 95
235 447 32
235 542 1
236 326 32
237 428 39
238 490 98
238 385 13
238 431 14
238 449 4
238 371 10
238 529 61
238 601 27
238 315 10
239 612 82
239 440 62
239 442 39
239 344 48
239 444 99
239 348 3
239 387 43
239 482 53
239 558 7
239 622 96
239 324 96
239 520 25
239 422 40
240 392 12
240 512 5
241 577 15
241 560 59
241 354 63
241 382 91
241 516 25
241 542 95
242 417 18
242 535 88
242 494 18
242 550 84
243 467 39
243 390 52
243 512 87
243 609 54
243 555 91
243 404 49
243 625 87
243 324 12
243 318 20
244 556 42
244 610 74
244 466 9
244 499 44
244 508 34
244 481 68
244 494 19
244 323 59
244 412 88
244 607 36
245 496 5
246 383 8
246 559 98
246 545 86
246 553 9
246 528 98
246 592 45
247 442 47
247 522 69
248 622 3
248 405 15
248 547 65
248 440 74
248 540 21
248 495 64
249 396 60
249 502 50
249 416 55
249 383 99
249 319 16
249 372 47
249 544 9
249 332 13
249 348 21
249 528 70
249 552 30
249 526 7
250 471 15
250 599 29
250 596 23
250 443 6
250 364 36
250 325 29
250 480 53
250 411 13
250 361 76
250 606 40
250 381 66
250 348 79
250 502 55
251 408 46
251 590 2
251 355 19
251 582 10
251 456 6
251 465 77
251 526 1
251 458 87
252 353 80
252 379 73
252 501 19
252 315 63
253 494 60
253 379 73
253 418 88
253 545 96
253 440 94
253 480 78
253 465 16
253 434 78
253 579 91
253 626 30
253 490 18
254 410 47
254 613 96
254 456 78
254 438 36
254 317 22
254 599 9
254 498 87
254 386 20
254 552 84
255 487 76
255 598 44
255 384 69
255 559 45
256 327 90
256 519 3
256 557 15
257 492 93
257 324 29
257 573 19
257 545 35
258 502 55
258 465 5
258 537 43
258 337 75
258 322 56
258 603 64
258 326 17
258 358 82
258 407 62
258 600 50
258 369 1
258 542 64
258 317 16
258 585 84
258 351 71
259 317 14
259 557 27
259 612 41
259 423 79
259 521 79
260 475 92
260 510 54
260 435 34
260 453 87
260 544 17
260 336 4
260 561 43
261 476 6
261 466 91
261 383 63
261 474 23
261 565 49
261 481 73
261 377 95
261 475 62
261 379 42
261 577 53
261 375 3
261 443 80
261 506 57
261 413 92
261 504 6
262 324 58
262 562 35
262 521 75
262 600 80
262 490 54
262 396 61
262 590 19
263 404 89
263 368 88
263 618 52
263 342 50
263 531 40
263 497 43
264 619 2
264 425 71
264 409 55
265 532 58
265 474 53
265 472 22
265 335 11
265 499 90
265 346 98
266 493 27
266 349 52
266 362 90
266 392 21
266 572 22
266 377 30
266 320 60
266 617 24
267 610 61
267 443 22
267 590 87
267 451 86
267 395 95
267 505 98
267 574 13
268 511 37
268 491 49
268 350 81
268 573 87
269 518 3
269 384 75
269 332 70
269 411 99
269 603 33
269 601 53
269 481 61
269 542 71
269 337 98
270 335 45
270 531 27
270 555 36
270 389 81
270 327 16
270 425 60
270 556 8
270 337 24
270 543 89
270 369 33
270 392 40
270 490 89
270 464 29
271 358 64
271 342 91
271 528 28
271 402 53
271 452 56
271 323 7
271 624 72
271 526 43
271 611 22
271 459 4
271 607 40
271 374 24
271 475 87
272 330 24
272 590 57
273 421 52
273 336 58
273 431 68
273 492 61
274 499 58
274 372 62
274 401 79
274 563 34
274 328 86
274 344 6
274 456 71
274 440 36
274 523 91
274 497 89
274 452 48
274 560 17
274 573 42
275 394 98
275 404 73
275 328 11
275 573 79
276 549 71
276 410 79
276 411 96
276 581 54
276 578 99
276 468 55
277 527 23
277 407 23
277 323 95
277 383 58
277 442 29
277 471 37
277 495 51
277 393 71
277 343 31
277 344 65
277 366 78
277 388 31
277 611 67
277 496 85
277 470 57
278 398 41
279 338 48
279 471 85
279 402 71
279 571 81
279 510 54
279 608 73
279 407 87
279 392 97
279 622 26
280 403 14
280 420 13
280 451 77
280 409 81
280 339 79
280 445 71
280 363 7
280 432 59
280 454 7
281 609 56
281 379 12
281 495 90
282 365 48
282 353 43
282 569 98
283 570 40
283 394 19
283 391 18
283 327 51
283 390 64
283 555 67
283 626 7
283 530 26
283 585 22
283 525 30
283 344 31
283 605 12
283 365 83
283 478 18
284 539 2
284 568 50
284 553 36
284 543 98
284 607 33
284 587 15
284 365 24
284 421 73
284 530 89
284 573 51
284 450 94
284 357 71
285 536 71
285 526 61
285 460 29
285 569 46
285 467 50
286 366 1
286 492 43
286 405 72
286 390 41
286 344 35
286 525 56
287 437 36
287 489 34
287 466 58
287 402 8
287 478 87
288 446 56
289 585 51
289 419 48
289 441 59
289 439 24
289 590 41
289 319 5
289 519 7
290 490 75
290 383 92
290 568 15
290 513 28
290 535 75
290 623 66
290 374 29
290 380 66
290 403 57
290 452 92
290 564 95
290 427 46
290 448 96
291 524 76
291 333 79
291 510 31
291 464 69
291 505 11
291 584 77
291 443 66
291 410 94
291 446 1
292 578 64
292 580 75
292 421 8
292 334 36
292 445 18
292 505 38
292 425 4
292 475 35
292 520 48
292 544 30
292 322 56
293 326 23
293 506 71
293 443 58
293 429 85
293 400 15
294 340 97
294 384 74
294 334 7
294 397 89
294 451 79
294 555 41
294 546 62
294 420 62
294 395 90
294 483 80
294 329 71
294 332 17
294 362 89
294 601 13
294 437 64
295 585 38
295 358 13
295 581 75
295 361 29
295 587 40
295 576 21
295 453 39
295 580 49
295 482 90
295 533 63
295 485 22
295 434 45
295 321 65
295 319 89
296 390 74
296 498 5
297 384 22
297 376 45
297 520 54
297 496 14
297 444 3
297 494 60
297 416 5
298 425 21
298 571 24
299 503 13
299 497 46
299 350 45
299 595 38
299 353 66
299 549 86
299 400 46
300 354 35
300 355 66
300 393 18
300 559 10
300 382 95
300 543 30
300 546 46
300 385 94
301 414 58
301 390 26
301 462 16
301 567 26
301 547 57
302 375 96
302 396 96
302 403 72
302 543 17
302 401 75
302 573 50
302 562 71
302 465 35
302 511 99
302 434 61
302 608 78
303 449 8
303 467 54
304 398 6
304 565 27
304 542 75
304 459 93
304 403 12
304 620 24
304 446 77
304 453 76
304 581 11
304 526 99
304 424 71
304 619 64
304 554 10
304 349 92
305 522 99
305 356 60
305 579 55
305 447 77
305 535 45
305 585 79
306 485 64
306 390 27
306 409 17
306 422 73
306 556 29
306 363 63
306 576 17
307 511 15
307 564 11
307 587 36
307 446 6
307 621 40
307 525 3
307 339 42
307 318 25
307 458 19
307 540 20
307 558 65
307 572 15
308 331 91
308 606 49
308 583 81
308 322 86
308 431 97
308 402 1
308 540 52
309 400 66
309 317 57
309 561 72
309 326 75
309 566 44
309 394 83
309 467 33
309 365 29
309 609 89
309 379 78
309 397 11
309 505 2
309 332 64
310 488 49
311 423 8
311 357 62
312 497 66
312 353 75
312 435 94
312 536 31
312 605 62
312 327 67
312 325 68
312 469 81
312 412 41
312 454 90
312 415 63
313 589 53
313 351 30
313 626 83
313 426 41
313 562 20
313 341 72
314 370 77
314 446 96
314 501 59
314 581 43
314 478 35
314 475 91
