653 2638
1 609 49
1 618 63
1 635 92
1 553 13
1 529 84
1 499 8
1 551 71
1 397 86
1 458 68
2 435 77
2 589 7
2 346 82
2 537 53
2 530 46
2 576 45
2 539 14
2 647 80
2 350 94
2 344 21
2 635 29
2 470 7
2 360 8
2 482 85
3 537 6
3 557 93
3 502 65
3 406 88
3 441 94
4 393 60
4 374 2
4 619 58
4 369 8
4 646 25
4 386 92
4 569 77
4 358 23
4 435 25
5 535 27
5 641 43
5 382 31
5 564 45
5 645 48
5 567 12
5 600 51
5 473 54
6 546 36
6 437 36
6 458 66
6 510 10
6 525 32
6 465 19
6 585 26
6 480 78
6 457 22
6 646 94
6 595 42
7 644 78
7 343 86
7 436 19
8 542 20
8 381 19
9 537 76
9 516 26
9 623 66
9 615 19
9 569 98
9 507 57
9 427 61
9 483 68
10 571 23
10 431 89
10 624 54
10 611 52
10 356 90
10 502 84
10 549 59
10 410 95
10 588 35
10 517 52
10 420 58
10 558 29
10 388 22
10 559 85
10 439 28
11 494 82
11 441 33
12 624 29
12 599 3
12 522 97
12 430 36
12 512 45
12 432 39
12 590 9
12 368 23
12 577 12
12 475 69
13 329 23
13 425 45
13 636 32
13 606 55
13 562 78
13 353 75
13 348 97
13 638 86
13 346 43
13 469 65
14 352 73
14 434 88
14 351 38
14 615 36
14 590 47
14 475 43
15 510 34
15 576 60
15 402 90
15 393 96
15 536 90
15 512 97
15 360 84
15 376 85
15 327 70
15 438 55
15 505 63
15 419 33
15 460 78
15 626 50
16 372 46
16 514 29
16 649 79
16 575 16
16 436 36
16 650 50
16 413 3
16 344 96
16 509 79
16 421 53
16 401 25
16 503 99
16 573 85
17 405 18
17 551 59
17 495 41
17 441 65
17 411 62
18 553 89
18 467 2
18 590 5
18 542 48
19 573 32
19 513 15
19 352 78
19 564 25
19 459 61
19 580 46
20 475 85
21 388 24
21 490 12
21 620 65
21 342 8
21 366 93
22 424 19
22 558 45
22 546 10
22 625 23
22 461 99
22 335 96
22 440 41
22 615 38
22 575 81
22 540 38
22 336 72
22 632 91
22 375 13
22 560 67
23 558 27
23 578 29
24 450 89
24 516 2
24 464 44
24 387 77
24 434 45
25 494 97
25 392 96
25 354 65
26 352 37
26 569 12
26 585 89
26 480 56
26 401 12
26 451 55
26 622 42
26 648 59
27 618 91
27 407 92
27 443 98
27 460 15
27 551 32
27 430 42
27 350 62
27 449 92
27 602 60
27 614 67
27 569 67
27 382 94
28 566 42
28 513 86
28 545 13
28 504 94
28 476 20
28 363 56
28 451 35
28 496 11
29 396 22
29 634 31
29 611 48
29 589 22
29 333 48
29 609 45
29 510 85
30 577 88
30 591 8
30 367 85
30 637 26
30 613 26
30 353 96
30 334 14
30 383 1
30 566 21
30 611 68
30 411 12
31 546 97
31 431 47
31 438 39
31 427 52
31 522 18
31 329 77
31 398 31
31 589 2
31 551 23
31 629 51
31 585 98
31 524 95
32 487 36
32 338 55
32 462 21
32 503 31
33 423 38
33 394 60
33 593 44
33 371 77
33 363 66
33 632 87
33 342 57
33 501 73
33 607 84
33 487 75
33 537 41
33 447 42
33 563 98
33 406 29
34 569 85
34 566 92
35 522 26
35 511 9
35 394 59
35 331 87
35 537 72
35 575 70
35 333 14
35 602 70
35 332 90
35 497 46
35 558 22
35 452 34
35 341 89
35 526 13
36 605 49
36 514 71
36 343 5
36 641 65
36 501 75
36 394 40
36 460 76
36 412 91
36 348 45
36 376 11
37 378 90
37 430 65
37 392 67
37 506 42
37 483 36
37 490 89
37 575 4
37 373 94
37 593 65
37 645 7
37 548 69
38 511 28
38 344 96
38 364 34
38 415 59
38 627 68
39 596 47
39 481 73
39 472 86
39 338 21
39 567 65
39 612 23
39 546 83
39 351 71
40 391 26
40 550 70
40 389 38
40 426 33
40 372 53
40 608 46
40 626 16
40 523 34
40 556 63
40 536 48
40 480 97
40 341 7
41 530 3
41 622 71
41 586 34
41 542 2
42 421 43
42 486 28
42 624 69
43 633 83
43 487 44
43 567 22
43 406 75
43 548 70
43 419 7
43 367 8
44 434 93
44 613 3
44 459 6
44 562 25
44 511 45
44 476 67
44 531 81
44 546 96
44 502 16
45 538 66
45 474 52
45 461 70
45 533 41
45 484 20
45 528 90
46 504 36
46 405 64
46 352 48
46 555 37
46 452 52
46 519 65
46 611 75
46 580 40
46 571 85
46 512 77
46 620 38
46 386 54
47 483 1
47 366 28
47 428 5
47 520 94
47 536 67
47 487 27
47 346 45
47 472 53
47 381 14
47 649 29
48 610 39
48 601 4
48 476 30
48 329 25
48 426 7
48 340 55
48 410 68
48 532 50
48 598 73
48 569 86
49 491 50
49 532 92
49 488 8
49 594 57
49 604 28
49 584 34
49 559 54
49 629 43
49 361 18
49 535 63
49 405 21
49 331 48
49 645 8
49 421 14
50 607 81
50 601 68
50 367 12
50 585 71
50 358 84
51 356 44
51 347 96
52 571 66
52 462 77
52 578 8
52 471 26
52 542 44
52 428 7
52 415 27
52 442 59
53 521 20
53 529 71
53 549 35
53 358 5
53 596 52
53 536 4
53 415 8
53 567 20
53 405 47
53 615 67
53 653 33
53 532 72
53 485 3
54 649 35
54 386 50
54 462 9
54 491 91
54 339 95
54 537 17
54 591 44
54 512 38
54 646 44
54 349 96
55 333 65
55 414 29
55 586 89
55 446 83
55 616 16
55 367 1
56 546 32
56 535 83
56 576 27
56 332 28
56 485 83
56 496 97
57 599 91
57 395 85
57 347 43
57 617 55
57 629 10
57 631 73
58 476 49
59 620 64
59 578 4
59 429 51
59 407 71
59 584 93
59 393 31
59 364 27
59 365 98
60 394 35
60 408 49
60 479 90
60 645 83
60 355 22
60 534 76
60 569 75
60 555 70
60 361 75
60 342 62
60 440 21
60 464 91
61 332 20
61 497 16
61 418 84
61 646 7
61 394 45
61 492 19
62 373 38
62 491 59
63 592 23
63 584 48
63 620 41
63 521 7
63 513 70
63 613 89
63 519 80
63 479 92
63 498 14
63 537 58
63 413 96
63 417 52
63 414 89
63 607 2
64 466 96
64 375 35
65 596 37
65 328 44
65 362 62
65 346 22
66 572 17
66 586 16
66 643 67
66 592 93
66 653 88
66 525 81
66 336 30
66 527 48
67 418 20
67 540 45
67 387 27
67 389 74
67 339 93
67 383 67
67 596 76
67 495 86
67 516 8
67 580 83
68 569 13
68 409 32
69 365 96
69 355 82
69 352 56
69 634 18
69 627 66
69 548 69
70 557 3
70 565 18
70 457 19
70 603 49
70 580 69
70 624 1
70 581 57
70 480 17
70 627 43
70 527 8
70 540 80
70 514 47
70 650 19
70 407 88
70 546 60
71 454 32
71 645 73
71 458 69
71 427 32
71 465 22
71 420 58
71 419 22
71 446 26
71 330 10
71 504 27
71 518 54
71 553 32
71 625 30
71 499 25
72 553 34
72 335 59
73 637 50
73 476 28
73 586 20
73 390 78
73 456 12
74 568 30
74 363 70
74 623 75
74 380 26
74 484 18
74 381 77
74 412 25
74 371 68
74 473 7
74 378 60
74 552 65
74 642 24
74 496 72
74 447 65
75 463 10
75 473 87
75 337 86
75 599 44
75 402 11
75 433 81
75 355 91
75 508 9
75 454 23
76 640 16
76 506 69
76 548 27
76 424 91
76 397 9
76 371 49
76 390 31
76 516 20
77 513 98
77 429 11
77 451 48
77 366 2
77 616 3
77 602 93
77 418 6
77 473 5
78 574 81
78 600 96
78 367 58
78 384 4
79 578 66
79 500 88
79 329 9
79 575 58
79 444 60
79 380 25
79 519 71
79 539 64
79 508 83
79 495 10
80 497 97
80 528 21
80 518 21
80 601 48
80 402 60
80 333 57
80 488 90
80 453 85
80 337 16
80 588 20
81 339 76
81 434 41
81 375 67
81 650 14
82 613 25
82 601 63
82 588 7
82 507 94
82 458 80
82 583 40
82 619 29
82 624 85
82 578 34
82 394 5
82 450 56
82 600 27
82 462 61
82 620 69
82 627 31
83 609 84
83 484 77
83 445 66
83 401 37
83 554 88
83 526 14
83 331 27
83 567 81
83 438 55
83 374 33
83 607 49
84 487 14
84 549 96
84 527 80
84 448 39
84 396 28
84 560 26
84 592 22
84 573 94
84 641 33
85 568 97
85 563 18
85 548 77
85 350 84
86 537 44
87 645 80
87 370 12
87 614 87
87 480 16
87 383 91
87 603 34
87 584 96
87 576 22
87 410 54
87 414 32
88 348 42
88 395 10
88 544 4
88 535 78
88 339 1
88 447 97
88 417 81
88 498 52
88 576 62
88 478 32
88 392 26
88 387 33
88 362 5
89 622 94
90 530 77
90 491 31
90 332 5
90 502 66
91 356 36
91 550 34
91 576 67
91 330 1
91 646 82
91 349 93
91 430 9
91 600 2
91 597 40
91 525 66
91 640 63
91 472 99
91 648 52
91 552 92
91 572 42
92 360 49
92 551 97
92 427 19
92 586 22
92 490 44
92 614 94
92 390 36
92 579 16
92 637 65
93 478 15
93 415 52
93 522 18
93 380 48
93 412 8
93 404 92
93 566 39
93 601 60
93 645 29
93 499 31
93 622 85
93 532 21
94 425 65
95 552 41
95 633 27
95 607 11
95 406 70
95 569 98
95 367 57
95 430 16
95 376 88
95 548 62
95 497 79
95 594 34
95 559 90
95 486 55
95 396 97
96 650 58
96 347 9
96 395 60
96 524 71
96 341 99
96 404 18
96 543 2
96 440 85
97 560 30
97 374 75
97 561 60
97 400 93
97 544 47
97 481 27
97 531 4
97 329 71
97 599 22
97 592 7
97 635 22
98 500 84
98 395 56
98 537 91
98 375 12
98 366 74
98 627 95
99 471 78
99 499 1
99 650 76
99 442 53
99 576 72
99 340 84
99 625 58
99 511 53
99 605 95
99 554 80
100 475 51
100 416 68
100 494 59
100 497 85
100 335 3
100 647 63
100 523 56
100 629 96
100 331 36
100 342 10
100 389 6
100 557 11
100 624 88
100 547 85
101 375 91
101 476 58
101 606 27
101 511 68
102 430 70
102 333 42
102 622 67
102 390 97
102 564 86
102 585 76
102 638 22
102 387 18
102 572 25
102 624 33
102 580 58
102 428 90
102 627 3
102 443 41
103 597 52
103 330 47
103 386 52
103 543 3
103 505 62
103 390 21
103 623 19
103 521 21
103 409 1
103 596 94
103 353 75
104 488 64
104 618 90
104 475 68
104 559 12
104 420 90
104 405 61
104 651 15
104 372 58
104 410 89
104 525 82
104 434 53
105 388 13
105 538 54
105 569 82
105 412 83
105 372 64
106 456 85
106 650 38
106 431 23
106 523 39
106 432 46
106 473 8
106 546 64
107 625 58
107 565 42
107 460 34
107 465 89
107 539 95
107 448 6
107 537 50
107 364 50
107 477 42
107 422 72
107 423 22
107 391 22
107 487 85
107 350 53
108 398 6
108 462 34
108 550 71
108 614 44
108 482 32
108 620 13
108 474 59
108 537 98
108 476 34
108 601 98
108 467 20
108 356 79
108 444 57
109 512 34
109 329 83
109 339 77
109 452 56
109 433 30
109 412 57
109 565 26
109 598 11
109 639 70
109 541 57
109 351 72
109 387 19
109 474 52
110 634 40
110 629 32
110 432 12
110 347 41
110 359 32
110 388 61
110 360 97
110 577 11
110 586 79
110 466 5
110 331 52
110 417 95
110 643 14
110 592 94
111 508 5
111 573 59
111 512 8
111 563 36
111 421 69
111 379 17
111 361 49
111 570 17
111 544 67
111 487 65
111 517 17
111 412 92
111 564 64
111 399 60
111 457 43
112 327 36
112 549 77
112 496 98
112 626 26
112 361 80
112 336 73
112 412 27
112 557 87
112 478 93
112 405 66
112 407 59
113 429 82
113 648 46
113 642 54
113 609 79
113 374 25
113 331 61
113 360 16
113 431 62
113 529 22
113 564 52
113 547 62
113 581 22
113 594 4
113 516 2
113 456 3
114 524 24
114 601 65
114 339 47
114 513 24
114 336 39
114 425 96
114 416 38
114 354 68
114 473 44
114 620 27
115 499 54
115 488 70
115 609 34
115 412 22
115 343 78
115 626 71
115 375 14
115 467 69
115 549 11
115 562 35
115 365 4
115 560 62
116 352 88
116 357 40
117 328 56
117 568 76
117 358 3
117 498 39
117 533 91
118 360 73
118 530 56
118 392 95
118 547 24
118 631 77
118 331 50
118 558 61
118 614 41
118 462 70
118 407 27
119 515 62
119 597 44
119 573 77
120 531 11
120 609 52
120 546 71
120 376 90
120 560 82
120 353 41
120 615 43
121 433 80
121 474 48
121 637 52
121 394 92
121 653 67
121 353 98
121 559 61
121 588 77
121 429 7
121 619 68
121 601 62
122 535 94
122 604 99
122 405 77
122 398 70
122 463 71
122 644 58
122 539 46
122 427 56
122 611 71
122 503 17
122 504 31
122 408 44
123 592 42
123 450 49
123 613 90
123 466 27
123 449 52
123 626 36
124 398 69
124 621 65
124 612 94
124 400 62
124 647 95
124 590 11
124 559 26
124 587 4
124 557 3
125 608 56
125 550 78
125 649 89
125 651 84
125 597 34
125 580 2
125 530 64
126 566 67
126 569 45
126 467 99
126 515 40
126 605 80
126 584 13
126 623 45
127 610 26
127 388 69
127 556 27
127 599 49
127 449 5
127 634 10
127 646 44
127 414 76
127 504 72
127 567 9
127 645 42
128 404 38
129 412 3
129 605 68
129 523 32
129 465 5
129 548 66
129 608 45
129 413 67
129 440 56
129 648 89
129 524 77
130 644 82
130 536 32
130 384 96
130 373 42
131 343 77
131 355 81
131 430 46
131 418 27
131 633 12
131 497 55
131 358 56
131 611 21
131 350 68
131 627 93
132 562 68
132 473 62
132 357 21
132 589 93
132 525 59
132 397 80
132 366 7
132 484 80
132 516 43
132 645 96
132 467 99
133 342 96
133 469 35
134 394 40
134 359 33
134 517 95
134 458 14
134 424 57
134 589 55
134 367 48
134 622 86
135 617 95
135 556 53
135 639 62
135 547 32
135 568 63
135 574 31
135 566 45
135 441 96
135 377 86
135 504 81
136 617 82
136 589 99
136 538 39
136 573 37
136 497 5
136 553 24
136 511 73
136 544 96
136 529 10
136 646 71
136 414 3
136 603 89
136 462 1
136 430 43
137 421 81
137 545 46
137 530 6
137 622 94
137 521 17
137 505 42
137 459 98
137 625 65
137 412 21
137 472 7
137 569 73
137 595 9
137 406 59
137 352 62
138 618 96
138 531 49
138 430 62
138 424 83
138 632 56
139 580 15
139 362 17
139 509 96
139 404 96
139 348 4
139 624 29
139 468 72
139 363 40
139 412 60
139 464 46
140 471 77
140 549 83
140 371 6
140 409 53
140 636 19
140 441 51
140 485 17
140 617 26
140 569 51
140 488 80
140 352 44
140 637 83
141 464 17
141 504 79
141 532 32
141 449 64
141 638 95
141 584 64
141 327 12
141 555 1
141 442 60
141 334 10
141 603 19
141 586 34
142 427 85
143 328 26
143 480 84
143 376 50
143 386 2
143 431 66
143 346 45
144 456 3
144 397 38
144 535 20
144 635 43
144 417 23
144 599 67
144 461 56
144 389 41
144 377 11
144 554 79
144 379 24
144 593 11
144 594 4
145 419 13
145 346 32
145 378 1
145 481 18
145 464 64
145 347 40
145 355 33
145 542 8
146 477 28
146 625 59
146 340 85
146 374 68
146 616 65
147 439 72
147 619 67
147 532 92
147 550 67
147 529 67
148 461 24
148 568 85
148 329 36
149 382 42
149 420 45
149 380 96
149 610 36
149 376 9
149 534 96
149 399 40
149 487 24
150 562 2
150 461 22
150 651 37
150 559 98
150 621 16
150 652 21
150 560 54
150 567 26
150 629 67
150 385 86
150 337 61
150 403 33
150 552 37
151 627 74
151 592 78
151 589 35
151 500 75
151 369 58
151 391 95
151 449 89
151 611 48
152 375 44
152 640 13
152 409 99
152 580 26
152 629 68
153 372 71
153 597 86
153 552 4
153 507 81
153 434 55
153 380 44
153 608 92
153 441 84
153 387 27
153 565 38
153 622 48
154 485 69
154 509 49
154 646 51
154 418 13
154 483 67
154 575 99
154 406 81
155 440 62
156 356 52
156 422 98
157 604 67
157 356 67
157 602 62
157 572 61
157 538 51
157 398 1
157 585 50
158 584 75
158 441 57
158 439 9
158 550 37
158 445 72
158 346 47
158 477 50
158 529 68
158 588 23
158 471 85
158 423 31
158 642 18
158 453 41
158 576 52
159 549 48
159 579 41
159 332 86
160 567 6
160 585 9
160 563 45
160 523 76
160 411 81
160 616 44
160 429 32
160 579 37
160 492 74
160 468 69
160 353 4
161 364 20
161 480 42
161 555 21
161 395 5
161 534 43
161 521 42
161 365 10
161 457 69
162 521 29
162 565 12
162 425 97
163 653 2
163 483 1
163 478 45
163 434 45
163 546 15
163 349 50
163 613 45
163 393 12
163 362 47
163 394 19
164 532 26
164 569 75
164 465 55
164 482 42
164 342 55
164 421 74
164 638 94
164 387 14
164 562 77
164 645 99
164 385 98
164 488 78
164 551 47
164 508 49
164 503 81
165 540 65
165 528 27
166 373 74
166 346 98
166 464 43
166 638 78
166 412 12
166 460 75
166 605 9
166 471 7
167 445 45
167 393 32
167 414 37
167 329 30
167 412 81
167 555 92
167 517 63
167 618 23
167 383 84
167 537 93
167 441 66
167 619 65
167 536 62
168 517 87
168 547 68
168 594 16
168 648 56
168 580 52
168 369 12
168 399 99
169 525 24
169 348 54
169 633 96
169 394 63
169 585 49
169 379 24
169 391 70
169 603 14
170 595 5
170 495 40
171 383 15
171 403 99
171 650 47
171 645 35
171 539 11
171 625 43
171 330 57
171 414 84
171 524 95
171 490 7
171 495 36
172 417 56
172 472 62
172 466 55
172 351 15
172 545 99
172 557 64
172 450 87
172 648 30
172 549 28
172 457 23
172 391 60
172 576 64
172 449 10
173 330 83
173 515 90
174 343 35
174 498 73
174 563 80
175 643 58
176 571 23
176 584 50
176 589 19
176 484 44
176 350 78
176 396 66
176 431 19
176 328 28
176 511 76
176 465 26
177 495 58
177 561 71
177 536 56
177 366 5
177 384 64
177 461 67
178 501 92
178 335 41
178 580 49
178 338 50
178 400 60
178 522 83
178 506 83
179 468 76
179 364 18
179 507 55
179 646 36
179 586 37
179 580 52
179 427 21
179 588 8
179 548 84
179 420 4
179 610 38
179 400 84
179 578 85
180 455 38
180 534 18
180 437 76
180 330 49
180 518 80
180 423 37
181 337 11
181 612 5
181 363 69
181 418 51
181 501 5
181 635 60
181 611 46
181 560 16
181 510 98
181 393 94
181 632 25
181 383 30
181 581 98
181 474 40
182 533 66
182 520 42
182 394 27
182 626 24
182 642 30
182 599 82
182 428 75
182 388 56
182 371 18
183 544 74
183 451 68
183 458 19
183 616 20
183 519 78
183 641 30
183 524 74
183 489 64
183 354 1
183 549 69
183 609 24
183 494 73
184 446 78
184 630 8
184 642 66
184 564 50
185 421 76
185 371 91
185 651 36
185 378 22
185 634 14
185 342 59
185 558 74
185 463 39
185 451 45
185 450 20
186 391 96
186 511 90
186 628 53
186 373 19
186 578 98
186 418 61
186 487 54
186 428 87
186 547 94
186 528 83
186 644 86
186 512 40
186 419 68
186 366 85
186 579 24
187 365 30
187 441 25
187 601 60
187 650 75
187 327 67
187 362 88
187 538 34
187 620 61
187 579 73
187 492 54
188 443 90
188 385 39
188 382 34
188 517 5
188 401 15
188 498 94
188 617 79
189 635 75
189 448 58
190 355 34
190 470 84
190 540 12
190 343 81
190 341 71
190 431 62
190 513 19
190 558 91
191 382 13
192 520 82
192 348 64
192 503 37
192 454 24
192 644 51
193 626 97
193 335 83
194 653 35
194 579 14
194 343 64
195 489 78
195 473 31
195 453 62
195 437 30
195 574 79
195 402 65
195 541 8
195 581 22
195 570 20
195 614 82
195 572 80
195 506 89
195 440 7
195 346 64
195 524 10
196 468 52
196 347 40
196 479 19
196 415 43
196 337 89
196 519 13
196 360 48
196 340 97
196 600 21
197 589 79
197 393 9
197 626 17
197 403 67
197 482 88
197 429 36
197 453 22
197 556 79
197 507 80
198 631 15
198 402 97
198 638 28
198 590 71
198 494 54
198 505 33
198 603 17
198 388 63
198 585 41
199 531 98
199 335 9
199 428 33
199 472 92
199 557 57
199 632 72
199 427 15
199 582 98
199 628 58
199 624 64
199 439 92
199 440 24
199 490 52
200 467 30
200 475 34
200 608 42
200 494 51
201 469 70
201 380 48
201 538 41
201 492 33
201 329 83
201 393 61
202 542 1
202 574 9
203 569 92
203 626 66
203 409 81
203 653 81
203 631 86
203 580 86
203 618 26
203 481 26
204 503 71
204 329 49
204 524 89
204 581 88
204 537 86
204 409 51
204 518 45
204 565 52
205 450 90
205 346 78
205 550 57
205 436 86
205 583 57
205 442 63
205 548 68
205 646 94
205 496 29
205 426 4
205 587 62
205 491 69
206 538 22
206 335 9
206 469 16
206 381 47
206 467 32
206 357 83
206 491 65
206 414 7
206 540 33
206 511 17
206 454 72
206 648 78
206 609 67
207 509 97
207 610 80
207 609 80
207 573 44
207 347 53
207 481 64
207 443 19
208 555 4
208 589 89
208 460 42
208 370 6
208 621 4
209 638 14
209 411 52
209 518 30
209 547 98
209 335 87
210 444 52
210 516 82
210 439 24
210 483 56
210 596 5
210 488 63
210 401 34
210 485 42
210 564 57
210 422 3
211 627 86
211 628 38
211 366 19
211 363 74
211 540 7
211 507 79
212 337 20
212 480 59
212 446 82
212 433 87
212 534 50
212 574 76
212 424 39
212 389 44
212 387 66
212 430 33
212 456 66
212 646 10
213 640 44
213 376 18
213 349 32
213 646 36
213 497 8
213 453 46
213 631 64
213 512 89
213 407 54
213 612 11
213 508 93
214 493 18
214 346 47
214 396 3
214 646 95
215 602 61
215 524 32
215 338 65
216 652 70
216 406 68
216 651 98
216 410 24
216 559 93
216 562 92
216 499 47
216 425 12
216 341 37
216 382 76
216 434 44
216 495 79
216 515 90
216 455 71
216 577 96
217 374 24
217 519 97
217 414 40
217 530 71
217 382 51
217 583 31
217 522 73
217 591 11
217 366 17
217 367 26
217 555 10
217 354 66
217 397 64
218 482 40
218 585 48
218 635 80
218 581 77
218 642 12
218 624 2
218 351 63
218 562 98
218 592 11
218 544 20
218 459 24
218 414 39
218 393 88
218 557 95
218 401 9
219 632 88
219 545 46
219 473 74
219 367 20
219 344 22
219 409 22
219 436 23
219 461 5
219 578 56
219 395 90
219 538 81
220 370 34
220 518 96
220 334 57
221 354 82
221 346 98
221 553 84
221 502 27
221 513 83
221 587 72
221 466 89
222 581 95
222 465 66
222 580 68
222 523 88
222 398 9
222 621 97
222 517 13
222 619 78
222 468 16
222 389 33
222 337 62
222 535 36
223 631 64
223 399 23
224 501 71
224 330 51
224 574 90
224 412 44
224 618 43
224 519 18
224 401 43
225 641 25
225 386 87
225 373 30
225 330 67
225 552 66
225 364 41
225 371 29
225 405 22
225 519 40
225 439 12
226 482 5
226 567 24
226 390 20
226 610 92
226 531 79
226 572 7
226 523 31
226 555 13
226 455 24
226 650 10
227 651 27
227 368 40
227 481 57
227 353 19
227 339 98
227 584 33
227 546 35
227 521 11
227 617 47
227 599 93
227 506 83
227 639 41
227 410 55
228 470 46
228 616 70
228 619 79
228 431 38
228 345 21
228 585 43
228 342 56
228 572 84
228 424 56
228 571 76
228 563 22
229 373 57
229 369 12
229 494 45
229 422 30
229 617 91
229 599 44
230 378 59
230 389 31
230 332 19
230 502 8
230 525 17
230 352 84
230 441 31
230 513 12
230 652 69
230 475 34
231 630 6
231 581 19
231 633 74
231 375 46
231 387 28
231 610 64
231 557 69
231 451 73
231 437 22
231 392 1
231 574 69
231 406 10
232 564 70
232 444 67
232 555 26
232 537 70
232 503 64
232 354 35
232 522 62
232 635 86
232 561 87
232 425 6
232 359 19
232 499 4
232 465 35
233 420 52
233 405 22
233 558 47
233 399 30
233 344 86
233 423 48
234 594 27
234 635 52
234 458 10
234 651 51
234 537 66
234 518 82
234 493 31
235 475 93
235 457 93
235 637 43
235 387 72
235 592 8
235 408 90
235 450 75
235 557 49
236 624 61
237 606 51
237 396 82
237 482 46
237 600 21
237 530 95
237 576 50
237 497 82
237 463 46
237 372 1
237 533 99
237 646 71
237 557 11
237 636 75
238 623 43
238 462 22
238 424 43
238 540 36
238 521 52
239 330 43
239 469 58
239 399 60
239 603 17
239 556 60
239 516 88
239 405 34
240 339 42
240 609 68
240 327 44
240 389 15
240 373 97
240 470 29
240 537 29
240 525 86
241 511 91
241 448 70
241 386 65
241 367 83
241 382 65
241 447 53
241 608 76
241 483 69
242 327 63
242 606 50
242 623 66
242 599 11
242 353 20
242 344 18
242 468 51
242 481 21
242 604 29
242 464 71
242 650 39
243 371 32
243 340 91
243 497 1
243 650 35
243 450 22
243 417 58
243 533 87
243 584 54
243 511 81
243 493 39
244 424 32
244 637 3
244 566 71
244 418 42
244 462 25
244 430 84
244 602 72
244 348 57
244 444 59
244 447 71
244 328 99
245 452 66
245 531 88
245 394 96
245 583 66
245 637 93
245 575 77
245 546 14
245 519 24
245 400 18
246 600 23
246 466 85
246 435 27
246 542 89
246 371 96
246 585 95
246 357 91
246 402 36
246 553 43
246 369 26
247 381 77
247 526 99
247 615 95
247 440 31
247 579 32
247 333 48
247 377 95
247 328 68
248 533 94
248 413 34
248 369 78
248 478 64
248 371 69
248 445 1
249 488 39
249 549 65
249 335 3
250 627 4
250 477 68
250 549 29
250 364 80
250 426 73
250 637 31
250 573 63
250 386 16
250 344 46
250 644 76
250 368 81
250 548 46
250 613 30
250 354 93
251 332 36
251 432 14
251 469 34
251 385 94
252 495 1
252 518 70
252 611 58
252 650 65
252 514 19
252 423 97
252 610 9
252 497 20
252 579 89
252 528 39
252 523 58
252 507 17
253 404 27
253 515 51
253 558 32
253 631 92
253 578 87
253 340 67
253 595 15
253 413 46
253 644 4
253 638 68
254 491 33
254 518 15
254 410 86
254 450 72
254 627 15
254 440 23
255 345 64
255 491 41
255 420 42
255 450 51
255 436 36
255 520 7
255 553 39
255 504 94
255 330 45
255 354 39
255 402 50
255 460 31
255 469 71
256 515 54
256 331 42
256 535 24
256 493 58
256 354 30
257 455 50
257 443 30
257 482 14
257 504 38
257 533 6
257 485 69
257 649 98
257 339 87
258 523 90
258 466 32
258 577 38
258 504 43
258 343 79
258 450 46
258 608 83
258 406 86
259 405 55
259 401 48
260 568 96
261 510 8
262 332 80
262 629 20
262 514 13
262 529 37
262 611 48
262 461 48
262 412 18
262 424 84
263 374 75
263 591 50
263 599 27
263 556 9
263 362 57
263 394 56
263 508 23
263 644 84
263 521 9
263 533 27
264 545 35
264 597 73
264 499 52
264 534 48
264 580 16
264 414 7
264 456 56
264 603 2
264 433 60
264 445 4
264 528 48
264 472 85
264 647 98
264 364 93
264 480 27
265 461 50
265 464 49
265 529 30
265 389 18
265 381 77
265 480 90
265 614 58
265 622 51
265 513 15
266 503 13
267 337 41
268 346 6
268 374 30
268 458 86
268 516 23
268 604 24
268 388 98
268 457 77
268 634 29
268 602 13
268 524 23
268 331 55
269 645 32
269 425 5
269 500 6
269 446 80
269 605 46
269 519 88
269 535 14
270 373 37
270 507 90
270 646 51
270 470 33
270 594 81
270 392 7
270 636 8
270 531 92
270 348 66
270 572 32
271 453 37
271 592 77
271 540 23
271 425 38
271 481 36
271 340 75
271 458 2
271 413 27
271 418 16
271 379 38
272 331 79
272 384 49
272 572 8
272 489 70
272 515 81
272 449 4
272 393 95
272 637 18
273 453 25
273 500 13
273 493 96
273 381 44
273 642 69
273 576 37
274 406 77
274 580 23
274 613 89
274 357 72
274 531 48
274 523 79
274 432 16
274 327 31
274 345 32
275 474 45
275 432 92
275 444 35
275 485 1
275 546 17
276 641 96
276 412 30
276 348 5
276 557 53
276 448 31
276 409 51
276 608 35
276 515 87
276 581 82
276 333 81
276 466 52
276 366 78
276 585 12
276 426 89
276 352 68
277 529 54
277 339 35
277 453 92
277 522 9
277 485 85
277 372 60
277 507 13
277 376 85
277 384 29
277 514 79
278 614 36
278 563 22
278 532 48
278 330 17
278 622 63
279 501 78
279 394 46
279 556 4
279 554 78
279 635 21
279 611 95
279 497 9
279 331 44
279 496 14
279 358 19
279 525 3
279 384 90
279 392 41
280 573 9
280 407 21
280 592 70
280 557 68
281 358 26
281 351 63
281 487 77
281 595 10
281 559 99
282 500 27
282 587 15
282 633 56
282 648 84
282 605 45
282 376 75
282 330 74
282 497 95
282 413 29
282 411 86
282 358 71
282 449 19
282 635 4
282 547 6
283 610 75
283 517 33
283 643 69
284 635 72
285 645 46
285 446 91
285 510 79
285 533 90
285 625 83
285 628 70
285 551 71
285 591 76
285 583 9
285 341 10
285 453 67
285 651 96
285 582 84
285 462 39
285 351 53
286 336 78
286 544 20
286 636 88
286 522 22
286 540 37
286 632 51
286 638 33
286 541 69
286 611 19
287 336 89
287 377 16
287 402 19
287 487 23
287 498 6
287 581 16
287 577 95
287 634 36
287 508 56
287 468 91
287 449 32
287 442 18
287 633 21
287 401 37
288 560 32
288 484 86
288 397 13
288 559 68
288 452 66
289 411 64
289 357 28
289 418 33
290 425 2
290 358 32
290 440 65
290 432 25
290 339 85
290 461 86
290 622 11
290 575 33
290 342 22
291 501 13
291 516 23
291 422 60
291 496 1
291 526 67
291 400 51
291 601 49
291 608 71
291 536 93
291 396 15
291 548 32
291 564 40
291 562 93
291 416 8
292 475 36
292 568 58
292 636 83
292 485 56
292 557 36
292 579 24
292 346 83
292 637 67
292 633 5
292 400 90
292 549 57
292 464 15
292 529 87
292 495 57
292 334 81
293 520 30
293 618 9
293 436 25
293 585 24
293 371 69
293 388 19
293 554 95
293 360 60
294 433 36
294 457 65
294 475 35
295 613 63
295 514 96
296 350 73
296 452 50
296 518 96
296 547 92
296 640 8
296 417 25
297 366 30
297 481 66
297 532 2
297 443 31
297 423 75
297 631 9
298 398 38
298 439 46
298 529 18
298 569 70
298 355 44
298 600 52
298 452 64
298 485 92
298 589 90
298 414 63
298 340 6
298 603 8
298 432 17
299 448 24
299 525 88
299 615 40
299 346 98
299 539 48
299 425 91
300 404 2
300 631 61
300 441 86
300 494 94
300 430 55
300 506 94
301 430 65
301 492 7
301 598 62
301 458 27
302 444 15
302 361 28
302 344 78
303 433 49
303 585 15
303 568 31
303 652 73
303 519 78
303 516 89
303 430 92
303 533 13
303 363 70
303 638 71
303 641 7
303 572 10
303 609 44
304 424 89
304 537 75
304 533 83
304 475 36
304 647 89
304 462 67
304 415 54
304 401 40
304 579 74
304 420 48
304 383 52
304 381 51
305 469 62
305 536 76
305 547 78
305 642 46
305 416 3
306 579 65
306 508 75
306 415 35
306 625 28
306 426 58
307 542 2
307 527 92
307 561 16
307 457 62
307 445 9
307 518 55
307 477 78
307 475 31
307 575 89
307 501 80
307 574 85
307 503 11
308 367 5
308 536 89
308 511 23
308 359 26
308 332 38
308 475 47
308 596 74
308 464 38
308 419 75
308 614 67
308 650 79
308 470 22
308 649 16
308 552 14
309 356 14
309 389 67
309 335 68
309 566 6
309 433 31
309 554 74
309 432 17
310 507 32
310 597 74
310 460 91
310 555 21
310 559 28
310 560 59
310 502 98
310 622 61
310 616 43
310 370 58
310 346 72
310 375 66
310 547 52
311 476 71
311 409 89
311 477 23
311 484 76
312 450 28
312 566 28
312 565 61
312 641 89
312 449 82
312 620 35
313 445 14
314 492 93
314 334 47
314 397 95
314 395 42
314 589 12
314 601 63
314 331 84
314 415 49
314 526 11
315 363 94
315 558 73
315 570 16
315 646 32
315 360 5
315 427 10
315 629 88
315 504 75
315 575 77
315 615 33
315 567 9
315 580 8
316 602 55
316 444 63
316 636 43
316 349 25
316 595 44
317 337 91
317 589 78
317 550 4
317 441 13
317 644 27
317 456 49
317 609 40
317 627 77
317 605 28
317 439 80
317 600 64
317 391 57
317 387 50
318 557 79
318 447 74
318 532 24
318 534 56
318 573 58
318 541 97
318 474 73
318 442 91
318 414 71
319 599 18
319 566 40
319 571 85
319 448 13
319 605 50
319 607 26
319 579 7
319 389 38
320 515 83
320 638 53
320 467 17
320 444 67
320 579 72
320 517 7
320 405 45
321 351 97
321 391 68
321 628 25
321 550 76
321 507 54
321 369 77
322 482 29
322 565 25
322 429 19
322 390 27
322 395 53
322 517 35
322 473 83
322 462 99
323 372 6
323 543 45
323 365 51
323 505 53
323 327 20
323 486 60
323 347 63
323 329 28
323 581 14
323 349 99
323 572 15
323 634 71
323 414 89
323 608 97
324 454 11
324 414 40
324 449 83
325 439 8
325 587 67
325 419 78
326 385 58
326 620 89
326 366 73
326 504 97
326 477 37
326 652 94
326 390 88
326 651 15
326 492 67
326 331 86
