555 2224
1 547 23
1 446 30
1 326 96
1 373 60
1 289 22
1 506 21
1 280 71
1 443 73
1 500 18
1 319 90
1 286 56
1 434 57
1 312 1
1 334 63
2 451 9
2 338 85
2 441 71
3 542 95
3 435 27
3 420 55
3 313 35
3 329 14
3 524 30
4 351 64
4 532 46
4 524 86
4 482 18
4 514 29
4 344 21
4 291 9
4 546 48
4 300 76
4 437 76
4 303 56
5 446 93
5 487 86
5 440 90
5 281 97
5 424 1
5 437 77
5 514 93
5 470 77
5 543 66
5 507 94
6 537 14
6 287 50
6 316 26
6 279 33
6 389 3
6 304 81
6 290 26
6 322 65
7 284 33
7 494 64
7 303 99
8 295 9
8 360 99
8 497 33
8 361 14
8 298 36
8 343 3
8 305 43
8 291 53
8 313 9
8 539 43
8 489 80
9 551 81
9 417 44
9 445 70
9 447 22
10 306 94
11 303 74
11 379 94
11 501 50
11 505 61
11 305 58
12 458 48
12 520 36
12 288 50
12 393 95
13 451 61
13 507 85
13 461 26
13 521 39
13 541 83
13 341 82
13 495 43
13 431 12
13 449 56
13 477 84
13 480 87
13 409 58
13 501 83
13 303 65
13 383 74
14 394 51
14 442 24
14 400 57
14 430 52
14 311 34
14 534 69
14 409 81
14 555 62
14 373 80
14 349 87
14 411 52
14 470 71
14 288 83
15 379 4
15 294 42
15 454 60
15 332 64
15 366 82
15 537 19
15 427 75
16 431 18
16 382 17
17 412 15
17 441 26
17 379 60
17 526 37
17 278 70
17 479 87
17 478 85
17 404 35
17 341 37
17 355 90
17 443 30
17 519 75
18 472 10
18 376 35
18 462 90
18 426 83
18 470 17
18 486 27
18 303 79
18 420 23
18 331 46
18 463 51
18 510 31
18 447 11
19 402 60
19 351 8
19 365 15
19 289 25
19 296 23
19 478 75
19 455 65
19 399 89
19 523 57
19 453 34
19 349 10
20 548 32
20 440 91
20 333 96
20 301 99
20 406 93
20 490 77
20 384 45
20 449 51
20 438 61
20 521 42
20 436 8
20 517 93
21 482 7
21 547 69
21 359 80
21 343 66
21 472 91
21 293 96
21 386 94
21 542 71
21 353 63
21 330 94
22 344 49
22 425 76
22 319 62
22 325 72
22 351 61
22 409 13
22 286 61
22 302 26
22 398 40
22 554 19
22 311 75
22 536 25
22 553 59
22 352 92
23 298 20
23 341 28
23 321 85
23 519 46
24 484 1
24 328 1
24 399 70
24 551 69
24 464 53
24 317 15
25 537 8
25 386 55
25 519 42
25 500 10
25 472 73
25 387 93
25 356 62
25 513 63
25 449 46
26 376 38
26 307 42
26 512 21
26 411 38
27 453 22
27 448 16
27 289 33
27 361 89
27 546 35
27 415 2
27 551 88
28 499 18
28 389 82
28 500 11
29 294 88
29 303 47
29 323 64
30 311 11
30 506 49
30 304 71
30 472 62
30 435 25
30 332 80
30 395 23
30 426 47
31 395 65
31 353 6
31 404 70
31 282 51
31 501 52
31 490 46
31 429 57
31 350 13
31 487 78
31 502 22
31 380 50
32 512 98
32 467 90
32 400 64
32 390 30
32 474 67
32 279 11
32 360 35
32 442 68
32 308 65
32 497 96
33 404 26
33 475 45
33 343 54
33 356 63
33 485 10
33 495 83
33 516 14
33 399 92
33 331 84
33 418 14
33 442 62
33 428 97
33 339 90
34 318 57
34 554 10
34 455 63
34 349 38
34 530 83
34 362 56
34 357 32
34 498 6
35 355 4
35 316 89
35 460 38
35 359 48
35 517 74
35 330 47
35 312 19
35 540 4
35 444 51
35 454 89
35 398 12
35 278 58
35 363 50
35 436 39
36 499 61
36 411 16
36 527 88
36 381 43
36 327 62
36 313 44
36 347 20
36 317 94
37 522 9
37 433 88
37 281 1
37 460 1
38 333 8
38 412 20
38 432 5
38 461 73
38 511 52
38 543 12
39 303 34
39 413 91
39 555 23
40 296 56
40 434 17
40 554 15
40 529 36
41 423 37
41 511 94
41 395 89
41 321 33
41 406 24
41 397 50
41 390 40
41 532 40
41 449 18
41 484 49
41 285 47
41 555 50
42 393 40
42 361 93
42 326 88
42 408 85
42 447 9
42 388 81
42 319 50
43 373 47
43 407 74
43 448 40
43 372 98
43 473 98
43 553 78
43 527 38
43 312 1
43 308 25
43 434 59
43 349 16
43 343 5
43 398 99
43 376 73
44 441 8
44 416 26
44 520 49
44 492 31
44 300 61
44 455 84
44 290 38
44 304 61
44 536 60
44 318 89
44 460 70
45 471 57
45 298 24
46 543 12
46 443 19
46 487 45
46 530 7
46 328 14
46 381 75
46 503 67
46 505 68
46 488 62
47 418 96
47 498 95
47 419 90
47 327 55
47 491 85
47 489 50
47 278 15
48 439 81
49 547 3
49 482 45
49 451 48
49 297 76
49 344 33
49 361 67
49 381 39
49 467 55
49 331 48
50 533 96
51 291 12
51 419 85
51 447 14
51 461 50
52 423 28
52 326 41
52 374 55
52 493 26
52 467 82
52 310 79
52 370 52
52 437 2
53 426 30
53 532 33
53 322 6
53 384 46
53 460 30
53 281 54
53 309 40
53 412 7
53 453 99
53 338 88
53 548 46
53 468 79
53 464 87
54 278 26
54 314 10
54 452 47
54 475 79
54 422 51
54 362 7
54 484 52
54 555 66
54 436 79
54 308 55
54 355 82
54 410 48
54 524 47
54 342 67
55 357 49
55 449 1
55 359 59
55 416 68
55 386 36
55 490 29
55 404 1
55 422 16
55 502 16
55 529 70
55 302 87
55 435 38
56 386 85
56 469 15
56 499 41
56 515 97
56 359 24
56 374 40
56 457 35
56 293 63
56 390 3
56 503 31
56 352 8
56 307 47
56 427 31
57 306 73
58 313 1
58 523 36
58 465 50
59 445 77
59 466 23
59 329 97
59 355 82
59 310 86
59 429 90
60 505 7
60 367 40
60 448 21
60 337 11
60 327 50
60 311 86
60 395 11
60 412 94
60 450 77
61 523 91
61 323 14
61 342 22
61 336 37
61 411 25
61 357 82
61 340 32
61 307 43
62 474 14
62 336 83
62 494 65
62 335 18
62 525 92
62 426 12
62 497 37
62 280 63
63 438 28
63 326 65
63 500 65
63 288 38
63 343 47
63 301 90
63 332 55
63 292 99
63 536 24
63 393 35
64 453 57
64 450 4
64 433 30
65 555 84
65 420 76
65 308 91
65 386 37
65 333 31
65 543 56
65 553 18
65 525 52
66 316 64
66 309 11
66 510 68
66 280 45
66 357 80
66 441 83
67 392 98
67 520 21
67 289 72
67 395 14
67 301 28
67 312 83
68 313 47
68 356 23
68 327 22
68 377 46
68 503 56
68 538 30
68 511 2
68 301 58
68 458 22
68 347 13
68 335 90
68 383 25
68 395 29
68 389 13
69 440 30
69 356 8
69 378 73
69 527 81
69 312 62
69 548 56
69 290 20
69 456 12
69 508 64
70 338 54
70 486 96
70 421 93
70 308 66
70 532 7
70 385 57
70 309 78
70 350 52
70 493 22
70 454 29
70 300 20
71 361 82
71 285 62
71 406 54
71 441 46
71 500 80
71 530 1
71 323 54
71 551 60
72 337 30
72 404 51
72 316 21
72 478 43
72 341 16
72 519 67
72 321 54
72 534 91
72 315 48
72 476 90
73 320 51
73 450 71
73 371 64
73 314 36
73 316 58
73 359 67
73 554 49
73 363 63
73 527 63
73 523 94
73 541 2
73 333 44
73 516 61
73 443 68
74 420 95
74 493 10
75 482 31
75 462 68
75 500 53
75 450 28
76 294 2
76 547 62
76 331 3
76 322 59
76 346 82
76 307 14
76 553 34
76 456 53
76 534 77
77 375 98
77 467 53
78 369 65
78 402 31
78 419 61
78 531 70
78 516 58
78 513 56
78 473 47
78 418 4
78 539 87
78 517 97
79 492 17
79 457 37
79 319 59
79 525 59
79 549 85
79 367 89
79 375 52
79 278 48
79 500 7
79 298 37
80 305 85
80 510 39
80 295 20
81 529 89
82 285 89
82 306 69
82 419 5
82 532 54
83 328 45
83 368 34
83 482 95
83 506 86
83 502 64
83 543 42
83 532 36
84 431 14
84 286 1
84 370 98
84 424 38
85 406 53
85 512 84
85 487 64
85 541 66
85 494 30
85 278 84
85 467 25
85 525 43
86 355 1
86 391 96
86 299 24
86 498 82
87 499 6
87 303 70
87 411 62
87 510 67
87 376 27
87 476 11
87 378 71
87 406 81
87 506 88
87 321 51
87 320 92
87 420 59
87 388 54
88 443 2
88 422 31
89 491 73
89 363 18
89 441 23
90 295 71
90 413 88
90 300 53
90 368 10
90 419 54
90 343 53
90 422 22
90 535 72
90 290 89
91 485 5
91 281 65
91 317 26
91 311 4
91 309 57
92 332 21
92 549 51
93 309 89
93 555 17
93 283 3
93 443 74
93 498 9
93 351 4
93 445 30
93 360 18
93 483 49
93 317 2
93 455 91
93 492 6
94 345 13
94 482 29
94 445 54
94 389 52
95 513 26
95 411 77
95 511 25
95 427 35
95 494 29
95 508 96
95 391 17
95 417 10
96 546 46
96 411 54
96 401 21
96 540 66
97 415 17
97 410 63
97 436 48
97 289 35
97 525 38
97 357 3
97 295 13
97 529 15
97 455 70
97 340 43
97 330 15
98 548 68
98 502 59
98 527 36
98 385 60
98 420 52
98 465 61
98 468 16
98 314 60
98 370 61
98 354 50
98 406 13
99 491 99
99 384 26
99 490 33
99 374 86
100 504 22
100 359 93
100 332 99
100 514 92
100 354 28
100 480 54
100 464 82
100 470 63
100 476 1
100 309 86
101 540 54
101 511 56
101 448 67
101 375 10
101 520 17
101 317 40
101 398 81
102 377 82
102 439 63
102 547 56
102 492 75
102 350 92
102 461 37
102 323 65
102 334 48
102 308 30
102 499 93
102 311 59
103 361 16
103 433 4
103 280 63
103 391 22
103 526 3
103 474 52
103 511 80
103 472 19
103 300 15
103 341 77
103 470 16
103 499 60
103 343 85
104 414 96
104 461 36
104 309 73
105 452 97
105 542 5
105 298 49
105 552 51
105 291 45
105 513 11
106 538 32
106 330 17
106 308 62
106 424 76
106 434 11
106 526 29
106 442 57
106 336 35
107 384 44
107 508 97
107 335 61
108 324 24
108 361 47
108 481 97
108 447 23
108 314 32
108 525 53
108 325 15
109 284 29
109 409 97
109 465 26
109 428 4
110 396 67
110 415 4
110 542 71
110 341 79
110 436 57
110 545 63
110 434 67
110 382 44
110 491 81
110 458 43
110 442 15
110 431 6
110 462 72
110 499 46
110 335 60
111 302 27
111 501 42
111 461 52
111 403 62
111 460 80
111 334 33
112 338 18
112 406 99
112 516 62
112 322 49
112 466 38
113 532 50
113 476 66
113 399 51
113 551 34
113 435 22
114 304 47
114 349 85
114 534 28
114 503 50
114 519 58
114 457 5
114 299 32
114 388 71
115 317 93
115 293 68
115 408 1
115 303 17
115 545 18
115 517 9
115 537 42
115 463 26
115 281 77
116 339 72
116 324 26
116 482 73
116 490 77
116 476 35
116 500 46
117 297 70
117 514 49
117 537 5
117 320 9
117 436 30
117 304 20
117 369 13
117 308 1
117 324 92
117 553 47
117 498 21
117 502 67
117 438 21
118 465 44
118 298 96
118 390 2
118 385 22
118 297 11
118 476 80
118 401 69
118 551 12
118 290 33
118 396 2
118 526 81
118 341 53
118 346 8
119 422 13
119 321 73
119 305 93
119 296 25
119 489 60
119 280 45
119 429 13
119 477 39
119 552 58
119 413 1
119 381 53
119 490 96
119 515 2
120 466 52
120 338 80
120 356 67
120 489 9
120 393 69
120 415 96
120 461 42
120 377 21
120 368 81
120 481 81
120 325 71
120 451 5
121 524 63
121 480 97
121 465 66
121 519 34
121 301 38
121 328 48
121 437 24
121 281 55
121 526 23
121 291 7
121 436 40
121 350 8
121 543 67
122 533 86
122 282 76
123 516 55
123 467 81
123 339 86
123 380 95
123 335 48
124 408 26
124 508 9
124 398 28
124 517 88
124 499 45
124 492 24
124 370 32
124 441 85
124 384 12
124 466 86
125 350 32
125 503 92
125 418 23
125 467 21
125 465 97
125 330 47
125 487 46
125 495 6
125 414 20
125 343 52
125 320 30
125 427 41
126 400 79
126 364 46
126 396 41
126 540 60
126 458 42
126 422 83
126 295 20
127 348 86
127 485 40
127 476 95
127 337 85
127 312 23
127 387 78
128 329 54
128 440 70
128 312 77
128 507 88
128 307 14
128 419 17
128 451 39
129 414 44
129 408 36
129 441 75
130 382 47
130 355 84
130 466 46
130 527 89
130 357 29
130 376 9
130 405 75
130 529 66
130 354 43
130 400 18
130 286 84
131 483 30
131 486 82
131 307 47
131 396 85
131 536 82
132 427 49
132 461 65
132 304 25
132 494 46
132 279 36
132 436 8
132 392 99
132 485 43
133 500 43
133 501 77
133 313 68
133 404 18
133 327 6
133 536 36
134 469 91
134 311 97
134 438 43
134 513 70
134 397 93
134 516 75
134 462 95
134 413 93
134 328 90
134 485 78
134 431 64
134 503 29
134 302 42
135 390 6
135 332 93
135 349 25
135 282 87
135 536 31
135 535 3
136 444 32
136 353 68
136 307 73
136 412 19
136 427 89
136 283 39
136 461 40
136 306 84
136 319 4
136 552 47
137 383 52
137 537 40
137 294 58
137 551 61
137 514 8
137 300 26
137 290 86
137 466 86
137 554 12
137 446 53
137 444 11
137 350 86
137 282 55
138 461 74
138 550 47
138 388 81
138 446 8
138 520 65
138 400 94
138 347 49
138 279 18
138 328 89
138 303 38
139 408 15
139 379 74
139 525 68
139 511 19
139 279 79
139 385 53
139 286 31
139 488 54
139 473 90
139 397 92
139 320 47
139 360 39
139 394 39
140 327 7
140 547 68
140 347 34
140 537 79
140 282 8
140 278 38
141 302 76
142 522 77
142 288 92
142 350 45
142 416 13
142 355 98
142 430 72
142 445 8
142 382 32
142 487 74
142 547 90
142 316 55
142 384 29
142 476 62
142 321 2
143 552 43
143 339 86
143 435 40
143 417 8
143 365 8
143 325 34
143 418 80
143 468 99
143 549 20
143 349 94
143 470 9
143 408 36
143 555 8
144 324 75
144 303 40
145 383 32
145 412 15
145 281 42
145 501 80
145 485 14
145 524 61
145 487 23
145 336 30
145 306 55
145 292 20
145 388 8
145 368 45
145 356 99
146 406 79
146 504 1
146 392 37
146 541 19
146 498 76
146 398 37
146 420 63
146 493 81
146 475 94
146 381 72
146 375 99
146 357 5
146 344 95
146 440 78
146 299 73
147 363 50
147 441 5
147 522 63
147 361 64
147 278 33
147 341 92
147 317 43
147 288 75
147 345 14
147 370 48
148 358 49
148 336 41
148 310 21
148 307 57
148 378 84
148 471 88
148 360 1
148 341 88
148 460 80
148 440 20
148 311 19
148 381 57
149 445 89
149 493 59
149 455 70
149 403 12
149 405 58
150 324 38
150 315 43
150 416 42
150 485 76
150 503 18
150 402 82
150 550 49
150 544 79
150 343 51
150 464 56
151 474 43
151 405 13
151 450 8
151 339 37
151 435 26
151 443 24
152 553 70
152 441 28
152 540 96
152 376 43
153 283 25
153 330 10
153 338 83
153 340 99
153 549 17
153 389 15
153 404 58
154 440 54
154 495 92
154 469 15
154 457 5
154 320 93
154 476 22
154 381 35
154 360 6
155 477 32
155 371 71
155 554 72
155 552 31
155 336 58
155 392 71
155 531 77
155 287 34
155 306 32
155 288 57
155 327 75
155 382 73
155 406 83
155 519 93
156 504 33
156 476 19
156 410 31
156 432 74
156 442 69
156 340 33
156 278 29
156 433 59
156 494 43
156 324 59
156 498 3
157 492 25
157 549 95
157 296 87
157 514 36
157 339 51
157 546 49
157 299 91
157 520 73
157 447 32
157 377 93
157 398 53
157 503 98
157 493 96
157 363 38
158 521 71
158 378 48
158 354 75
159 311 51
159 531 42
160 508 41
160 400 42
160 343 75
160 504 61
160 473 59
160 470 96
160 476 74
160 493 19
160 338 52
160 505 2
160 393 76
160 413 73
160 316 28
160 293 13
160 287 29
161 544 34
161 391 76
161 385 89
162 303 97
162 404 81
162 355 9
162 463 84
162 495 1
162 357 52
162 287 99
162 313 80
162 333 21
162 417 34
162 288 37
162 464 97
162 281 84
162 496 53
162 319 8
163 449 2
163 391 19
163 351 60
163 385 50
163 322 34
163 510 28
163 317 40
163 387 77
163 357 31
164 314 39
164 511 71
164 327 55
165 478 21
165 482 25
165 532 85
165 527 68
165 382 4
166 436 94
166 286 58
166 394 77
167 441 70
167 438 34
167 476 57
167 495 42
167 485 24
167 409 61
167 376 79
167 530 75
167 391 40
167 436 81
168 317 55
168 278 18
168 510 24
168 349 65
168 364 27
168 462 94
168 353 68
168 415 84
168 311 42
169 357 62
169 284 58
169 329 4
169 365 77
169 537 46
169 305 29
169 525 96
169 493 79
169 408 55
169 290 35
169 382 66
169 513 34
169 480 3
169 436 27
170 397 75
170 510 38
170 458 68
170 503 62
171 340 19
171 398 27
171 446 72
171 491 49
171 438 64
171 482 38
171 299 49
171 455 84
171 295 54
171 415 32
171 360 55
171 426 97
171 361 91
172 362 99
172 432 20
172 424 53
172 407 96
172 503 20
172 382 66
172 315 56
172 538 12
172 423 13
172 326 27
172 360 82
173 351 24
173 555 41
173 523 73
173 508 48
173 451 52
174 362 90
174 466 48
174 514 28
174 393 59
174 483 33
174 333 49
174 283 57
174 347 69
174 475 14
174 548 93
175 511 66
175 430 29
175 548 62
175 352 75
175 473 65
175 528 24
175 380 58
175 510 44
175 399 66
175 374 14
175 302 50
175 415 30
176 443 56
176 356 71
177 504 12
177 456 51
177 327 7
177 463 99
177 465 90
177 514 25
177 554 24
178 403 64
178 316 1
179 480 32
179 448 63
180 338 83
180 395 28
180 546 38
180 493 59
180 370 50
180 486 62
181 555 83
181 360 82
181 550 26
181 405 1
181 497 27
182 544 50
182 441 38
182 376 62
182 370 58
183 405 66
183 482 96
183 335 8
183 446 35
183 426 3
183 363 61
183 299 91
183 552 57
183 431 47
183 526 82
183 504 43
183 434 58
183 498 79
184 340 88
184 299 70
184 314 3
184 463 29
184 425 30
184 363 12
184 350 81
184 323 96
184 504 20
185 333 85
185 335 16
185 524 51
185 445 67
185 287 48
185 414 31
186 502 70
186 358 85
187 521 1
187 320 68
187 447 38
187 525 33
187 461 59
188 373 27
188 332 56
188 390 65
188 328 30
188 481 3
188 330 91
188 505 70
188 434 91
188 325 76
188 507 8
188 533 5
189 285 5
189 433 94
189 535 56
189 436 97
189 386 97
189 350 20
189 370 27
189 306 80
189 330 61
189 385 46
189 422 12
189 389 91
189 477 83
190 417 35
190 381 13
190 374 61
190 535 86
190 423 62
190 493 81
190 520 75
190 447 20
190 532 46
190 370 30
190 488 43
190 454 46
191 281 64
191 385 1
191 367 9
191 398 89
191 336 26
191 437 29
191 353 9
191 494 9
191 480 47
191 373 63
192 490 53
192 374 75
192 432 73
192 419 87
193 466 81
193 279 42
193 407 58
193 549 72
193 468 13
193 401 16
193 338 65
193 346 81
193 362 94
193 317 89
193 542 31
193 394 84
193 456 29
193 443 95
193 504 33
194 458 85
194 367 58
194 476 65
194 519 13
194 542 52
194 363 34
194 508 20
194 401 18
194 549 90
194 492 35
194 285 18
194 289 3
195 327 82
195 339 37
195 365 72
196 544 60
196 460 86
197 324 14
197 455 74
197 368 99
197 540 33
197 306 61
197 330 73
197 529 17
197 397 27
197 366 80
197 378 82
197 302 6
197 486 20
198 279 59
198 472 42
198 343 99
198 512 13
198 455 76
198 380 62
198 327 5
199 555 88
200 394 62
200 327 22
200 301 54
200 313 62
200 534 25
200 455 68
200 366 37
200 468 94
200 538 13
200 294 83
200 441 45
200 281 23
200 555 30
200 492 45
201 490 71
201 389 54
201 388 95
201 312 99
201 448 24
201 468 85
201 355 48
201 430 86
201 321 71
201 411 51
201 552 14
201 408 98
202 542 31
202 357 93
202 438 19
202 318 90
202 455 6
202 392 75
202 424 68
203 307 71
203 494 24
203 418 92
203 467 21
203 289 38
203 389 9
203 503 93
203 398 36
203 394 22
203 468 15
203 343 97
203 298 38
203 520 83
203 345 89
204 494 15
204 527 71
204 385 45
204 341 18
204 316 76
204 452 38
204 535 20
204 458 41
204 538 76
204 325 50
204 516 3
204 482 48
204 459 26
204 411 37
204 401 44
205 441 76
205 346 23
205 512 77
205 461 69
205 451 54
205 526 59
206 436 21
206 357 78
206 407 34
206 310 57
206 483 91
206 498 30
206 486 49
207 441 26
207 475 72
207 366 73
207 500 14
207 346 30
207 348 9
208 385 17
208 361 22
208 327 73
209 436 72
209 420 30
210 463 37
210 322 49
210 542 30
211 365 48
211 458 42
211 508 18
211 285 89
211 439 82
211 373 57
211 524 91
211 404 46
211 504 91
211 540 21
211 464 68
211 419 29
211 330 30
211 515 93
211 329 92
212 352 12
212 285 60
212 370 85
212 467 9
212 332 70
212 311 15
212 390 5
212 516 77
212 429 88
212 412 19
212 414 18
212 367 20
213 385 23
213 449 4
213 363 50
213 323 48
213 490 33
213 411 6
213 305 29
213 435 73
213 433 37
213 313 16
213 549 67
213 532 9
213 498 73
213 399 57
214 476 80
214 497 80
214 552 53
214 354 46
215 483 2
215 532 78
215 456 24
215 507 29
215 353 62
215 494 13
216 346 44
216 548 29
216 412 78
217 515 15
217 434 43
218 396 65
218 368 30
218 378 71
218 373 65
218 382 37
218 301 69
218 335 43
219 527 41
219 377 72
219 491 36
219 389 23
219 467 2
219 323 20
219 317 56
219 487 95
219 415 92
219 337 76
219 538 35
220 408 14
220 549 35
220 412 24
221 551 24
221 357 43
221 515 18
221 443 39
221 299 96
221 285 93
221 312 41
221 375 38
221 352 4
221 280 4
221 532 28
221 401 15
221 433 31
222 361 72
222 425 86
222 336 95
222 484 44
222 408 36
222 417 87
222 382 37
222 420 40
222 301 80
222 508 11
222 481 78
222 446 77
222 455 4
222 451 73
223 544 67
223 374 20
223 522 67
223 403 93
223 401 64
224 342 79
224 448 19
225 520 41
225 342 86
225 393 54
225 315 27
225 464 40
225 347 76
225 497 2
225 364 3
225 537 68
225 365 32
226 462 94
226 350 86
226 343 89
226 282 83
226 387 9
226 446 96
226 493 33
226 492 99
226 490 27
226 373 97
227 412 84
227 479 43
227 539 33
227 292 39
227 435 61
227 409 93
227 554 20
228 502 74
228 296 19
229 438 37
229 520 11
229 343 64
229 302 35
229 345 12
229 511 31
229 509 99
229 288 42
229 394 18
229 464 96
229 367 12
229 551 36
229 463 37
229 471 13
230 517 78
230 293 83
231 366 91
231 405 14
231 513 90
231 357 59
231 403 23
231 485 35
231 469 94
231 332 38
231 449 82
231 467 35
231 504 97
232 437 54
232 486 16
232 467 66
232 378 47
232 495 56
232 362 28
232 537 84
233 480 32
233 534 22
233 486 31
233 323 52
233 483 78
233 354 52
233 376 9
233 403 55
233 447 16
233 538 3
233 355 15
233 414 62
233 296 48
233 358 31
234 413 54
234 388 56
234 291 70
234 339 79
234 319 30
234 477 16
234 306 96
235 504 2
235 392 16
235 532 27
235 282 53
235 487 76
235 300 34
235 486 46
235 410 26
235 384 51
235 423 49
235 311 55
235 378 9
235 473 52
236 541 80
236 534 56
236 351 52
236 342 39
236 474 36
236 383 38
236 427 50
236 283 67
236 545 20
237 386 91
237 539 23
237 359 20
237 530 86
237 364 67
237 476 99
237 496 59
237 280 95
237 506 68
237 526 27
237 374 12
238 377 88
238 372 30
238 472 6
238 424 4
238 329 99
239 307 2
239 302 19
239 541 63
239 535 29
239 477 64
239 528 53
239 402 59
239 313 54
239 544 95
239 533 50
239 281 98
239 479 4
239 366 31
240 402 43
240 342 92
240 451 65
240 503 29
240 497 82
240 512 25
240 323 4
240 464 33
240 482 90
240 308 66
240 428 46
240 502 67
241 450 56
241 434 81
241 534 29
241 426 96
242 332 64
242 481 50
242 531 50
243 482 49
243 407 40
243 340 34
243 387 19
243 405 87
243 329 38
243 488 55
243 519 38
243 555 63
243 305 66
243 437 90
243 431 17
243 522 2
243 313 55
244 525 65
244 483 25
244 373 34
244 456 47
244 399 59
244 375 48
244 511 81
244 385 1
244 531 66
244 462 12
244 507 53
245 287 18
245 384 62
245 509 9
245 424 72
245 441 30
245 523 57
245 437 32
245 415 99
245 322 48
246 388 55
246 384 90
246 549 9
246 532 73
246 518 78
246 308 90
246 401 27
246 343 86
246 468 41
247 399 67
247 335 99
247 457 49
247 515 44
247 302 12
247 409 90
247 424 57
247 527 94
247 299 50
247 364 5
247 480 3
248 449 69
248 478 49
248 412 74
248 323 23
248 436 66
248 551 69
248 463 76
248 363 47
248 453 66
248 433 33
249 373 9
249 544 58
249 462 18
249 423 54
249 413 1
250 539 74
250 465 16
250 550 61
250 301 68
250 314 68
250 507 21
250 483 95
250 388 59
250 416 99
250 391 12
251 443 4
252 354 73
252 463 50
253 377 18
253 331 15
253 383 36
253 541 8
253 521 28
253 347 96
253 282 79
253 399 7
253 501 17
253 458 86
253 373 8
253 303 9
254 395 15
254 542 80
254 288 21
254 325 8
254 316 58
254 455 41
254 486 32
254 430 89
254 413 12
254 526 17
254 485 41
254 491 34
254 412 81
255 350 36
255 288 82
255 410 73
255 285 89
256 335 74
256 362 12
256 370 62
256 307 95
256 495 26
256 296 29
256 395 51
256 545 97
256 458 2
256 368 31
256 327 21
257 362 75
257 495 93
257 299 57
257 405 30
257 280 53
257 395 59
258 455 54
258 533 40
258 334 74
258 520 52
258 360 41
258 454 70
258 327 72
258 550 84
258 491 39
258 488 2
258 490 74
258 325 2
258 365 26
258 393 91
259 311 15
259 450 6
259 537 18
259 386 43
259 297 74
259 337 46
259 496 13
259 528 89
259 323 51
259 477 69
259 374 10
260 309 57
260 391 11
260 500 11
260 347 15
260 448 18
260 426 59
260 386 12
261 279 81
261 398 22
261 287 82
261 408 42
261 445 99
261 301 37
261 460 33
261 335 41
261 434 89
261 300 12
262 304 86
262 543 28
262 511 77
262 298 96
262 287 75
262 520 39
262 395 6
262 315 69
262 361 76
262 474 15
262 438 55
262 357 8
262 476 47
262 519 64
263 543 89
263 535 5
263 320 43
263 455 84
263 461 60
264 468 61
264 440 69
264 406 22
264 496 42
264 551 63
264 433 20
264 438 4
264 397 10
264 445 72
264 476 7
264 352 80
265 282 10
265 403 34
265 545 56
265 327 1
265 438 3
265 461 23
265 547 92
265 451 13
265 473 81
266 405 71
266 329 6
266 525 46
266 338 41
266 360 45
266 348 56
266 429 74
266 391 75
266 380 18
266 321 53
266 341 94
267 353 94
267 349 49
267 448 81
267 347 29
267 524 43
267 518 65
267 433 86
268 307 14
268 518 76
268 283 72
268 316 30
268 514 34
268 529 63
268 553 95
268 486 6
268 437 22
268 549 51
268 543 46
268 287 61
268 545 66
269 355 13
269 527 30
270 350 4
270 367 88
270 523 56
270 331 23
270 373 80
270 308 97
270 374 7
270 445 46
270 328 29
270 474 91
270 434 20
270 369 13
271 306 86
271 296 61
271 509 52
271 449 28
271 442 58
271 323 38
271 487 37
271 379 78
271 386 36
271 350 10
271 499 42
271 510 71
272 333 82
272 331 46
272 400 40
272 364 34
272 314 23
272 370 30
273 311 57
273 445 86
273 343 82
273 552 65
273 532 45
273 422 92
274 497 72
274 347 20
274 479 84
274 357 88
274 329 7
274 345 31
274 334 44
274 514 38
274 547 15
274 317 51
274 373 10
274 425 45
274 309 70
274 318 23
275 519 88
275 295 23
275 302 30
275 376 34
275 542 93
275 530 94
275 320 47
276 520 84
276 437 41
276 341 35
277 459 58
277 417 73
277 508 23
277 512 98
277 473 35
277 298 33
277 348 31
277 545 21
277 309 16
277 463 60
277 548 56
277 448 38
277 443 53
277 331 48
277 374 72
