442 1859
1 441 6
2 434 91
2 426 51
2 406 21
2 336 63
2 317 78
2 396 33
2 238 87
2 247 69
2 348 15
2 374 39
2 440 54
2 376 84
2 436 88
2 391 72
3 358 71
3 355 13
3 302 95
3 372 99
3 304 46
4 235 89
4 354 96
4 313 5
4 250 84
4 271 96
4 377 26
4 436 18
4 370 1
4 422 82
4 319 83
4 296 52
4 256 37
4 328 14
4 332 59
5 225 3
5 326 69
5 353 42
5 368 61
5 243 68
5 224 20
5 232 57
5 331 33
5 332 45
6 315 46
6 411 64
6 307 70
6 305 14
6 227 72
6 225 93
7 359 96
7 435 86
7 420 21
7 294 23
7 314 19
7 307 11
8 240 9
8 245 86
8 320 66
8 368 24
9 365 37
9 341 60
9 330 33
9 280 6
10 354 86
10 250 62
10 391 2
10 225 40
10 283 26
10 422 86
10 224 3
10 244 30
10 424 51
10 392 28
10 398 79
10 408 88
11 286 56
11 416 52
11 315 58
11 442 21
11 340 27
11 336 12
11 355 45
11 268 8
11 353 85
12 307 96
12 349 31
13 347 15
13 307 94
13 277 48
13 410 93
13 402 82
13 428 75
13 353 37
13 363 31
13 393 60
13 419 25
13 293 27
13 297 58
13 234 83
13 417 63
14 333 30
14 358 88
14 312 86
14 275 90
15 255 66
15 394 36
15 403 93
15 366 44
15 223 31
15 436 54
15 368 57
15 340 29
16 232 46
17 319 97
17 285 25
17 296 15
17 360 25
17 409 20
17 235 90
18 412 31
18 277 87
18 430 46
18 335 77
18 440 92
18 260 21
18 370 54
18 264 14
18 323 96
18 380 20
18 439 64
18 242 30
18 325 93
18 437 75
18 295 57
19 314 97
19 355 24
19 316 58
19 266 17
19 401 20
19 434 61
19 427 38
20 392 71
20 409 64
21 416 93
21 233 37
21 381 54
21 278 30
21 305 40
21 319 7
21 369 45
21 342 99
21 441 8
21 351 68
21 363 52
21 397 75
21 364 83
21 438 11
22 335 94
22 431 69
22 344 13
22 423 22
22 349 97
22 311 24
22 246 66
22 404 25
22 425 63
22 227 54
22 315 88
22 412 99
22 252 2
23 292 56
23 407 8
23 385 1
23 252 29
23 289 93
23 396 17
23 323 82
23 356 83
23 365 56
23 398 66
23 317 25
23 296 74
24 393 90
24 401 74
24 395 65
24 270 23
24 222 25
24 321 23
24 439 81
24 342 14
24 411 13
24 281 64
24 324 47
24 392 7
24 272 39
24 398 40
25 433 47
25 350 97
25 338 69
25 364 73
26 386 1
26 421 41
26 366 40
26 296 5
26 263 88
26 370 91
26 392 7
26 329 39
26 431 59
26 280 59
26 393 2
27 392 27
27 430 39
27 254 4
27 269 87
27 362 48
27 364 8
27 252 50
27 321 1
27 296 3
27 286 38
27 416 31
27 413 7
27 408 85
27 226 89
27 423 92
28 272 60
28 366 93
28 237 89
28 282 53
28 395 69
28 369 84
28 252 15
28 415 82
28 256 66
28 320 84
28 228 34
28 294 85
28 372 85
28 332 74
28 354 16
29 330 85
29 442 64
29 285 22
29 366 13
29 226 85
29 292 26
29 429 44
29 308 20
30 296 91
30 321 33
30 226 96
31 331 97
31 259 66
31 390 35
31 405 69
31 279 34
31 287 54
31 265 16
31 333 96
31 263 31
31 245 14
31 400 50
31 281 6
32 264 90
33 400 17
33 391 13
33 406 56
33 375 37
33 284 4
33 305 15
33 299 22
33 226 64
33 360 27
33 285 87
34 295 52
34 251 67
34 417 85
34 351 73
35 373 4
35 410 67
35 303 17
35 431 73
35 412 98
36 410 21
36 274 73
36 289 87
36 310 49
36 440 47
36 288 97
36 419 51
36 327 79
36 306 69
37 249 89
37 293 43
37 350 3
37 316 36
37 332 58
37 389 32
37 384 95
37 313 73
37 254 69
37 255 8
37 252 17
37 341 77
37 233 11
37 434 32
37 235 70
38 355 79
38 394 82
38 248 2
38 313 49
38 374 81
38 275 12
38 388 30
38 424 15
38 353 40
39 417 52
39 307 85
39 233 17
39 249 30
39 254 63
39 422 10
40 268 40
40 400 52
40 288 36
40 256 53
41 427 75
41 248 83
41 432 84
41 399 17
41 378 9
41 317 53
41 290 77
41 263 31
41 298 98
41 296 9
41 302 57
41 376 22
41 247 10
42 435 41
42 281 18
42 416 69
42 347 64
42 297 95
42 335 2
43 303 97
43 410 58
43 227 59
43 242 29
43 440 62
43 362 84
43 399 73
43 388 15
43 278 66
43 293 10
43 320 60
43 432 68
43 263 64
44 385 42
44 319 58
44 231 57
44 401 86
44 355 94
45 231 66
45 342 93
45 227 95
45 299 4
45 224 80
45 396 31
45 429 6
46 294 82
46 274 31
46 433 75
46 364 76
46 425 13
46 345 94
46 280 45
46 427 45
46 378 51
46 373 38
46 319 94
46 371 16
46 306 55
46 352 23
46 240 32
47 277 36
48 259 38
48 369 12
48 339 22
49 338 39
49 339 41
49 422 92
49 331 79
49 294 51
49 289 84
49 222 31
50 224 75
50 266 98
50 375 3
50 405 6
50 315 94
50 225 77
50 302 29
50 399 23
50 229 80
50 360 54
50 400 97
51 300 39
51 303 54
51 427 16
51 227 15
51 321 24
51 324 14
51 438 5
51 244 63
51 409 41
51 358 32
51 281 72
52 418 35
52 379 57
52 316 58
52 385 91
52 315 59
52 273 92
52 434 65
53 435 90
53 371 51
53 274 25
53 438 92
53 344 81
53 259 19
53 236 47
53 372 42
53 321 45
53 249 43
53 341 18
53 362 87
53 381 32
53 378 42
54 257 77
54 438 38
54 326 99
55 408 58
55 226 7
55 364 24
55 257 18
55 351 79
55 316 75
55 306 87
55 340 43
55 289 99
55 428 4
55 235 63
55 357 45
55 309 48
55 237 3
56 391 19
56 372 36
56 251 58
56 431 89
56 325 4
56 284 73
56 309 46
56 288 72
56 365 96
56 381 68
56 238 81
56 361 69
56 261 61
57 281 46
57 389 53
57 431 99
57 300 30
57 247 57
57 423 19
57 293 59
57 335 34
57 366 52
58 260 69
58 361 48
58 390 11
58 386 75
58 307 37
58 335 49
58 254 81
58 346 16
58 409 83
59 329 97
59 227 96
59 228 40
59 222 98
59 353 52
59 320 73
59 380 52
59 441 74
59 319 65
59 334 53
59 397 85
59 368 10
59 301 55
59 390 36
59 369 10
60 368 15
60 230 42
60 432 90
60 435 1
60 319 73
61 328 6
61 309 26
61 287 88
62 361 69
62 345 66
62 279 66
62 268 11
62 426 79
62 236 29
62 415 37
62 273 96
62 234 90
62 275 80
63 431 85
63 389 83
63 370 72
63 264 21
63 294 47
63 237 1
63 253 26
63 334 77
63 281 83
63 222 54
64 240 7
64 410 48
65 357 42
65 416 15
66 292 12
66 342 2
66 362 60
66 377 94
66 430 59
66 402 81
66 256 42
66 384 77
67 351 72
67 383 9
67 395 71
67 249 33
68 316 85
68 349 63
68 380 73
68 283 45
68 284 29
68 393 56
68 246 95
68 243 30
68 296 70
68 362 52
68 396 38
69 360 93
69 329 94
69 261 89
69 301 74
69 402 96
69 322 23
70 383 71
70 385 82
70 375 22
70 242 24
70 275 52
70 401 98
70 410 78
70 229 68
70 353 42
70 408 38
70 345 9
70 228 38
70 381 8
70 254 12
70 287 64
71 334 50
71 251 15
71 405 15
71 294 62
71 245 4
71 308 38
71 270 25
71 267 50
71 442 52
71 424 13
72 263 44
72 370 59
72 344 63
72 414 67
72 392 1
72 282 69
72 396 8
72 309 46
72 436 55
73 328 1
73 326 26
73 324 49
73 316 9
73 385 34
73 335 64
73 278 95
73 394 77
73 356 87
73 236 18
73 273 86
73 295 91
74 369 63
74 271 41
74 439 73
74 250 44
74 418 79
74 297 75
74 336 12
74 329 92
74 242 84
74 293 47
74 276 33
74 301 69
75 436 11
76 388 8
76 427 40
76 387 15
76 294 1
76 423 41
76 227 69
76 368 2
76 303 92
76 420 52
76 302 12
76 415 39
76 434 1
77 308 6
77 410 81
77 295 97
77 411 8
77 406 60
77 418 38
77 365 32
78 254 66
78 420 22
78 234 81
78 321 19
78 276 90
78 308 24
78 255 21
78 269 94
78 390 95
78 305 54
78 327 71
78 285 54
79 411 93
79 251 80
79 328 98
79 222 26
79 427 25
79 364 81
79 345 76
79 358 47
79 272 49
79 338 85
79 324 98
79 235 11
79 377 29
79 325 35
80 400 43
80 338 73
80 255 93
80 292 14
80 222 84
80 355 24
80 229 9
80 375 1
80 416 3
80 368 88
80 362 27
80 334 21
80 251 25
81 310 77
81 370 20
81 317 75
81 340 7
81 381 38
81 409 81
81 410 58
81 421 45
81 275 20
81 241 8
81 259 56
81 424 72
81 304 27
81 352 84
81 418 91
82 373 83
82 372 81
82 288 23
83 409 71
83 293 89
83 435 55
83 441 80
83 277 48
83 244 1
83 396 81
83 249 69
83 281 47
83 224 45
83 233 92
83 324 77
83 243 10
83 340 98
83 236 5
84 361 57
84 259 99
84 387 27
84 236 73
84 432 79
84 360 61
84 423 29
84 273 71
84 405 89
84 374 23
84 367 66
84 244 38
84 440 41
84 326 58
85 405 40
85 409 18
85 261 18
85 252 22
85 238 65
85 378 56
85 318 31
85 284 69
85 359 97
85 235 72
85 383 74
85 362 25
85 273 69
85 230 34
85 377 14
86 406 53
86 338 43
86 223 98
86 345 57
86 336 68
86 428 69
86 273 85
86 222 64
86 271 10
86 313 3
86 384 62
86 258 42
87 373 19
87 252 65
87 397 57
87 236 81
87 270 63
87 358 40
87 424 12
88 440 8
88 261 27
88 265 75
88 417 55
88 250 44
88 223 43
89 441 73
89 372 87
89 264 2
89 249 55
90 403 98
90 349 54
90 438 92
90 424 95
90 316 58
90 420 37
90 358 80
90 261 67
90 368 81
90 436 73
90 281 89
90 382 55
91 353 53
91 407 8
91 258 20
91 402 4
91 241 14
91 422 13
92 340 5
92 405 40
92 301 90
92 362 12
92 400 84
92 271 58
92 393 27
93 384 86
93 341 77
93 230 87
93 375 54
94 245 14
94 256 94
94 415 81
94 363 83
94 293 10
94 442 12
94 384 48
94 328 70
94 294 46
94 267 61
95 257 29
95 431 76
95 362 15
95 361 81
95 255 67
95 335 22
95 305 53
95 230 74
95 434 68
95 306 36
95 231 41
95 344 29
95 396 61
96 308 83
96 310 61
97 426 64
97 317 86
97 273 69
97 229 35
97 344 68
97 281 71
97 318 59
97 434 93
97 338 14
97 331 67
97 242 78
98 433 8
98 267 72
98 360 43
99 327 96
99 411 71
99 352 33
99 254 67
99 239 51
99 271 75
99 258 64
100 383 76
101 236 31
101 223 18
101 292 36
101 409 74
102 355 12
102 295 10
102 397 51
102 311 14
103 374 84
103 250 34
103 308 97
103 303 22
103 264 46
103 263 25
103 440 78
103 416 36
103 431 77
103 396 89
103 316 70
103 406 83
104 248 1
104 291 14
104 273 88
104 399 15
104 277 80
104 356 31
104 377 72
104 280 64
105 288 8
105 291 61
105 266 10
105 316 9
106 372 97
106 279 87
106 329 56
106 406 52
106 257 99
106 399 94
106 410 59
106 386 49
106 299 42
106 324 1
107 433 83
107 419 45
107 273 10
107 284 50
108 430 97
109 272 71
109 328 92
109 266 97
109 339 90
109 442 62
109 399 6
109 240 80
109 263 75
109 376 17
109 334 29
109 323 21
109 404 93
109 239 81
110 390 38
110 342 87
110 290 6
111 323 23
111 432 24
111 280 89
111 229 24
111 370 58
111 304 68
111 435 27
111 392 37
111 350 83
111 287 30
112 325 21
112 439 41
112 261 1
112 301 31
112 332 44
112 436 5
112 431 31
112 319 34
112 254 1
112 280 71
112 373 11
113 436 71
113 245 48
113 298 3
113 285 18
113 337 12
113 307 40
113 234 23
113 264 78
113 426 2
113 368 78
113 353 12
114 343 55
114 265 95
114 401 60
114 405 21
114 346 20
114 272 27
114 270 39
114 395 4
114 326 66
114 337 61
114 284 7
114 325 32
114 349 84
114 264 40
115 245 75
115 257 85
115 301 85
115 392 17
115 265 63
115 287 48
115 427 37
115 294 16
115 241 94
115 320 51
115 306 76
115 337 87
115 244 7
116 341 46
116 292 28
116 350 5
116 303 59
116 432 81
116 393 52
117 357 10
117 350 86
117 229 6
118 435 70
118 332 24
118 415 84
118 403 4
118 223 94
118 233 96
118 400 6
119 305 50
119 275 65
119 391 16
119 289 18
119 403 77
119 396 37
119 278 54
119 281 37
119 329 62
119 385 39
119 248 31
119 408 74
119 376 39
120 245 1
120 373 10
120 267 44
120 376 33
120 244 21
120 359 92
120 314 75
120 372 62
120 330 3
120 350 25
120 293 80
121 273 75
121 398 54
121 233 69
121 333 15
121 240 62
122 348 32
122 367 59
122 382 53
122 249 40
122 393 11
122 225 45
123 349 86
123 376 61
123 334 69
123 365 29
123 414 10
123 323 73
123 263 67
123 391 97
123 284 43
123 308 21
123 357 35
124 432 47
124 262 5
124 321 61
124 376 79
124 387 52
125 438 83
125 335 2
125 345 22
126 269 44
126 438 48
126 367 40
126 383 36
126 281 42
126 231 24
126 433 67
127 423 40
127 264 75
127 429 30
127 337 79
127 426 77
127 422 34
127 228 29
127 359 55
127 248 23
127 251 83
127 341 64
127 431 91
127 311 83
127 413 2
127 418 94
128 319 6
128 307 81
128 267 59
128 228 41
128 304 7
128 352 64
128 229 54
128 276 83
128 225 80
128 275 76
128 286 51
128 370 19
129 383 67
129 424 97
129 381 47
129 293 25
130 283 27
130 315 5
130 303 42
130 316 34
130 279 92
130 341 67
130 369 64
131 237 44
131 409 2
132 357 18
132 233 49
132 299 39
132 241 95
132 416 87
132 285 91
132 406 19
132 427 20
132 355 49
132 292 43
132 257 58
132 374 76
132 334 2
132 373 17
133 300 3
133 312 86
133 307 92
133 270 50
133 402 4
133 359 27
133 441 15
133 352 62
133 325 58
134 250 76
135 301 58
135 276 37
135 337 87
135 263 42
135 283 68
135 311 3
135 430 38
135 351 18
135 294 16
135 320 39
136 418 88
137 400 16
137 433 15
137 280 87
137 371 92
137 425 84
137 348 33
138 290 99
138 380 18
138 372 55
138 360 88
138 255 49
138 440 25
138 235 87
138 389 39
138 359 48
138 326 1
138 282 18
138 388 60
138 258 17
138 348 86
139 398 56
139 437 91
139 313 62
139 245 37
139 332 50
139 370 5
140 240 76
140 429 52
140 262 47
140 427 5
140 272 41
140 361 61
140 266 63
140 384 28
140 242 87
140 344 71
140 386 5
141 338 57
142 345 20
142 250 93
142 313 16
142 249 44
142 262 4
142 434 87
142 411 10
142 259 13
142 284 99
142 381 3
142 403 20
142 321 3
142 256 21
143 280 57
143 401 98
143 238 53
143 277 33
143 341 24
144 385 53
144 320 50
144 270 42
144 390 80
144 416 56
144 249 47
144 315 71
144 261 50
144 265 48
145 337 87
145 405 62
145 434 59
145 313 52
145 284 77
145 374 95
145 304 60
146 401 41
146 271 23
146 392 70
146 420 13
146 267 87
146 311 74
146 383 28
146 326 38
147 325 5
147 284 74
147 328 32
147 331 45
147 334 83
147 419 83
147 243 62
147 246 10
147 422 95
147 366 63
147 276 19
147 234 54
147 341 15
147 248 39
148 241 38
148 289 69
148 288 73
148 359 53
148 265 40
148 415 23
148 438 50
148 248 41
148 376 50
148 390 43
148 383 7
148 313 61
148 436 16
148 342 76
148 225 82
149 254 20
149 366 36
149 335 78
149 281 23
149 420 5
149 380 76
150 225 81
150 428 15
150 412 26
150 289 67
150 305 65
150 230 25
150 250 52
150 317 63
150 281 88
150 245 58
150 395 41
150 401 45
150 421 3
151 283 85
151 228 2
152 257 39
152 394 35
152 384 35
152 328 5
152 250 87
152 347 63
152 418 24
153 243 89
153 311 38
153 228 23
153 409 67
153 241 86
154 306 28
154 284 76
154 373 28
154 295 41
154 348 32
154 354 11
155 348 63
155 294 56
156 289 54
156 263 47
156 383 86
156 247 75
156 276 97
156 230 97
156 304 77
157 394 62
157 385 84
157 428 66
157 263 16
157 274 14
157 322 90
157 384 80
158 386 80
158 229 2
158 227 43
158 275 18
158 278 17
158 375 13
158 319 58
158 337 26
159 315 88
159 430 44
159 323 97
159 418 39
159 239 25
159 268 87
159 311 61
159 292 18
159 260 10
159 429 35
159 406 39
159 393 29
159 232 48
160 228 92
161 237 49
161 299 60
161 318 8
161 264 89
161 232 86
161 272 62
161 354 5
161 407 72
161 246 8
162 340 54
162 289 95
162 269 47
162 233 95
162 331 26
162 285 97
163 315 14
163 358 93
163 317 51
163 227 98
163 418 28
163 368 59
163 382 42
163 394 78
163 424 58
164 398 73
164 420 90
164 379 1
164 375 67
164 437 56
165 376 80
165 262 74
165 298 62
165 223 33
165 294 88
165 393 53
165 264 82
165 359 10
165 386 27
165 370 26
165 244 95
165 245 21
165 248 16
166 343 37
166 262 43
166 360 44
166 319 78
166 354 92
166 337 35
166 261 20
167 378 95
167 313 41
167 250 87
167 431 31
167 398 20
167 429 33
167 310 7
167 363 82
167 345 50
167 290 17
167 336 96
168 254 61
168 283 38
168 280 16
168 364 27
168 315 79
168 241 34
168 311 15
168 246 7
168 424 73
168 234 16
168 372 4
168 401 67
168 258 25
168 299 3
169 338 8
169 237 43
169 340 6
169 309 35
169 260 15
169 223 95
170 288 98
170 424 65
170 364 47
170 276 61
170 342 40
170 372 87
170 305 32
170 244 13
170 246 55
170 396 46
171 277 1
171 287 60
171 281 11
171 425 30
171 438 34
171 226 83
171 335 1
171 248 10
171 236 64
172 366 10
172 384 63
172 292 85
172 395 62
172 321 5
172 351 92
172 414 74
172 348 62
172 227 28
172 424 13
172 298 90
172 412 2
173 438 47
173 298 35
173 442 21
173 260 98
173 342 95
173 381 90
173 384 55
173 402 87
174 418 92
174 271 3
174 423 2
174 233 51
174 239 28
174 356 16
174 241 43
174 336 56
174 417 95
174 234 69
174 429 24
174 365 43
174 262 95
174 294 71
175 242 5
175 334 32
175 338 13
175 240 4
175 415 43
175 275 69
176 399 65
176 285 25
176 348 4
176 438 1
176 408 65
176 436 44
177 295 53
177 432 26
177 378 89
177 408 32
177 243 39
177 414 92
178 334 46
178 279 23
178 328 71
178 229 8
178 286 62
179 356 34
179 295 34
179 258 89
179 370 49
179 378 18
179 321 67
179 360 59
179 271 88
179 285 47
179 412 6
179 225 76
179 439 30
179 336 89
179 277 85
180 229 91
180 246 48
180 371 86
180 423 22
180 366 68
180 355 98
180 428 1
180 429 86
180 296 83
180 272 63
180 352 18
180 375 67
181 276 64
181 232 31
181 349 32
181 407 96
181 432 73
181 324 99
181 265 96
181 433 69
181 311 79
182 251 69
182 336 54
182 392 20
182 246 48
182 368 57
183 405 45
183 247 12
183 300 18
183 254 39
183 379 76
183 272 95
183 304 99
183 406 46
183 248 47
183 362 45
183 292 60
183 371 2
183 308 4
184 319 10
184 248 61
184 388 48
184 230 51
184 437 27
184 275 31
184 284 50
184 260 3
184 228 28
184 234 57
184 233 51
184 406 33
184 360 76
185 341 34
185 309 20
185 416 7
185 331 23
185 281 93
185 242 66
185 333 73
185 247 11
185 274 53
185 343 88
185 414 68
185 226 45
185 371 86
186 381 23
186 291 67
186 253 19
186 337 84
186 346 86
186 349 37
186 412 71
186 225 96
186 391 87
186 384 9
186 251 32
186 315 19
187 367 28
187 240 88
187 287 97
187 243 55
187 416 17
187 354 55
187 347 67
187 286 6
187 382 1
188 404 62
188 312 80
188 288 40
188 293 24
188 294 51
188 416 94
188 267 28
188 258 92
188 433 57
188 346 73
188 340 79
188 322 7
189 423 40
189 339 9
189 282 83
189 233 84
189 429 44
189 338 70
189 360 14
189 254 61
189 302 79
189 408 47
190 229 12
190 429 74
190 321 4
190 441 66
190 314 77
190 246 76
190 322 56
190 346 36
190 292 34
190 247 1
190 280 39
190 277 85
191 251 61
191 346 87
191 347 78
191 260 60
191 412 36
191 228 43
191 267 44
191 303 4
191 307 30
192 356 35
192 343 52
192 360 13
192 391 87
192 243 80
192 323 15
192 346 70
192 392 73
193 286 84
193 429 53
193 388 44
193 260 21
193 341 16
193 322 68
193 240 65
193 323 21
194 352 84
194 314 17
194 223 52
195 310 37
195 308 21
195 236 39
195 349 78
195 263 67
195 439 54
195 332 48
195 364 95
195 368 6
195 344 84
195 418 35
195 307 71
196 328 18
196 374 75
196 420 17
196 433 76
196 412 22
196 343 91
196 331 79
196 392 96
196 275 61
196 264 85
196 400 63
196 309 49
196 362 47
196 311 94
197 386 65
197 270 45
197 397 20
197 254 14
197 354 40
197 388 51
197 271 26
197 304 92
197 229 66
197 228 10
197 281 96
197 350 73
197 406 46
197 360 33
198 413 32
198 395 19
198 370 65
198 437 88
198 308 50
198 346 82
199 383 27
199 414 45
199 335 99
200 256 91
201 278 43
201 262 29
201 344 6
202 344 20
202 420 90
202 320 52
202 389 57
202 386 90
202 396 32
202 247 72
202 278 89
202 292 3
203 427 76
203 352 92
203 435 45
203 271 83
203 429 45
203 358 25
203 400 10
203 430 7
203 356 80
203 434 49
203 317 46
203 344 46
203 262 65
204 236 43
205 241 21
205 382 75
205 236 99
205 260 65
205 393 67
206 379 20
206 222 46
206 380 28
206 429 70
206 262 11
206 360 46
206 248 7
206 442 3
206 344 15
206 381 52
206 238 7
206 376 42
206 280 73
207 421 43
207 285 30
207 241 43
208 308 72
208 291 43
208 348 66
208 353 38
208 254 3
208 442 36
208 379 92
208 315 12
208 375 94
209 377 83
209 308 59
209 263 55
209 254 48
209 241 32
209 240 82
209 415 90
210 334 66
210 442 5
210 317 70
210 262 56
210 403 49
210 357 23
210 311 35
210 379 38
210 327 39
210 329 23
210 389 94
210 426 55
210 305 74
210 398 7
210 362 72
211 394 3
211 324 35
211 282 99
211 248 48
211 411 32
211 380 33
211 271 28
211 389 65
212 366 83
212 287 54
212 258 16
212 339 75
212 427 27
212 356 86
212 262 51
212 280 55
212 429 82
212 393 69
212 241 16
212 245 75
212 268 69
212 330 73
212 433 73
213 318 94
213 337 49
213 272 9
214 391 29
214 242 98
214 421 79
214 388 42
214 368 38
214 302 38
214 360 88
214 401 11
214 245 57
214 397 20
215 371 48
215 276 83
215 259 51
215 292 58
215 274 39
215 261 39
215 343 86
215 415 3
215 348 33
215 367 47
215 318 8
215 226 51
216 314 88
216 348 68
216 436 12
216 291 85
216 428 58
216 315 31
216 265 4
216 442 29
216 241 61
217 346 6
217 308 98
217 313 24
218 347 4
218 439 29
218 304 85
218 335 42
218 405 16
218 291 78
218 317 87
218 434 16
218 293 30
218 363 31
218 431 7
218 279 99
218 437 19
219 242 57
219 246 36
219 366 30
219 416 87
219 267 71
219 276 61
220 366 3
220 331 1
220 402 78
220 373 11
220 353 12
220 394 30
220 351 53
220 239 79
220 355 57
220 426 8
220 404 28
220 289 58
221 419 43
221 266 84
221 253 28
221 356 55
221 229 11
221 273 53
221 439 44
221 365 86
221 371 55
221 440 60
221 257 92
221 271 21
221 364 57
221 442 61
