581 2259
1 413 19
1 300 70
1 407 71
1 566 52
1 384 71
1 527 24
2 307 7
2 568 50
2 396 20
2 417 74
3 494 75
3 504 29
3 503 56
3 516 64
4 552 15
4 461 10
4 417 38
4 472 91
4 459 28
4 309 2
4 313 80
4 344 31
4 564 69
4 451 64
4 302 1
5 404 46
5 447 38
5 460 91
5 357 83
5 384 56
5 383 10
5 304 17
5 427 38
5 576 24
5 535 14
6 419 67
6 502 20
6 508 70
6 325 18
6 308 38
6 513 62
6 376 92
6 294 30
6 349 53
6 377 70
6 331 75
6 462 73
6 328 86
6 320 69
7 536 92
7 573 72
7 385 25
7 512 21
7 402 64
7 366 48
7 345 87
7 420 1
7 454 7
7 530 52
7 538 26
8 401 86
8 412 15
8 490 66
8 380 64
8 491 64
8 308 59
8 494 91
8 579 33
8 552 50
8 532 48
8 566 89
8 295 68
8 479 74
8 448 90
9 382 39
9 363 88
9 567 1
9 423 16
9 327 94
9 464 25
9 428 72
9 313 51
9 333 23
9 354 90
9 474 84
9 365 85
10 344 96
10 376 74
10 351 75
10 518 27
10 556 66
11 440 13
11 578 19
11 422 92
11 445 52
11 416 48
11 322 26
11 531 66
11 294 88
11 297 12
12 390 84
12 504 41
12 500 37
12 392 22
12 329 4
13 545 5
13 406 51
13 540 30
13 518 26
13 565 60
14 338 87
14 427 85
14 466 13
14 311 27
14 505 53
14 471 35
14 478 92
14 480 75
14 526 79
14 476 79
15 566 63
15 384 18
15 385 57
15 523 24
15 413 81
15 298 76
15 296 49
15 515 81
15 425 39
15 306 91
15 535 62
15 546 34
16 555 27
16 554 82
16 333 41
16 544 31
16 413 15
16 526 1
16 559 87
16 328 79
16 480 35
16 531 66
17 560 48
17 395 15
17 398 39
17 350 81
17 397 1
17 399 91
17 435 39
17 495 17
17 291 55
17 516 50
17 298 86
17 526 10
17 440 49
17 422 67
18 294 84
18 430 14
18 453 40
18 384 27
18 463 55
18 547 69
18 337 91
18 533 34
18 428 98
18 516 54
18 358 58
18 581 31
18 499 86
19 376 23
19 412 20
19 435 91
19 528 87
19 434 1
19 484 45
19 479 96
19 455 69
19 318 42
19 488 84
20 341 99
20 500 76
20 330 58
20 546 43
20 389 22
20 394 36
21 418 12
21 314 47
21 325 18
21 340 34
21 391 74
21 437 47
21 404 2
21 303 61
21 349 61
21 447 24
21 503 65
21 463 74
21 332 15
21 435 17
21 578 85
22 430 24
22 468 69
22 381 6
22 494 17
22 570 96
22 497 63
23 421 63
23 403 86
23 546 64
24 413 52
24 337 97
24 298 43
24 568 29
24 330 40
24 412 50
24 367 97
24 454 26
24 475 69
24 432 97
24 326 86
24 311 7
24 579 40
24 415 96
24 422 13
25 322 75
25 533 19
25 436 31
25 447 27
25 536 76
25 344 79
25 385 23
26 369 55
26 298 25
26 482 99
26 293 76
26 503 8
26 549 53
26 485 27
26 519 25
26 427 73
26 444 49
27 547 61
27 341 53
27 461 82
27 464 76
27 342 5
27 546 72
27 563 21
27 393 12
27 555 27
27 395 40
27 447 5
27 383 17
27 369 31
27 438 78
27 361 83
28 469 73
28 549 92
29 330 41
29 359 78
29 534 33
29 399 36
29 489 10
29 322 85
30 365 30
30 533 43
30 508 18
30 528 30
30 389 64
30 466 43
30 426 44
30 425 99
30 456 45
30 375 25
30 443 37
30 360 46
31 482 86
31 555 15
31 533 37
31 411 71
31 376 46
32 497 11
32 404 16
32 436 50
32 432 40
32 524 18
32 307 38
32 552 93
32 327 21
32 405 92
32 504 34
32 304 60
33 432 86
33 412 47
33 472 41
33 321 13
33 466 51
33 317 68
33 297 52
33 562 33
33 539 86
33 526 43
33 564 57
33 568 68
33 454 82
33 399 40
34 489 60
34 356 91
34 408 93
34 414 33
34 313 97
34 567 58
34 407 56
34 398 69
34 510 32
35 566 22
35 512 21
35 419 60
35 430 45
35 312 13
35 502 6
36 433 24
36 471 9
36 510 71
36 554 9
36 300 84
36 524 14
36 357 97
36 384 84
37 523 25
37 539 94
37 460 19
37 454 62
37 446 5
38 490 85
38 387 3
38 419 54
38 339 47
39 471 67
39 501 99
39 568 57
39 315 46
39 305 1
40 511 87
40 481 95
40 387 76
40 459 5
40 423 17
40 517 16
40 314 19
40 411 91
40 425 91
40 564 24
40 471 40
40 482 28
40 480 62
40 414 35
41 320 85
41 524 60
41 334 98
42 520 27
42 347 63
42 527 8
42 497 69
42 313 39
42 322 79
42 301 95
42 555 51
42 407 84
43 513 29
43 485 68
43 540 74
43 338 92
43 303 46
43 457 55
43 578 59
43 492 24
43 391 21
43 313 76
43 436 33
43 333 79
43 311 96
44 309 82
44 487 65
44 521 33
44 506 4
44 335 94
45 559 22
45 524 77
45 448 23
45 366 68
45 488 68
45 566 87
45 365 68
46 412 72
46 544 94
46 488 39
46 440 31
46 493 49
46 369 17
46 568 80
46 524 53
47 401 33
47 466 86
47 324 50
47 322 18
47 524 98
47 427 78
47 374 85
47 304 68
48 410 39
48 294 14
48 417 9
48 361 28
48 339 20
48 362 31
48 403 80
48 536 42
48 543 36
48 328 36
48 464 84
48 432 73
49 473 74
49 504 61
50 561 60
50 350 1
50 529 86
50 475 25
51 298 73
51 323 61
51 544 21
51 380 92
51 396 72
51 451 59
52 527 52
52 581 26
52 311 63
52 573 95
52 474 16
52 350 15
52 447 5
53 302 17
53 341 37
53 495 9
53 417 83
54 539 55
54 408 59
55 350 60
55 291 49
55 373 41
55 575 14
55 401 96
55 549 94
55 545 14
55 367 33
55 426 7
55 411 78
55 398 71
55 402 26
55 553 50
56 563 32
56 525 74
56 493 5
56 576 24
56 299 48
56 543 46
56 307 41
56 472 50
56 539 75
57 317 93
57 433 68
57 344 84
57 510 27
57 437 22
57 403 31
57 438 67
57 442 37
57 472 66
57 373 77
57 484 6
57 380 41
57 313 26
57 458 75
58 560 32
59 525 47
59 438 24
60 534 97
60 335 59
60 390 27
60 429 45
61 552 47
61 506 91
61 333 70
61 530 66
62 514 83
62 460 31
62 333 13
62 405 13
62 549 60
62 550 37
62 496 14
62 326 10
62 512 84
63 555 55
63 538 73
64 470 29
64 551 70
64 474 73
64 502 82
64 325 65
64 569 70
64 321 13
64 507 94
64 363 21
64 477 10
64 307 6
65 334 98
65 496 72
65 441 77
65 466 24
65 479 49
65 395 82
65 493 23
65 316 31
65 315 46
65 337 76
65 490 15
65 329 60
65 355 39
66 304 99
67 380 55
67 578 24
67 404 6
67 501 40
67 459 91
67 467 31
67 340 42
68 345 20
68 500 59
68 521 19
68 442 54
68 425 25
68 438 76
68 388 62
68 567 74
68 506 35
68 581 97
69 336 49
69 417 57
69 450 77
69 335 32
69 487 40
69 320 36
69 527 36
69 427 88
69 303 32
70 547 87
70 507 54
70 350 10
70 492 96
70 387 14
70 311 10
70 450 35
70 414 82
70 327 11
70 556 47
70 417 7
70 298 54
70 341 29
71 376 78
71 580 64
71 471 79
71 481 14
71 392 58
71 505 70
71 404 24
71 355 6
71 406 61
71 549 56
71 579 12
71 511 79
71 533 66
71 499 4
71 472 61
72 330 68
72 328 15
72 345 87
72 395 69
72 535 52
72 305 60
72 383 43
72 515 87
72 341 11
72 368 62
72 408 5
73 493 44
73 501 89
73 409 94
73 400 51
73 343 28
73 401 28
73 321 44
73 346 20
73 527 78
73 492 14
73 418 53
73 483 26
73 391 77
74 495 66
74 457 64
74 360 26
74 532 27
74 524 97
75 516 97
75 379 18
75 535 48
75 527 6
75 330 74
75 362 15
76 538 95
76 431 59
76 314 37
76 387 3
76 312 69
76 392 35
76 495 76
76 339 68
76 460 52
76 402 54
76 480 26
77 441 35
77 458 12
77 384 10
77 417 29
77 433 83
77 559 36
78 495 46
78 291 26
78 310 47
79 299 15
79 457 89
79 440 10
79 441 4
79 558 87
79 412 35
79 456 17
79 455 89
79 304 13
79 330 45
80 390 56
80 387 39
80 468 16
80 396 79
80 381 56
80 478 68
81 325 90
81 346 42
81 461 51
82 374 43
82 518 37
82 422 85
82 544 74
82 392 24
82 549 40
82 569 30
82 448 15
83 518 17
83 547 69
83 306 15
83 512 82
83 453 2
83 533 80
83 508 27
83 295 1
83 529 7
83 467 50
84 317 34
84 359 15
84 579 34
84 530 19
85 453 86
85 543 56
86 540 8
87 410 97
87 419 87
87 314 20
87 356 32
87 504 54
87 426 60
87 450 92
87 354 93
87 487 94
87 316 83
87 463 11
87 508 30
87 453 15
87 421 86
88 524 63
88 430 57
88 542 21
88 406 1
88 321 21
88 398 98
88 576 62
88 376 54
88 347 58
88 450 88
89 304 79
89 356 49
89 386 19
89 316 57
89 431 27
89 529 18
89 533 25
90 468 50
90 488 29
90 388 67
90 319 26
90 382 52
90 349 11
90 522 82
90 333 63
91 467 9
91 390 22
91 487 88
91 448 8
91 368 97
91 442 17
91 510 71
91 403 91
92 424 63
92 537 70
92 302 58
93 520 14
93 300 19
93 344 66
93 291 57
93 437 45
93 580 43
93 391 29
94 323 31
94 561 53
94 501 5
94 575 42
94 566 36
94 559 67
94 427 77
94 401 58
94 450 60
94 348 1
94 380 48
94 356 60
94 425 11
94 490 47
94 539 38
95 559 38
95 517 13
95 495 77
95 458 74
95 374 47
95 395 61
95 578 72
95 416 9
95 333 58
95 550 55
95 379 86
95 557 69
95 381 4
96 524 7
96 523 84
96 441 72
96 435 23
96 411 83
96 568 24
96 454 80
96 384 30
96 465 58
96 373 67
96 293 85
97 367 22
97 448 30
97 527 39
97 581 57
97 320 70
97 342 44
97 381 4
97 314 60
97 502 11
97 376 76
98 377 81
98 530 54
98 456 80
98 505 71
98 450 95
98 523 68
98 300 58
98 339 45
98 426 47
98 359 86
98 436 50
98 437 98
99 566 74
99 345 52
99 419 75
99 558 28
99 395 26
99 424 76
99 321 87
100 492 67
100 477 9
100 318 79
100 421 45
100 470 91
101 520 52
101 327 17
101 466 23
102 573 16
102 439 38
102 299 15
102 354 52
103 536 27
103 353 58
103 295 28
103 442 26
103 456 31
103 325 92
103 448 52
103 411 87
103 513 56
103 301 22
103 403 84
104 557 11
105 405 80
105 501 36
105 368 24
105 346 56
105 431 86
105 466 81
105 344 42
105 428 19
105 375 27
105 561 72
105 480 44
105 361 67
106 542 2
107 444 9
108 406 88
108 502 19
108 440 78
108 464 45
108 496 43
108 390 7
108 563 33
108 447 35
108 341 24
108 335 40
108 357 47
108 387 27
108 410 44
108 318 36
109 403 74
109 352 89
109 439 32
109 495 46
109 384 24
109 450 68
109 470 65
109 433 56
109 398 29
109 560 61
109 316 36
109 543 34
109 385 95
109 312 95
110 409 25
110 360 54
110 303 14
110 579 60
110 386 24
110 407 23
110 331 4
110 491 33
110 401 9
110 387 11
110 480 78
111 422 78
111 569 78
111 332 46
111 546 12
111 494 83
112 397 10
112 481 60
112 480 38
112 434 7
112 530 44
112 486 38
112 537 41
112 323 98
112 298 43
113 517 33
113 364 43
113 311 33
113 352 89
114 428 18
114 529 10
115 398 10
115 360 11
116 428 37
116 363 11
116 443 69
116 328 27
116 399 86
116 485 3
116 360 21
116 338 32
116 446 41
116 357 80
116 305 22
116 403 67
117 570 46
117 412 90
117 298 20
117 557 44
117 411 46
118 332 52
118 354 76
118 400 95
118 556 89
118 555 52
118 327 86
119 419 14
119 352 15
119 576 18
119 331 91
120 438 79
121 522 71
121 550 44
121 409 91
121 328 1
121 397 68
121 421 67
121 292 42
122 566 35
122 433 42
122 581 57
122 503 23
122 543 57
122 512 17
122 363 74
122 488 4
122 420 58
122 553 19
123 291 31
123 318 97
123 449 43
123 319 24
123 388 88
123 469 44
123 323 65
123 356 34
123 298 14
123 344 22
124 343 85
124 448 24
124 560 56
124 440 12
124 310 69
124 294 12
125 451 42
125 571 61
125 396 96
125 446 89
125 369 21
125 548 99
125 556 78
125 343 49
125 366 84
125 436 3
125 346 89
125 359 29
126 438 19
126 398 79
126 363 15
126 522 48
126 312 29
126 441 94
127 389 83
127 517 20
127 460 49
127 513 55
127 319 83
127 529 99
128 565 26
128 362 67
128 344 54
129 451 45
129 393 56
129 499 12
129 476 86
129 454 45
129 370 54
129 352 45
129 413 75
129 417 14
129 507 7
129 468 68
130 434 98
131 337 32
131 527 19
131 301 93
131 452 40
131 367 86
131 369 55
131 564 37
131 401 15
131 345 35
131 473 8
132 568 38
132 438 95
132 520 62
132 318 28
132 580 49
132 383 63
132 364 86
132 293 77
132 542 96
133 547 63
133 480 54
133 543 45
133 526 34
133 575 92
133 461 73
133 315 17
133 471 44
133 502 75
133 508 73
133 316 5
133 325 1
133 563 41
133 293 60
134 403 95
134 577 52
134 556 2
135 340 55
135 339 16
135 317 97
135 306 45
135 467 89
135 514 52
135 413 20
135 386 38
135 418 19
135 414 16
135 394 24
136 474 18
137 372 5
137 337 82
137 339 88
137 508 37
137 374 10
137 490 6
137 376 45
137 456 87
137 552 85
138 542 2
138 403 66
138 539 69
138 316 11
138 536 62
138 562 42
138 369 30
138 318 7
138 330 96
138 527 35
138 499 66
138 454 76
138 528 48
139 351 9
139 338 70
139 384 80
139 478 52
140 398 74
140 500 2
140 424 25
141 482 95
141 537 73
141 576 57
141 476 92
141 494 27
141 357 70
141 419 90
142 464 16
142 346 64
142 353 31
142 507 55
142 401 51
142 456 64
142 361 17
142 434 53
142 316 49
142 561 28
142 538 34
142 454 28
143 393 11
143 450 89
143 313 32
143 442 23
143 571 81
143 480 58
143 400 41
143 444 57
143 324 74
144 563 18
144 347 56
144 360 58
144 541 31
144 377 43
144 457 63
144 542 89
145 563 28
145 325 10
145 399 77
145 466 84
145 424 91
145 531 51
145 464 15
145 314 42
145 305 65
145 495 80
145 373 15
146 571 13
146 465 31
146 318 55
146 364 22
146 474 52
146 316 18
146 471 47
146 497 91
146 429 35
146 356 64
146 355 51
146 483 76
147 388 34
147 420 85
148 291 14
148 504 17
148 347 97
148 441 8
148 309 73
148 523 24
149 420 8
149 355 2
149 509 27
149 317 26
149 364 40
149 559 50
149 548 50
149 466 36
149 487 59
149 362 75
149 385 89
149 388 57
149 320 1
150 358 43
150 351 29
150 568 26
150 336 20
150 354 96
150 497 5
150 552 41
150 437 84
150 327 52
150 401 28
150 356 26
150 314 77
150 382 33
150 438 43
151 502 98
151 338 78
151 490 34
151 480 17
151 299 34
151 547 92
151 581 57
151 397 8
151 520 11
151 463 5
151 472 30
151 450 82
152 516 2
152 549 68
152 323 12
152 370 32
152 295 60
152 437 74
152 578 94
153 555 76
153 460 91
153 351 57
153 450 87
153 440 97
153 362 2
153 572 4
153 544 33
153 494 39
154 374 55
154 339 74
154 430 2
154 465 48
154 373 7
154 479 8
154 422 51
154 569 57
154 392 26
154 351 59
154 461 56
154 397 64
154 472 44
155 392 35
155 376 18
156 359 22
156 368 89
156 568 15
156 309 3
156 526 72
156 441 73
156 349 21
156 528 68
156 459 52
156 429 82
156 321 57
157 475 52
157 300 42
157 434 91
157 316 37
157 520 16
157 388 31
157 401 60
157 563 18
158 467 52
158 426 37
158 529 3
159 335 81
160 576 75
160 448 94
160 569 17
160 326 54
160 348 7
160 354 1
160 441 19
160 503 31
160 467 33
160 508 56
160 505 39
160 430 66
161 372 8
161 518 86
161 495 1
161 340 60
161 392 66
161 419 35
161 499 6
161 342 50
161 317 66
162 508 49
162 573 55
162 395 10
162 452 66
162 474 89
162 524 44
162 329 26
162 293 4
162 482 26
162 505 83
162 355 81
162 370 19
162 472 9
163 555 39
163 377 9
163 324 56
163 379 20
163 549 15
163 390 67
164 540 33
165 481 52
165 405 25
165 553 96
165 376 3
165 428 25
165 470 29
165 417 29
165 466 30
165 549 1
165 367 51
165 326 18
166 356 31
166 540 53
166 571 15
166 319 26
166 524 39
166 470 8
167 530 87
167 556 18
167 308 57
167 438 92
167 314 27
167 528 7
167 419 73
167 332 58
167 465 47
167 544 99
167 349 48
168 518 92
168 550 5
168 360 47
168 496 21
168 337 39
168 503 17
168 439 15
168 482 25
168 404 59
168 355 7
168 330 41
168 387 60
168 294 16
168 436 96
168 576 3
169 419 74
169 335 65
169 350 50
169 316 65
169 502 93
169 384 13
169 301 69
169 529 48
169 464 32
169 549 96
170 300 11
170 428 41
170 534 25
170 503 18
170 490 23
170 385 45
170 389 78
170 431 29
171 335 81
171 525 37
171 398 96
171 376 5
171 569 96
171 389 92
171 465 37
171 516 1
171 502 2
171 435 80
171 459 2
171 534 46
171 511 57
171 495 42
171 421 96
172 324 25
172 353 32
172 424 8
172 540 9
172 413 82
172 322 7
172 370 35
172 555 24
172 300 56
172 473 16
172 557 24
173 408 28
173 478 76
173 490 89
173 337 7
173 436 36
173 493 62
174 392 63
174 533 32
174 522 35
174 514 59
174 577 6
175 303 70
175 543 68
175 405 57
175 360 28
175 477 92
175 370 12
175 515 88
176 308 47
176 457 85
176 323 40
176 546 68
176 473 44
176 455 1
177 445 85
178 366 16
178 386 36
178 413 95
178 353 23
178 399 46
178 314 13
178 526 41
179 389 89
179 308 73
179 411 64
179 320 61
179 534 11
179 384 94
179 420 45
180 413 39
180 400 83
180 361 26
180 546 8
180 485 37
180 405 19
180 394 62
180 333 39
181 390 51
181 312 54
181 458 14
181 372 23
181 544 35
181 329 10
181 361 30
181 528 83
181 398 60
181 446 32
181 419 89
181 454 21
181 354 20
181 486 26
181 520 68
182 529 9
182 379 88
182 352 47
182 394 65
182 374 80
182 356 95
182 363 93
182 485 67
182 408 81
183 345 17
183 524 44
183 481 8
183 522 3
184 573 15
184 371 61
184 354 7
184 299 81
184 292 24
184 358 77
184 331 85
184 426 41
184 560 9
184 340 24
184 373 77
184 519 31
184 291 59
185 349 89
185 496 5
185 422 29
185 377 21
185 537 73
185 316 25
185 332 14
185 520 16
185 498 17
185 325 20
185 530 90
185 555 53
185 546 82
185 485 44
186 419 58
186 338 87
186 458 32
186 485 6
186 427 91
186 374 2
186 291 28
186 477 69
186 518 98
186 392 26
186 489 9
186 534 97
186 373 43
186 344 41
187 426 27
187 484 99
187 433 64
187 291 69
187 430 34
187 392 21
187 394 6
187 566 88
187 517 38
187 531 60
187 438 44
188 343 20
188 385 94
188 366 87
188 523 98
188 576 42
188 503 16
188 326 29
188 550 41
188 325 34
188 445 28
188 474 54
188 349 77
188 310 18
188 486 86
189 338 30
189 364 32
189 541 21
189 466 6
189 497 4
189 396 13
189 395 75
189 361 81
189 404 73
189 484 88
189 427 17
189 317 55
189 525 21
189 473 19
189 550 61
190 522 38
190 435 69
190 503 50
190 465 71
190 298 62
190 413 71
190 302 8
190 379 40
190 423 70
190 547 57
191 392 10
191 330 79
191 540 56
191 524 10
191 411 14
191 488 73
191 410 23
191 518 47
191 444 83
191 572 5
191 548 89
191 522 84
191 451 82
192 315 35
192 544 47
192 329 68
192 439 38
192 476 22
192 383 98
192 367 81
192 356 87
192 549 95
192 533 10
192 496 80
192 388 95
192 312 58
193 506 4
193 352 6
193 452 55
193 334 15
193 532 22
193 434 92
193 294 50
193 321 49
193 445 93
193 542 34
193 307 20
193 411 72
193 405 59
193 536 16
194 487 93
194 556 8
194 494 37
194 343 14
194 517 72
194 564 53
195 555 86
195 521 16
195 528 24
195 454 94
195 466 34
195 326 86
195 362 42
195 298 88
195 319 69
196 467 15
196 433 70
197 382 76
198 505 14
198 572 55
198 307 69
198 526 18
198 575 91
198 389 69
198 368 83
199 356 97
199 559 35
199 412 33
199 541 41
199 353 14
199 558 49
199 292 66
200 376 62
200 576 82
200 346 88
201 513 79
201 387 58
201 368 95
201 550 9
202 437 43
202 514 71
202 575 88
202 526 81
202 553 61
202 524 81
202 305 35
202 367 50
202 342 62
202 504 80
202 326 79
202 572 63
202 570 43
203 477 58
203 388 5
203 463 47
204 366 75
204 300 16
204 322 68
205 558 31
205 381 75
206 539 19
206 294 54
206 479 74
206 408 10
206 494 46
206 339 67
206 558 25
206 326 59
207 436 1
207 430 89
207 411 56
207 296 74
207 470 67
207 527 71
207 568 84
207 507 80
207 369 37
207 300 31
207 386 88
207 297 48
207 574 47
208 415 72
208 506 53
208 472 62
208 496 51
208 474 6
208 531 9
208 406 57
208 487 36
208 307 13
208 436 63
209 567 90
209 302 65
209 469 34
209 516 24
209 300 18
209 569 14
210 535 71
211 332 16
211 540 14
211 343 11
211 471 91
211 456 61
211 421 90
212 396 23
212 529 89
213 576 76
213 433 86
213 546 20
213 393 66
213 354 39
213 483 85
213 312 80
213 425 82
213 375 28
213 376 46
213 418 1
213 530 13
213 413 59
213 556 40
214 484 59
214 516 67
214 389 23
214 572 87
214 360 27
214 313 66
214 373 9
214 343 34
214 464 47
214 442 67
215 454 66
215 292 65
215 330 16
215 344 74
215 508 38
215 300 56
215 539 12
215 341 63
215 442 39
216 312 61
216 490 29
216 406 22
216 323 38
216 569 70
216 435 73
216 511 78
216 449 11
216 565 83
216 383 6
216 418 78
216 368 17
216 580 2
216 554 12
217 507 75
217 405 55
217 460 43
217 526 68
217 494 74
217 380 64
217 372 57
217 532 80
217 479 43
217 320 39
217 311 53
218 322 99
218 450 74
218 408 70
218 572 6
218 363 44
219 501 72
219 463 35
219 316 38
219 565 74
219 540 97
219 372 11
220 444 37
220 476 30
220 480 53
220 349 15
220 330 48
220 376 56
220 293 26
220 357 28
220 438 69
221 476 50
222 396 65
222 530 53
222 464 40
222 521 19
222 539 94
223 293 87
223 549 38
223 340 99
223 479 81
223 580 81
223 448 86
223 392 82
223 346 84
223 544 70
223 370 99
223 381 8
223 462 5
224 447 39
224 379 33
224 357 43
224 340 79
224 486 28
224 474 14
224 440 64
224 525 19
224 308 14
224 319 15
224 465 59
224 449 16
225 494 2
225 548 55
225 457 15
225 327 69
225 524 4
225 358 35
225 347 21
225 537 30
225 404 87
225 410 50
225 546 85
225 477 97
226 538 39
226 565 92
227 505 17
227 558 25
227 350 54
227 320 46
227 572 83
227 329 15
228 559 41
228 338 52
228 356 87
228 359 94
228 350 27
228 531 71
228 312 38
228 305 39
228 422 76
228 517 1
229 379 81
229 378 73
229 333 78
229 439 83
229 394 80
229 467 26
229 492 72
229 556 14
229 528 80
229 376 36
230 441 78
231 456 78
231 402 17
231 385 88
231 343 48
231 489 46
231 390 41
231 483 36
231 503 97
231 509 40
231 559 64
231 349 67
231 477 32
232 570 45
233 455 75
233 389 50
233 532 68
233 345 21
233 388 43
233 349 33
233 477 97
233 327 81
233 463 53
233 409 86
234 464 69
234 410 12
234 306 20
234 382 55
234 395 12
234 550 90
234 478 53
234 421 41
234 485 65
235 437 48
235 551 36
235 398 62
235 322 35
235 324 98
235 558 46
235 451 80
235 400 30
235 565 3
235 544 42
235 393 37
235 479 36
235 304 14
236 430 42
236 425 34
236 536 9
236 343 31
236 459 58
236 560 52
237 503 70
237 515 48
237 325 39
237 508 97
238 488 25
238 417 30
238 454 20
238 381 36
239 453 27
239 375 85
239 530 24
239 308 7
239 419 87
239 425 24
239 314 3
239 355 83
239 372 9
239 316 13
239 508 15
239 479 69
239 447 74
239 352 62
239 567 3
240 495 94
240 534 39
240 551 17
240 304 51
240 426 55
240 543 70
241 454 85
241 515 46
241 326 80
241 363 33
241 396 1
241 541 71
241 361 18
241 324 10
241 527 39
241 474 38
241 546 5
241 521 78
242 356 10
242 374 54
242 301 44
242 291 78
242 512 36
242 570 50
243 534 12
243 440 12
243 315 58
243 359 26
243 555 96
244 550 16
244 574 88
244 465 77
244 485 8
244 367 45
244 445 44
244 491 59
244 451 9
244 375 79
244 384 65
244 353 66
245 395 41
245 301 40
245 573 43
245 562 73
245 295 86
245 482 53
245 412 84
245 464 74
245 330 69
245 411 75
245 523 11
246 373 91
246 437 64
246 457 8
246 553 58
246 305 17
246 491 3
246 549 66
246 389 39
246 455 44
246 573 13
246 369 60
246 441 49
246 333 64
246 398 44
247 321 24
247 524 63
247 571 73
247 581 66
247 499 80
247 520 29
248 465 25
249 543 13
249 459 44
249 310 14
249 458 5
250 349 35
250 510 63
250 453 64
250 524 59
250 515 27
250 575 83
250 298 56
250 325 22
251 352 6
251 465 97
251 416 14
251 545 99
251 335 86
251 404 27
251 514 56
251 423 42
251 519 40
251 479 21
252 382 53
252 521 80
252 341 90
252 412 79
252 314 30
253 361 62
253 554 89
254 301 12
254 427 9
254 472 89
254 381 46
254 537 85
255 353 78
255 498 20
255 499 93
255 400 54
255 404 81
255 383 40
256 335 3
256 509 79
256 406 17
256 373 29
256 556 5
256 550 28
256 352 59
256 435 47
256 410 10
256 522 64
256 412 86
256 367 39
256 343 24
256 460 87
257 500 85
257 483 91
257 505 90
258 526 34
258 469 14
259 575 56
259 326 33
259 298 2
259 520 70
259 341 16
259 306 75
259 506 66
259 410 76
259 366 20
259 580 19
259 386 93
259 476 6
260 296 33
260 522 45
260 347 17
260 392 40
260 492 60
260 528 5
260 472 25
261 350 75
261 305 63
261 485 20
261 568 83
261 475 53
261 457 26
261 580 25
261 498 70
261 480 65
261 348 59
261 342 1
262 293 86
262 412 29
262 338 60
262 549 40
262 320 26
262 301 8
262 419 1
262 485 10
262 402 2
263 368 54
263 538 39
263 515 51
264 326 39
264 559 28
264 427 16
265 415 58
265 580 54
265 578 93
265 310 8
265 516 47
265 311 25
266 533 87
266 447 66
266 431 59
266 507 51
266 493 36
266 467 50
267 334 49
267 319 44
267 411 90
267 465 6
267 475 1
267 380 18
267 362 19
267 482 32
267 399 65
267 568 46
267 375 92
267 303 19
268 528 9
268 343 39
268 429 51
268 421 4
268 311 70
268 362 37
268 368 12
268 514 81
268 344 55
268 450 37
268 564 67
268 478 71
269 445 76
269 369 58
270 569 12
270 560 76
270 490 99
270 452 62
270 427 1
270 495 89
270 486 90
270 507 57
271 375 52
271 337 65
271 332 11
271 515 49
271 471 38
271 301 34
271 517 20
271 503 96
272 448 51
272 480 12
272 308 61
272 301 74
272 487 98
273 389 8
273 299 74
273 572 84
273 451 96
273 428 22
273 569 39
273 448 55
274 575 94
274 336 12
274 412 77
274 299 20
274 466 29
274 433 43
274 381 7
274 324 43
274 438 33
274 503 3
274 560 45
274 518 4
275 327 29
275 580 51
276 440 87
276 338 85
276 556 92
276 524 22
276 579 99
276 470 78
276 418 61
276 558 58
276 363 86
277 353 55
277 419 11
277 505 2
277 326 59
278 455 4
278 508 2
278 402 15
278 338 66
278 469 79
279 292 51
279 341 36
279 361 63
279 575 41
280 332 88
280 387 91
280 322 20
280 550 94
280 397 28
280 353 76
280 300 64
281 301 48
281 381 67
281 303 57
281 506 46
281 519 47
281 396 21
281 500 89
282 517 92
282 398 74
282 370 23
282 544 60
282 401 94
282 403 36
282 424 25
282 395 22
283 495 9
284 401 28
284 396 84
284 439 3
284 578 42
284 485 18
284 530 37
284 455 66
284 428 53
284 322 93
284 526 88
284 395 46
284 543 96
284 581 2
284 409 3
284 387 5
285 570 51
285 442 84
286 465 94
287 551 39
287 495 88
287 356 53
287 525 56
287 572 12
287 322 82
287 304 13
287 511 23
287 544 91
287 509 56
287 541 90
287 484 41
287 365 27
288 302 17
288 443 67
288 385 82
288 399 91
288 557 11
288 354 25
288 549 35
288 469 46
288 491 12
288 413 1
289 371 5
289 425 53
289 304 59
289 377 75
289 435 92
289 534 90
289 297 72
289 320 19
290 432 10
290 482 11
290 374 42
