942 3847
1 515 82
1 544 43
1 913 40
1 861 35
1 869 12
1 493 61
1 524 35
2 720 11
2 504 26
2 872 13
2 517 88
2 598 11
2 863 63
2 622 83
2 559 1
2 636 26
3 605 82
4 876 61
4 666 3
4 858 96
4 844 55
5 865 82
5 781 34
5 874 22
6 710 10
6 494 37
6 867 51
6 809 99
6 498 21
6 587 81
6 852 93
6 839 94
6 860 32
6 479 29
7 646 71
7 836 55
7 748 96
7 559 46
7 880 63
7 803 34
7 513 26
7 765 17
7 800 95
7 622 44
8 820 15
8 803 98
8 728 84
8 792 84
8 629 89
8 540 37
8 770 89
9 654 32
10 895 95
10 481 76
10 482 29
10 476 1
11 732 10
11 837 19
11 506 26
11 649 74
11 739 11
11 558 35
11 597 90
11 740 44
11 702 19
12 582 94
12 757 79
12 626 35
12 533 13
12 740 45
12 580 29
12 931 36
12 559 98
12 752 69
12 519 71
13 552 39
13 649 86
13 901 90
13 783 7
13 541 12
13 856 53
13 768 66
13 662 11
13 694 84
13 826 92
13 738 62
13 555 99
13 601 56
14 619 99
14 730 71
14 622 46
15 598 78
15 694 21
15 535 88
15 498 24
15 490 90
15 519 27
15 726 51
15 615 25
15 885 21
15 857 19
15 484 49
15 906 72
16 672 44
16 899 8
16 844 53
16 652 34
16 660 27
16 548 5
16 809 90
16 669 14
16 644 20
16 772 12
16 550 15
16 480 22
16 889 44
17 674 25
17 496 6
17 933 52
17 592 57
17 793 95
17 781 24
17 676 36
17 626 42
17 767 99
17 785 51
17 525 16
18 854 11
18 529 45
18 868 80
18 913 13
18 853 35
18 650 66
19 904 86
19 537 92
19 598 4
19 700 93
19 834 66
19 902 77
19 654 39
19 755 29
19 629 72
20 865 51
20 928 9
20 490 57
20 544 27
20 675 66
20 524 7
20 591 67
20 894 79
20 737 66
20 633 21
20 597 99
20 660 67
20 518 26
20 604 95
21 598 14
21 501 31
22 751 45
22 743 57
22 673 38
22 861 24
22 842 81
22 692 25
23 721 78
23 547 78
23 739 53
23 571 26
23 632 22
23 610 18
23 497 50
23 519 58
23 672 29
23 845 13
23 800 29
23 506 23
23 558 72
23 650 27
23 477 84
24 491 73
24 588 84
24 488 10
24 604 43
24 716 66
24 937 14
24 642 91
24 707 36
25 489 98
25 476 60
25 828 96
25 694 89
25 475 63
25 557 22
25 741 20
25 559 2
25 896 6
25 919 91
25 795 26
25 794 31
25 576 78
26 572 73
27 788 40
27 701 84
27 672 49
27 563 29
27 886 9
28 746 92
28 936 86
28 654 38
28 745 3
28 826 24
28 559 87
28 683 47
28 702 71
28 553 72
28 569 29
28 807 80
28 593 15
28 492 11
28 633 87
29 841 43
29 715 54
29 708 65
29 942 25
29 697 28
29 501 87
29 897 36
29 639 9
29 484 12
29 936 24
29 504 32
29 574 46
29 645 96
29 707 6
29 912 99
30 929 45
30 503 25
30 673 94
30 834 38
30 512 6
31 673 98
31 653 50
31 818 61
31 666 58
31 837 73
31 698 3
31 930 17
32 845 51
32 551 48
32 923 72
32 811 25
32 802 76
32 900 16
32 797 43
32 887 36
32 703 19
32 717 74
32 511 59
33 732 21
34 526 41
34 581 72
34 528 84
34 788 74
34 599 14
34 663 71
34 716 77
34 561 90
34 762 41
34 741 71
34 880 28
34 640 4
35 527 86
35 595 77
36 606 5
37 652 88
37 610 92
37 563 93
37 896 8
37 594 52
37 777 25
37 847 71
38 761 85
39 742 60
39 898 40
40 498 98
40 883 55
40 783 31
40 598 53
40 708 70
40 610 81
40 521 70
40 570 65
40 739 73
40 571 96
40 755 34
41 653 15
41 874 76
41 634 47
41 859 86
41 741 96
41 763 13
41 673 75
41 583 79
41 783 21
42 593 68
42 742 39
42 573 99
42 930 11
42 694 55
42 883 43
42 588 25
42 844 67
42 674 8
42 762 96
43 889 70
43 853 87
43 699 24
43 672 35
43 872 15
43 830 16
43 835 46
43 556 37
43 572 71
43 856 90
43 510 58
44 637 39
44 883 14
44 846 81
44 685 71
44 567 73
44 491 17
44 693 47
44 540 21
44 787 55
45 664 13
46 513 95
46 497 6
46 721 40
46 859 71
46 580 60
46 925 56
46 837 20
46 840 98
46 936 27
46 867 56
47 492 3
47 878 58
47 658 76
47 812 26
47 876 47
47 781 91
47 498 41
47 683 32
48 554 70
48 934 50
48 878 76
48 518 5
48 791 89
48 670 62
48 493 30
48 825 26
48 923 19
48 693 40
48 491 81
48 661 26
49 631 78
49 847 46
49 580 52
49 918 84
49 919 75
49 590 81
49 491 83
49 613 63
49 757 55
49 713 60
49 648 26
49 825 39
49 749 45
50 622 34
50 760 55
50 702 81
50 761 37
50 742 55
50 744 25
50 679 81
50 521 75
50 561 16
50 675 50
50 540 5
50 852 37
50 904 91
51 859 17
52 847 78
52 771 41
52 773 35
52 941 38
52 499 80
52 908 17
52 767 1
52 805 78
53 565 57
53 843 6
54 649 92
54 637 51
54 812 65
54 908 9
54 863 78
54 584 76
54 675 11
54 635 24
54 934 37
54 672 60
54 608 56
54 860 8
54 581 49
55 848 88
55 850 63
55 538 16
55 629 99
55 479 50
55 696 63
55 514 95
55 808 47
55 820 48
55 524 83
56 823 64
56 656 6
56 935 22
56 839 21
56 711 23
56 648 46
56 843 22
56 738 44
56 815 55
57 805 97
57 575 75
57 932 44
57 791 4
57 752 59
57 696 73
57 723 97
57 646 39
57 635 40
57 856 81
57 741 99
57 860 31
57 622 61
58 897 70
58 926 92
58 879 46
58 836 74
58 659 64
58 607 17
58 771 50
58 935 16
58 855 61
58 584 58
58 703 45
58 490 67
58 642 1
59 904 4
59 902 56
59 488 56
59 877 87
60 834 77
60 515 16
60 747 16
60 549 1
60 780 10
60 669 73
60 472 45
60 733 60
61 656 56
61 611 27
61 482 53
61 905 24
61 505 55
61 545 66
62 728 48
62 712 53
62 478 4
62 550 35
62 680 30
62 566 75
62 812 48
62 662 82
62 820 5
62 559 94
62 733 39
62 525 37
62 629 18
62 685 99
63 839 36
63 806 58
63 623 70
63 731 42
63 819 83
63 622 52
63 848 4
64 638 83
64 659 16
64 816 60
64 609 61
65 716 19
65 573 1
65 741 15
65 927 9
65 568 90
65 624 97
65 647 92
65 662 6
65 482 91
66 501 96
66 739 15
66 645 97
66 557 68
66 672 27
66 693 81
66 879 39
66 889 95
66 575 11
66 891 22
66 924 62
67 618 73
67 754 56
67 717 46
67 669 24
67 734 98
67 822 56
67 613 12
67 782 41
68 806 3
68 899 63
68 533 65
68 888 37
68 718 43
68 761 74
68 749 11
68 900 74
68 476 34
68 509 73
68 485 15
68 829 96
69 594 47
70 645 31
70 536 26
70 648 3
70 820 22
70 702 60
70 713 2
70 661 15
70 769 3
70 473 14
70 897 8
70 929 73
70 682 93
70 842 98
70 833 88
71 520 62
71 642 55
71 907 91
71 637 10
71 782 34
71 583 86
71 611 51
71 896 4
71 875 29
71 602 32
72 571 77
72 854 55
72 910 94
72 828 16
72 610 7
72 631 6
72 725 22
72 496 95
72 669 25
72 646 15
72 736 43
72 551 31
72 592 43
72 565 2
72 710 38
73 887 54
73 763 96
73 774 39
73 539 89
73 529 56
73 586 92
73 684 43
73 907 44
74 515 86
74 900 48
74 624 19
74 533 43
74 868 64
74 694 81
75 572 11
75 724 96
75 613 28
75 750 97
75 802 71
75 588 44
75 759 6
75 770 8
75 899 99
75 818 95
75 635 8
75 594 85
75 727 77
75 562 68
76 544 84
76 543 46
76 820 32
76 667 13
76 605 89
76 573 72
76 535 79
76 874 89
76 928 12
76 641 14
76 475 72
77 566 40
77 674 34
77 573 12
77 905 9
77 744 67
77 894 87
78 922 62
78 810 58
78 894 15
78 903 15
78 847 19
78 770 15
78 475 33
78 582 72
78 654 58
78 893 33
79 651 47
79 567 97
79 670 44
80 552 81
80 656 71
80 672 15
80 561 75
80 786 59
80 509 40
80 793 17
80 628 7
80 580 54
80 798 91
80 888 3
80 664 22
81 797 84
81 855 14
81 833 25
81 642 32
82 583 10
82 919 93
82 593 99
82 915 32
82 839 8
82 601 46
82 569 27
82 895 63
82 691 54
82 506 65
82 551 31
82 766 98
83 838 40
83 789 31
83 493 40
84 543 32
84 804 92
84 476 68
84 884 32
84 489 2
84 737 25
84 795 59
84 520 52
85 753 68
85 850 51
85 728 81
85 742 9
85 532 67
85 862 12
85 715 92
85 926 35
85 694 1
85 706 9
85 912 41
85 683 49
86 903 39
86 689 48
86 557 65
86 574 36
86 594 36
86 501 44
86 504 51
86 814 21
86 768 93
86 721 10
87 606 18
87 761 67
87 780 23
87 873 52
87 642 70
87 902 29
87 798 16
87 731 82
87 866 24
87 486 7
88 662 50
88 639 42
88 891 31
88 917 81
88 631 27
88 522 37
88 562 59
88 616 51
88 555 61
88 524 31
88 509 30
89 844 90
89 730 99
89 799 82
89 858 1
89 615 84
89 765 28
89 488 33
89 482 95
90 600 57
90 894 73
90 608 39
90 713 58
90 553 58
90 785 33
90 756 15
90 734 86
90 850 15
90 652 42
90 760 64
90 761 19
90 584 19
90 498 85
90 861 35
91 620 98
91 812 97
91 924 17
91 723 83
91 624 10
92 724 99
92 569 84
92 522 1
92 879 59
92 615 63
92 786 80
93 654 28
93 908 67
94 475 40
94 805 52
94 533 85
94 687 2
94 755 83
94 675 87
94 549 66
94 680 33
94 749 11
94 824 83
94 647 72
94 814 49
94 691 13
95 732 51
95 703 45
95 880 10
95 704 97
95 938 12
95 895 12
95 507 5
95 702 64
95 775 83
95 905 3
95 641 68
95 510 44
95 662 23
95 617 95
96 913 72
96 691 73
96 668 80
96 687 95
96 853 78
96 757 5
97 907 47
97 645 46
97 812 63
97 887 56
97 735 62
97 716 36
97 916 31
97 742 19
98 853 2
98 820 88
98 573 14
98 618 44
98 854 34
98 848 97
98 754 49
98 658 40
98 484 90
98 814 61
98 716 51
98 501 69
98 571 23
98 518 3
99 875 57
100 778 49
100 605 18
101 598 57
101 781 60
101 606 91
101 482 94
101 738 59
101 707 31
101 835 88
101 523 94
101 632 45
101 733 65
101 728 5
101 505 81
101 915 53
101 731 36
101 633 76
102 941 80
102 730 85
102 537 63
103 481 95
103 675 89
103 510 24
103 513 11
103 692 26
103 808 47
103 599 32
103 567 83
103 874 19
103 803 45
103 677 10
103 610 81
103 608 44
104 726 88
105 909 15
105 608 39
106 613 5
106 861 75
106 607 40
106 794 25
107 930 42
107 939 57
107 599 26
108 554 50
108 867 89
108 876 32
108 722 44
108 713 59
108 668 37
108 912 26
108 866 74
108 742 88
109 732 37
109 873 40
109 579 61
110 592 59
110 772 93
110 528 47
110 590 35
110 839 45
110 904 62
110 476 76
110 595 12
110 594 44
111 615 84
111 867 63
111 490 22
111 817 16
111 823 66
111 900 15
111 526 31
111 695 1
111 681 40
111 812 61
111 485 21
112 869 39
113 839 63
113 883 74
113 512 21
113 803 93
113 710 3
113 816 73
113 818 46
113 657 93
113 505 70
113 594 21
113 486 44
113 494 4
113 496 28
113 811 55
114 637 45
114 725 57
114 902 41
114 744 95
115 579 63
115 789 65
115 650 45
116 515 82
116 785 65
116 511 27
116 509 10
117 710 28
117 726 92
117 585 22
117 845 94
117 572 74
117 694 49
117 898 76
118 615 19
118 827 23
118 721 96
118 928 20
118 901 26
118 833 41
118 838 42
118 802 88
118 801 30
118 875 19
118 657 73
118 594 63
118 515 19
119 525 18
119 677 88
119 798 12
120 521 70
120 704 74
120 888 60
120 759 45
120 868 97
120 777 55
120 781 93
120 935 80
120 737 9
120 811 94
120 844 84
121 866 74
121 589 80
121 616 25
121 717 99
122 547 96
122 495 72
122 557 67
122 621 85
123 754 5
123 708 58
123 657 25
123 852 32
123 796 99
123 857 53
123 620 74
123 623 36
123 673 27
123 851 9
123 519 3
123 725 8
123 644 91
123 665 40
124 798 81
124 901 52
124 886 21
124 619 14
124 908 4
124 567 79
124 499 63
124 681 30
124 480 17
124 540 12
124 920 32
124 740 57
124 919 68
125 712 9
125 641 6
125 566 19
125 893 77
125 651 91
125 574 51
126 924 33
127 786 84
127 585 53
127 610 45
127 935 43
127 543 61
127 613 92
127 887 24
127 894 20
127 741 66
127 725 71
127 589 7
127 552 86
127 881 92
128 802 35
128 727 99
128 750 72
128 918 79
128 843 82
129 822 68
129 646 88
129 695 22
129 669 75
129 750 42
129 555 13
129 550 99
129 715 43
129 738 85
129 696 66
129 885 30
129 905 8
130 925 31
130 832 11
130 908 57
130 609 58
131 595 56
131 498 29
131 942 7
131 666 78
131 803 53
131 573 12
131 774 56
131 928 43
131 706 63
131 637 45
131 844 6
132 587 46
132 668 64
132 930 33
132 906 9
132 882 33
133 738 40
133 736 95
133 530 23
133 809 62
133 650 12
133 475 10
133 501 11
133 647 32
133 589 43
133 658 18
133 534 8
133 820 57
133 837 90
134 780 58
134 505 41
134 604 95
134 852 30
134 823 34
134 923 79
134 835 70
134 568 66
134 918 2
134 569 30
135 549 57
135 836 33
135 568 78
135 769 12
135 709 97
135 708 8
135 629 54
135 514 78
135 918 52
135 642 57
135 816 96
136 728 68
136 791 36
136 938 87
136 636 94
136 627 46
136 927 46
136 588 19
136 866 74
136 828 35
137 531 35
137 761 5
137 554 98
137 536 53
137 549 5
137 555 5
137 901 11
137 493 17
137 641 30
138 903 54
138 494 38
138 572 67
138 581 38
138 875 66
138 821 66
138 822 30
138 892 34
138 848 97
138 777 13
139 614 25
139 907 89
139 696 39
139 818 55
139 533 1
139 828 93
139 759 90
139 679 5
139 584 8
139 802 35
139 646 87
139 901 33
139 749 52
140 750 91
140 686 66
140 645 94
140 630 53
140 546 35
140 556 25
140 896 7
140 472 93
140 527 97
140 791 38
141 690 49
141 828 98
141 703 19
141 749 29
141 576 30
141 638 70
141 490 22
141 522 65
142 859 13
142 796 49
142 800 6
142 660 50
142 488 46
142 669 96
142 613 49
142 756 98
142 529 59
142 900 15
142 728 99
142 536 3
143 747 81
143 597 42
143 606 21
143 649 86
143 734 76
143 773 72
143 693 71
143 908 13
143 614 94
143 852 9
144 584 91
144 785 20
144 942 28
144 527 51
144 873 90
144 480 57
144 636 81
144 628 64
144 850 61
144 868 35
144 859 85
144 896 69
145 927 75
145 614 84
145 819 47
145 885 41
145 612 21
145 886 97
145 569 4
145 534 37
145 641 65
145 867 92
145 552 93
145 578 94
146 869 56
146 846 7
146 659 77
146 772 33
146 858 53
147 887 58
147 895 98
147 548 9
147 645 70
147 670 5
147 558 57
147 826 86
147 520 23
148 572 94
148 628 7
148 840 92
148 831 17
148 643 95
148 720 54
148 664 65
148 591 18
148 897 13
149 768 67
149 670 37
149 754 39
149 786 35
149 885 51
149 860 73
149 861 10
149 891 58
149 730 43
150 732 99
150 911 26
150 550 33
151 614 95
152 876 83
153 911 79
153 621 49
153 799 12
153 728 3
153 838 36
153 776 76
153 904 98
153 485 71
153 499 27
153 664 61
153 878 19
153 837 27
153 676 91
154 705 11
154 493 20
154 562 70
154 519 38
154 604 29
154 580 77
154 606 44
154 728 39
154 751 40
155 568 93
155 909 18
155 475 8
155 603 25
155 550 99
156 688 13
156 634 61
156 786 58
156 756 60
156 623 89
156 748 98
156 893 23
156 511 13
156 775 67
156 921 83
156 824 51
156 872 29
157 669 41
157 485 14
157 835 96
157 820 10
157 477 78
157 678 17
157 528 24
157 863 81
157 567 98
157 818 38
157 768 72
157 716 61
158 812 96
158 662 56
158 632 51
158 871 45
158 772 40
159 611 56
159 918 93
159 715 95
159 522 12
159 862 77
159 575 86
159 900 10
159 542 69
159 686 1
159 626 29
159 699 28
159 677 69
160 554 98
160 595 52
160 675 86
160 560 87
160 940 1
160 868 36
160 493 31
160 910 43
160 593 31
160 758 15
160 490 2
160 511 83
161 878 43
161 703 1
161 821 74
161 846 88
161 620 96
161 523 64
161 936 33
161 693 48
161 713 77
161 785 73
161 900 12
161 845 90
161 721 56
162 812 17
162 823 64
162 664 27
162 540 86
162 511 41
162 761 78
162 729 87
162 538 96
162 899 13
162 782 1
162 775 85
162 847 85
162 856 74
162 644 95
162 796 21
163 503 21
163 822 2
163 608 9
163 493 41
163 782 91
163 643 13
163 477 68
163 647 76
163 683 13
163 616 22
163 804 72
163 825 36
163 833 96
164 567 80
164 619 91
164 507 26
164 569 41
164 713 96
165 892 32
165 472 84
165 621 71
165 620 4
166 865 56
166 536 89
166 788 36
166 619 14
166 552 86
166 520 31
167 756 1
167 753 88
167 549 3
167 709 23
167 699 68
167 618 12
167 640 27
167 512 76
167 658 64
167 836 71
167 771 98
167 617 43
168 656 49
168 538 87
168 651 15
168 680 65
168 700 68
168 820 42
168 546 91
168 555 17
168 805 21
168 554 75
168 822 45
168 929 89
168 816 42
169 721 12
169 718 49
169 632 18
169 500 45
169 603 20
170 907 5
170 540 78
170 552 26
170 525 37
171 863 76
171 832 24
171 872 19
171 672 49
171 850 68
171 528 84
171 643 53
171 476 16
171 694 61
171 924 69
171 798 97
172 579 88
172 861 35
172 674 84
172 917 89
172 756 91
172 894 22
172 671 94
172 670 23
172 722 70
172 825 11
172 473 26
173 497 43
173 807 14
173 640 80
173 522 56
173 903 63
173 588 10
173 928 31
173 598 45
173 822 66
174 931 21
174 617 17
174 825 12
174 897 12
174 497 90
174 651 47
174 925 19
174 593 74
174 635 7
174 865 63
175 524 5
175 581 14
175 871 75
175 592 91
175 623 54
175 588 76
175 824 65
175 798 28
175 550 54
175 509 97
175 830 11
175 482 55
176 825 56
176 663 27
176 475 50
176 897 80
176 734 5
176 807 68
176 812 12
176 701 22
176 700 44
176 553 85
176 685 17
176 772 3
176 873 77
177 645 71
177 490 24
177 739 72
177 704 99
177 781 45
177 938 3
177 846 20
177 916 17
177 698 8
177 711 6
177 872 12
177 751 67
177 942 22
177 576 27
177 743 79
178 742 97
178 573 81
178 606 76
178 889 47
178 544 56
178 777 66
178 648 61
178 500 85
178 801 61
179 525 10
179 604 42
179 767 50
179 500 63
179 658 85
179 763 19
179 693 20
179 590 97
179 650 73
179 779 15
180 747 82
180 521 53
180 487 93
180 504 29
180 851 10
180 908 95
180 706 90
180 497 39
180 925 48
181 708 21
181 900 39
181 899 14
181 753 82
181 584 42
181 637 32
181 927 24
181 868 62
181 811 9
181 785 69
181 711 47
182 482 12
182 885 10
182 713 38
182 620 11
182 669 89
182 525 3
182 580 52
182 530 57
182 824 32
182 869 88
182 907 86
182 933 15
183 524 94
183 591 8
183 856 45
183 635 27
183 811 5
183 884 53
183 475 67
183 819 52
183 905 65
183 759 27
183 646 14
183 689 65
183 545 23
183 598 96
184 664 59
184 782 9
184 936 31
184 513 61
184 845 56
184 510 11
184 544 28
184 734 26
185 710 4
185 652 72
185 859 15
185 867 82
185 927 39
185 782 7
185 936 43
185 908 34
186 532 8
186 518 59
186 542 34
186 705 24
186 942 19
186 843 75
186 708 96
186 498 6
186 520 20
186 597 10
187 752 42
187 923 18
187 922 82
188 764 84
188 631 96
188 559 73
188 913 87
188 891 93
188 564 44
188 485 44
188 518 26
188 593 70
188 874 33
188 573 75
188 704 87
188 558 69
188 895 5
188 921 72
189 653 12
189 845 22
189 873 15
189 485 60
189 551 10
189 638 31
189 902 20
189 782 54
189 564 31
189 748 99
189 818 77
189 933 84
189 889 12
189 668 26
189 893 41
190 672 47
190 877 69
190 574 10
190 767 43
190 695 19
190 495 76
190 489 41
190 666 94
190 518 45
191 891 63
192 841 99
192 611 8
192 621 37
192 546 27
192 542 58
192 619 37
192 828 49
192 850 70
192 522 25
192 909 93
193 597 98
193 671 94
193 719 81
193 820 9
193 615 51
193 688 64
193 495 43
193 571 43
193 868 88
193 924 16
193 786 60
193 503 32
194 792 1
194 625 29
194 697 85
194 629 7
194 828 77
195 909 26
195 551 85
195 690 96
195 600 70
195 883 27
195 896 69
195 598 97
196 863 10
196 741 23
196 782 83
196 514 27
196 679 72
196 705 62
196 503 29
196 920 14
196 567 87
197 617 33
197 817 43
197 920 52
197 495 88
197 843 2
197 494 92
197 792 55
197 527 33
197 580 98
197 941 7
197 696 30
197 859 4
197 865 68
197 670 8
198 472 8
198 766 42
198 850 52
198 543 60
198 779 24
198 867 85
198 488 28
198 886 23
198 575 71
198 772 26
198 558 83
199 578 98
199 740 28
199 591 80
199 814 16
199 529 70
199 722 27
199 484 87
199 483 46
199 701 44
199 886 67
199 650 85
199 667 33
199 751 18
199 827 75
200 600 34
200 520 31
200 475 63
200 819 72
200 584 21
200 492 40
200 836 94
200 705 42
200 680 16
200 542 75
200 496 85
201 692 21
201 800 3
201 505 5
201 862 29
201 543 59
202 853 10
202 892 72
202 782 27
202 821 6
202 825 3
202 802 64
202 614 74
202 658 18
202 483 28
202 556 79
202 529 42
202 588 57
202 654 24
203 894 40
203 551 22
203 831 9
203 838 34
203 572 84
203 895 89
203 916 55
203 861 65
203 685 51
204 854 51
204 744 86
205 583 88
205 734 57
206 667 13
206 495 6
206 579 30
206 730 50
206 841 24
207 477 82
207 721 18
207 637 84
207 615 58
207 677 14
207 869 7
207 480 13
207 751 72
207 648 70
207 564 56
207 830 46
207 705 44
207 658 41
208 912 97
208 609 37
208 762 18
208 590 75
208 905 53
209 678 77
209 747 86
209 910 19
209 552 16
209 769 74
209 502 94
209 866 59
209 800 21
209 831 40
209 505 17
209 480 46
209 836 51
209 488 69
209 546 87
210 672 78
210 899 56
210 690 60
210 519 40
211 877 39
211 801 82
211 762 8
211 856 2
211 742 22
211 867 12
211 593 20
211 656 98
211 530 19
211 676 7
211 932 10
211 768 89
211 849 51
212 672 39
212 754 38
212 557 52
212 789 53
212 646 63
212 474 6
212 622 67
213 614 43
213 555 90
213 906 99
213 812 93
213 642 67
213 539 95
213 803 27
213 879 19
213 806 86
213 842 59
213 858 66
213 554 85
213 744 37
214 619 97
214 639 79
214 499 93
214 578 45
214 744 75
214 616 65
214 773 7
214 772 96
214 491 75
214 570 75
214 929 52
214 759 11
214 816 51
214 769 65
215 581 8
215 516 14
215 701 18
216 658 34
217 892 16
217 873 50
217 697 93
217 526 97
217 796 49
217 593 82
217 812 15
218 853 35
218 767 26
218 870 85
219 607 1
219 860 12
219 762 60
219 539 41
219 673 25
219 478 52
219 560 54
219 785 60
219 535 44
220 825 7
220 826 78
220 665 98
220 505 99
220 763 70
220 696 67
220 797 15
220 813 47
220 795 82
220 729 16
220 702 31
221 689 20
221 568 6
221 824 69
221 690 25
221 763 51
221 652 35
221 902 44
221 872 1
221 660 31
221 634 11
221 831 31
221 561 40
221 669 39
222 919 22
222 786 96
222 695 63
222 869 16
222 815 12
222 615 86
222 556 98
222 520 11
222 813 48
222 803 69
223 772 12
223 588 56
223 707 18
223 511 51
223 914 23
223 613 30
223 495 34
223 666 36
223 643 33
223 665 19
224 925 95
224 657 66
224 850 94
224 826 43
224 605 35
224 619 90
225 938 90
225 575 9
225 814 54
225 565 29
225 876 33
225 820 76
225 498 38
226 802 59
226 829 77
226 739 74
226 604 4
227 482 98
227 829 36
228 823 95
229 637 18
229 620 20
229 662 72
229 689 36
229 538 58
229 910 69
229 498 33
229 569 83
229 732 21
229 803 70
230 490 96
230 932 75
231 879 97
232 818 21
232 699 44
232 891 55
232 678 2
232 654 21
232 829 80
232 484 21
232 814 95
232 754 90
232 608 57
232 870 19
233 616 36
233 648 35
234 657 18
234 499 58
234 512 73
234 911 48
235 472 26
235 721 35
235 509 99
235 846 37
235 539 2
235 779 75
235 560 94
235 637 59
235 535 84
235 783 66
235 840 57
235 729 7
235 668 87
235 663 83
235 606 33
236 524 58
236 616 78
236 602 17
236 750 15
236 607 23
237 877 73
237 872 83
237 512 18
237 930 15
237 895 1
237 556 27
237 707 63
237 795 53
237 933 99
237 892 23
237 513 51
238 799 75
238 569 11
238 662 73
238 517 45
238 610 61
238 818 76
238 741 60
238 790 20
238 751 69
238 913 61
238 711 42
238 612 36
238 785 15
238 895 64
239 908 89
239 604 4
240 852 73
240 632 85
240 805 78
240 623 56
240 786 1
240 579 44
240 552 51
240 826 75
240 476 43
240 872 17
240 682 84
241 891 37
241 688 74
241 730 13
241 807 41
241 509 59
241 882 62
241 478 15
241 727 82
241 481 95
241 760 15
242 907 39
242 633 71
243 616 81
243 942 19
243 514 97
243 741 45
243 662 61
243 579 31
243 512 47
243 823 4
243 546 51
243 647 11
243 726 24
243 554 89
244 530 68
244 935 21
244 737 66
244 860 50
244 540 31
244 592 59
245 867 97
245 527 2
245 560 44
245 475 91
245 498 23
245 598 45
245 819 56
245 597 21
245 622 83
245 517 74
246 821 1
246 889 82
246 905 94
246 878 89
247 904 34
247 603 15
247 492 96
247 685 38
247 850 4
247 807 99
247 655 90
247 631 44
247 726 95
247 799 14
247 767 34
247 890 27
248 687 51
248 843 23
248 915 72
248 786 38
248 812 95
248 918 64
248 560 52
248 854 36
248 510 17
249 536 38
249 703 27
249 857 90
249 673 95
249 501 53
249 847 88
249 608 40
250 594 48
250 580 73
250 775 3
250 728 68
250 520 17
250 850 35
250 855 56
250 531 54
251 871 25
251 692 29
251 641 47
251 774 32
251 872 69
251 805 54
251 878 7
251 616 31
251 611 57
251 507 96
251 548 93
252 789 33
252 915 48
252 866 45
252 830 78
252 899 36
252 925 31
252 936 58
252 606 73
252 625 96
252 567 87
252 822 7
252 663 42
252 546 50
252 767 11
252 626 50
253 586 96
253 866 23
253 879 11
253 900 65
253 859 11
253 688 17
253 925 67
253 760 19
253 545 14
253 704 66
253 773 17
253 524 20
253 737 67
254 868 62
254 812 32
254 531 96
254 705 34
254 748 99
254 608 59
254 852 56
254 841 92
254 564 3
254 862 94
255 776 67
255 813 38
255 920 59
255 699 61
255 576 59
255 651 66
255 495 19
256 687 87
257 590 96
257 542 22
257 573 20
257 932 58
258 756 83
258 666 20
258 623 91
258 883 85
259 739 76
259 641 66
259 481 29
259 603 32
259 784 13
259 491 19
259 489 11
259 474 90
259 688 11
259 774 65
259 483 90
260 933 72
260 498 42
261 890 91
261 567 55
261 477 58
261 669 93
261 816 28
262 799 44
262 653 27
262 713 52
262 883 55
262 635 9
262 646 53
262 619 95
262 747 79
263 840 21
263 716 98
263 921 47
264 865 5
264 606 48
265 788 77
265 857 42
265 556 14
265 633 82
265 493 89
265 755 63
265 855 71
265 559 82
265 552 48
265 547 28
266 629 68
266 660 51
266 897 94
266 539 76
266 568 46
266 883 45
266 931 6
266 711 66
266 663 62
267 788 64
267 813 56
267 669 75
267 604 64
267 876 34
268 531 22
268 876 58
268 575 76
268 486 36
268 559 33
268 721 98
268 562 12
268 584 43
269 693 6
269 515 18
269 740 14
269 626 31
269 803 28
269 554 9
270 778 65
270 590 94
270 838 23
270 651 46
271 854 96
271 903 99
271 924 83
271 618 5
271 564 14
271 597 76
271 708 50
271 711 35
271 763 15
271 766 32
272 921 85
272 792 41
272 492 92
272 618 2
272 914 77
273 542 80
273 882 61
273 570 32
273 785 87
273 827 35
273 818 49
273 840 49
273 662 17
273 556 25
273 802 45
274 688 77
274 506 62
274 551 15
275 697 17
275 890 97
275 620 2
275 915 67
275 594 41
275 810 10
275 938 79
275 596 65
276 815 50
276 833 17
276 870 44
276 834 99
276 762 86
276 777 97
276 782 84
276 878 79
276 599 58
276 481 65
276 520 25
277 553 12
277 920 53
277 498 48
277 557 47
277 555 33
277 899 8
277 479 87
277 737 96
277 642 48
277 495 82
277 729 59
277 686 60
277 858 37
277 696 14
278 815 35
278 646 18
278 791 18
278 901 31
278 546 18
278 757 99
278 716 82
278 912 23
278 937 13
278 891 30
278 477 45
278 843 88
279 492 87
279 602 49
279 560 52
279 496 65
279 503 37
279 752 66
279 615 79
279 912 52
280 830 51
280 510 62
280 854 69
280 930 50
281 626 69
281 792 60
281 576 54
281 655 13
281 919 32
281 537 82
281 875 91
281 910 57
281 704 8
281 751 85
281 522 51
282 613 80
282 779 66
282 479 49
282 504 40
282 608 65
282 550 43
282 528 89
282 700 41
282 717 18
282 511 3
282 877 44
282 704 21
282 655 38
282 577 45
282 552 82
283 693 46
283 758 92
283 753 80
283 519 84
283 559 63
283 899 73
283 561 49
283 592 67
283 833 61
283 708 58
283 501 46
283 777 69
283 789 90
284 841 31
284 752 39
285 529 87
285 610 81
285 778 2
285 904 98
285 561 71
285 693 98
285 903 88
285 797 27
285 701 15
285 555 10
285 587 61
285 858 22
285 814 51
285 942 48
285 813 25
286 942 40
286 688 16
286 888 68
286 940 49
286 475 37
286 829 98
286 656 76
286 690 24
286 830 23
286 614 78
286 843 31
286 520 98
286 694 88
286 854 82
286 665 19
287 596 73
287 731 98
287 597 11
287 910 78
287 716 15
288 603 63
288 537 19
288 792 40
288 664 73
288 800 84
288 816 57
288 917 66
288 677 66
288 490 74
288 708 3
288 631 52
288 791 97
288 790 20
288 778 36
288 895 18
289 913 31
289 643 2
289 897 42
289 560 93
289 546 41
289 890 12
289 793 58
289 855 79
289 575 21
289 790 40
290 916 99
290 733 1
290 555 44
290 817 95
290 846 37
290 683 62
290 500 12
290 557 73
290 823 33
290 619 62
290 753 21
291 715 75
291 624 94
291 595 65
291 607 79
291 831 32
291 845 11
291 535 49
291 829 20
291 661 26
291 784 34
292 896 79
292 485 52
292 628 65
292 839 88
292 656 72
292 686 56
292 880 17
292 561 38
292 482 4
292 926 6
293 886 40
294 833 20
294 728 33
294 580 84
294 762 57
294 693 23
294 543 71
294 607 38
294 632 40
294 615 41
294 586 25
294 788 87
294 864 74
294 767 97
295 495 55
295 673 7
295 726 77
295 475 14
295 727 9
295 892 1
296 863 9
296 833 59
296 527 94
296 603 7
296 843 21
296 608 48
296 682 79
296 664 7
296 490 64
297 714 6
297 681 94
297 659 36
297 716 30
297 575 56
297 736 81
297 607 56
297 589 61
297 649 80
297 600 23
298 841 10
298 782 40
298 917 11
298 832 79
298 501 85
298 857 10
298 830 91
298 698 78
298 922 67
299 937 33
299 613 65
299 912 79
299 838 3
299 525 29
299 630 3
299 793 96
300 867 81
300 911 25
300 597 27
300 729 63
300 545 9
300 655 43
300 579 64
300 883 74
300 862 35
300 879 46
300 482 88
300 810 58
300 610 18
301 609 17
301 583 98
301 934 45
301 687 96
301 628 90
301 483 98
301 579 61
301 768 98
302 735 79
302 819 9
302 498 97
302 686 29
302 518 70
302 747 12
302 680 74
302 683 98
302 558 27
302 757 92
303 724 8
303 632 27
303 627 59
303 584 99
303 709 32
303 734 35
304 560 18
304 937 15
304 893 67
304 687 76
304 583 37
304 549 45
304 694 40
304 476 21
304 801 34
305 780 60
305 473 51
305 781 35
305 771 21
305 571 82
305 606 12
305 805 30
305 852 41
305 518 98
305 912 2
305 533 17
305 608 30
306 668 34
306 866 38
306 525 32
306 899 90
306 933 75
306 920 9
307 821 54
307 921 81
307 837 31
307 701 59
307 490 17
307 773 67
307 825 10
307 519 79
307 707 76
307 891 32
307 935 85
307 513 62
307 888 35
307 776 69
308 557 76
308 918 95
308 825 10
308 625 60
308 497 39
308 764 78
308 674 44
308 662 80
308 765 77
308 663 85
308 895 61
308 755 98
309 763 16
309 530 6
309 593 83
309 704 76
309 499 35
309 845 86
309 497 61
309 802 37
310 552 86
310 752 40
310 741 4
310 724 2
311 616 35
311 569 68
311 920 11
311 491 3
311 663 36
311 821 97
311 766 56
311 781 36
311 549 66
311 545 47
312 894 53
312 606 39
312 619 28
312 730 71
312 544 51
312 510 96
312 537 64
312 490 73
312 600 4
312 698 45
313 770 97
313 702 18
313 486 51
313 514 4
313 751 95
314 838 99
314 545 96
314 826 99
314 715 1
314 478 98
314 529 82
314 565 37
314 788 91
314 643 9
314 704 25
314 877 71
314 873 68
314 925 42
314 923 45
314 520 80
315 547 30
315 711 25
315 820 33
315 544 68
315 505 53
315 514 45
315 687 48
315 722 64
315 595 35
315 531 65
315 910 73
315 742 13
315 689 36
316 620 58
317 723 5
317 802 18
317 654 17
318 896 7
319 599 8
319 561 36
319 637 1
319 699 56
319 810 36
319 776 68
320 669 65
320 716 17
320 668 47
321 779 20
321 881 47
321 746 79
321 873 29
321 913 22
321 888 29
321 796 24
321 801 15
322 591 72
322 889 85
322 561 83
322 765 51
323 637 50
323 555 51
323 807 33
323 621 64
324 741 36
324 520 26
324 913 70
324 839 1
325 730 33
325 849 5
325 749 8
325 646 55
326 638 61
326 868 35
326 758 9
326 714 79
326 492 74
326 853 89
326 538 64
326 817 4
326 610 36
326 753 98
326 857 28
326 801 18
326 614 56
327 531 36
327 652 51
327 942 83
327 814 12
327 600 44
327 644 32
327 692 33
327 691 33
327 520 55
327 594 57
327 869 84
328 808 67
328 514 91
328 633 99
328 615 43
328 535 94
328 611 16
328 621 14
329 879 16
329 666 39
329 603 25
329 790 68
329 745 87
329 660 21
329 571 44
329 681 41
329 668 82
329 811 21
329 679 80
329 883 16
329 849 52
329 592 24
330 874 16
330 730 9
330 506 99
330 620 74
330 474 86
330 632 89
330 890 89
330 820 72
330 636 74
330 787 22
331 516 6
331 495 77
331 655 24
331 938 12
331 689 82
331 718 90
331 651 22
331 666 9
331 855 21
331 808 84
332 624 13
332 541 78
333 545 31
333 483 68
333 494 63
333 651 63
333 857 67
333 929 4
333 767 49
333 688 12
333 677 53
333 702 40
333 827 5
333 500 61
333 933 52
333 619 83
334 932 99
334 788 68
334 910 9
334 475 27
334 926 25
334 616 43
334 547 64
334 498 3
334 673 62
335 904 10
335 703 96
335 654 33
335 679 58
336 824 92
336 578 99
336 908 72
336 680 94
336 871 68
336 621 11
336 867 37
336 640 77
336 721 32
336 800 12
336 937 24
336 771 22
336 761 86
336 895 24
336 583 63
337 727 69
337 504 65
337 879 73
337 866 63
337 491 60
337 554 99
337 621 90
338 738 54
338 941 1
338 928 93
339 529 59
339 896 69
339 698 14
339 584 29
339 480 6
339 705 53
339 821 66
339 721 35
339 535 45
339 725 56
340 580 13
340 536 81
340 619 45
340 660 36
340 617 51
340 932 15
340 788 6
341 545 68
341 562 56
341 876 84
341 648 6
341 670 39
341 718 20
341 756 2
341 895 33
341 742 97
342 822 37
342 885 34
342 872 72
342 636 59
342 575 3
342 583 46
342 767 71
342 574 2
342 824 9
342 762 42
342 527 24
342 546 49
342 804 26
342 597 58
343 756 58
344 802 86
344 815 41
344 836 67
344 476 50
344 568 88
344 892 20
344 684 38
344 854 13
344 674 45
344 596 94
345 499 22
345 809 97
345 667 16
345 753 88
345 550 21
345 764 50
345 655 12
345 782 95
346 887 9
346 904 17
346 508 32
346 836 63
346 514 86
346 579 54
346 498 67
346 673 10
346 941 44
346 700 27
347 646 10
347 856 91
347 890 56
347 897 43
347 552 97
347 848 27
347 896 20
347 726 97
347 936 53
348 724 51
348 843 45
348 929 77
348 519 98
348 546 22
348 487 27
349 716 64
349 938 81
349 512 48
349 885 55
350 938 14
350 826 88
350 840 91
350 778 12
350 472 54
350 904 17
351 866 42
351 483 26
351 855 23
351 917 55
351 788 13
351 545 83
351 585 78
351 861 76
351 713 11
351 673 4
351 644 54
351 811 38
351 872 78
351 789 99
351 572 89
352 532 68
352 521 23
352 788 96
352 910 60
352 564 50
352 873 32
353 474 18
353 659 11
353 808 36
353 483 22
353 861 73
353 536 19
353 528 54
353 716 31
353 848 39
353 934 18
353 737 79
353 541 2
353 648 26
353 811 56
354 613 1
354 916 96
354 904 43
354 569 40
354 797 68
354 515 66
354 766 2
354 644 88
354 484 19
354 787 73
354 837 26
354 663 3
354 780 49
355 627 66
355 937 45
355 839 65
355 935 95
355 526 51
355 853 4
355 729 84
355 922 24
355 533 16
356 796 87
356 656 34
356 899 40
356 739 65
356 819 25
356 606 45
356 720 72
357 766 86
357 606 75
357 851 37
357 814 52
357 478 43
357 938 89
357 548 72
357 855 80
357 651 57
357 487 92
357 795 84
357 639 31
357 495 29
358 690 91
358 931 63
358 693 95
358 940 71
358 840 69
358 548 88
358 593 86
358 901 73
358 611 22
358 633 28
358 854 97
359 715 41
359 612 32
359 558 85
359 498 9
359 767 10
359 821 99
359 539 4
359 913 42
360 646 56
360 819 17
360 755 33
360 930 97
360 844 89
360 859 50
360 614 6
360 673 77
360 714 72
360 598 85
360 837 38
360 644 58
361 909 20
361 911 54
361 517 95
361 822 24
361 709 25
361 643 38
361 745 69
361 807 95
361 937 36
361 689 59
361 902 98
361 712 64
361 694 47
361 878 39
361 768 12
362 662 12
362 917 4
362 572 63
362 524 70
362 919 57
363 583 89
363 881 42
364 938 74
365 922 13
365 700 59
365 840 65
365 507 6
365 489 21
365 535 64
366 646 12
366 590 14
366 924 87
366 888 83
366 583 69
366 839 78
366 640 87
366 504 37
366 651 62
367 795 84
367 689 71
367 622 31
367 923 9
367 788 6
368 524 97
368 623 19
369 592 69
369 475 51
369 864 51
369 800 39
369 579 94
369 812 73
369 713 9
369 482 15
369 765 81
370 568 69
370 654 78
370 885 79
370 649 82
371 704 64
371 650 60
371 643 33
371 716 48
371 805 31
371 675 24
371 826 45
371 886 11
371 807 80
371 924 77
371 557 60
371 735 24
371 788 74
371 651 42
372 651 79
372 788 99
372 826 26
372 695 81
372 886 36
373 724 77
373 733 94
373 816 90
373 548 14
373 813 54
373 828 82
373 818 69
373 868 39
373 554 6
374 852 72
374 512 3
374 662 1
374 690 1
374 609 8
374 820 54
374 750 97
374 760 24
374 533 39
374 708 83
374 532 77
374 528 82
374 818 53
374 493 8
375 868 88
375 773 73
375 631 90
376 723 15
376 770 20
376 662 32
376 705 29
376 643 16
376 923 55
376 860 87
376 640 42
376 935 3
376 790 88
376 480 74
376 489 46
377 505 78
377 648 65
377 694 62
377 597 85
377 904 39
377 939 38
377 774 78
377 509 77
377 537 60
378 650 16
378 670 21
378 667 44
378 857 56
378 794 60
378 941 43
379 527 5
379 658 54
379 941 25
379 774 86
379 592 2
379 662 40
379 750 64
379 491 68
379 710 50
379 692 7
379 521 76
379 582 57
379 768 47
379 686 13
380 515 58
380 747 6
380 785 65
380 788 23
380 797 77
380 742 61
380 812 18
380 634 15
381 685 96
381 704 14
381 501 69
381 527 11
382 727 96
382 474 30
382 918 98
382 641 99
382 519 87
382 735 73
382 764 56
382 491 13
382 893 83
382 856 87
382 929 77
382 887 2
382 577 72
382 665 7
382 718 15
383 870 97
383 712 13
383 890 78
383 893 63
383 627 81
383 863 32
383 544 65
383 477 3
383 615 11
384 657 55
384 496 21
384 845 78
384 560 99
384 830 26
385 695 89
385 518 58
385 925 12
385 690 18
385 545 91
385 883 44
386 894 34
386 878 69
386 496 50
386 796 20
386 871 3
386 802 2
386 853 34
386 636 29
387 858 70
387 786 28
387 758 64
387 935 51
387 553 71
388 760 46
388 806 20
388 873 3
388 913 18
389 846 50
390 740 87
390 588 78
390 805 32
391 767 28
392 531 88
392 682 45
392 500 66
392 650 95
392 929 56
392 935 87
392 938 94
393 603 30
394 615 66
394 617 84
394 705 80
395 511 62
395 580 81
395 530 29
395 744 62
395 838 59
395 551 60
395 590 80
395 701 97
395 759 36
395 575 32
395 858 82
395 816 90
395 610 70
396 934 7
396 845 53
396 506 6
396 661 86
396 577 40
396 878 61
396 830 30
396 608 13
396 771 13
396 942 6
396 557 81
396 561 6
396 629 54
397 730 8
397 767 45
397 735 47
397 866 35
397 510 41
397 631 61
397 530 80
397 532 70
397 603 10
398 545 65
398 772 91
398 563 41
398 684 59
398 547 90
398 543 8
398 590 81
399 819 95
399 696 96
399 547 6
399 713 54
400 515 95
400 816 89
400 575 4
400 693 82
401 916 8
401 838 90
401 936 6
401 500 54
401 544 67
401 793 49
401 501 75
401 750 48
401 595 57
401 893 6
401 778 53
401 921 35
401 791 50
402 714 1
402 761 90
402 587 21
402 748 11
402 787 1
402 617 96
402 532 87
402 700 14
402 823 46
402 906 80
402 685 70
402 876 23
402 664 32
403 656 17
404 521 9
404 878 75
404 881 51
404 607 58
404 559 19
404 707 42
404 695 65
404 517 28
405 712 50
405 654 56
405 739 26
405 890 3
405 640 60
405 758 89
405 841 44
405 847 84
406 941 54
406 764 38
406 870 72
406 540 31
406 731 94
407 804 6
407 687 84
407 486 43
408 758 95
409 601 92
409 484 16
409 565 68
409 846 62
409 843 10
410 511 35
410 655 31
410 786 36
410 479 32
410 537 67
410 542 72
410 519 6
410 546 47
410 906 35
410 736 93
410 752 85
411 786 73
411 500 41
411 520 65
411 490 84
411 834 97
412 923 37
412 619 97
412 806 70
412 746 61
412 814 27
412 692 33
412 666 50
412 702 1
412 561 23
412 583 3
413 645 91
413 516 9
413 739 62
413 858 27
413 802 26
413 663 97
414 934 66
414 699 41
414 800 21
414 493 95
414 656 67
414 584 28
414 539 23
414 877 72
414 774 79
414 824 7
415 582 3
415 553 79
415 937 45
415 673 22
415 863 65
415 695 19
415 648 59
415 852 98
415 914 55
415 729 18
415 814 97
415 782 1
415 901 82
415 905 3
416 563 81
416 707 35
416 859 10
416 704 65
416 927 80
416 780 96
416 690 85
416 498 9
416 607 67
417 902 88
417 905 8
417 693 99
417 678 45
417 880 89
417 861 30
417 784 9
417 730 75
417 922 98
417 501 82
417 648 21
417 914 30
417 906 71
417 818 56
418 625 1
418 753 37
418 800 72
418 676 50
418 827 64
418 489 71
419 693 9
419 791 99
419 919 65
420 857 58
420 591 19
420 930 14
420 744 33
420 805 18
420 910 58
421 588 91
421 904 82
421 733 21
422 645 94
422 506 12
422 811 57
422 501 15
422 523 65
422 922 74
422 876 69
422 559 68
422 591 47
422 744 42
422 512 99
422 542 19
422 773 61
422 498 72
423 765 10
423 722 79
423 889 10
423 839 28
423 683 9
423 845 47
423 701 22
423 710 37
423 475 59
423 665 88
423 743 42
423 649 42
424 681 27
424 848 75
424 789 97
424 857 90
424 843 18
424 671 8
425 765 99
425 808 99
425 798 36
425 908 60
426 760 98
426 704 86
426 800 71
427 816 98
427 521 80
427 629 95
427 718 25
427 915 66
427 616 1
427 758 47
427 641 96
427 536 46
427 522 5
427 524 53
427 887 9
428 807 30
428 779 83
428 723 35
428 744 99
428 709 57
428 821 53
428 686 68
428 897 72
428 598 24
429 574 47
429 861 93
429 539 71
429 899 56
429 867 25
429 923 91
430 865 19
430 612 61
430 844 37
430 813 50
430 602 80
430 616 23
430 586 56
430 874 10
430 665 66
430 536 27
431 619 13
431 793 92
432 635 88
432 498 95
432 472 45
432 491 80
432 657 71
433 523 44
433 826 82
433 585 87
433 885 25
433 690 65
433 822 1
433 526 78
433 799 7
433 848 30
434 834 14
434 660 48
434 724 52
434 599 87
434 854 24
434 514 69
435 677 42
435 634 9
435 608 29
435 813 35
435 515 10
435 756 55
435 596 73
435 749 85
435 747 73
435 790 73
435 898 68
435 697 73
435 512 45
436 848 60
436 738 80
436 473 77
436 813 78
436 729 67
436 730 23
436 870 27
436 854 74
436 736 37
436 531 67
436 547 54
436 760 61
436 819 58
436 670 43
437 540 50
437 666 10
437 707 9
437 593 58
437 572 79
437 738 3
437 799 44
437 521 51
437 883 80
437 480 67
437 541 10
437 932 70
437 608 17
437 885 71
438 571 96
438 573 14
439 703 51
439 928 96
439 865 28
439 722 33
439 728 47
439 597 50
439 727 36
439 941 69
439 765 84
439 840 65
439 548 96
440 698 94
440 879 5
440 869 41
440 790 74
440 679 74
440 596 52
440 662 12
440 576 23
440 882 76
441 521 65
441 688 16
441 533 89
441 805 70
441 659 2
441 741 10
442 911 99
442 705 11
442 902 68
442 916 96
442 894 6
442 588 56
442 684 77
442 508 23
442 761 17
443 582 57
443 808 34
443 573 26
443 915 96
443 901 1
443 616 73
443 725 39
443 604 73
443 534 15
443 760 6
443 678 49
443 849 46
443 851 39
444 869 92
444 542 36
444 879 19
444 649 5
444 661 49
444 866 21
444 880 48
444 929 36
444 679 8
444 797 57
444 607 32
444 589 38
444 765 50
444 746 26
444 763 2
445 754 88
445 860 59
445 659 41
445 552 17
445 710 82
445 780 25
446 562 18
446 716 41
446 859 27
446 552 16
446 527 23
446 678 3
446 916 27
447 798 42
447 522 74
447 919 65
447 497 52
447 517 63
447 748 61
447 801 19
447 572 33
448 644 77
449 837 2
449 590 8
449 766 57
449 798 74
449 794 81
449 921 50
449 784 76
449 821 93
449 477 59
449 761 50
449 662 48
449 771 38
450 560 85
450 824 56
450 789 64
450 875 32
450 744 64
450 785 15
450 825 74
450 722 95
451 564 92
451 751 88
451 538 26
451 788 18
451 721 22
451 718 93
451 850 33
451 895 92
452 645 80
452 850 74
452 831 89
452 886 8
452 542 69
452 738 11
452 860 57
452 537 34
452 573 60
452 686 8
453 910 44
453 887 68
453 608 64
453 694 33
453 690 57
453 879 73
453 635 55
453 902 89
453 868 57
453 771 19
453 643 1
454 572 20
454 602 98
454 498 47
454 486 44
454 732 37
454 477 85
454 672 13
454 537 81
454 913 40
454 524 53
455 489 87
456 813 17
456 617 83
456 754 13
456 522 84
456 486 60
456 678 40
456 683 69
456 611 75
456 865 98
456 738 31
456 619 72
456 615 57
456 786 70
457 784 7
457 554 31
457 891 59
457 498 32
458 473 53
458 559 63
458 730 32
458 755 36
458 516 15
458 724 92
458 600 60
458 531 76
458 844 42
458 620 63
458 829 32
458 857 25
458 886 45
458 591 52
458 773 21
459 734 54
459 824 56
459 852 51
459 853 80
459 564 20
459 902 73
459 623 13
459 649 15
459 807 21
459 821 82
459 814 21
459 888 69
460 830 48
460 926 41
460 494 76
460 498 37
460 483 6
460 487 26
460 776 81
460 554 29
460 804 77
460 710 21
460 740 51
460 829 3
460 618 91
461 934 53
461 508 8
461 823 18
461 676 77
461 495 37
461 485 50
461 692 53
461 521 79
461 673 52
461 510 3
462 839 15
462 513 55
462 879 51
462 553 40
463 638 59
463 852 41
463 655 48
463 623 11
463 485 54
463 636 93
463 807 23
463 831 13
463 874 35
463 575 66
463 940 26
463 738 26
463 873 99
463 586 64
464 496 24
464 888 43
464 592 33
464 632 5
465 926 49
465 616 88
465 790 67
465 875 65
465 630 94
466 725 38
466 926 84
466 853 33
466 587 67
466 916 90
466 839 95
466 472 39
466 855 61
466 544 82
466 831 55
467 938 86
467 769 23
467 643 87
467 934 29
467 744 11
468 487 97
468 897 9
468 591 68
468 559 41
468 870 73
468 563 52
468 893 51
468 864 11
468 718 51
468 883 89
468 908 55
468 493 9
468 533 69
469 936 10
469 647 7
469 854 62
469 824 72
469 921 93
469 759 47
469 602 11
469 572 27
469 737 22
470 513 26
471 793 33
471 893 17
471 765 96
471 806 5
471 912 44
471 934 71
471 815 13
471 870 42
