207 775
1 180 5
1 113 33
1 175 25
1 154 75
1 144 74
1 108 34
1 145 44
1 155 91
1 193 64
1 173 40
1 172 51
1 179 51
1 111 30
2 169 80
2 178 61
2 173 31
2 110 86
2 130 24
2 121 51
2 203 20
2 189 13
2 165 76
3 189 23
3 139 77
3 202 24
3 188 89
3 177 44
3 123 89
3 157 92
3 207 20
3 165 5
3 195 48
3 136 78
3 199 62
4 110 4
4 107 60
4 157 72
4 118 52
4 156 71
4 122 7
4 121 43
4 170 1
4 183 42
4 195 32
4 176 73
4 191 53
4 178 53
5 118 93
5 194 75
5 196 29
5 151 20
5 127 43
5 110 17
5 160 42
5 109 68
5 203 28
6 119 10
6 179 47
6 188 52
6 124 85
6 194 89
6 146 54
6 182 98
6 123 44
6 117 35
6 149 4
6 174 72
7 181 67
7 171 76
8 122 2
8 200 59
8 104 34
8 140 52
8 151 45
8 133 76
8 105 13
8 180 35
8 191 90
8 199 4
8 192 71
9 188 37
9 158 51
9 205 15
9 161 64
9 133 99
9 141 61
9 150 32
9 149 36
9 197 94
9 110 76
10 112 50
10 194 25
10 158 1
10 149 86
10 176 18
11 187 89
11 177 2
11 163 97
12 141 97
12 116 70
12 202 80
12 155 85
12 175 17
12 149 73
13 151 69
13 107 86
13 196 91
13 161 71
13 110 65
13 142 56
13 173 93
13 120 19
13 144 44
13 180 81
13 135 49
14 131 38
14 133 40
14 193 35
14 178 44
14 132 73
15 182 71
15 163 37
15 108 73
15 171 1
15 116 52
15 118 34
15 151 34
15 120 66
16 167 28
16 186 87
16 173 12
16 104 37
16 162 93
16 206 34
16 193 91
16 122 52
16 180 35
16 106 41
16 155 94
16 133 14
17 186 70
17 111 60
17 146 70
17 133 39
17 113 82
17 112 31
17 130 81
17 128 19
17 127 38
17 115 79
17 175 50
17 126 66
17 147 53
18 184 24
18 147 98
18 201 43
18 199 12
18 157 17
18 135 22
19 166 36
19 111 53
19 134 25
19 179 44
19 133 78
20 175 44
20 205 56
20 129 26
20 112 10
20 197 90
20 134 97
20 127 4
21 109 98
21 179 41
21 190 31
21 142 4
21 111 12
21 166 66
21 162 35
21 161 18
21 137 21
21 139 53
21 153 15
22 137 29
22 112 48
22 164 38
22 139 46
22 206 84
22 159 70
22 123 36
23 116 48
24 187 40
24 172 19
24 163 19
24 130 59
24 206 61
24 106 45
24 185 16
24 200 92
24 123 94
25 179 27
25 175 6
25 115 72
25 160 29
25 149 40
25 177 76
25 198 51
25 108 25
26 204 23
26 144 21
26 178 86
26 201 76
26 133 76
26 172 98
26 120 2
26 155 82
27 135 38
27 175 96
27 172 96
27 108 40
27 167 98
27 132 72
27 163 56
27 146 73
27 106 43
28 163 57
28 159 84
29 146 79
29 143 82
29 202 70
29 174 58
29 169 95
29 205 74
29 108 41
29 198 91
29 133 16
30 119 80
30 155 86
30 121 88
30 112 71
30 179 87
30 133 21
30 166 61
30 190 49
30 158 49
31 169 71
31 155 64
31 194 20
31 174 18
32 191 76
32 204 23
33 174 49
34 152 20
34 205 53
34 148 95
34 139 54
34 207 50
34 166 98
34 107 86
34 122 83
34 151 91
34 171 71
34 105 43
35 157 52
36 151 63
36 114 90
36 154 3
36 175 36
36 180 8
36 157 86
36 181 3
36 105 52
36 136 8
37 195 25
37 111 53
37 104 78
37 160 11
37 118 7
37 167 24
37 191 71
37 174 93
37 157 65
37 179 61
38 180 7
38 174 47
39 171 9
39 110 76
39 164 21
39 167 45
39 149 37
39 141 65
39 117 82
39 168 1
39 180 6
40 139 79
40 201 16
40 132 77
40 178 10
40 204 86
40 116 58
40 124 68
40 152 28
41 166 12
41 154 32
41 108 74
41 143 71
41 183 42
41 146 94
41 127 99
41 190 18
41 107 44
41 180 44
41 199 75
41 181 15
41 203 90
41 110 26
42 114 11
42 202 37
42 179 6
42 122 54
42 149 15
42 178 82
42 194 90
42 199 71
42 146 21
42 165 20
42 160 51
42 173 3
42 162 45
42 203 38
42 161 1
43 207 2
43 132 20
43 188 65
43 111 4
43 112 65
43 167 54
43 175 29
43 189 33
43 124 75
43 126 66
44 113 81
44 196 22
44 189 27
44 180 92
44 143 22
44 195 7
44 137 85
44 168 15
45 145 53
46 106 6
47 180 41
47 162 4
47 170 32
48 127 44
48 180 86
48 172 38
48 195 40
48 154 12
48 117 54
48 199 20
48 153 39
48 118 49
48 206 62
48 194 18
48 155 42
49 197 24
49 205 10
49 127 12
49 124 26
50 107 72
50 164 81
50 192 5
50 120 30
50 186 87
50 128 33
50 139 60
50 159 64
50 124 79
50 205 98
50 129 14
50 168 66
51 158 87
51 205 91
51 196 33
51 165 59
51 151 97
51 161 87
52 167 22
52 182 17
52 197 28
52 131 14
52 129 18
52 151 78
52 117 56
52 183 28
52 155 32
53 187 59
54 202 10
54 158 50
54 109 98
54 111 97
54 147 74
54 160 89
54 203 81
54 200 25
54 127 37
54 170 74
54 140 45
55 142 11
55 135 26
55 158 74
55 173 61
55 161 13
55 122 41
55 132 54
55 175 52
56 199 57
56 197 30
56 185 59
56 125 45
56 183 36
56 177 88
56 201 94
56 149 98
56 168 58
57 207 63
57 199 26
57 202 74
57 158 60
57 157 1
57 117 1
58 171 54
58 189 29
59 107 1
59 178 16
59 130 91
59 114 98
59 167 11
59 144 8
59 123 22
59 158 24
59 118 43
59 150 11
59 184 91
59 142 53
59 140 53
59 120 6
60 169 38
61 123 2
61 127 75
61 105 75
61 186 30
61 198 50
61 129 6
62 166 62
62 148 10
62 185 80
62 104 91
62 159 23
62 150 61
63 151 12
63 179 99
63 162 84
63 124 10
63 171 25
63 175 20
63 165 33
63 143 12
64 146 25
64 135 63
64 121 54
64 168 47
64 181 22
64 161 37
64 165 21
64 142 93
65 156 77
65 184 4
65 152 45
65 165 6
65 201 58
65 129 87
65 188 72
66 181 84
67 204 26
68 157 71
68 166 5
68 104 23
68 129 39
68 186 7
68 170 12
69 145 7
69 202 87
69 181 47
69 188 10
69 177 25
69 166 59
69 154 1
69 180 66
69 169 34
69 168 21
69 109 93
69 190 14
69 146 39
69 160 22
69 107 28
70 110 8
70 193 13
70 186 85
70 136 69
70 144 33
70 170 77
70 202 47
70 164 18
70 147 4
70 115 25
70 197 27
71 121 99
71 142 84
71 202 54
71 198 16
71 186 10
71 147 73
71 110 19
71 161 51
71 107 47
71 171 59
71 196 75
72 182 28
72 111 95
72 143 34
72 116 76
72 203 37
72 117 11
73 205 85
74 137 65
74 123 73
74 201 34
74 192 62
74 153 98
74 163 63
74 183 91
74 104 38
74 120 70
75 166 73
75 176 35
75 186 60
75 163 70
75 130 44
75 173 84
76 108 97
76 207 59
76 153 17
77 171 12
77 146 19
77 205 11
77 151 20
77 162 94
77 136 87
77 130 75
77 189 69
78 134 33
78 115 85
78 200 89
78 117 35
78 191 56
78 123 40
78 105 37
78 110 32
78 137 38
79 161 51
79 194 93
79 131 37
79 133 85
79 170 91
80 156 24
80 117 72
80 151 4
80 188 45
80 113 17
80 105 87
80 155 88
80 174 31
80 184 43
80 203 98
80 145 74
80 198 59
80 130 26
81 159 91
81 114 74
81 155 45
82 172 79
82 179 46
82 110 87
82 112 30
82 178 30
82 119 6
82 122 48
82 200 35
82 184 18
82 175 94
83 166 24
83 188 38
83 117 6
83 142 34
83 125 5
83 113 23
83 149 31
83 107 21
83 120 94
83 147 39
83 109 17
83 172 50
84 165 70
84 186 88
84 141 80
84 138 3
84 120 43
84 193 91
85 184 60
85 111 97
85 186 15
85 179 45
85 142 57
86 136 93
86 120 72
86 198 47
86 168 50
86 132 56
86 164 61
86 135 19
86 149 25
86 143 68
86 189 28
86 179 22
86 197 63
86 145 50
87 168 25
87 162 9
87 171 94
87 167 52
87 148 28
87 136 5
88 144 96
88 163 36
88 150 29
88 207 29
88 197 76
88 203 99
88 135 49
88 107 28
88 110 63
89 112 57
89 191 75
89 127 20
89 116 80
89 195 78
89 130 81
89 186 13
89 184 61
90 119 57
90 146 73
91 166 75
91 130 60
91 144 76
91 158 14
91 174 48
91 126 23
91 147 48
91 122 25
91 135 30
92 136 77
93 165 34
93 151 97
93 169 8
93 143 69
93 104 10
93 146 48
93 137 21
93 129 64
93 171 43
93 110 71
93 121 51
93 127 8
93 181 34
94 192 55
94 190 67
94 140 93
94 126 8
94 146 42
95 107 84
95 191 69
95 180 13
95 156 48
95 149 37
95 169 79
95 189 53
95 170 45
95 144 21
95 185 22
95 199 80
95 124 7
95 133 28
95 186 74
96 145 20
96 150 50
96 113 30
97 112 59
97 134 67
97 203 51
97 124 70
97 127 31
97 135 60
97 200 49
97 198 19
97 163 86
97 140 23
97 191 68
98 201 26
98 162 22
98 168 46
98 197 55
98 195 16
98 124 7
98 142 40
98 165 60
98 175 65
98 192 86
98 194 61
98 132 29
98 130 17
98 106 65
99 157 28
99 176 99
99 149 84
99 197 37
99 116 43
99 173 76
100 196 87
100 159 83
100 133 25
100 118 9
100 176 27
100 198 56
100 111 71
100 108 54
100 189 10
100 202 64
100 105 29
100 131 50
101 122 57
101 130 85
101 158 19
101 179 98
101 120 75
101 145 26
101 149 91
101 112 22
101 200 34
101 204 59
102 152 85
102 145 44
102 194 98
102 199 38
102 110 35
103 129 6
103 107 3
103 189 61
103 180 65
103 141 81
103 166 44
103 110 46
103 174 80
103 168 43
103 188 96
