902 3536
1 902 4
1 657 77
1 817 26
1 755 97
1 882 93
1 783 61
1 854 16
1 735 31
1 890 84
1 816 60
1 811 91
1 876 80
1 693 30
2 861 51
2 598 64
2 849 90
2 768 80
2 703 52
2 505 56
2 585 3
2 477 90
2 463 70
2 874 40
3 835 20
4 581 11
4 758 26
4 661 47
4 543 25
5 822 79
5 462 34
5 693 63
5 851 21
5 482 94
5 882 62
5 900 7
5 691 4
6 860 82
6 864 63
6 858 62
6 516 34
6 644 96
6 868 36
6 537 47
6 575 79
6 493 40
6 485 79
6 762 42
6 799 91
6 700 75
7 645 94
7 846 17
7 797 32
7 865 85
7 851 2
7 737 12
7 605 33
7 584 37
7 607 6
7 719 87
7 649 67
7 774 14
7 769 91
7 620 52
7 650 51
8 788 97
8 706 70
8 717 86
8 652 67
8 519 45
8 502 61
8 467 8
8 796 17
8 727 90
8 869 22
8 483 6
8 457 54
8 716 24
9 683 61
9 781 80
9 573 32
9 488 84
9 499 56
9 457 50
10 468 84
10 501 17
10 856 31
10 681 35
10 728 92
11 590 50
11 770 74
11 772 66
11 550 76
11 820 76
11 828 94
11 577 21
11 599 6
11 508 84
12 499 95
12 808 81
12 595 69
13 453 93
13 590 74
13 884 47
13 706 14
13 600 87
13 770 99
13 881 42
13 488 64
13 652 96
13 732 57
13 572 9
13 644 76
14 771 26
14 657 56
14 763 83
14 873 58
14 694 41
14 696 68
14 779 34
14 478 66
15 771 36
15 566 94
15 532 17
15 591 70
15 480 95
15 626 31
15 699 41
15 526 95
15 583 2
15 806 1
15 529 70
15 587 28
15 781 79
15 519 11
16 533 38
16 861 10
16 730 10
16 554 36
16 902 96
16 571 18
17 699 89
17 635 71
17 797 96
17 730 92
17 754 66
17 674 89
17 528 51
17 566 21
17 801 11
18 877 62
18 634 64
19 591 16
19 520 62
19 630 16
19 852 34
20 523 99
20 578 57
20 601 76
20 669 19
20 567 57
20 547 58
20 893 46
20 589 62
20 612 96
20 792 87
20 736 80
21 677 97
21 479 16
21 738 18
21 502 74
21 770 49
21 799 6
21 697 71
21 652 16
21 775 77
21 476 65
21 900 97
21 468 24
21 456 5
22 598 6
22 857 80
22 463 21
22 465 84
22 682 40
22 780 36
23 830 54
23 896 66
23 571 64
23 482 77
23 520 39
23 701 52
23 740 33
23 616 17
24 639 40
24 733 59
24 835 43
25 850 9
25 799 1
25 514 6
25 724 85
25 623 92
25 835 35
25 651 4
25 892 37
25 498 13
25 580 59
26 664 45
26 540 46
26 838 38
26 746 69
26 634 2
27 778 33
27 505 71
27 540 14
27 888 76
27 551 38
28 834 61
28 739 23
28 731 60
28 898 33
28 815 14
28 610 34
28 866 39
28 713 78
28 638 22
28 524 16
29 664 88
29 702 31
29 795 56
29 641 34
29 745 56
29 749 97
29 580 19
30 783 20
30 768 13
30 889 45
30 721 18
30 883 47
30 766 27
30 896 76
30 884 10
30 815 21
31 679 26
31 747 9
31 743 38
31 751 19
31 506 62
31 582 4
31 887 63
31 794 22
31 840 81
31 739 86
31 733 40
32 769 73
32 848 71
32 591 59
33 625 96
33 496 26
33 742 16
33 862 97
33 484 70
33 658 14
33 637 89
33 670 4
33 879 13
33 848 4
33 470 15
34 584 52
34 821 1
34 628 32
34 502 21
34 852 15
34 862 95
34 679 83
34 813 23
34 816 93
34 647 8
35 657 31
35 853 40
35 812 3
35 744 53
35 872 85
35 700 68
35 901 35
35 492 53
36 546 70
36 592 58
36 852 46
36 594 48
36 855 54
37 472 48
37 787 91
37 557 31
37 532 30
37 530 7
37 636 96
37 868 31
37 495 23
37 707 95
37 820 35
38 484 5
38 820 11
38 889 3
38 815 32
39 712 1
39 751 67
39 528 91
39 657 56
39 534 50
39 749 78
39 570 51
39 668 66
39 873 86
39 881 14
39 808 44
39 792 85
39 656 46
39 895 55
39 871 51
40 550 43
40 572 46
41 795 69
41 707 4
41 735 47
41 569 83
41 480 29
41 691 83
41 809 66
41 557 77
41 826 27
41 766 63
41 667 85
41 532 35
41 505 5
42 570 98
42 782 43
42 553 83
42 518 36
42 650 34
42 648 85
42 626 79
42 668 2
43 562 95
43 552 70
43 731 4
43 528 81
43 742 6
43 715 18
43 852 86
43 523 21
43 837 51
43 699 75
43 500 72
43 471 53
44 879 89
44 633 35
44 499 7
44 868 55
44 628 48
44 644 72
45 804 84
45 657 25
45 800 79
45 754 24
45 575 15
45 538 65
45 564 32
46 870 81
46 802 16
46 827 1
46 667 2
46 578 10
46 818 21
46 625 65
46 469 64
46 652 44
46 615 73
46 519 34
47 877 43
47 695 2
47 733 23
47 735 65
47 457 79
47 649 57
47 851 75
47 805 87
47 822 14
47 470 82
48 472 15
48 884 63
48 473 36
48 891 28
48 808 87
48 654 62
48 879 2
48 855 54
49 602 23
49 534 72
49 555 55
49 486 38
49 775 50
49 735 25
49 796 3
50 706 85
50 616 19
50 750 42
50 705 55
50 560 7
50 802 89
50 673 46
50 826 61
51 749 73
51 829 12
51 589 47
52 849 49
52 852 19
52 569 45
52 806 23
52 685 48
52 557 28
52 829 52
53 717 49
53 675 66
53 662 52
53 766 65
53 593 74
53 794 22
53 591 59
53 698 64
53 862 11
54 756 22
54 596 2
54 551 79
54 658 6
54 622 51
54 881 98
55 534 63
55 703 94
55 782 38
55 884 34
55 589 33
55 582 7
55 478 93
55 518 69
55 844 2
55 587 63
55 606 16
55 819 41
55 872 13
56 691 82
56 780 9
57 801 1
57 527 25
57 495 27
57 697 85
57 660 1
57 781 58
57 872 50
57 579 20
57 557 45
57 576 20
57 525 95
57 896 43
57 562 78
57 643 24
57 681 60
58 894 93
58 603 7
58 756 95
58 498 50
58 738 56
59 544 51
59 635 84
59 699 14
59 652 95
59 659 45
60 782 56
60 893 97
60 574 50
60 516 2
60 718 58
60 564 80
60 760 46
60 547 81
60 838 3
60 569 22
60 776 77
60 824 53
60 813 20
60 756 50
60 484 41
61 856 14
62 733 74
62 847 92
62 828 15
63 880 37
63 801 64
63 837 15
63 733 45
63 602 42
63 673 69
63 885 10
63 763 46
64 460 63
64 573 27
64 887 57
64 700 16
64 566 11
64 453 32
64 629 41
64 900 45
64 785 61
64 586 99
64 655 19
64 776 87
64 730 39
64 834 49
65 885 61
65 547 76
65 537 3
65 681 82
65 626 41
66 715 86
66 511 45
66 553 10
66 464 43
66 676 76
66 582 92
66 887 99
66 865 58
66 539 81
66 564 42
66 526 52
66 571 9
66 767 33
67 828 48
67 507 35
67 820 83
67 457 55
67 848 45
67 798 7
67 735 67
67 513 21
67 693 79
68 555 6
69 454 80
69 597 14
69 619 56
70 799 6
70 533 76
70 725 88
70 541 3
70 761 38
71 599 43
71 554 59
71 679 29
71 780 23
71 645 2
71 487 53
71 698 84
71 473 80
71 581 23
71 657 11
71 865 74
71 583 59
71 663 3
72 629 10
72 532 91
72 736 86
72 731 39
72 537 4
72 654 66
72 720 7
72 528 32
72 811 96
72 605 16
72 579 20
72 742 8
72 697 39
73 667 30
73 896 29
73 748 21
73 678 87
73 844 24
73 452 69
73 811 78
73 718 5
73 680 9
73 519 49
73 604 4
73 700 25
73 717 34
73 672 30
74 801 70
74 560 64
74 774 83
74 836 56
74 693 47
74 851 20
74 719 4
74 700 70
74 897 23
74 455 70
74 559 66
75 645 72
75 526 23
75 652 96
76 692 6
76 737 47
76 708 44
76 587 10
76 811 16
76 639 62
76 641 24
76 663 55
76 470 60
76 813 36
76 754 87
76 668 5
77 740 81
77 839 98
77 500 1
77 633 43
77 461 82
78 708 14
78 808 70
79 464 36
80 647 36
80 754 68
80 674 13
80 737 59
80 795 72
80 740 87
80 524 36
80 606 59
80 769 7
80 701 50
80 460 22
80 883 52
80 866 47
80 662 81
81 823 98
81 584 62
81 625 6
81 674 94
81 489 10
81 867 71
81 483 6
81 769 16
81 618 4
81 623 48
81 510 69
81 792 43
81 635 38
81 480 6
81 847 70
82 688 79
82 724 87
82 760 52
82 843 2
82 508 86
82 868 61
82 807 38
82 770 34
82 632 84
82 740 37
82 600 28
82 801 27
82 780 65
82 731 49
82 858 11
83 873 14
83 471 35
83 576 57
84 634 1
84 684 99
84 878 39
84 887 38
84 615 88
85 508 5
85 566 99
85 737 30
85 851 21
85 792 64
85 577 65
85 825 90
85 704 29
85 675 50
85 611 30
85 558 88
85 722 27
85 837 62
85 858 69
85 679 50
86 494 60
86 651 21
86 719 60
86 584 28
86 892 21
86 789 57
86 667 82
86 877 44
86 822 41
86 616 66
86 807 93
87 717 34
87 455 34
87 748 86
87 776 38
87 679 6
87 523 32
87 812 42
87 693 99
87 485 48
88 851 3
88 474 57
88 879 41
88 527 74
88 508 69
88 699 94
88 881 8
88 602 78
89 621 96
89 800 76
89 778 22
90 678 48
90 619 45
90 482 84
90 898 96
90 621 79
90 801 40
90 763 11
91 627 17
92 555 32
92 889 22
92 671 56
92 765 89
92 685 54
92 495 71
92 766 31
92 498 56
93 725 43
93 712 12
93 703 25
93 696 57
93 608 85
93 817 63
93 732 22
93 870 48
93 898 4
93 671 80
93 531 86
93 638 59
93 825 27
93 842 49
93 716 4
94 608 47
94 648 64
94 528 45
95 794 45
95 624 89
95 655 49
95 676 89
95 704 58
95 776 65
95 540 22
96 837 26
96 647 68
96 559 26
96 673 46
96 574 67
96 814 86
96 504 4
96 832 38
96 878 38
96 826 65
97 532 66
97 791 72
97 833 20
97 767 37
97 712 85
97 547 23
97 487 37
97 632 92
97 499 99
97 858 54
97 694 51
98 750 89
98 689 82
98 759 18
99 552 9
99 509 25
99 478 9
99 894 26
100 728 42
100 895 7
100 485 54
100 703 53
100 563 60
100 760 36
100 515 60
100 462 95
100 789 96
100 786 2
101 684 37
101 773 93
101 898 82
101 753 22
102 760 88
102 845 84
102 580 38
102 669 75
102 595 45
102 492 9
102 784 60
102 594 66
102 570 13
102 712 96
102 886 59
102 718 12
102 720 71
102 854 36
103 851 85
103 834 8
103 493 38
103 706 42
103 799 78
103 800 78
103 515 95
103 600 32
103 689 11
103 874 14
103 622 12
104 523 84
104 599 76
104 747 89
104 879 27
104 694 35
104 457 56
105 694 7
105 566 71
105 801 29
105 677 2
105 592 98
106 562 80
106 794 34
106 585 80
106 754 1
106 776 65
106 700 76
106 645 93
106 837 58
107 599 94
108 732 49
108 644 65
108 856 25
108 515 10
108 697 88
108 794 64
108 698 94
108 876 16
108 782 5
108 713 27
109 725 57
109 736 73
109 644 25
109 712 63
109 587 61
109 611 32
109 660 70
109 502 39
109 609 78
109 804 40
109 470 53
109 688 40
109 457 42
109 833 34
109 749 87
110 626 27
110 879 5
110 678 62
110 511 77
110 902 13
110 897 20
110 598 38
110 502 53
110 503 20
110 521 63
110 900 20
110 772 52
110 458 80
111 619 39
111 808 70
111 752 62
111 798 90
111 763 66
111 470 3
111 584 44
111 890 25
111 510 56
111 677 70
111 706 20
111 549 68
111 596 94
111 831 37
111 625 16
112 510 18
112 767 41
112 851 9
112 881 23
112 523 90
112 899 23
113 654 62
113 898 60
113 730 32
113 589 38
114 661 92
114 518 7
114 614 19
114 791 21
114 495 5
115 636 99
115 564 42
115 839 79
115 561 90
115 522 1
115 730 8
116 639 77
116 821 62
116 453 73
116 708 40
116 805 90
116 753 62
116 670 70
116 779 34
117 462 43
117 585 9
117 824 19
117 480 83
117 810 23
117 622 36
117 704 78
117 549 55
117 803 96
117 484 62
117 784 57
117 892 76
118 895 11
118 515 31
118 817 53
118 506 74
118 869 95
118 646 26
118 512 5
118 683 51
119 696 70
119 572 77
119 649 89
119 787 4
119 530 36
119 554 8
119 848 40
119 545 78
119 880 35
119 821 82
119 717 99
119 777 61
119 507 91
119 480 26
120 466 89
120 721 29
120 763 74
120 741 24
120 661 96
120 490 84
120 849 27
120 693 45
120 861 45
120 828 18
120 841 34
120 794 24
120 751 96
121 476 47
121 718 10
121 555 98
121 514 45
121 791 65
121 703 58
121 733 19
121 475 63
121 544 65
121 602 20
121 604 15
121 709 47
122 865 15
122 627 95
123 840 99
123 486 20
123 850 15
123 491 62
123 599 95
123 631 85
123 652 84
123 844 41
123 641 24
123 658 1
123 625 71
123 859 29
124 604 20
124 615 25
124 506 26
124 696 33
124 545 72
124 797 70
124 901 12
124 674 11
124 895 92
124 592 69
124 618 36
124 636 38
124 698 35
125 612 4
125 589 72
125 854 63
125 886 24
125 887 9
125 518 59
125 506 76
125 891 81
125 806 89
125 846 27
125 711 25
125 639 31
125 747 55
126 613 38
126 776 39
126 584 13
127 777 7
127 548 85
127 842 98
128 550 73
128 465 36
128 863 38
128 520 94
128 628 38
128 583 33
128 847 48
128 797 45
128 683 36
128 758 4
128 803 4
128 709 31
128 492 83
128 707 76
128 689 27
129 641 92
129 793 14
129 774 22
129 615 18
129 711 15
129 562 42
129 887 95
129 809 48
130 835 31
130 512 98
131 459 1
131 540 2
131 761 17
131 602 32
132 625 73
132 491 98
132 841 86
132 474 83
132 818 38
132 792 64
132 825 99
132 496 65
132 461 78
132 615 25
132 856 91
132 738 61
132 490 15
132 478 41
132 809 77
133 812 85
133 791 95
133 886 41
134 678 54
134 630 28
134 890 46
134 480 26
134 506 90
134 470 88
134 696 70
134 523 57
135 789 78
135 595 87
135 899 8
135 653 95
135 726 37
135 769 31
135 667 31
135 750 13
135 652 63
135 725 6
136 851 17
137 702 48
137 849 46
137 483 13
137 522 27
138 809 27
139 484 35
139 549 96
139 651 27
139 778 54
139 828 27
139 659 55
140 503 71
140 813 45
140 870 4
140 799 59
140 548 48
140 754 89
140 671 86
140 574 47
140 472 9
140 859 97
140 537 13
140 667 81
140 611 85
140 594 13
140 690 58
141 517 82
141 886 88
141 728 60
141 559 31
141 830 3
141 492 78
142 887 72
142 460 69
142 790 48
142 820 95
142 695 41
142 692 1
142 846 19
142 573 90
142 727 93
142 518 62
142 774 17
142 616 30
142 840 24
142 684 17
142 828 62
143 549 92
143 803 77
143 579 83
143 829 42
143 526 27
143 887 16
143 698 97
143 649 19
143 463 35
143 696 64
143 841 27
143 585 15
144 552 69
144 519 52
144 463 9
144 816 66
144 886 24
144 791 25
144 661 77
144 836 99
144 878 76
144 785 55
144 528 64
145 712 7
145 600 88
145 739 67
145 881 57
145 753 15
145 829 36
145 592 95
145 531 51
145 631 62
145 658 96
146 565 95
146 825 90
146 902 11
146 664 77
146 592 89
146 809 75
146 901 62
146 753 74
146 712 50
147 627 13
147 869 32
147 706 15
147 604 86
147 475 50
147 701 38
147 488 85
147 597 95
148 827 93
148 696 6
148 752 47
148 691 17
148 627 86
148 550 37
149 485 14
149 846 76
149 463 53
149 896 59
149 715 58
149 824 83
149 796 83
149 718 40
149 800 13
149 894 64
149 887 19
149 579 73
149 521 62
150 880 97
151 719 88
151 508 35
152 633 49
152 485 15
152 728 25
153 580 26
153 555 43
153 836 33
153 467 91
153 734 3
153 459 18
153 716 19
153 586 29
153 727 40
153 565 2
154 776 46
154 507 16
154 742 79
154 719 10
154 868 54
154 706 97
154 524 1
154 890 36
155 483 16
155 716 4
155 812 91
155 528 67
155 588 73
155 850 19
155 664 50
155 485 67
155 634 76
156 819 76
156 779 87
156 659 7
157 786 59
157 793 56
157 782 33
157 808 92
158 711 60
158 535 94
158 760 81
159 465 84
159 742 51
159 606 42
159 825 40
159 644 54
159 452 43
160 734 38
160 560 67
160 497 49
160 472 40
161 766 64
161 646 9
161 759 99
161 782 88
161 786 98
161 697 33
161 682 11
161 855 33
161 637 59
162 805 69
162 568 14
162 842 42
162 858 35
162 829 41
162 538 42
162 800 42
163 630 33
164 626 43
164 556 89
164 798 83
164 689 86
164 885 49
164 477 59
165 485 17
166 710 16
166 734 85
166 639 74
167 471 64
167 598 38
167 474 24
167 478 36
167 630 52
167 466 1
167 756 28
167 808 13
167 877 68
167 719 88
167 839 19
168 886 61
168 688 24
169 456 22
169 836 59
169 550 1
170 751 25
170 523 67
170 661 43
170 522 16
170 800 1
170 761 97
170 677 12
170 649 10
170 763 94
170 830 78
171 523 66
171 831 53
171 521 15
171 839 49
171 682 83
171 515 72
171 774 14
171 734 59
171 616 46
171 770 95
171 721 36
171 582 34
171 530 62
172 847 41
172 493 8
172 686 29
172 862 74
172 538 54
172 776 15
172 612 82
172 867 66
172 790 61
172 701 28
172 712 48
173 855 35
173 580 49
173 771 73
173 692 70
173 558 73
173 496 67
173 499 26
173 781 14
173 768 41
173 561 73
174 752 34
174 746 74
174 843 97
174 514 20
174 718 5
174 605 47
174 884 47
174 704 64
174 531 76
174 672 64
174 855 65
174 720 90
175 690 6
175 676 2
175 506 8
175 680 72
175 558 24
175 493 58
175 722 95
175 578 13
175 834 12
175 563 6
175 645 25
175 865 67
175 827 14
175 664 34
175 677 99
176 651 44
176 887 86
176 738 79
177 836 69
177 567 23
177 597 93
177 713 88
177 796 7
178 809 33
178 899 31
178 633 54
178 529 49
178 634 68
178 627 35
178 503 2
178 701 84
178 771 64
179 896 82
179 552 45
179 662 44
179 519 71
179 545 62
179 625 2
179 815 43
179 732 67
179 772 18
180 680 28
180 672 62
180 479 29
180 899 50
180 473 30
180 688 6
180 569 71
180 591 47
180 509 4
180 574 78
180 530 97
181 787 94
181 746 43
181 586 97
181 726 17
181 848 94
181 756 74
181 831 41
181 469 69
181 814 10
182 795 28
182 857 77
182 541 10
182 550 21
182 676 61
183 486 84
183 662 69
183 655 90
183 768 28
183 844 81
183 492 84
183 485 36
183 589 2
184 636 5
184 508 65
184 849 27
184 510 78
184 814 83
184 643 1
184 648 48
184 652 78
184 668 21
184 819 32
184 836 24
184 722 87
184 680 69
185 803 40
185 754 47
186 554 27
186 779 76
186 524 87
186 809 60
186 825 73
186 463 58
186 802 89
186 557 51
186 749 52
186 822 8
186 665 88
186 753 46
186 746 37
186 712 80
187 757 20
187 664 22
187 700 93
187 885 61
187 862 92
187 902 39
187 837 32
187 599 90
187 666 17
187 792 91
187 784 40
187 760 22
187 736 32
188 867 8
188 541 46
188 551 86
188 834 34
188 713 91
189 729 45
189 586 22
189 837 63
189 611 52
189 708 94
189 797 24
189 728 62
189 880 44
189 802 15
189 825 15
189 558 75
189 839 71
190 468 95
190 713 55
190 821 12
190 795 97
190 845 1
190 620 11
190 632 30
190 760 26
190 469 76
190 492 2
190 605 16
190 517 37
190 794 60
190 766 96
191 700 21
191 663 52
191 647 26
191 781 82
191 638 5
191 860 65
191 837 73
191 565 96
192 702 1
192 645 15
193 773 18
193 688 67
194 862 27
194 653 69
194 800 98
194 700 49
194 869 24
194 786 18
194 498 16
194 649 46
194 608 96
194 665 84
194 533 10
194 490 34
194 711 7
194 545 36
194 683 56
195 817 8
195 482 15
195 503 43
195 632 7
196 630 27
196 680 92
196 653 98
196 460 4
196 533 11
197 772 18
197 544 33
197 651 10
197 580 10
197 762 97
198 480 98
198 533 54
198 855 96
199 545 79
199 800 33
199 793 83
199 653 61
199 466 27
199 490 28
200 557 77
200 821 97
200 578 21
200 472 14
201 609 1
201 730 36
201 461 42
201 721 92
201 508 75
201 754 69
201 683 10
201 876 66
201 598 81
202 788 57
202 639 8
202 629 91
202 556 75
202 860 29
202 537 66
202 673 88
202 869 31
202 683 91
203 731 9
204 724 7
204 584 48
204 612 98
204 881 30
204 575 14
204 592 55
204 565 73
204 547 52
204 542 95
204 857 80
204 578 86
204 504 66
204 838 9
205 570 6
205 492 78
205 468 97
205 629 67
205 753 68
205 881 26
205 473 57
205 755 40
205 464 99
205 605 31
205 476 17
205 813 96
205 533 88
206 786 88
207 798 58
207 460 54
207 891 95
207 683 39
207 458 97
207 779 86
207 560 89
207 529 15
207 630 66
207 543 2
207 763 6
207 502 29
207 602 37
207 833 3
208 576 18
208 620 15
208 487 85
209 633 95
209 853 91
209 506 99
209 613 86
209 752 97
209 806 31
209 871 98
209 572 21
209 458 5
209 856 35
209 665 68
209 511 7
209 535 18
209 664 81
210 511 34
210 569 25
210 516 67
210 606 16
210 817 98
211 834 1
211 841 42
211 901 89
211 661 80
211 570 20
211 873 90
211 605 13
211 533 95
211 544 62
212 644 40
212 497 88
212 514 55
212 604 23
212 453 85
212 744 45
212 750 22
212 590 6
212 780 89
212 489 2
212 659 60
212 553 23
213 867 96
213 483 19
213 679 93
213 741 51
213 464 22
214 846 9
214 511 48
214 465 21
214 573 72
214 629 5
214 702 70
214 463 86
214 507 19
214 854 15
214 634 44
214 835 6
215 491 12
215 817 79
215 504 95
215 472 85
215 466 35
215 473 37
215 511 80
215 588 17
215 670 79
216 829 45
216 729 21
216 780 72
216 486 60
216 732 28
216 717 35
216 629 65
216 793 56
217 592 75
217 662 4
217 601 24
217 744 96
217 631 29
218 788 98
218 805 82
218 893 64
218 688 75
218 798 89
218 859 35
218 847 18
218 673 68
218 620 4
218 639 71
218 523 2
218 846 16
218 469 93
219 682 11
219 779 7
219 556 74
219 576 87
219 585 60
219 638 38
219 695 76
220 872 72
220 649 76
220 472 87
220 676 76
220 744 60
221 577 44
221 731 70
221 667 6
221 663 31
221 744 43
221 542 11
221 587 20
221 608 10
221 598 83
222 826 81
222 873 14
222 785 22
222 558 60
222 768 47
222 544 45
222 646 98
222 542 12
222 612 41
222 586 50
222 805 70
222 716 45
222 477 35
222 610 25
223 583 58
223 645 82
223 835 88
223 695 43
223 668 86
223 573 20
223 566 57
223 595 22
223 547 94
223 791 87
223 875 16
223 762 46
223 554 65
223 830 12
223 523 38
224 633 61
224 574 60
224 652 81
225 755 6
225 588 10
225 728 29
225 780 92
225 455 52
225 833 28
226 609 14
226 801 92
226 764 78
227 641 60
227 504 35
227 751 38
227 861 6
227 845 16
227 676 10
228 668 45
228 704 47
228 758 48
228 642 55
228 462 68
228 880 34
228 571 90
228 786 27
228 890 59
228 684 20
228 515 34
228 731 45
229 886 2
229 728 79
229 898 86
230 897 73
230 819 80
230 507 89
230 692 89
230 737 39
231 860 25
231 696 95
232 617 66
232 685 30
232 709 61
232 706 30
232 871 93
232 580 41
232 752 96
232 731 87
233 850 56
233 760 82
233 565 1
233 577 36
233 751 20
233 660 64
233 571 89
233 845 7
233 734 92
233 546 47
233 521 15
233 681 83
234 816 70
234 509 73
234 610 18
234 866 83
234 477 13
234 620 13
234 564 92
235 647 87
235 800 54
235 848 48
235 679 16
235 715 76
235 789 84
235 529 50
235 635 81
235 837 18
235 882 93
235 707 39
236 590 41
236 478 49
236 772 31
236 520 72
236 749 63
236 573 51
236 795 44
236 677 65
236 766 59
236 626 22
236 456 83
237 771 74
237 652 97
237 547 42
237 457 25
237 555 41
237 583 25
237 618 92
237 879 12
237 655 78
237 862 17
237 619 81
237 801 49
237 487 9
237 773 33
237 494 9
238 470 66
238 611 24
238 542 52
238 877 70
238 565 83
238 488 72
238 821 13
239 546 54
239 860 7
239 773 65
239 893 53
239 490 98
240 486 11
240 673 66
240 674 39
240 739 47
240 469 53
240 779 70
240 539 4
240 710 80
240 734 51
240 751 74
240 540 52
240 552 43
240 576 25
240 631 88
241 873 6
241 484 16
241 878 22
241 531 60
241 585 1
241 659 22
241 606 39
241 536 55
241 482 85
241 765 21
241 734 13
242 867 89
242 813 39
242 597 12
242 712 62
242 628 44
242 841 36
242 686 59
242 828 88
242 848 27
242 578 82
243 756 46
243 617 40
243 574 70
243 663 28
243 780 78
243 693 6
243 789 53
244 815 57
245 724 92
245 575 72
245 828 9
245 797 45
245 814 94
245 807 66
245 665 96
246 589 32
246 644 47
246 877 65
246 638 31
246 497 59
246 575 56
246 800 81
246 588 18
246 491 34
246 815 63
246 614 32
246 793 92
247 816 19
247 747 7
247 736 38
247 574 92
247 463 54
247 899 97
247 728 7
247 746 60
248 753 76
248 822 52
248 543 32
248 594 22
248 689 17
249 817 86
249 716 97
249 485 92
249 473 48
249 497 5
249 711 45
249 837 44
249 676 46
250 572 65
250 901 12
250 765 89
250 643 93
251 876 58
251 752 68
251 474 27
251 839 64
251 810 22
251 731 36
251 544 64
252 900 47
252 796 13
252 669 34
252 505 50
252 745 54
252 499 79
252 576 54
252 718 47
253 884 87
253 563 6
253 819 21
253 577 80
253 550 15
253 581 43
253 771 15
253 660 72
253 557 58
253 813 88
253 511 70
253 456 30
253 695 19
253 464 87
254 537 46
254 544 53
254 622 95
254 452 49
254 800 99
255 687 96
255 860 30
255 579 80
255 594 96
255 719 55
255 591 16
256 894 68
256 868 74
256 789 4
256 552 52
256 754 47
256 619 39
256 469 68
256 654 50
256 727 97
257 778 57
257 623 41
257 605 45
258 705 31
258 821 74
258 485 50
258 670 43
258 656 95
258 784 68
259 871 75
259 653 51
259 779 6
260 820 46
260 700 60
260 649 66
260 605 80
260 691 55
261 734 5
261 892 80
261 517 58
261 669 18
261 591 8
261 475 9
261 861 65
261 605 64
261 528 47
261 898 69
261 834 11
261 713 20
261 467 12
261 746 50
261 731 2
262 879 80
262 884 21
262 491 31
262 546 6
262 827 9
262 514 64
262 710 75
263 474 49
263 667 54
263 461 34
263 879 13
263 837 21
263 822 4
264 500 11
264 487 22
264 546 15
264 496 37
264 633 72
264 540 91
264 864 34
264 566 88
264 797 92
264 526 80
265 580 49
265 788 32
265 604 79
266 638 66
266 484 28
266 746 81
266 624 33
266 723 76
266 667 56
267 597 25
267 510 49
267 671 25
267 634 25
268 646 29
268 826 61
268 465 72
268 884 90
268 670 30
268 609 31
268 627 5
268 785 83
268 677 94
268 823 88
268 702 62
268 550 54
269 467 25
269 770 54
269 596 73
269 472 48
270 836 20
270 824 17
270 470 14
270 766 88
270 481 40
270 880 81
270 585 74
270 664 30
270 550 98
270 507 47
270 838 67
271 487 21
271 727 58
271 901 56
271 646 96
271 669 54
271 642 85
271 784 97
271 544 86
271 748 76
271 874 99
271 612 2
271 722 4
272 717 57
272 685 87
272 648 97
272 517 54
272 708 44
272 799 18
272 871 13
272 577 4
272 651 28
272 738 59
272 712 28
272 778 36
272 783 9
273 488 36
273 751 37
273 458 85
273 510 48
273 571 86
273 850 42
273 788 92
273 787 82
273 877 64
273 551 83
273 816 26
273 700 39
274 715 91
274 830 8
274 465 68
274 864 28
274 663 67
275 833 96
275 666 48
275 646 19
275 839 13
275 599 57
275 744 1
275 610 43
276 667 27
276 739 31
276 892 13
276 640 85
276 770 44
276 789 40
276 747 62
276 696 30
276 742 21
276 815 88
276 493 19
276 775 49
276 499 12
277 711 39
277 548 89
277 603 58
277 459 9
277 671 21
277 608 93
277 650 5
277 637 72
277 776 16
277 501 52
277 578 11
277 852 45
277 583 75
278 814 60
278 762 62
278 668 79
278 864 18
278 883 95
278 572 79
278 500 36
278 887 43
278 813 21
278 497 56
279 735 30
279 870 8
279 585 39
279 626 25
279 501 22
279 622 95
279 779 19
279 786 4
279 736 88
279 838 19
279 743 16
279 898 29
279 737 7
280 712 90
280 469 11
280 554 92
280 568 63
280 591 96
280 644 70
280 840 11
280 616 78
280 454 3
280 784 41
280 883 68
280 599 79
280 532 99
281 830 50
281 784 3
281 726 92
281 637 40
281 557 14
281 548 69
281 839 18
281 641 34
281 516 29
281 463 2
281 727 82
281 781 69
282 517 83
282 750 76
282 810 97
282 523 48
282 766 22
282 834 27
282 473 60
282 622 31
282 554 55
283 771 89
283 674 8
283 756 3
283 877 16
283 571 40
283 867 72
283 704 10
283 645 78
283 805 27
283 542 67
283 887 70
283 859 45
283 854 22
283 563 45
284 792 16
284 640 11
284 455 49
284 523 6
285 542 46
285 744 12
285 713 73
285 844 62
285 774 9
285 769 11
285 547 94
285 712 13
285 568 93
285 667 13
285 510 30
285 623 80
285 727 15
285 838 9
286 866 48
286 704 44
286 574 61
286 719 95
286 676 90
286 714 24
286 720 73
286 825 97
286 690 8
286 717 56
286 561 2
286 798 35
286 698 12
286 869 24
287 646 61
287 470 32
287 551 82
287 601 37
287 758 73
287 478 21
287 863 14
287 815 20
287 554 82
287 705 28
287 771 98
287 895 92
287 529 21
287 589 27
287 484 78
288 583 96
288 468 48
288 607 46
288 593 53
288 540 61
288 518 96
288 638 78
288 749 84
288 594 20
289 822 21
289 474 25
289 578 32
289 664 49
289 873 4
289 752 18
289 746 60
289 595 74
289 472 98
289 491 71
290 578 51
290 532 62
290 831 31
291 792 93
292 466 8
293 722 93
293 643 95
293 687 29
293 658 62
293 453 33
293 880 97
293 782 97
293 543 4
293 727 46
293 788 19
293 580 11
293 734 8
294 459 55
294 485 82
294 559 51
294 840 27
294 688 83
294 793 47
294 734 63
294 471 16
294 600 48
295 568 89
295 895 64
295 643 17
295 457 64
295 838 67
295 678 25
295 590 94
295 650 50
295 498 76
295 623 17
295 845 66
295 774 54
295 533 39
296 719 60
296 576 65
296 686 68
296 543 16
296 661 51
297 709 23
298 660 24
298 722 22
298 570 85
298 499 31
298 723 92
298 517 10
298 555 5
298 581 92
298 635 47
298 788 44
298 573 68
298 709 15
299 665 68
299 712 77
299 875 60
299 846 4
300 589 32
300 533 13
300 562 97
300 762 65
300 587 73
300 854 3
300 876 54
300 572 70
300 563 3
300 558 45
301 713 54
301 582 17
301 579 23
301 675 85
301 687 59
301 824 67
301 789 95
302 858 41
302 524 92
302 546 27
302 819 5
302 891 34
302 508 24
302 653 55
302 726 63
302 468 32
302 506 47
302 767 6
302 714 8
303 797 2
303 783 98
303 572 77
303 713 79
303 549 56
304 886 34
304 547 56
304 750 19
304 848 86
304 895 49
304 475 21
304 527 68
304 893 15
304 582 28
304 797 48
304 881 56
304 791 88
304 537 70
305 811 62
305 516 85
306 617 1
306 574 19
307 837 28
307 579 85
307 859 33
307 518 99
307 699 97
307 747 88
307 495 43
307 819 3
307 701 41
308 865 55
309 863 48
309 806 63
309 696 2
309 559 46
309 579 76
310 796 38
310 899 66
310 884 51
310 662 4
311 573 49
311 528 10
311 878 91
311 629 71
311 544 58
312 719 89
312 529 6
312 548 76
312 877 98
312 609 74
312 500 62
312 870 85
312 793 21
312 781 8
312 648 82
312 631 71
312 851 92
312 610 46
312 643 56
312 574 36
313 742 67
313 831 75
313 633 83
313 713 9
313 704 65
313 839 20
313 843 52
313 724 27
313 577 2
313 627 79
313 886 50
313 738 4
314 724 11
314 570 81
314 853 52
314 834 10
314 885 36
314 832 14
314 768 75
314 615 10
314 705 92
314 758 13
314 729 44
314 668 28
314 701 78
314 809 70
314 617 28
315 725 56
315 470 19
316 640 75
317 498 84
317 898 92
317 734 10
317 635 15
317 782 36
317 589 73
317 727 27
317 752 82
318 776 6
318 887 38
318 507 38
318 791 78
318 826 74
318 512 19
318 901 24
318 679 58
318 661 75
318 644 39
318 519 55
318 579 73
319 778 35
319 887 78
319 488 70
319 590 47
319 485 44
320 529 54
320 901 32
320 608 55
320 863 30
321 656 95
321 677 92
321 574 96
321 570 9
322 555 27
322 695 95
322 493 58
322 765 93
322 820 95
322 885 45
322 744 78
323 812 82
323 885 54
323 556 8
323 501 37
323 497 72
323 712 14
324 573 39
324 561 26
324 824 4
324 572 20
324 750 95
324 598 88
324 643 1
324 555 46
324 620 40
324 675 6
325 619 22
325 475 63
325 860 71
325 586 82
325 601 42
325 841 71
325 782 52
325 480 11
325 557 46
325 852 41
325 478 70
325 716 47
326 796 24
326 594 66
326 778 65
326 681 79
326 502 93
326 454 76
326 480 90
327 799 81
327 583 71
327 878 34
327 547 74
327 756 30
327 454 16
327 723 7
327 503 51
327 815 10
327 591 1
327 775 5
327 542 95
327 482 63
327 717 87
328 655 89
328 677 37
328 736 31
328 618 25
328 621 63
328 469 37
328 606 12
328 782 2
328 547 97
329 615 91
329 679 32
329 608 44
329 723 91
329 864 2
329 505 38
329 618 55
329 646 16
329 836 94
329 722 24
330 884 55
330 491 59
330 748 35
330 839 87
330 511 89
330 879 42
330 645 66
330 712 36
330 605 20
330 625 43
330 629 11
330 530 41
331 574 45
331 455 8
331 669 60
331 739 35
331 761 29
331 838 34
331 645 55
331 703 31
331 783 40
331 702 79
331 592 79
332 566 74
332 683 43
332 853 43
332 538 85
332 609 25
332 798 5
332 549 13
332 897 54
333 673 84
333 637 10
333 891 72
333 682 8
333 561 28
333 492 54
333 863 49
333 522 41
333 845 82
333 573 97
333 889 2
333 600 91
333 735 59
334 860 86
334 738 50
334 782 86
334 788 37
334 901 31
335 543 67
335 553 10
335 691 21
336 613 61
336 847 64
336 648 84
336 695 76
336 626 79
336 899 61
337 531 45
337 535 47
337 849 56
337 804 42
337 721 31
337 681 7
337 509 88
337 651 26
337 797 31
337 685 73
338 841 99
338 581 32
338 606 80
338 528 79
338 734 93
338 534 72
338 895 33
339 730 38
339 462 87
339 551 21
339 821 87
339 738 93
339 572 57
339 849 49
339 735 93
339 520 38
340 747 4
340 619 34
340 798 24
340 848 46
340 746 87
340 809 32
341 789 49
341 699 93
341 591 5
342 724 94
342 588 26
343 746 56
343 812 71
343 615 84
343 562 70
344 536 61
345 565 19
345 702 13
345 826 37
345 621 98
346 883 86
346 617 30
346 562 28
346 684 88
346 774 31
346 849 47
346 891 88
346 486 58
346 502 74
347 737 52
347 895 90
348 463 7
348 848 48
348 738 92
348 755 4
348 646 55
348 457 3
348 777 85
348 899 86
348 526 68
349 859 83
349 738 87
349 733 75
349 886 98
349 503 46
349 633 77
349 820 67
349 875 3
349 679 51
349 478 26
349 828 74
349 802 44
349 678 13
350 719 94
351 736 52
351 553 74
351 504 6
351 680 35
352 622 15
352 727 41
352 657 43
353 619 91
353 730 19
353 850 53
354 615 5
354 845 19
354 887 8
354 542 78
354 637 81
354 727 16
355 567 58
355 457 34
356 771 26
356 600 68
356 764 16
356 667 98
356 710 55
356 773 30
356 563 42
356 622 54
356 723 79
356 487 86
356 536 8
356 623 48
356 676 77
356 846 46
356 748 94
357 688 54
357 462 41
357 528 29
357 813 50
357 787 68
357 806 70
357 872 46
357 696 25
357 515 92
357 536 68
357 844 22
358 493 94
358 642 27
358 683 69
358 897 88
358 731 21
358 570 35
358 635 68
358 532 40
358 665 19
359 468 44
359 786 78
359 865 53
359 900 19
359 458 75
359 814 92
359 547 60
359 894 61
359 621 57
359 492 83
359 697 71
359 490 76
359 477 58
360 546 25
360 550 54
361 630 38
361 520 52
361 603 66
361 626 90
361 832 64
361 754 80
361 580 44
361 532 24
361 707 30
361 541 33
361 795 35
361 557 15
361 662 85
361 667 91
362 733 65
362 897 72
362 644 80
363 789 37
363 799 28
363 510 50
363 601 75
363 524 87
363 818 11
363 803 74
363 466 75
363 609 10
363 603 84
363 658 68
363 857 9
363 636 96
363 471 46
364 805 36
364 597 3
364 706 16
364 745 51
364 857 68
364 562 69
364 771 77
364 829 76
365 457 38
365 551 1
365 515 55
365 733 23
366 699 85
367 483 41
367 749 77
367 598 75
367 663 69
367 520 92
367 571 11
367 821 91
368 710 39
368 480 31
368 739 74
369 831 78
369 500 50
369 586 42
369 611 92
369 538 16
369 894 54
369 765 95
369 844 76
369 479 16
369 603 33
369 690 87
369 740 99
369 470 13
369 873 69
369 854 41
370 876 96
370 755 4
370 522 4
370 888 61
370 813 89
371 627 50
371 560 21
371 489 64
371 710 25
371 602 34
371 685 97
371 678 34
371 626 15
371 487 75
371 829 97
371 725 6
371 800 8
371 900 6
371 510 28
372 842 37
372 880 1
372 741 27
372 618 76
372 757 61
372 632 23
372 782 42
372 511 25
372 761 39
372 645 89
372 549 98
373 678 41
373 558 65
373 858 6
373 860 29
373 754 95
373 512 8
374 776 88
374 478 78
374 574 41
374 730 24
374 744 58
374 532 86
374 617 18
374 755 58
374 568 18
374 764 20
374 466 80
374 572 1
374 876 18
374 795 28
374 724 80
375 777 93
375 684 84
376 508 33
376 666 40
376 747 70
376 501 27
376 630 42
376 516 39
376 504 48
376 452 26
377 531 81
377 872 74
377 874 26
378 464 92
378 637 33
378 747 28
378 720 86
378 601 79
378 899 90
378 538 18
378 591 30
378 779 64
378 666 5
379 746 79
379 525 15
379 576 9
379 727 18
379 856 44
379 532 3
380 484 61
380 456 24
380 673 22
380 480 62
380 880 18
380 846 48
381 692 80
381 467 73
381 617 88
381 688 26
381 488 80
381 795 47
381 495 40
381 736 93
382 610 98
382 880 77
382 668 12
382 628 91
382 687 66
382 635 84
382 819 91
382 790 94
382 532 21
382 754 28
382 786 11
382 894 51
382 830 30
382 692 80
383 897 54
383 901 26
384 841 61
384 734 9
384 694 97
384 608 36
384 770 86
384 776 2
384 838 60
384 659 13
384 522 9
385 543 45
385 629 52
385 757 55
385 703 97
385 692 54
385 615 10
385 569 70
385 878 90
385 759 70
385 807 6
385 842 2
385 751 3
385 539 17
385 785 52
385 851 59
386 511 11
386 674 66
386 764 4
386 678 93
386 569 52
387 489 67
387 550 18
387 556 1
387 453 20
387 621 62
387 454 64
387 562 71
387 794 49
387 692 4
388 565 7
389 698 96
389 805 17
389 899 99
389 535 83
389 654 22
389 666 32
389 574 37
389 523 97
389 589 66
389 546 19
389 757 40
389 542 61
389 647 59
389 811 74
390 644 52
390 717 23
390 616 45
390 798 57
390 747 38
390 759 26
390 753 20
391 659 98
391 598 67
391 690 61
391 897 41
391 567 27
392 868 52
392 566 36
392 814 35
392 638 89
392 597 39
392 539 21
392 497 86
392 581 64
392 878 10
392 471 85
392 549 4
393 498 33
393 555 30
393 845 28
393 696 73
394 708 69
395 696 37
395 820 74
395 529 12
395 528 7
395 585 58
395 721 26
395 538 67
395 848 40
395 665 20
396 839 14
396 866 12
396 672 77
396 459 87
396 658 98
396 624 50
396 883 38
396 845 43
397 501 94
397 724 79
397 614 2
397 515 62
397 741 77
397 596 80
397 700 20
397 643 74
397 713 95
397 649 65
397 866 67
398 884 20
398 637 12
398 773 28
398 850 11
398 791 52
399 680 51
399 820 61
400 593 92
400 734 50
401 491 35
401 507 68
401 780 27
401 548 68
401 742 95
401 834 70
401 865 25
401 753 10
401 562 10
401 658 76
401 891 12
401 534 35
402 690 65
402 834 90
402 787 35
402 529 48
402 728 72
402 650 8
402 468 60
402 706 94
402 884 91
402 486 33
403 711 63
403 736 61
403 844 1
403 616 20
403 889 8
404 582 86
404 783 1
404 626 25
404 702 36
404 540 37
404 823 58
404 546 88
404 873 9
404 718 26
404 686 53
404 564 33
404 474 67
404 677 7
404 648 56
404 691 11
405 552 65
405 559 19
405 796 54
405 742 32
406 846 54
406 718 21
406 515 92
406 687 63
406 526 80
406 745 44
406 862 2
406 483 97
407 473 58
407 588 3
407 575 6
407 667 66
408 653 67
408 582 75
408 891 62
408 745 38
408 867 9
408 885 84
408 757 40
408 835 74
408 685 76
408 616 77
408 683 82
409 740 9
409 800 94
409 617 39
409 635 40
409 737 54
409 723 39
409 599 81
410 638 67
410 517 44
410 563 7
410 466 68
410 529 66
410 586 87
411 620 94
411 664 38
411 879 45
411 802 92
411 462 36
411 790 61
411 489 31
411 865 7
411 563 21
411 717 86
411 832 66
411 759 91
411 831 44
412 485 18
413 455 2
413 770 80
413 456 78
413 514 79
413 768 56
413 817 77
413 639 39
413 767 83
413 879 68
413 459 42
413 573 4
413 588 47
414 877 58
415 789 76
415 750 35
415 817 62
415 666 59
415 472 99
415 639 10
415 784 75
415 648 44
415 852 70
415 762 39
416 524 47
416 471 39
416 794 16
416 742 46
416 732 76
416 627 88
416 484 9
417 463 73
417 599 49
417 524 10
417 526 22
417 706 80
417 477 86
417 563 65
418 455 28
418 669 13
418 804 88
418 846 48
418 589 11
418 889 70
418 494 4
418 460 89
418 465 88
418 699 3
418 464 55
418 614 71
418 573 58
419 506 28
419 654 66
419 565 81
419 744 68
419 619 74
420 589 32
420 629 42
420 849 31
420 556 41
420 709 40
420 865 31
420 582 63
420 716 94
420 678 60
420 743 68
420 863 54
420 897 38
420 528 37
420 861 96
420 645 48
421 861 96
421 710 31
421 837 87
421 485 21
421 751 28
421 733 33
421 719 1
422 471 36
422 501 58
422 792 50
422 478 14
422 470 91
422 772 5
422 863 30
422 864 80
422 760 7
422 589 67
422 689 41
422 728 48
422 722 49
423 589 45
423 626 35
423 758 87
423 680 72
423 685 58
423 624 85
423 738 16
423 469 11
423 537 35
424 830 36
424 773 51
424 696 65
424 758 58
424 810 24
424 586 62
425 758 96
425 813 79
425 469 61
425 537 41
425 659 41
426 556 31
426 698 6
426 808 73
427 902 90
427 589 27
427 841 40
427 624 58
427 819 65
427 815 79
427 613 61
427 573 86
427 662 96
427 629 89
427 522 48
427 499 3
428 545 62
428 453 44
428 866 15
428 628 63
429 599 42
429 528 17
429 557 90
429 506 1
430 465 22
430 833 99
430 818 48
430 705 33
430 614 80
430 832 68
431 654 84
431 885 28
431 780 7
431 744 99
432 783 7
432 599 18
432 894 40
432 462 61
432 860 97
432 534 45
432 636 18
432 505 27
433 718 51
433 827 31
433 535 73
433 695 49
433 799 54
433 458 76
433 551 11
433 732 22
433 678 1
434 865 53
434 828 64
434 694 97
434 453 99
434 562 24
434 902 41
434 644 5
434 561 51
434 878 90
434 540 79
434 622 7
434 705 77
434 709 96
434 573 94
435 637 34
435 539 80
435 641 97
435 897 82
435 823 30
435 810 63
435 669 1
435 862 46
435 573 70
436 781 45
436 531 15
436 588 66
436 657 59
437 786 28
437 500 73
437 518 46
437 793 72
437 820 23
437 673 59
437 652 67
438 750 32
439 894 63
439 489 9
439 884 1
440 540 83
440 465 77
440 570 35
440 865 10
440 879 7
440 613 66
440 822 12
440 812 50
440 737 54
440 757 36
440 490 39
440 648 68
440 869 56
440 572 93
441 684 80
441 822 59
441 508 99
441 806 7
441 682 94
441 657 53
441 574 84
441 639 58
441 818 81
441 655 77
441 497 78
441 888 45
442 794 8
442 813 83
442 832 19
443 687 30
443 896 63
443 485 71
443 537 72
443 662 97
443 569 99
443 612 53
443 496 28
443 728 90
443 876 40
443 665 4
444 755 34
444 624 65
444 707 12
444 532 23
444 558 88
444 517 5
444 615 89
444 838 78
445 654 43
445 663 1
445 869 67
445 729 26
446 833 68
446 627 56
446 743 16
446 470 25
446 827 95
446 828 57
446 621 32
447 875 62
447 538 58
447 720 28
447 473 31
447 705 25
447 799 73
447 762 68
447 856 96
447 683 59
447 812 93
447 878 27
447 515 31
447 483 10
447 693 66
448 874 90
448 728 20
448 650 20
448 896 47
448 637 58
448 485 89
448 685 73
448 519 55
448 710 29
448 459 41
448 810 19
448 681 62
449 887 38
449 858 4
449 740 17
449 738 81
449 586 75
449 662 58
449 734 70
449 896 58
449 741 77
449 496 46
449 812 6
450 727 34
450 700 86
451 508 50
451 754 21
451 591 9
451 630 30
451 722 85
451 772 16
451 645 70
451 628 58
451 834 59
451 886 77
451 831 37
451 642 96
451 471 78
451 461 37
