699 2628
1 654 66
1 390 48
1 502 28
2 550 21
2 350 6
2 651 22
2 531 41
2 666 71
2 614 46
2 664 96
2 629 5
2 374 78
2 661 61
3 499 66
3 616 57
3 593 38
3 372 19
3 567 70
3 524 1
3 699 47
3 356 23
3 626 79
3 374 52
3 377 92
3 404 93
3 412 20
3 533 32
4 657 93
4 640 73
4 380 23
4 563 17
5 439 47
5 490 55
5 397 21
5 449 23
5 634 24
5 651 50
5 484 70
5 595 11
5 673 22
5 447 68
5 428 57
5 396 88
5 548 86
5 367 78
6 670 97
7 374 47
7 365 45
7 582 19
7 655 93
8 576 16
8 553 97
9 645 90
9 589 46
9 698 57
9 584 87
9 656 95
9 374 36
9 599 28
9 510 86
10 583 90
10 359 47
10 569 98
10 493 24
10 438 80
10 615 58
10 390 23
10 454 40
10 383 44
10 529 34
10 645 88
10 681 48
10 556 60
10 394 79
10 510 79
11 573 66
11 616 90
11 364 66
11 681 15
11 369 96
12 614 72
12 543 86
12 627 75
13 412 79
13 485 7
13 361 19
13 366 56
13 423 10
13 529 64
13 586 36
13 561 28
13 484 15
13 363 43
13 450 25
13 640 32
13 636 21
13 449 58
13 542 65
14 350 7
14 397 20
14 607 74
14 541 8
14 439 2
14 544 84
14 538 6
14 471 67
14 433 38
15 584 12
15 529 67
15 667 91
15 527 96
15 444 30
16 566 21
16 448 31
17 604 14
17 443 5
17 366 72
17 456 20
17 465 17
17 444 61
17 695 2
17 610 14
17 496 76
18 632 8
19 615 7
19 488 74
19 518 6
19 404 35
19 567 47
19 635 59
19 435 8
19 600 26
19 647 60
19 589 94
19 632 22
19 665 65
19 645 84
19 406 90
20 656 74
20 619 40
20 424 81
20 423 45
20 537 42
20 595 73
20 638 39
20 457 97
20 683 93
20 641 12
20 491 11
21 443 28
21 634 49
21 392 39
21 459 48
21 500 45
22 668 19
22 390 60
22 498 31
22 472 94
22 577 78
22 440 32
23 548 62
23 686 3
23 656 64
23 554 9
23 434 83
23 490 71
24 387 70
24 451 27
24 653 9
24 577 49
24 637 21
24 559 81
24 492 45
24 370 77
25 411 80
25 421 56
25 626 71
25 493 4
25 689 69
25 506 9
25 633 80
25 605 93
25 479 25
26 536 20
26 677 10
26 366 68
26 445 77
26 534 15
26 391 75
27 642 62
27 688 34
27 609 90
27 681 13
27 602 43
27 599 77
27 500 78
27 671 81
27 408 34
27 692 89
27 680 67
27 514 28
27 522 67
27 641 3
27 685 62
28 540 8
28 436 68
28 401 93
28 651 71
28 646 65
28 491 62
28 392 88
28 402 28
28 424 25
28 652 70
28 654 51
28 542 68
29 355 78
30 535 45
30 653 98
30 617 15
30 503 93
30 460 55
30 569 51
31 521 47
31 475 16
31 630 30
31 513 68
31 652 3
31 440 99
32 540 2
32 550 75
32 378 38
32 525 14
32 358 3
32 482 80
32 440 14
32 387 91
32 500 62
32 646 12
32 556 42
32 629 74
32 528 7
33 479 50
33 386 14
33 687 73
33 560 6
33 679 66
33 568 42
33 373 91
33 532 10
33 537 1
34 628 36
34 579 36
34 525 74
34 474 73
34 560 73
34 578 16
34 449 55
34 660 46
34 467 77
34 461 99
34 453 91
34 514 71
34 545 63
34 696 87
35 445 51
35 615 14
35 466 22
35 557 90
35 603 38
35 639 76
35 680 16
35 574 33
35 629 57
35 392 40
35 594 87
35 526 5
35 442 38
35 461 73
35 438 10
36 368 64
36 540 27
36 554 11
36 430 90
36 602 2
36 614 39
36 612 3
36 640 40
37 457 29
37 668 7
37 411 97
38 442 36
38 664 16
38 541 35
38 690 43
38 573 83
38 583 35
38 652 87
38 607 26
39 634 23
39 382 91
39 647 44
39 354 52
39 595 54
39 431 33
39 666 84
39 402 4
39 357 79
39 549 34
39 378 86
39 645 69
39 434 78
39 673 82
40 616 37
40 434 13
40 530 72
40 353 80
40 526 81
40 489 62
40 496 48
40 670 49
40 619 74
40 390 93
40 537 84
40 427 40
40 402 41
40 535 99
40 568 97
41 485 15
41 608 57
41 393 52
41 606 18
41 522 12
41 482 51
41 597 18
41 368 21
41 530 75
41 673 57
42 449 58
43 382 18
43 589 36
43 357 24
43 691 6
43 550 42
43 423 37
44 402 19
44 649 54
44 431 79
44 535 22
44 487 70
44 411 3
45 664 54
45 408 25
46 613 78
47 489 74
47 671 18
47 592 50
47 386 68
47 391 14
47 416 92
47 518 84
47 484 6
47 536 64
47 511 77
48 552 35
48 474 52
48 397 67
48 551 31
48 586 19
48 500 92
48 529 97
48 436 24
49 461 24
49 429 45
49 525 12
49 535 26
49 527 68
49 557 51
49 469 47
49 460 22
49 453 86
50 660 21
50 526 75
50 409 45
50 498 54
50 659 97
50 497 92
50 489 33
50 553 77
50 666 99
50 625 70
50 381 8
50 639 43
50 652 66
51 477 33
51 579 31
51 410 59
51 440 29
51 560 8
51 492 85
51 514 51
51 617 23
51 411 60
51 454 30
52 496 72
52 406 78
52 559 31
53 647 80
53 407 67
53 380 49
53 603 49
53 551 99
53 695 21
53 492 92
53 676 6
54 403 64
54 446 30
54 647 20
54 563 23
55 520 37
55 521 60
55 476 35
55 634 54
55 408 19
55 648 22
55 497 90
56 600 81
56 660 57
57 430 12
57 608 80
57 698 66
57 393 40
57 599 43
57 351 62
58 694 70
58 482 63
58 678 60
58 674 46
59 398 72
59 389 76
59 481 67
59 436 12
59 433 66
59 353 28
59 507 51
59 396 71
59 567 86
59 366 50
59 457 60
59 590 68
60 633 2
60 562 39
60 698 6
60 610 71
60 386 25
60 618 17
60 507 68
60 419 41
60 485 9
60 470 81
60 436 97
60 494 73
61 401 68
61 363 86
61 653 82
61 431 10
61 532 56
61 546 58
61 612 23
61 428 42
61 594 4
62 561 84
62 413 48
62 375 47
62 442 70
62 614 49
62 601 69
62 414 26
62 501 68
62 457 50
62 460 5
62 666 31
62 489 97
63 433 44
63 445 79
63 410 28
63 517 35
64 612 72
64 618 38
64 395 53
64 642 95
64 500 20
64 515 37
64 455 91
64 383 78
64 613 93
65 625 43
65 394 79
65 370 46
65 555 41
65 667 16
65 422 29
65 398 28
65 672 19
65 592 64
65 414 18
65 505 91
65 584 58
65 405 2
66 386 76
66 523 48
66 571 43
66 612 72
66 628 58
66 569 77
66 685 66
66 471 76
66 378 25
66 423 8
66 515 54
66 676 74
66 581 83
67 613 21
67 559 70
67 687 47
67 581 84
67 479 47
67 575 56
67 412 68
67 439 76
67 460 6
67 521 89
67 362 80
68 472 28
68 517 35
69 383 76
69 378 4
69 562 78
69 459 79
69 605 61
70 644 37
70 542 76
70 454 71
70 393 61
70 649 5
70 503 53
70 366 47
70 647 78
70 389 15
70 691 13
70 540 18
70 479 18
70 409 72
70 382 91
70 426 67
71 596 32
71 626 8
71 409 58
71 673 72
71 433 80
71 460 70
71 441 35
71 616 90
71 535 25
71 563 71
71 654 59
71 625 62
72 486 45
72 463 24
73 364 1
73 636 62
73 615 98
73 494 46
73 476 46
73 643 18
74 422 98
74 396 12
74 492 60
74 421 65
74 530 94
74 521 38
74 605 69
74 412 41
75 376 55
75 459 59
75 482 88
75 636 18
75 400 88
75 631 60
76 533 4
76 451 68
76 537 46
76 558 7
76 436 98
76 548 91
76 440 2
76 607 86
76 603 47
76 578 90
76 419 46
77 472 90
77 467 2
77 632 55
77 497 14
77 652 50
78 687 19
78 627 71
78 640 26
78 389 74
78 610 68
79 630 20
79 500 48
79 520 92
79 599 78
80 526 42
81 432 2
81 393 94
82 435 35
82 444 66
82 573 82
82 656 42
82 584 74
82 517 84
82 652 20
82 452 33
82 490 17
82 639 91
82 367 47
82 443 54
82 661 16
83 540 13
83 413 65
83 354 69
83 652 20
83 493 4
83 541 36
83 442 14
83 628 28
84 378 6
84 540 40
84 677 17
84 598 91
84 401 14
84 698 92
84 382 83
84 429 21
84 384 53
84 589 29
84 558 57
84 567 90
84 352 8
85 670 52
85 405 81
85 571 8
85 658 5
85 692 17
86 560 18
86 503 35
86 505 81
86 668 34
86 525 28
86 686 24
87 428 72
88 638 58
88 552 56
88 546 55
88 506 78
89 545 73
89 466 74
89 607 7
89 619 87
89 600 66
89 453 30
89 458 26
90 682 66
90 554 50
90 452 60
90 661 92
90 538 37
90 649 12
90 383 63
90 596 63
90 622 90
90 582 64
91 488 9
91 425 61
91 575 84
91 384 62
91 358 16
92 415 87
92 691 19
92 653 79
92 688 46
93 386 71
93 362 13
93 411 93
93 543 20
93 618 55
94 498 36
94 652 28
94 408 43
94 589 80
94 381 54
94 350 51
94 520 3
94 650 41
94 566 22
95 497 55
95 407 42
95 394 54
95 544 56
95 365 25
95 669 97
95 446 69
95 367 71
95 432 64
96 599 33
96 545 8
96 535 50
96 462 95
97 571 71
97 585 17
97 517 57
97 440 86
97 600 87
97 694 9
97 380 21
98 448 58
98 669 14
98 524 72
98 560 31
98 457 5
98 425 57
98 404 10
98 433 69
99 559 82
99 617 9
99 633 40
99 609 61
99 494 67
99 430 39
99 417 29
100 393 20
100 461 61
100 648 32
100 472 93
100 599 81
100 456 76
100 573 99
100 477 48
100 577 60
100 478 12
100 635 6
100 482 40
101 663 57
101 503 27
101 376 23
101 564 68
101 445 63
101 396 94
102 585 21
102 610 63
102 357 42
102 615 69
102 698 24
102 457 51
102 685 68
103 528 88
103 594 1
103 426 88
103 505 55
103 450 93
103 524 46
103 556 83
103 583 57
103 432 42
103 407 96
103 549 95
103 562 55
104 432 93
104 580 27
104 646 44
104 469 59
104 650 65
104 366 13
104 596 19
104 463 99
104 606 17
104 394 53
104 398 43
104 384 59
104 621 41
105 483 77
105 453 67
106 474 47
106 491 75
107 655 87
107 648 51
107 682 38
107 402 80
107 479 26
107 382 93
108 457 76
108 620 11
108 644 93
108 507 67
108 596 66
108 533 23
108 544 83
108 502 15
108 380 30
108 410 27
108 496 14
108 397 69
108 440 67
109 503 76
109 622 5
109 550 76
109 377 57
110 528 6
110 493 52
110 423 52
110 479 36
110 398 57
110 633 30
111 441 15
111 695 16
111 484 79
112 594 36
112 689 82
112 618 54
112 414 46
112 489 58
112 543 74
112 661 68
112 587 34
112 502 67
112 551 48
112 427 72
113 452 46
113 392 53
113 586 77
113 426 33
113 401 38
113 381 13
113 501 32
113 376 27
113 482 9
113 374 99
114 553 70
115 383 70
115 490 11
115 595 93
115 574 33
115 539 28
115 441 73
115 548 58
116 482 19
117 506 81
117 479 78
117 376 51
117 650 86
117 660 86
117 662 2
117 575 60
118 450 84
118 616 69
118 670 39
118 436 1
118 512 33
118 556 9
118 356 57
118 410 5
118 543 11
118 457 52
118 465 74
118 569 19
119 414 97
119 606 45
119 455 97
119 402 87
119 415 8
119 363 79
119 662 65
119 460 12
119 579 44
119 558 52
119 670 25
119 576 46
119 429 94
119 646 76
119 374 49
120 541 66
120 416 94
120 519 94
120 499 66
121 452 91
121 591 32
121 413 77
121 404 28
122 367 63
122 533 88
122 381 8
122 354 66
123 367 62
123 647 13
123 527 7
123 414 83
123 469 80
123 545 54
123 607 55
123 594 60
123 649 74
123 612 84
123 508 90
123 571 44
124 350 7
124 560 21
124 432 89
125 681 17
125 678 33
125 351 44
125 391 92
125 645 6
125 420 57
125 589 60
125 661 91
125 364 11
125 698 17
125 682 86
126 479 83
126 429 87
126 575 21
126 647 17
126 652 35
126 628 99
126 602 99
126 581 13
126 604 4
126 586 98
126 634 37
126 521 69
126 570 45
126 632 92
127 533 40
127 413 17
127 543 74
127 351 82
127 457 4
127 551 51
127 402 59
127 352 70
127 570 42
127 422 60
128 637 95
128 452 19
128 454 95
128 503 2
128 609 10
128 612 2
128 653 22
128 483 96
128 429 66
128 695 94
129 397 70
129 632 68
129 529 39
129 378 58
129 426 49
130 417 90
130 569 44
130 425 94
130 533 18
131 430 91
131 531 80
131 678 64
131 504 99
131 680 99
131 588 66
131 627 40
131 377 86
131 572 10
131 427 7
131 580 65
131 401 27
131 664 14
131 478 45
132 432 60
132 375 21
132 609 16
132 616 5
132 453 98
132 552 4
132 585 2
133 365 77
133 611 40
133 522 3
133 428 51
134 659 23
134 634 72
134 350 77
134 697 16
134 393 33
134 680 14
135 623 8
136 454 65
136 631 52
136 414 51
136 555 80
136 402 32
136 473 20
136 383 95
136 517 36
137 564 69
137 599 16
137 626 13
137 360 90
137 392 2
137 659 67
137 508 56
137 430 23
137 454 79
137 544 37
138 662 33
138 592 86
138 508 46
138 510 90
138 502 17
139 637 14
139 426 40
139 583 61
140 683 49
141 576 77
141 607 94
141 620 63
141 677 70
141 552 76
142 500 93
142 462 58
142 390 62
142 548 61
142 380 94
142 657 80
142 529 89
142 648 96
142 592 9
142 391 62
143 663 34
143 576 85
143 527 65
143 516 50
143 562 2
143 561 83
143 473 66
143 604 49
143 402 98
144 535 78
144 656 1
144 634 27
144 573 62
144 580 74
144 493 36
144 400 37
144 453 40
144 471 70
144 682 70
144 655 19
144 532 42
144 653 7
144 432 46
144 416 36
145 561 97
145 550 43
145 681 6
145 654 95
145 468 29
146 385 98
146 394 48
147 457 36
147 628 78
148 394 83
148 408 57
148 553 31
149 545 48
149 516 90
149 627 60
149 433 65
149 613 11
149 507 45
149 427 65
149 385 91
149 497 76
149 471 66
149 409 96
149 583 87
150 622 26
150 445 57
150 449 41
150 447 19
150 350 27
150 623 89
151 447 21
151 565 28
151 489 40
151 621 29
151 590 52
151 528 58
151 473 78
151 564 71
151 690 20
151 408 99
151 412 31
151 478 64
152 686 49
153 504 78
153 683 18
153 551 5
153 404 88
153 473 49
153 645 11
154 623 6
154 624 8
154 675 96
154 511 41
154 613 54
154 534 60
154 532 31
155 646 46
155 408 18
155 630 70
155 375 72
155 447 58
155 650 29
155 487 10
155 512 88
155 373 63
155 678 30
155 654 91
155 521 20
155 506 38
155 486 2
156 630 87
156 575 40
156 493 25
157 640 65
157 466 61
157 596 12
157 645 18
157 500 19
157 677 70
158 642 21
158 565 68
158 645 91
158 428 9
158 614 21
158 638 82
158 381 24
158 380 86
158 462 86
158 354 69
158 547 22
158 682 12
158 588 61
159 367 2
159 520 48
159 527 42
159 425 2
159 519 55
159 474 60
159 350 15
159 486 87
159 565 14
160 636 69
160 470 12
161 591 9
161 544 18
161 399 67
162 480 71
162 397 76
162 507 92
162 358 49
162 621 13
163 644 28
163 413 47
163 365 49
163 489 5
163 476 66
163 374 20
163 404 88
163 433 6
163 592 40
163 604 43
164 623 6
164 645 50
164 419 17
164 569 89
164 681 27
164 553 39
164 640 77
164 505 23
164 350 60
164 600 57
164 492 57
164 494 4
164 588 82
165 535 8
165 412 98
165 591 80
165 417 1
165 635 4
165 431 15
166 445 52
166 654 10
166 582 93
166 362 20
166 503 9
166 684 84
166 573 14
166 461 52
167 661 43
167 393 76
167 565 81
167 451 66
167 668 55
167 599 75
167 680 45
168 499 8
168 544 19
168 566 94
168 552 19
168 621 91
168 666 29
168 502 93
168 618 54
168 477 33
168 699 91
168 641 56
169 512 25
169 366 64
169 657 42
169 523 7
169 469 85
169 527 20
169 691 85
169 536 91
169 557 87
169 568 33
169 417 12
169 393 31
169 538 8
170 449 6
170 629 13
170 486 86
170 521 35
170 636 46
170 432 78
170 698 91
170 617 3
170 440 28
170 564 38
170 675 99
170 524 79
170 688 85
171 443 81
171 375 12
171 685 85
171 632 58
172 698 56
172 645 61
172 435 28
172 391 53
172 682 59
172 490 49
172 607 11
173 385 37
173 671 90
173 675 62
173 499 80
173 508 63
173 432 88
173 376 12
174 689 95
174 691 88
174 527 87
175 579 14
176 448 79
176 566 42
176 658 59
176 494 8
176 353 54
176 456 1
176 464 53
177 582 96
177 484 27
177 594 42
177 540 27
177 693 1
177 363 38
177 587 74
178 380 6
178 378 29
178 638 76
178 662 51
178 646 3
178 465 55
178 415 46
179 441 63
179 661 76
179 377 97
179 453 56
179 383 17
179 507 11
179 627 39
179 619 40
180 546 26
180 568 5
180 433 90
180 538 98
180 487 68
180 604 32
180 387 44
180 620 98
181 442 49
181 364 7
181 614 28
181 592 99
181 383 63
181 388 22
181 451 69
181 537 10
182 676 90
182 641 24
182 552 7
182 502 58
182 451 59
182 592 35
182 677 45
183 392 86
183 428 32
183 361 67
183 468 16
183 425 66
183 557 62
183 674 51
183 356 38
183 497 90
183 494 14
183 504 56
183 665 2
184 473 38
184 601 37
184 392 2
184 477 70
184 372 42
184 400 62
184 602 30
184 548 28
184 628 44
184 688 75
184 351 56
185 360 83
185 651 41
185 678 7
185 681 87
185 394 66
185 467 92
185 540 4
185 560 81
185 575 81
186 658 90
186 609 59
186 400 4
186 367 67
186 507 1
186 640 17
186 586 77
186 585 37
186 594 97
186 647 69
187 603 37
187 552 85
187 390 7
187 509 21
187 375 32
187 429 73
187 542 88
187 425 53
187 412 65
187 464 96
188 359 29
188 622 8
188 414 2
188 605 12
189 374 76
189 453 84
189 377 74
189 663 60
189 454 75
189 367 85
189 611 45
189 642 86
189 482 33
189 426 75
189 354 11
189 593 78
189 661 33
189 662 35
189 392 69
190 404 25
190 673 84
190 456 93
190 449 30
190 638 75
191 368 38
191 388 70
191 698 76
191 485 21
191 513 75
191 448 14
191 569 78
191 600 39
192 653 39
192 602 85
192 644 53
192 561 82
192 482 58
192 566 92
193 466 90
193 586 17
193 641 42
193 447 18
193 376 62
193 648 13
193 424 24
193 463 50
193 450 53
193 421 32
193 694 10
193 654 53
193 649 41
193 657 53
194 407 83
194 553 40
194 434 12
194 689 35
194 665 77
194 669 26
194 554 73
195 423 6
195 582 8
195 649 54
195 401 85
195 690 61
195 367 8
195 450 6
196 578 48
196 420 48
196 556 23
196 570 28
196 508 20
196 540 40
196 495 44
196 664 53
196 399 83
196 372 67
196 412 32
197 574 17
197 645 51
198 695 87
198 446 18
198 586 45
198 358 11
198 397 22
198 577 72
198 368 25
198 497 56
199 478 99
199 374 73
200 698 18
200 372 5
200 658 32
200 445 19
200 699 85
200 511 10
200 466 88
201 442 32
201 436 1
201 697 6
201 567 18
201 408 3
201 364 6
201 375 10
201 615 82
201 646 33
201 491 2
201 485 9
202 637 31
202 471 56
202 406 44
202 594 4
202 480 61
202 442 74
202 561 85
202 351 88
202 401 63
203 539 44
203 379 63
203 515 88
204 421 82
205 441 50
205 626 49
205 413 74
205 564 5
205 458 23
205 411 88
205 436 22
205 608 59
205 449 44
205 368 95
205 650 35
205 383 32
205 552 12
206 551 34
206 590 85
206 692 13
206 526 36
206 556 28
207 666 88
207 413 71
207 665 16
207 606 25
207 650 43
207 465 30
207 532 15
207 382 44
207 597 57
207 667 33
208 406 97
208 642 46
208 433 44
209 369 69
209 427 12
209 620 23
209 440 67
209 576 54
209 385 31
209 497 5
209 495 59
210 492 45
210 528 79
210 499 50
210 648 87
210 557 61
211 386 9
211 689 71
211 494 49
211 544 41
211 675 1
211 377 75
211 661 28
211 507 16
211 614 75
211 692 18
211 578 67
211 403 26
211 361 6
212 666 44
212 593 90
212 441 78
212 468 31
212 628 88
212 531 62
213 422 97
213 435 51
213 680 66
213 541 20
213 518 88
213 618 66
213 553 32
214 472 81
214 666 31
214 583 69
214 525 43
214 648 91
215 413 66
215 612 37
215 447 81
215 458 21
215 496 43
215 408 95
215 620 17
215 356 33
215 697 22
215 682 19
215 485 29
215 364 93
216 598 94
216 436 56
216 380 42
216 370 48
216 376 87
216 486 15
216 664 80
217 514 15
217 353 91
217 506 88
217 459 90
217 458 10
217 392 42
217 492 52
217 376 60
217 695 75
217 578 68
217 412 94
218 602 96
218 681 46
218 693 33
218 360 26
218 481 2
218 472 88
218 591 25
218 416 23
218 688 47
219 559 83
219 383 15
219 604 56
219 407 40
219 566 78
219 385 23
219 635 73
219 563 26
219 498 33
219 512 25
219 666 84
219 509 94
219 448 16
219 444 89
219 651 28
220 650 1
220 578 77
221 420 47
221 352 71
221 454 79
221 423 91
221 514 35
221 592 41
221 617 64
221 443 28
221 369 23
221 588 82
222 594 61
222 598 68
222 615 55
222 531 53
222 494 24
222 473 64
222 554 68
222 400 96
222 526 1
222 457 35
222 441 49
223 429 13
223 600 87
223 583 69
223 443 26
223 582 28
223 598 51
224 444 84
224 522 1
224 363 80
225 617 57
225 680 5
225 454 26
225 660 24
225 440 42
225 514 53
225 648 44
225 641 56
225 615 49
226 595 73
226 617 91
226 418 13
226 594 55
226 650 41
226 528 12
226 532 57
226 599 77
226 401 71
226 456 60
226 679 30
226 570 48
226 374 92
227 630 28
227 499 65
227 384 29
227 545 34
227 660 84
227 494 10
227 430 65
227 580 7
228 698 90
228 550 79
229 513 27
229 464 42
230 577 25
230 515 57
230 525 43
230 507 31
230 534 11
230 682 71
230 548 20
230 665 13
230 647 48
230 580 28
231 623 43
231 661 36
231 446 57
231 637 46
231 459 57
231 429 69
231 487 50
231 509 79
231 365 25
231 614 71
231 655 33
232 514 65
232 387 77
232 372 60
232 596 95
232 416 9
232 611 68
232 364 35
232 418 90
233 524 42
234 504 82
234 413 13
234 540 85
234 465 14
234 651 17
234 418 55
234 597 15
234 430 46
234 582 61
234 507 89
234 619 10
234 650 36
235 441 44
235 659 1
235 376 23
236 570 92
236 663 77
236 419 39
236 676 52
236 370 96
236 645 56
236 492 11
236 652 55
236 599 56
236 386 9
236 565 60
236 543 80
236 609 83
237 505 36
237 482 3
237 396 4
237 589 85
237 647 22
237 393 7
238 545 45
238 548 31
238 574 51
239 356 43
239 467 30
239 422 3
239 535 54
239 674 5
239 651 19
239 688 35
239 463 61
239 493 97
239 561 21
239 571 76
239 634 38
239 437 3
240 594 31
240 672 29
240 698 82
240 519 94
240 561 85
240 564 72
240 389 57
240 598 29
241 494 5
241 627 57
241 394 75
241 420 32
241 428 11
241 611 58
242 468 86
242 570 24
242 695 14
242 378 37
242 363 55
242 527 91
242 420 42
243 624 34
243 434 10
243 576 50
243 429 42
243 465 52
244 633 92
244 548 20
244 659 95
244 418 12
244 402 39
244 420 4
244 415 46
244 376 34
244 687 71
244 360 74
244 608 4
244 457 28
245 627 22
245 608 72
245 630 74
245 580 22
245 609 38
245 552 73
245 687 27
245 443 23
245 350 93
245 639 60
245 409 49
245 506 37
245 417 83
245 601 83
245 582 22
246 476 46
246 687 60
246 659 96
246 482 20
246 555 32
246 561 52
246 429 33
246 435 80
246 352 37
246 376 34
246 540 93
247 442 18
247 583 72
247 684 85
247 469 76
248 541 86
248 493 12
248 557 21
248 694 85
248 554 16
248 666 82
248 577 18
248 478 21
248 533 96
248 632 37
248 608 24
249 612 20
249 685 58
249 518 32
249 532 71
249 481 58
249 560 29
249 373 55
249 649 82
249 674 99
249 480 74
249 416 75
250 544 54
250 578 71
250 583 76
250 362 88
250 596 92
250 350 37
250 467 87
250 655 45
251 600 55
251 575 55
251 458 37
251 374 18
251 599 74
251 622 37
251 370 17
251 432 97
251 354 68
251 372 39
251 628 29
251 520 39
251 535 1
252 390 83
252 371 9
252 608 32
252 660 74
253 661 48
254 631 66
254 411 76
254 427 65
254 378 63
254 500 90
254 675 86
254 433 2
254 565 12
255 532 58
255 515 49
255 653 10
255 660 28
255 361 90
255 459 80
255 410 34
255 507 51
255 581 82
255 638 69
256 566 82
257 457 41
257 488 58
257 358 34
257 542 41
257 691 31
257 687 87
257 390 44
257 445 70
257 694 35
257 470 74
257 669 71
257 514 62
258 696 44
258 449 14
259 636 45
259 567 71
259 471 11
259 540 80
259 462 91
259 566 64
259 575 51
259 428 16
259 630 62
259 660 79
259 451 67
259 433 88
260 652 40
260 660 49
260 653 49
260 639 6
260 370 50
260 491 2
260 537 40
260 590 50
260 574 34
260 595 90
260 420 33
260 659 35
260 540 34
261 645 76
261 379 47
262 482 16
262 692 67
262 416 38
262 699 86
262 548 87
262 616 65
262 375 14
263 483 45
263 409 9
263 611 23
263 380 70
263 586 90
263 661 5
263 361 32
264 517 25
264 358 95
265 441 54
265 676 73
265 658 42
265 458 47
265 396 95
265 693 22
265 576 30
265 398 25
265 392 69
265 607 22
266 386 94
266 685 80
267 639 54
267 646 39
267 441 76
267 591 46
267 653 15
267 462 18
267 387 35
267 614 49
267 578 25
267 358 92
267 477 80
267 678 23
267 543 27
268 529 4
269 623 40
269 372 82
269 383 79
270 637 11
270 535 36
270 524 19
270 583 9
271 356 94
272 567 78
272 682 62
272 584 91
272 447 30
272 373 52
272 626 93
272 449 37
272 646 13
272 365 18
272 620 65
272 494 71
272 563 33
272 596 91
272 523 70
273 447 47
273 650 25
273 681 75
273 417 87
273 499 96
273 567 76
273 568 71
273 683 62
274 362 93
274 352 20
274 599 20
274 693 91
274 454 81
274 472 47
274 557 46
274 572 59
274 646 86
274 490 76
274 519 71
274 631 60
274 610 60
274 453 14
275 444 54
275 412 85
275 514 66
276 479 42
276 509 13
276 487 12
276 611 75
276 460 16
276 437 51
277 602 93
277 652 13
277 556 70
277 454 36
277 698 54
277 600 36
277 435 49
277 371 22
277 376 33
278 542 23
278 593 17
278 412 68
278 622 72
278 617 10
279 354 60
279 595 13
279 453 89
279 389 67
279 577 58
280 405 78
281 404 95
281 545 62
281 554 31
281 553 10
281 564 33
281 688 70
281 582 90
282 598 21
283 619 55
283 439 64
283 386 60
283 520 86
283 633 77
283 443 68
283 524 26
283 432 79
283 375 12
283 687 12
283 569 91
283 621 24
283 425 38
283 556 54
284 381 39
284 607 37
284 564 44
284 683 46
284 533 82
284 375 75
284 636 6
284 501 30
284 648 23
284 644 44
284 503 17
285 581 37
285 506 56
286 573 32
286 525 81
287 458 61
287 352 3
287 527 84
287 419 46
287 533 28
287 662 67
287 360 69
287 564 63
287 495 30
287 690 90
287 417 5
287 636 84
287 482 80
287 469 1
287 698 78
288 533 76
288 430 35
288 367 41
288 383 42
288 414 23
288 629 94
288 683 65
288 638 87
288 437 88
288 575 15
288 480 16
288 398 26
288 643 41
288 625 16
289 464 69
289 394 41
289 626 13
289 667 94
289 554 98
289 414 50
289 661 9
289 423 8
289 602 77
289 673 10
289 669 86
289 579 70
289 646 73
289 433 14
289 362 55
290 383 78
290 397 91
290 619 25
290 673 29
290 658 45
290 555 68
290 491 81
291 528 96
291 368 15
291 588 9
291 682 87
291 657 95
291 532 16
291 662 95
291 621 31
291 569 13
291 354 42
291 653 28
291 591 48
291 556 61
292 493 50
292 596 91
292 571 89
292 356 82
292 465 51
292 410 69
292 445 69
293 387 57
293 554 31
293 425 55
294 446 53
294 350 21
294 373 52
295 378 33
295 608 11
295 603 24
295 696 90
295 488 96
295 535 96
295 526 48
295 679 87
295 465 44
295 420 97
295 361 85
295 397 11
295 360 55
296 480 92
296 470 13
296 655 47
296 580 97
296 603 44
296 373 42
296 451 26
296 651 53
296 440 5
296 431 86
296 535 2
296 478 43
296 681 77
297 606 75
297 593 99
298 661 25
298 598 66
298 617 59
298 676 56
299 688 66
299 560 44
300 657 83
301 592 84
301 591 8
301 395 22
301 399 45
302 389 31
302 445 1
302 423 73
303 458 7
303 565 93
303 447 5
303 350 71
303 550 95
303 426 76
303 518 57
303 522 11
303 510 33
303 360 12
303 554 11
303 492 95
303 423 98
303 571 28
304 399 25
304 499 22
304 442 48
304 665 19
304 436 21
304 482 49
304 445 63
304 567 78
304 645 39
304 652 30
304 559 44
304 410 12
304 394 10
304 381 28
304 487 40
305 586 76
305 660 98
305 650 12
305 485 26
306 563 80
306 597 98
306 417 92
306 599 97
306 575 71
306 516 82
306 399 99
306 353 42
306 453 14
306 628 33
307 369 48
307 410 45
307 699 71
307 598 45
307 646 55
307 480 60
307 687 85
307 523 74
308 698 26
309 398 11
309 690 52
309 366 10
309 473 28
309 490 55
309 373 75
309 620 27
310 531 84
310 472 67
310 436 29
310 465 71
310 535 57
310 601 13
310 375 99
310 416 69
310 560 19
310 665 30
310 396 33
310 564 25
310 542 76
310 373 37
311 390 22
311 684 7
312 589 49
312 492 45
313 672 91
313 477 84
313 471 73
313 571 66
313 412 54
314 426 68
314 582 54
314 452 2
314 375 72
314 432 1
314 485 73
314 447 70
314 396 70
315 644 38
315 513 23
315 696 44
315 620 97
315 413 33
315 477 14
315 557 43
315 666 76
315 483 35
315 659 46
315 374 3
315 650 26
315 675 26
316 458 27
316 484 61
316 477 98
316 562 89
316 558 88
316 695 46
317 594 60
317 473 82
317 402 63
317 649 90
317 533 54
317 458 19
317 639 13
317 370 61
317 482 17
317 406 56
317 626 40
317 694 98
317 389 96
318 592 49
318 572 60
318 392 95
318 545 3
318 619 32
318 504 40
318 437 89
318 453 93
318 525 7
318 476 69
319 662 56
319 617 39
319 591 71
319 654 40
319 623 29
319 588 41
319 400 92
319 667 4
319 390 83
319 644 13
319 671 28
320 369 10
320 617 87
320 646 74
320 351 32
320 602 90
320 447 79
320 655 20
320 567 52
320 450 26
320 590 21
321 605 95
321 519 47
321 363 6
321 425 77
321 510 66
321 507 32
321 369 59
321 576 66
321 523 50
321 626 99
321 495 53
322 478 54
323 482 14
323 388 8
323 643 52
323 491 83
323 689 78
323 527 84
323 647 21
323 600 25
324 526 52
324 352 56
324 558 86
324 435 68
324 550 39
324 427 72
324 520 21
325 562 70
325 376 42
326 398 60
326 453 69
326 575 41
326 675 80
326 506 49
326 592 61
326 370 92
326 417 65
326 498 63
326 654 63
326 573 9
326 595 34
326 518 37
326 523 34
326 469 14
327 361 75
327 426 56
327 460 74
328 644 66
328 355 80
328 358 7
329 423 2
329 652 36
329 421 32
329 519 2
329 499 68
329 352 39
329 587 61
329 633 38
330 478 39
330 479 93
330 379 12
330 513 88
330 668 24
330 684 89
330 446 30
330 507 12
330 580 74
330 452 64
330 557 47
330 653 60
330 456 19
330 389 16
330 611 22
331 368 12
331 509 90
331 662 15
331 451 23
332 405 73
332 393 92
332 445 82
332 388 98
332 601 54
332 554 90
332 521 36
332 551 59
332 618 34
332 496 10
332 416 78
332 640 81
332 599 22
332 389 32
333 440 27
333 596 24
334 442 69
334 364 97
335 414 45
335 602 14
335 501 45
335 583 83
335 666 64
335 612 81
335 510 10
335 438 20
335 480 21
335 542 87
335 625 86
336 382 15
336 423 20
336 435 12
336 633 53
336 474 17
336 416 87
336 479 45
336 625 56
337 661 95
337 656 57
337 490 97
337 363 88
337 557 31
337 350 96
337 566 3
337 689 96
337 472 83
337 466 25
337 570 28
337 436 92
337 408 91
337 691 52
338 643 15
338 505 46
338 635 2
338 642 77
338 360 89
338 463 29
338 487 2
339 491 88
339 458 34
339 567 70
339 665 48
339 659 72
339 507 20
339 471 89
339 675 66
339 662 28
339 439 5
339 649 44
339 452 81
339 646 67
339 360 74
340 458 40
340 611 47
340 643 26
340 448 14
340 358 87
340 426 61
340 404 85
340 445 27
340 673 95
340 432 92
341 689 95
341 668 94
341 481 62
341 537 6
341 614 66
341 542 52
341 524 39
341 352 98
341 699 17
341 604 55
341 690 7
341 384 23
341 607 28
342 350 40
342 490 58
342 607 77
342 697 14
342 458 30
342 589 55
342 544 20
342 633 84
343 526 11
343 380 24
343 417 77
343 364 74
343 478 98
343 577 76
343 436 64
343 362 3
343 593 67
343 583 16
343 517 61
343 502 39
344 475 78
344 525 52
344 456 78
344 627 57
344 643 84
344 360 1
344 665 76
344 467 66
344 577 45
345 615 65
345 358 13
346 497 67
346 447 18
346 564 20
346 543 85
346 450 56
346 406 10
346 384 48
346 655 56
346 506 72
346 546 75
346 528 8
346 396 85
346 475 71
347 592 85
347 447 31
347 500 68
347 365 75
347 547 75
347 646 95
347 481 49
347 522 39
347 351 46
347 661 83
347 600 49
348 669 87
348 408 80
348 503 21
348 381 30
348 448 29
348 470 78
348 641 54
348 638 40
348 615 45
348 378 12
348 390 11
348 614 56
349 468 78
349 588 90
349 668 9
349 678 92
349 628 20
