618 2437
1 470 13
1 490 53
1 553 87
1 345 62
1 413 36
1 441 22
1 491 45
1 370 45
1 524 79
1 412 8
2 434 46
3 380 51
3 574 12
4 612 50
4 511 58
4 427 80
5 587 30
6 313 13
6 599 26
6 352 87
6 559 36
6 439 72
6 349 1
6 553 32
6 468 98
6 543 2
6 508 10
7 418 73
7 470 35
7 419 29
7 381 70
7 520 45
7 507 73
7 534 15
8 615 6
8 588 89
8 339 82
8 429 76
8 557 57
8 540 5
8 345 66
8 599 62
8 450 19
9 386 44
9 474 97
9 541 75
9 584 91
9 487 39
9 573 11
10 472 39
10 312 79
10 451 54
10 436 84
10 366 31
10 487 28
10 420 40
10 594 52
10 547 55
10 528 63
10 465 34
10 596 13
10 402 71
10 314 11
10 511 50
11 422 38
11 508 2
11 343 78
11 570 97
11 542 45
11 311 68
11 517 97
12 573 54
13 436 56
14 603 21
14 496 22
14 504 73
14 551 53
14 427 56
14 527 34
15 531 24
15 366 11
16 558 71
16 411 62
17 454 95
17 320 49
17 321 16
17 499 61
17 312 42
17 357 87
17 412 65
17 493 37
17 350 27
17 428 14
17 385 23
17 453 91
18 379 94
19 414 52
19 447 68
19 482 7
19 348 96
19 360 97
19 607 93
19 609 94
19 361 43
20 532 42
20 478 26
21 588 98
21 599 63
21 378 9
21 383 55
21 568 86
21 551 96
21 342 21
21 398 40
21 610 23
22 433 42
22 570 9
22 589 15
22 334 2
22 557 22
22 563 40
22 377 36
22 428 11
22 407 80
22 424 31
23 493 71
23 427 40
23 537 33
23 485 30
23 519 28
23 360 21
23 549 85
23 463 50
24 606 38
24 585 27
24 452 17
24 483 77
24 442 20
24 513 54
24 590 24
24 355 18
24 435 98
24 521 34
24 589 32
24 600 78
24 478 41
25 323 6
25 530 73
25 378 1
25 336 50
25 359 86
25 355 38
25 603 67
25 524 85
25 435 56
25 364 61
25 345 83
26 481 14
26 459 12
26 516 70
26 358 85
26 500 65
27 553 34
27 343 81
27 517 34
27 467 2
27 427 46
28 510 82
28 354 14
28 591 6
28 332 65
28 611 88
28 505 60
29 476 77
29 325 4
29 518 42
29 523 3
29 574 78
29 451 2
29 334 90
29 499 65
30 593 67
30 392 33
30 459 79
30 398 41
30 447 83
30 348 18
31 441 64
31 457 82
32 331 65
32 486 34
32 356 63
32 445 9
33 474 83
34 581 39
34 444 52
34 315 65
34 383 52
34 531 98
35 528 76
35 487 94
35 389 23
35 582 60
35 554 94
35 561 85
35 526 98
35 475 77
35 531 90
35 445 81
35 368 14
35 434 59
36 338 6
37 472 12
37 322 22
37 460 6
37 493 18
37 534 33
37 483 54
37 587 41
37 429 50
37 499 83
37 507 82
37 358 1
37 470 48
37 488 72
37 509 2
38 344 79
38 322 76
38 480 38
38 529 52
38 488 77
38 578 51
38 377 79
38 505 26
39 479 95
39 474 42
39 573 8
39 530 39
39 386 93
39 504 43
39 467 7
39 384 28
39 613 83
39 591 68
40 541 7
40 397 28
40 615 51
40 375 87
40 560 78
40 368 22
40 508 20
40 384 11
40 506 12
40 400 49
40 348 92
40 585 13
40 347 23
40 410 12
40 355 22
41 407 83
41 469 19
41 318 1
41 513 53
41 563 30
41 574 37
41 597 8
41 365 27
41 319 86
41 323 27
41 518 63
41 422 11
41 313 93
42 396 60
42 493 97
42 537 43
42 502 56
42 422 98
42 544 32
42 483 42
42 464 45
42 546 51
42 520 92
43 612 98
43 618 16
43 424 32
43 441 66
44 535 39
44 430 30
44 340 33
44 550 82
44 369 19
44 533 95
44 605 17
44 387 11
44 357 24
44 586 6
45 559 74
45 365 53
45 547 32
45 468 98
45 396 2
45 381 65
46 314 61
46 473 15
46 358 11
46 464 26
46 607 51
46 430 14
46 399 6
46 561 37
46 541 15
46 416 91
46 443 70
46 570 77
46 575 33
46 483 27
46 543 3
47 406 37
47 398 98
47 391 71
47 382 69
47 450 96
47 481 54
48 459 44
48 454 45
48 455 16
48 435 76
48 543 50
48 408 73
48 618 37
48 361 81
48 601 46
48 540 1
49 419 43
50 460 43
50 381 86
50 441 31
50 529 83
50 426 6
50 611 6
50 499 16
50 562 26
50 405 24
50 320 95
50 553 68
50 326 28
50 554 26
51 380 40
51 315 77
51 618 97
51 473 4
51 451 38
51 585 55
51 517 60
52 462 30
53 475 5
53 463 12
53 542 17
53 364 70
53 461 95
53 340 49
53 571 1
53 373 40
53 575 69
53 588 56
53 335 68
53 481 90
53 540 27
53 334 34
54 317 47
54 515 95
54 358 20
54 444 32
54 501 92
54 526 56
54 472 44
54 478 72
54 600 58
55 540 76
55 459 17
55 587 89
55 311 37
55 561 73
55 371 76
55 598 34
55 534 44
55 603 90
55 582 40
55 378 14
55 445 38
55 411 75
55 375 14
56 489 13
56 369 10
56 585 56
57 424 15
57 453 85
57 387 55
57 449 40
57 581 99
57 578 38
58 580 98
59 422 7
60 609 30
60 374 3
60 383 83
60 484 7
60 418 63
60 421 5
60 405 86
60 574 33
60 337 54
60 582 41
60 595 54
60 565 6
60 556 13
61 420 28
61 491 64
61 413 35
62 386 12
62 321 78
62 467 50
62 506 14
62 362 95
62 485 72
62 453 81
62 463 7
62 320 22
62 316 36
62 351 41
62 559 58
62 410 17
62 580 18
62 421 77
63 591 78
63 314 90
64 546 31
64 575 43
64 565 74
64 393 50
65 557 37
65 461 28
65 447 36
65 506 28
65 450 6
65 388 21
66 397 73
66 517 59
66 596 5
66 560 43
66 411 87
66 413 22
66 321 21
67 341 29
67 574 21
67 411 87
67 399 85
67 532 11
67 397 58
67 481 21
67 325 77
67 454 84
67 520 27
67 398 63
68 428 28
68 486 16
68 336 37
68 439 64
68 546 75
68 363 15
69 519 82
69 348 84
69 565 89
69 322 84
69 550 75
69 464 50
69 573 15
69 351 85
69 432 90
69 330 51
69 320 8
69 553 48
69 488 18
70 475 92
70 515 54
70 310 36
70 463 96
70 613 89
70 499 56
70 470 91
70 599 5
70 432 20
70 362 85
70 549 53
70 609 73
70 364 52
70 587 2
70 340 72
71 430 99
71 483 89
71 357 84
71 464 10
71 420 83
71 477 89
71 394 61
71 562 3
71 480 32
71 553 37
71 578 53
71 355 71
71 359 72
72 443 1
72 586 21
72 528 7
72 422 13
72 572 30
72 590 67
72 335 34
72 595 9
72 552 91
72 482 20
72 407 48
72 539 8
72 535 83
72 513 10
72 392 63
73 410 99
73 605 36
73 320 12
73 481 23
73 518 49
73 455 42
73 505 86
73 333 1
73 501 66
73 616 98
73 431 64
73 367 28
73 602 32
74 540 52
74 424 5
74 549 60
75 537 36
75 582 85
75 390 19
75 560 5
75 324 99
75 369 79
75 544 41
76 550 43
76 494 85
76 367 68
76 499 63
76 561 8
76 500 69
76 480 37
76 539 2
77 592 99
77 345 79
77 496 98
77 405 3
77 606 95
77 390 25
77 505 31
78 575 22
78 469 30
78 587 14
78 611 20
78 492 40
78 560 15
78 601 66
78 609 39
78 407 2
78 594 57
78 429 87
78 478 60
79 590 12
79 569 23
79 556 65
79 373 6
79 524 64
79 321 21
79 585 95
79 311 68
80 550 38
80 506 81
80 372 79
81 567 78
81 389 31
81 363 29
81 341 96
81 549 64
81 501 49
81 504 34
81 330 49
81 367 9
81 519 35
81 575 5
82 367 63
82 552 88
82 384 91
82 509 79
82 464 39
82 524 27
82 360 77
82 370 46
83 311 66
83 394 7
83 558 20
83 342 10
83 392 26
83 379 79
83 538 35
83 521 74
83 390 34
83 549 82
83 576 1
83 612 56
83 522 93
84 376 41
84 354 51
84 546 35
84 593 89
84 448 11
84 532 18
84 360 3
84 600 89
84 530 67
84 466 8
84 387 79
84 511 26
85 519 8
85 335 60
85 455 76
85 312 15
85 551 84
85 566 81
86 423 68
86 618 91
86 467 91
86 432 15
86 584 72
86 410 59
86 465 22
86 600 4
86 495 18
86 531 29
86 559 75
86 480 99
86 573 67
86 397 8
87 433 78
87 396 12
87 464 22
87 397 38
87 344 56
87 577 90
87 430 28
87 544 9
87 611 74
88 427 56
88 312 98
89 553 98
89 546 40
89 334 83
89 355 18
89 527 19
89 442 59
89 376 59
89 506 49
89 424 1
89 318 32
90 377 65
90 378 2
91 618 27
91 366 78
91 446 76
91 340 67
91 466 8
91 431 99
92 332 73
92 535 15
92 397 68
92 478 41
92 580 72
92 464 47
92 498 95
92 541 38
92 439 39
93 602 58
93 463 94
93 398 54
93 560 60
93 603 17
93 385 36
93 513 16
93 572 73
93 440 19
93 330 38
93 591 85
93 319 98
93 387 69
94 330 16
94 584 50
94 472 66
94 430 75
94 488 14
94 474 10
95 579 95
95 499 59
95 347 79
95 531 23
95 321 21
95 556 9
95 496 1
95 566 42
95 596 31
95 497 58
95 583 68
95 603 36
95 379 22
95 364 80
95 532 21
96 473 2
96 324 55
96 599 47
96 551 72
96 387 48
96 335 66
96 410 11
96 502 6
96 323 57
96 457 29
96 590 22
96 458 1
96 614 4
96 611 98
96 377 18
97 584 75
97 561 96
97 332 34
98 361 86
98 338 42
98 592 80
98 448 79
98 327 71
98 315 33
98 463 51
98 451 16
98 318 93
98 334 85
98 317 16
98 371 50
98 416 3
98 604 64
99 416 18
99 507 49
99 542 15
99 537 95
99 553 19
99 398 4
99 463 65
99 518 43
99 483 85
99 585 54
99 348 22
99 570 94
99 604 99
99 430 8
99 530 96
100 437 43
101 568 14
101 548 83
102 351 72
102 461 3
102 534 36
102 381 39
102 491 41
102 577 22
102 494 83
103 449 15
103 528 22
103 351 32
103 320 72
103 612 26
103 579 89
103 474 7
103 333 27
103 397 57
103 494 83
103 516 55
103 439 83
103 418 22
103 482 56
104 364 92
104 478 68
104 331 43
104 406 57
104 315 26
104 499 57
104 340 77
104 467 34
104 365 43
104 482 19
104 375 51
104 356 71
104 318 32
104 465 78
105 439 99
105 588 28
105 529 79
105 343 9
106 615 92
106 560 13
106 611 5
107 365 82
107 596 34
107 413 71
107 562 60
107 383 64
107 341 16
107 315 68
107 551 42
108 554 25
108 327 42
108 323 59
108 556 91
108 397 28
108 601 79
108 569 35
108 498 92
108 503 81
108 573 15
108 439 65
108 514 7
108 428 80
108 343 78
109 335 13
109 365 22
109 547 54
109 528 57
109 385 29
109 425 27
109 601 30
109 422 4
109 486 46
110 351 91
110 338 10
110 395 51
110 396 11
110 393 34
110 334 72
110 476 97
110 442 62
110 377 42
111 448 10
111 359 91
111 501 18
111 500 77
112 393 91
112 487 80
112 422 5
112 605 99
112 481 65
112 574 35
112 555 98
112 563 94
112 545 27
112 537 6
112 328 24
112 412 4
113 476 22
113 482 49
113 571 6
113 524 7
113 455 86
114 356 41
114 573 13
114 483 22
114 411 96
115 549 68
115 581 81
115 382 76
115 361 68
115 580 1
115 348 21
116 482 84
116 357 52
116 600 24
116 610 97
116 556 89
116 489 61
116 436 36
116 314 30
116 524 74
116 414 53
116 393 29
116 468 62
116 477 94
116 374 5
117 380 52
117 585 64
117 513 5
117 429 27
117 542 8
117 522 13
117 425 23
117 454 91
117 592 55
117 529 55
117 386 68
117 311 79
118 519 95
118 502 81
118 504 24
119 506 98
119 562 29
119 465 31
119 365 65
119 425 14
119 484 15
119 545 42
119 391 4
119 398 9
119 451 35
119 480 42
119 560 85
119 489 20
119 324 32
119 552 54
120 318 58
120 510 78
120 415 18
121 460 18
121 424 44
121 381 5
121 367 77
121 522 49
121 317 61
121 391 87
121 480 98
122 379 92
122 414 96
122 332 69
122 529 29
122 410 10
122 581 65
122 534 55
122 527 7
122 484 75
123 411 24
123 586 98
123 347 96
123 454 80
123 381 90
123 563 10
123 512 60
123 412 95
123 514 92
123 452 65
123 574 28
123 357 4
123 318 60
124 347 2
124 451 97
124 392 89
124 490 61
124 408 78
125 417 37
125 402 20
125 375 22
125 522 79
125 328 70
125 347 78
125 457 16
125 341 22
126 362 45
126 328 34
126 447 80
126 452 25
127 314 77
127 499 31
127 423 13
127 589 57
127 310 30
127 422 59
127 319 82
127 524 37
127 495 27
127 338 34
127 532 44
127 332 82
128 555 57
128 492 96
128 578 59
128 498 95
128 354 33
129 332 95
129 467 72
129 318 39
129 521 49
129 443 87
129 436 18
130 415 87
130 480 53
131 462 45
131 434 29
132 523 19
132 381 65
132 391 68
132 466 64
132 338 27
132 421 15
132 489 68
133 452 88
133 512 96
133 525 90
133 347 3
133 609 71
133 614 38
133 560 8
133 521 24
133 468 52
133 429 3
133 482 75
133 592 40
133 328 23
133 430 73
133 398 19
134 597 21
134 598 89
134 462 50
134 585 62
134 316 42
134 458 76
134 500 89
134 343 13
134 522 26
134 404 4
134 427 85
134 333 31
134 473 63
134 335 72
134 550 58
135 483 70
135 442 18
135 499 67
135 573 88
136 484 8
136 453 63
136 440 5
136 402 30
136 512 24
137 523 34
138 460 31
138 419 25
138 403 35
138 602 16
138 395 12
138 487 13
138 359 22
138 578 55
138 523 1
138 598 44
138 613 79
138 321 15
138 492 64
138 443 73
138 514 92
139 536 98
139 358 83
139 442 65
139 498 98
139 405 86
139 419 8
139 504 45
139 549 52
139 443 93
139 513 33
140 455 58
140 331 73
140 492 34
140 422 66
140 445 56
140 595 17
141 372 59
141 604 27
141 334 29
142 387 11
142 466 52
143 427 54
143 578 97
143 463 14
143 505 91
143 561 63
143 538 75
143 350 63
143 557 29
143 562 78
143 485 55
144 498 53
144 335 93
144 504 96
144 351 10
144 533 79
144 472 39
144 469 32
144 501 38
145 522 27
145 556 86
145 341 73
145 485 42
146 344 82
146 439 53
146 380 40
146 529 88
146 472 89
146 496 44
146 589 28
146 595 21
146 616 88
147 459 36
147 351 62
147 354 41
147 500 44
147 594 86
147 382 52
147 517 8
147 388 23
147 316 32
147 577 81
147 566 23
147 570 15
147 477 77
147 331 5
148 480 79
148 500 37
148 505 56
148 402 77
149 489 77
149 547 28
149 596 88
149 338 2
149 526 25
149 408 78
149 588 13
149 337 16
149 400 60
149 608 51
149 493 75
149 522 86
150 492 19
150 428 2
150 587 58
150 525 67
150 610 18
150 315 32
150 478 56
150 334 66
150 526 93
150 529 87
151 580 24
151 359 16
151 459 94
151 610 5
151 615 50
152 503 27
152 329 5
152 416 48
152 531 61
152 373 51
153 592 33
154 412 67
154 489 50
154 606 92
154 327 99
154 394 34
154 354 37
154 543 62
154 570 31
154 439 71
154 506 91
155 531 57
155 598 47
155 410 46
156 321 62
156 522 22
156 379 56
156 427 10
156 443 87
156 446 48
156 539 81
156 497 90
156 408 84
156 612 90
156 409 4
156 329 73
156 318 8
156 419 21
157 429 29
157 412 86
157 614 11
157 340 12
157 507 90
157 445 25
157 490 54
157 317 52
157 442 52
157 485 65
157 469 68
157 320 83
157 539 94
157 571 94
157 558 35
158 414 23
158 402 95
158 356 67
158 405 68
158 318 49
159 517 42
159 458 29
159 358 70
159 492 95
159 611 61
159 507 13
159 334 70
159 604 42
159 335 83
159 534 59
159 460 89
159 459 27
159 387 27
159 568 17
159 536 33
160 521 45
160 455 60
160 449 79
160 514 66
160 556 23
160 561 91
160 593 11
160 436 69
160 310 91
160 544 42
160 469 4
160 528 53
160 613 86
161 580 56
161 323 62
161 589 95
161 435 36
161 514 6
161 465 58
161 600 78
161 325 99
161 452 16
161 601 16
161 457 51
162 553 77
162 478 55
162 389 12
162 494 68
162 609 93
162 476 76
162 465 42
162 500 57
163 575 77
163 423 61
163 366 89
163 483 62
163 540 16
163 492 1
163 376 45
163 348 57
163 424 31
163 609 59
164 572 79
164 446 53
164 489 57
164 571 59
164 363 83
165 586 86
165 506 22
165 313 63
165 466 53
166 409 21
166 410 68
166 350 38
166 576 34
166 539 30
166 360 45
166 479 29
166 362 89
166 458 68
166 355 79
166 370 42
167 476 76
167 378 15
167 558 1
168 370 47
168 452 76
168 386 25
168 563 66
168 487 99
168 466 80
168 361 36
168 599 60
168 341 2
168 519 47
168 541 41
168 555 36
168 405 62
168 497 93
168 612 18
169 419 71
169 510 26
169 576 47
169 474 30
169 443 23
169 583 21
169 571 88
169 326 39
169 488 28
169 372 60
169 460 17
170 512 86
170 389 11
170 322 77
171 424 77
171 399 88
171 526 82
171 364 64
171 545 52
171 521 11
171 354 83
171 561 58
171 359 20
171 369 22
172 330 83
172 437 18
172 543 61
172 575 67
172 580 90
172 361 92
172 472 93
172 567 83
172 585 35
172 420 72
172 393 96
172 466 54
173 499 95
173 369 47
173 385 92
173 424 80
173 315 58
174 397 37
174 571 96
174 506 6
174 349 83
174 440 93
174 316 25
174 590 83
174 558 24
174 516 59
174 465 58
174 325 72
174 425 10
174 384 83
174 348 34
175 508 13
175 564 7
175 416 25
175 499 47
175 311 6
175 349 60
175 441 22
175 356 48
175 392 35
175 340 67
175 551 34
175 430 52
176 486 39
176 446 80
176 549 24
176 555 93
176 360 36
176 591 72
176 592 72
176 442 53
176 398 46
177 569 61
177 608 14
177 421 38
177 501 90
177 360 92
178 405 78
178 587 44
178 392 32
178 367 35
178 567 22
178 480 73
179 318 52
179 435 38
179 615 83
179 357 48
179 440 70
179 460 1
179 576 86
180 383 20
180 469 36
180 385 89
180 413 62
180 379 39
181 388 50
181 374 42
181 411 86
181 375 3
181 418 99
181 419 65
181 461 22
181 465 99
181 510 37
181 509 31
181 467 88
182 544 51
182 605 92
182 371 86
182 468 57
183 535 13
183 315 82
183 316 78
183 541 16
184 363 1
184 544 46
184 461 60
184 600 99
184 441 1
184 311 96
185 448 76
185 346 23
185 397 36
185 599 86
185 514 53
185 326 17
185 522 57
185 600 99
185 611 75
185 458 88
186 596 48
186 471 7
186 543 75
187 508 44
187 360 66
187 535 13
187 589 22
187 348 36
187 534 22
188 468 50
188 408 33
188 373 55
188 612 83
188 577 44
189 486 74
190 437 38
190 597 58
190 460 73
190 589 61
190 371 92
190 472 89
190 379 42
190 409 85
190 339 6
190 588 24
190 468 43
191 379 86
191 387 14
191 563 84
191 338 14
191 380 31
191 505 51
191 566 18
191 345 98
191 411 9
192 470 6
192 581 7
192 579 35
192 351 49
193 608 87
193 536 24
193 521 24
193 368 78
193 511 50
193 423 64
193 389 21
193 330 39
193 392 92
193 446 12
194 482 15
194 562 59
194 439 83
194 569 39
194 505 82
194 311 98
194 499 6
194 357 22
194 337 70
194 391 20
195 344 24
195 542 27
195 381 9
195 373 52
195 451 8
195 430 19
195 371 81
195 436 38
196 319 85
196 329 35
196 594 68
196 389 32
196 491 24
196 437 24
196 529 73
196 575 69
196 373 66
196 609 64
197 481 35
197 511 41
197 497 4
198 313 4
198 524 94
199 489 2
199 469 70
199 392 55
199 532 47
199 324 13
199 415 35
199 455 1
199 502 3
200 606 84
200 447 37
200 591 15
200 577 26
200 578 61
200 574 16
200 568 72
200 491 70
200 463 31
200 587 83
200 359 82
200 387 54
200 377 57
200 400 44
200 542 83
201 346 36
201 334 60
201 601 65
201 451 14
201 354 33
201 358 42
201 370 86
201 545 29
201 588 17
201 501 21
201 586 33
201 414 7
201 405 81
201 315 53
201 488 72
202 608 68
202 457 4
202 542 84
202 437 33
202 400 84
202 342 95
202 407 9
202 525 98
202 561 13
202 316 53
202 488 93
202 344 93
203 383 4
203 421 57
203 379 21
203 468 49
203 548 37
203 596 58
203 391 86
203 472 20
203 360 87
204 557 48
204 387 22
204 356 67
204 607 60
204 386 97
204 463 8
204 395 98
204 458 6
204 408 29
204 424 10
204 398 90
205 477 18
205 415 59
205 512 16
205 314 79
205 546 69
205 385 24
205 509 59
205 347 88
205 489 27
205 335 61
205 379 53
205 515 61
206 516 40
206 565 48
206 476 82
206 337 71
207 390 95
207 557 71
207 522 95
207 603 48
207 360 95
208 353 34
208 331 84
208 536 21
209 539 81
209 340 18
209 555 72
209 360 86
209 603 87
210 521 10
210 363 93
210 345 84
210 592 43
210 463 3
210 396 76
210 470 45
210 516 42
210 378 42
210 361 80
211 401 13
211 614 98
211 400 98
211 516 92
211 538 26
211 430 95
211 310 61
211 343 28
211 460 12
211 326 15
211 492 36
211 364 4
211 469 35
211 579 33
212 468 61
212 410 95
212 427 83
212 458 75
212 399 95
212 328 97
212 530 52
212 507 52
212 614 72
212 512 1
212 440 17
213 562 68
213 613 69
213 396 18
214 534 37
215 376 72
215 570 38
215 335 30
215 445 53
215 510 90
215 310 82
215 528 50
215 554 96
215 327 41
215 453 58
215 485 25
215 338 21
215 617 89
215 495 61
215 322 72
216 547 52
216 370 7
216 398 58
216 539 51
216 581 82
216 577 7
216 490 92
216 417 69
216 405 47
216 314 45
216 407 28
216 376 61
216 367 26
217 373 97
217 320 75
218 365 58
218 402 27
218 318 44
218 500 90
218 332 40
218 518 77
218 426 7
218 548 50
218 463 44
218 311 51
218 387 12
218 586 98
219 564 43
219 351 18
219 315 70
219 375 76
219 336 62
219 536 90
219 614 1
219 346 49
219 418 11
219 390 10
220 350 18
220 505 35
220 522 31
220 462 79
220 497 69
220 596 82
220 389 9
220 474 63
220 380 21
220 561 24
220 402 99
220 314 66
221 524 1
221 470 98
221 591 77
222 427 98
222 576 21
222 412 95
222 394 46
222 437 56
222 420 15
222 462 99
222 335 71
222 361 8
222 592 50
222 347 52
222 402 77
222 581 68
222 329 65
222 603 71
223 582 25
223 600 49
223 323 65
223 523 48
223 396 9
223 585 9
223 333 60
223 616 60
223 476 8
223 515 24
223 570 42
223 471 81
224 566 31
224 469 87
225 563 99
225 314 76
225 537 17
225 461 71
225 596 99
225 452 64
225 532 70
225 395 6
225 369 4
226 445 54
226 314 95
226 352 19
226 381 64
226 417 23
226 542 30
227 404 17
227 543 6
227 456 40
227 378 97
228 461 50
228 552 98
228 415 50
228 536 1
228 540 52
228 468 90
228 609 69
228 607 38
228 414 61
228 433 87
228 481 22
229 576 15
229 410 34
229 452 69
229 568 83
229 439 8
229 378 73
229 547 35
229 463 6
230 450 69
230 329 2
230 573 1
230 405 19
230 408 46
230 337 12
230 363 53
230 579 89
230 472 44
230 545 38
230 338 30
230 495 91
230 411 18
230 386 2
231 491 84
231 535 80
231 610 88
231 545 50
231 379 76
231 448 65
231 341 81
231 499 31
231 490 26
231 542 9
231 459 19
232 584 81
232 436 40
232 583 61
232 474 50
232 528 80
232 533 15
232 562 57
233 533 82
234 441 1
234 442 71
234 555 95
234 337 49
234 560 80
234 506 5
234 452 89
235 475 99
235 334 1
235 544 25
235 387 1
235 523 31
235 311 96
235 393 4
235 440 13
235 418 50
235 448 88
235 392 95
235 481 58
235 567 97
236 398 70
236 452 24
236 507 38
236 380 76
236 428 92
236 580 1
236 467 65
236 374 71
236 613 91
236 339 40
237 478 64
237 414 24
237 442 73
237 420 9
237 399 18
238 347 31
238 580 88
238 602 32
238 417 9
238 350 46
238 359 86
238 370 66
238 397 80
238 526 6
238 450 26
238 432 77
238 521 23
238 394 77
238 378 27
238 578 12
239 545 62
239 467 85
239 504 56
239 362 59
239 436 13
239 334 76
239 310 33
239 318 20
239 578 57
240 357 79
240 428 39
240 528 18
240 516 8
240 569 61
240 329 61
240 328 76
240 455 58
240 354 87
240 519 86
240 584 82
240 407 61
241 403 56
241 446 87
241 602 13
242 440 12
242 345 4
242 472 44
242 528 33
242 580 50
242 444 15
242 603 77
242 487 87
242 594 45
242 534 80
242 346 77
243 323 79
243 580 67
243 594 14
243 457 96
243 418 42
243 311 97
243 560 69
243 488 75
243 320 29
244 412 7
244 502 68
244 558 58
244 333 20
244 369 45
244 528 49
244 447 20
244 418 36
244 411 90
244 535 45
245 432 51
245 488 6
245 592 97
245 416 44
245 331 48
245 396 9
245 603 33
246 338 1
246 594 70
246 413 43
246 600 3
246 588 51
246 341 73
246 558 28
246 608 83
246 568 81
246 401 10
246 504 44
247 510 90
247 560 45
247 551 85
247 588 92
247 589 81
247 557 58
248 385 7
248 350 43
248 485 45
248 433 24
249 343 87
249 509 1
249 401 94
249 312 42
249 351 97
249 397 1
250 576 30
250 563 72
250 600 81
250 523 23
250 617 66
250 521 88
250 588 10
250 610 96
250 429 99
250 538 32
250 497 27
251 320 55
251 340 95
251 338 31
251 540 37
251 546 63
251 350 40
251 446 76
251 361 45
251 458 46
252 467 59
252 607 58
252 418 25
252 599 40
252 479 38
252 555 5
252 450 63
252 606 9
252 527 14
252 471 69
253 547 48
253 479 60
253 529 54
253 346 73
253 553 98
253 377 12
253 310 1
253 565 86
253 574 78
254 471 2
254 316 35
254 423 88
254 400 93
254 314 49
254 587 32
254 473 51
254 580 48
255 345 15
255 386 87
255 357 24
255 406 61
255 611 19
255 415 96
255 328 51
255 351 41
255 343 71
255 470 48
255 581 41
256 589 85
256 317 61
256 453 26
256 411 1
256 478 83
256 321 30
256 509 83
256 416 66
256 379 1
256 360 22
256 512 33
256 573 26
257 445 63
258 486 53
258 388 98
258 550 44
258 481 12
258 612 71
259 312 65
259 435 75
260 500 8
260 382 86
260 536 57
260 550 48
260 534 22
261 586 89
261 404 8
262 535 30
262 501 64
262 618 4
262 588 32
262 608 27
262 455 63
262 576 59
262 582 2
262 473 17
262 454 76
262 604 35
262 493 5
262 402 63
262 405 65
262 476 66
263 460 51
264 411 26
264 607 81
264 587 62
264 523 60
264 586 9
264 501 21
264 354 53
264 529 39
264 405 69
264 403 6
264 578 72
264 500 33
264 353 98
264 392 5
265 580 77
265 394 79
265 563 93
265 412 22
265 516 54
265 399 3
266 524 96
266 339 90
266 482 6
266 477 62
266 449 4
267 407 52
267 596 81
267 370 68
267 546 76
267 384 66
267 373 3
267 484 10
267 415 42
267 334 36
267 321 31
267 533 66
268 544 59
268 388 29
268 359 99
268 482 10
268 314 12
268 591 64
269 521 63
269 386 22
269 441 90
269 321 26
269 531 3
270 563 13
270 491 98
270 316 56
270 393 11
270 558 41
270 351 12
270 419 63
270 361 54
270 438 36
270 432 76
270 428 1
271 342 56
271 426 57
272 526 39
272 311 84
272 556 63
272 382 4
272 340 4
272 604 63
272 590 91
272 320 63
272 356 73
272 351 11
272 335 20
272 509 65
272 376 23
272 547 44
272 458 90
273 585 32
273 457 27
273 335 84
273 439 71
273 500 78
273 478 49
273 332 68
273 395 69
273 589 21
273 424 55
273 375 62
273 415 97
273 575 79
273 550 82
274 591 94
274 475 90
274 431 59
274 613 72
274 384 43
274 504 70
274 557 27
275 534 2
275 591 60
275 481 19
275 579 28
275 351 35
275 532 40
275 461 40
275 353 87
275 433 37
275 599 46
276 462 19
276 505 68
276 316 72
276 606 22
276 407 9
276 357 91
276 598 30
276 470 78
277 535 8
277 539 71
277 485 16
277 364 43
277 424 48
278 362 41
278 343 65
278 563 13
278 552 80
278 384 78
278 390 21
278 337 60
278 574 92
278 419 79
278 466 74
278 329 64
279 599 31
279 481 67
279 438 66
279 381 43
279 560 44
279 435 9
279 418 28
279 397 82
279 562 83
279 585 10
279 487 44
280 565 30
280 404 7
281 455 61
281 585 85
282 416 98
282 426 30
282 464 94
282 448 35
282 479 98
282 427 12
282 408 59
282 499 12
282 524 77
282 385 62
282 434 23
282 549 59
282 515 61
282 449 67
282 387 76
283 618 54
283 608 39
283 592 93
283 464 9
283 597 90
283 359 41
283 564 26
283 337 86
284 396 35
284 475 98
284 539 43
284 605 33
284 598 59
284 357 39
284 501 97
284 608 36
284 424 6
284 359 20
284 522 92
284 364 22
284 460 31
284 311 98
285 591 44
286 529 75
286 343 53
286 582 72
287 379 56
288 565 89
288 417 81
289 354 21
289 481 49
289 431 67
289 326 16
289 367 8
290 437 55
290 489 5
290 393 36
290 571 97
290 487 70
290 513 44
290 545 73
290 338 44
290 551 59
291 400 36
291 484 55
291 403 78
291 467 99
291 606 73
291 582 79
291 491 27
291 536 17
291 448 40
291 531 68
291 373 45
291 566 46
292 437 55
293 498 94
293 502 19
293 313 55
293 329 19
293 486 85
293 408 37
293 611 6
293 351 14
293 546 50
293 590 76
293 537 18
293 368 52
293 414 83
293 477 92
294 314 99
294 340 8
294 380 50
294 597 48
294 566 49
294 391 87
294 323 39
294 557 8
294 366 20
294 518 75
294 559 72
294 408 82
294 537 10
294 568 55
294 373 5
295 375 10
295 443 98
295 512 70
295 324 61
295 352 1
295 335 11
295 532 17
295 383 43
295 611 52
295 408 59
295 442 36
295 476 38
296 379 45
296 523 86
296 387 79
296 369 61
296 464 48
296 526 90
296 342 86
296 495 27
296 348 9
296 489 90
297 484 20
297 564 96
297 566 59
297 430 16
297 546 86
297 618 99
297 383 79
297 401 46
297 482 3
297 358 27
298 543 50
298 520 10
298 462 40
298 560 77
298 598 48
298 427 90
298 616 83
298 605 82
299 567 82
299 466 65
299 371 97
299 605 89
299 614 13
299 481 49
299 349 94
299 383 22
300 341 41
300 356 15
300 337 25
301 310 92
301 459 24
301 407 28
301 388 95
301 411 19
301 456 79
301 611 73
301 334 3
301 351 84
301 612 24
301 447 18
301 526 63
301 598 6
302 526 56
302 523 10
302 547 88
302 533 35
302 498 47
302 362 2
302 331 13
302 564 58
302 327 7
303 579 4
303 435 44
303 374 44
303 310 92
303 359 31
303 451 84
303 311 11
303 444 22
303 589 65
304 312 59
304 462 65
304 520 22
304 325 11
304 469 4
304 613 23
304 443 15
304 525 21
304 472 98
304 543 74
304 388 88
305 615 98
306 479 59
306 424 65
306 426 2
306 477 91
306 594 34
306 552 4
306 364 61
307 523 59
307 427 74
307 595 39
307 391 2
307 341 66
307 334 85
307 611 20
308 445 83
308 392 52
308 319 27
308 584 49
308 523 89
308 370 91
308 336 62
308 517 59
309 367 59
309 506 98
