543 2134
1 441 39
1 534 76
1 471 89
1 382 65
1 376 70
1 415 65
2 448 28
2 456 98
2 492 50
2 311 18
2 322 59
2 323 46
2 523 50
2 438 55
2 354 70
2 308 98
3 520 90
3 377 33
3 493 45
3 522 97
3 374 84
3 543 20
3 367 72
3 286 61
3 294 22
4 534 51
5 495 86
5 415 65
5 385 76
5 422 34
5 279 4
5 398 55
5 369 28
5 410 96
5 538 64
5 361 97
5 531 53
5 319 48
5 416 25
5 303 61
5 281 78
6 369 88
6 332 32
6 314 58
6 515 89
6 529 66
6 348 19
6 403 49
6 300 1
6 416 21
7 431 80
7 471 6
7 286 18
7 362 88
7 392 63
7 429 19
7 457 4
7 465 28
7 540 43
7 439 19
7 481 79
8 515 62
8 312 22
8 529 17
8 442 15
8 437 5
8 431 19
8 389 54
8 446 91
8 377 72
8 342 45
9 485 43
9 460 9
9 506 83
9 509 20
9 291 95
9 277 88
9 419 14
9 284 72
9 356 56
9 361 33
9 510 38
9 441 65
9 396 55
9 447 53
10 374 97
10 405 38
10 494 39
10 307 33
10 385 46
10 488 94
10 467 25
10 360 6
10 273 6
10 530 82
10 359 16
10 454 66
10 515 16
10 455 44
11 356 85
11 361 47
11 482 65
11 344 57
11 445 28
11 430 76
11 464 38
11 438 97
11 460 35
11 393 69
11 427 67
11 396 30
11 440 89
11 426 56
12 360 87
12 317 86
12 534 41
12 462 96
12 287 66
13 426 63
13 307 18
13 420 67
14 537 80
14 417 21
14 507 46
14 304 78
14 462 20
14 508 38
14 312 3
14 445 1
14 306 4
14 276 29
14 421 73
14 503 70
14 323 87
14 273 9
14 354 67
15 510 81
15 306 37
15 458 79
15 502 15
15 363 99
15 299 3
15 478 70
15 471 65
15 441 16
15 313 5
15 463 69
16 439 19
16 474 19
16 473 42
17 334 20
17 347 1
17 452 52
18 500 27
19 542 18
19 428 67
19 386 44
19 495 12
19 406 50
19 422 56
19 469 1
19 401 94
20 533 34
20 380 65
20 377 38
20 345 57
20 392 20
20 393 68
20 461 78
20 449 20
20 509 60
20 482 60
20 307 87
20 407 48
20 420 18
20 316 64
20 531 10
21 376 56
22 366 30
22 440 74
22 520 51
22 364 19
22 340 83
23 376 59
23 308 84
23 301 29
23 388 21
23 412 43
23 437 69
23 328 41
23 273 24
23 312 69
23 319 86
23 474 23
23 488 15
23 333 5
24 353 69
24 476 5
24 416 27
24 442 59
24 486 84
24 346 2
24 465 40
24 542 99
25 384 82
25 398 59
25 488 14
25 302 4
25 347 9
25 374 54
25 504 58
26 441 88
26 312 82
27 512 76
27 356 6
27 364 81
27 345 12
27 308 75
27 344 81
27 426 10
27 305 36
27 366 77
28 386 98
28 315 37
28 488 95
28 519 90
28 537 73
28 433 64
29 349 34
29 421 14
30 303 95
30 378 6
30 458 30
30 460 70
30 533 89
30 467 49
30 407 79
30 524 84
30 443 76
30 352 25
30 300 16
30 305 18
30 448 34
30 453 16
30 431 83
31 384 36
31 343 87
31 405 11
31 414 18
31 464 33
31 431 93
31 448 93
31 292 23
31 542 18
31 355 24
31 272 8
31 326 3
31 354 3
31 484 5
31 479 91
32 291 86
32 318 50
32 393 69
32 406 95
32 441 59
32 447 53
32 355 58
32 384 12
32 481 87
32 446 56
32 286 3
33 352 28
33 410 98
33 307 57
33 360 93
33 540 19
34 496 43
34 488 83
34 279 54
35 416 60
35 474 4
35 438 63
35 462 46
35 450 2
36 352 21
36 441 2
36 502 82
36 416 12
36 360 47
36 286 81
36 402 47
36 331 76
36 296 80
36 371 84
36 481 39
37 293 66
37 477 48
37 290 39
37 296 56
37 434 31
37 491 77
37 461 75
37 488 24
37 509 61
37 510 31
37 358 66
37 435 94
37 526 66
37 540 24
37 284 6
38 520 65
38 476 19
38 275 49
38 529 44
38 449 87
38 461 24
38 400 4
38 276 68
38 448 75
38 413 58
38 528 71
38 338 47
38 280 65
38 519 6
39 440 9
39 383 26
39 509 48
39 467 14
40 327 19
40 391 28
40 312 70
40 490 5
40 272 27
41 501 24
41 386 83
41 355 29
41 338 39
41 433 84
41 364 70
41 273 54
41 429 7
41 367 16
41 496 88
41 354 42
42 348 17
42 286 29
42 392 28
42 292 36
42 507 96
42 395 16
43 534 62
43 446 79
43 461 63
43 324 98
43 289 60
43 345 31
43 482 10
43 400 19
43 436 52
43 329 5
43 529 18
44 504 81
44 285 48
44 464 95
44 381 35
44 524 60
44 435 91
44 336 25
44 394 61
44 514 59
44 345 84
44 431 19
45 363 98
45 541 21
45 313 51
45 543 55
45 291 58
45 527 23
45 421 88
45 296 80
45 510 98
46 438 12
46 286 17
46 415 3
46 291 65
46 335 91
46 512 41
46 498 29
46 471 64
46 310 52
46 511 19
46 410 21
47 365 33
47 283 66
47 311 36
47 343 26
48 358 67
48 370 93
48 475 8
48 388 57
49 406 37
49 525 3
49 484 75
49 419 38
49 401 31
49 416 44
49 346 81
49 379 43
49 463 47
49 537 5
50 298 73
50 366 87
50 380 30
50 416 72
50 272 7
51 481 7
51 314 64
51 307 45
51 464 30
51 288 44
51 491 19
51 478 63
51 532 61
52 455 9
52 362 41
52 482 63
52 411 86
52 279 33
52 322 84
52 394 26
52 281 87
52 309 65
52 395 16
52 364 32
52 368 43
52 327 95
52 508 37
53 490 79
53 422 72
53 533 22
53 339 10
53 460 98
53 475 81
53 471 59
53 329 79
54 433 32
54 353 90
54 516 60
54 389 59
54 306 30
54 278 62
54 472 23
54 413 63
54 436 64
54 434 38
54 289 74
55 397 41
55 337 66
55 520 97
55 516 67
55 371 57
55 378 49
55 421 58
55 333 22
55 384 17
55 531 8
55 342 71
55 332 98
55 341 29
56 424 11
56 343 70
56 320 84
56 528 73
56 305 8
56 277 34
56 522 21
56 390 81
56 513 3
56 421 29
56 435 9
56 275 73
57 436 26
57 499 73
57 434 55
57 345 64
57 386 65
57 508 2
57 296 52
58 363 94
58 488 69
58 375 55
58 364 70
58 451 82
58 414 5
58 320 64
58 445 61
58 282 41
58 455 60
58 319 42
59 333 71
59 320 60
59 341 92
59 388 32
59 450 48
59 527 60
59 519 77
59 418 49
59 490 55
59 279 30
59 366 17
59 480 93
59 375 39
59 304 38
60 428 88
60 369 94
60 541 32
60 490 75
60 377 4
60 316 58
60 293 52
60 333 7
60 399 19
60 488 5
61 397 59
61 406 56
61 474 99
61 489 3
61 502 68
61 509 44
61 388 72
61 309 79
61 327 21
61 387 60
62 318 57
62 438 49
62 402 81
62 532 94
62 422 25
62 520 94
62 356 86
62 393 17
62 439 46
63 418 22
63 517 77
63 435 76
63 348 17
63 285 33
63 508 93
63 485 10
63 465 33
63 311 85
63 530 37
63 486 3
63 443 90
63 287 65
63 402 41
63 385 87
64 273 72
64 320 92
64 400 60
64 363 75
64 337 80
64 521 12
64 325 57
64 542 37
64 323 72
64 374 78
64 360 80
64 388 40
65 316 14
65 521 37
65 277 50
65 320 9
65 446 71
65 522 35
65 433 60
65 310 96
65 412 27
65 489 83
66 447 40
67 287 67
67 401 9
67 487 59
67 418 11
67 423 87
67 543 42
67 419 19
68 519 70
68 307 92
68 536 8
68 348 93
68 467 23
68 441 33
68 464 34
68 437 11
68 297 36
68 454 35
68 419 65
68 368 40
69 539 4
69 281 39
70 394 52
70 384 54
70 423 96
70 495 96
70 450 35
70 404 29
70 374 32
70 399 55
70 460 6
70 493 44
70 505 60
70 468 88
71 448 52
71 494 93
71 360 66
71 513 22
72 341 2
72 485 70
72 284 95
72 516 54
72 523 8
72 353 88
72 513 33
72 416 21
72 387 15
72 307 18
72 397 75
72 350 60
72 361 99
73 391 25
73 278 32
74 311 87
74 392 79
75 299 2
75 386 15
75 477 55
75 409 63
75 431 14
75 517 52
75 479 14
75 539 87
75 382 15
75 392 86
75 503 63
76 399 33
76 339 34
76 469 80
76 340 41
77 422 45
77 404 14
77 342 34
77 526 94
77 305 45
77 288 50
77 339 31
77 274 64
77 381 22
77 403 75
77 485 82
78 320 18
78 425 54
78 455 71
78 512 55
78 316 80
79 499 13
79 280 73
79 419 9
79 357 51
79 277 79
79 417 12
79 517 59
79 306 87
79 538 19
79 347 81
79 338 67
79 495 92
80 366 2
80 322 70
81 417 87
81 450 80
81 321 37
81 485 34
81 538 16
82 409 85
82 407 91
82 321 38
82 386 43
82 538 30
82 462 71
83 511 51
83 319 34
83 362 87
83 354 32
84 514 34
84 332 60
84 320 16
84 336 59
84 399 7
84 469 51
84 280 60
84 542 25
85 535 30
85 479 61
86 382 33
86 390 55
86 298 47
86 510 75
86 279 63
86 277 83
86 463 38
86 375 62
86 481 51
87 414 87
87 284 2
87 307 81
87 435 20
87 423 56
87 327 70
87 516 88
87 299 74
88 520 31
88 413 79
89 396 80
89 533 28
89 304 78
89 352 72
89 322 55
89 477 85
89 540 22
89 347 51
90 471 33
90 435 95
90 275 19
90 419 28
90 367 55
90 503 7
90 314 73
90 442 82
91 470 31
91 384 45
91 462 63
91 308 79
91 301 46
91 507 33
91 317 88
91 497 82
91 298 99
91 538 30
91 508 53
91 503 41
91 288 60
91 496 89
92 308 19
92 477 76
92 471 29
92 499 46
92 339 50
92 441 34
92 485 55
92 326 83
92 539 91
92 357 90
92 416 42
92 431 33
92 276 5
92 435 67
92 421 32
93 529 59
93 349 47
93 434 74
93 503 47
94 343 73
95 323 40
95 358 43
95 350 11
95 523 51
95 513 33
95 352 47
95 453 40
95 512 95
95 418 72
95 425 25
95 398 32
95 433 80
95 304 90
96 353 44
96 528 77
96 330 43
96 466 98
96 495 10
96 428 57
97 313 40
97 333 28
97 420 47
97 471 54
97 522 73
98 398 37
98 536 14
98 525 29
98 509 22
98 481 50
98 420 40
98 412 83
98 532 79
98 462 94
99 517 87
99 358 50
99 388 75
99 541 66
99 380 78
99 394 13
99 308 4
99 531 93
99 307 59
99 442 11
99 518 66
99 353 58
99 519 62
99 498 42
100 317 61
100 438 90
100 283 89
100 309 61
100 461 38
100 365 17
100 425 8
100 475 46
100 358 92
101 331 89
101 444 38
102 496 15
102 428 20
102 490 18
102 386 18
102 434 46
102 285 33
102 356 42
102 380 52
102 378 86
103 511 4
103 463 93
103 297 2
103 433 77
103 435 21
103 352 96
103 451 54
103 316 46
103 289 68
104 360 36
104 436 87
105 401 15
105 495 75
105 272 72
105 422 68
105 363 32
105 426 60
105 301 79
105 520 45
105 321 63
105 493 86
105 419 42
105 307 58
105 423 85
106 462 28
106 505 64
106 413 93
106 312 85
106 482 75
106 278 14
106 315 78
106 389 25
107 476 6
107 533 75
107 394 38
107 451 67
107 519 88
107 314 13
107 418 40
107 345 41
107 332 62
107 446 61
108 435 77
108 434 56
108 407 3
108 536 24
108 497 39
109 455 47
109 462 50
109 513 86
109 421 85
109 397 53
110 400 96
111 398 89
111 327 99
111 428 62
112 497 36
112 519 17
112 357 49
113 379 57
113 490 4
113 374 69
113 304 70
113 394 55
113 272 58
114 347 62
115 519 9
115 521 1
115 406 34
115 511 2
115 299 43
116 421 47
116 358 39
116 406 5
116 367 1
116 397 26
116 420 64
117 350 2
118 538 83
118 404 5
118 393 25
118 530 46
118 533 35
118 297 89
118 378 28
118 471 25
118 275 29
118 330 17
118 326 75
118 461 76
118 434 31
118 465 72
119 454 64
119 455 82
119 438 38
119 347 93
119 422 91
119 307 23
119 538 97
119 351 40
119 370 15
119 501 39
119 279 14
119 504 49
119 363 43
120 504 39
120 501 14
120 365 92
120 411 89
120 397 74
120 309 97
120 534 34
120 423 33
120 292 45
121 320 33
121 412 57
121 322 34
121 402 81
121 453 28
122 452 33
122 530 34
122 437 92
122 451 25
122 456 57
122 486 70
122 526 71
122 482 83
122 471 57
122 485 66
122 272 8
122 324 34
122 294 42
122 300 5
123 336 43
123 287 90
123 319 86
123 315 33
123 373 86
123 505 46
123 321 88
123 309 12
123 427 37
123 508 27
123 303 1
123 434 79
123 352 97
123 299 39
124 529 20
125 442 50
125 397 81
125 321 59
125 293 11
125 339 95
125 455 65
125 510 7
125 290 22
126 426 14
126 484 56
126 455 79
126 309 72
126 481 55
126 400 57
126 536 26
126 376 82
126 528 41
126 397 56
126 274 30
126 359 90
126 352 55
126 284 46
127 493 24
127 281 47
127 487 35
127 425 39
127 324 22
127 445 97
127 455 65
127 461 25
128 408 78
128 425 72
128 440 33
128 523 64
128 504 7
128 540 85
128 375 48
128 352 23
128 297 46
128 397 39
128 350 37
128 381 68
128 398 73
129 298 77
129 446 8
129 441 74
129 519 34
129 314 54
129 428 11
129 526 45
130 361 60
130 385 23
130 461 68
131 329 49
131 512 65
131 357 5
131 509 57
132 514 13
132 294 75
132 499 57
132 444 43
132 327 10
133 285 57
133 416 88
133 531 78
133 293 7
133 466 39
133 333 91
133 498 51
133 477 41
133 367 35
133 434 18
133 460 10
133 522 90
134 470 53
134 412 86
134 305 73
134 517 47
134 360 40
134 336 61
134 327 6
134 333 68
134 432 86
135 407 21
135 538 65
135 331 55
135 324 5
135 379 84
135 359 98
135 442 3
135 490 28
135 514 36
135 486 48
135 428 89
135 375 95
136 406 28
136 332 12
136 530 84
136 407 99
137 440 2
137 521 35
137 439 42
137 323 3
137 379 69
137 355 11
137 418 42
137 374 14
137 532 77
137 525 95
138 535 78
138 448 31
138 496 10
138 528 72
138 320 15
139 471 51
139 274 75
139 445 23
139 369 36
139 478 24
139 468 23
139 488 3
139 490 55
139 307 92
140 367 49
140 357 14
140 442 99
140 457 70
140 373 20
140 472 94
140 418 25
140 437 75
140 455 89
140 315 48
140 355 39
140 431 27
140 520 63
140 449 65
140 277 17
141 461 10
141 406 23
141 522 42
141 309 27
141 476 88
141 390 21
142 519 71
143 528 18
143 505 63
143 354 33
143 324 39
143 495 21
143 377 6
143 343 75
144 323 60
144 288 76
144 361 98
144 340 80
144 526 49
145 301 54
145 330 56
145 345 12
145 276 72
146 312 93
146 297 82
146 539 70
146 364 3
146 379 42
147 353 62
148 541 34
148 338 87
148 520 88
148 350 11
148 466 6
148 324 26
148 388 2
148 511 80
148 336 75
148 475 66
148 402 72
148 364 77
148 522 95
148 359 36
149 398 37
149 532 81
149 280 74
149 393 20
149 424 1
149 459 29
149 279 71
149 417 40
149 317 47
149 273 15
150 363 11
150 503 61
150 509 98
150 534 51
150 397 49
150 318 44
150 413 18
150 409 18
150 346 30
150 289 56
151 482 29
151 438 46
151 287 51
151 409 11
151 367 99
152 399 49
152 487 59
152 456 96
152 368 24
152 497 14
152 405 77
152 413 76
152 375 61
152 371 75
152 429 35
152 472 12
152 323 9
152 533 51
152 465 3
153 348 13
153 294 90
153 504 94
153 429 41
153 273 73
153 345 99
153 349 44
153 355 27
153 494 50
153 384 31
153 284 31
153 418 48
154 322 54
154 385 47
154 378 39
155 364 8
156 289 91
156 374 31
156 361 64
157 410 20
157 369 51
157 367 70
157 431 75
157 298 16
158 484 33
158 358 37
158 356 34
158 368 1
158 416 24
158 405 16
158 326 38
158 524 36
159 435 67
159 321 15
159 403 18
159 505 66
159 528 35
159 484 5
160 362 77
160 324 11
160 529 55
160 323 22
160 458 9
160 503 65
160 491 93
160 447 66
160 372 23
160 531 30
160 489 22
160 366 68
160 332 44
160 450 80
161 466 44
161 281 31
161 298 52
162 321 43
162 450 15
162 461 78
162 513 8
162 323 36
162 306 65
162 542 44
162 422 4
162 512 35
162 515 93
162 399 94
162 363 81
163 381 40
163 277 30
163 378 73
163 313 72
163 298 86
163 398 54
163 409 53
163 465 64
163 316 29
163 418 61
164 504 10
164 463 23
164 459 67
164 520 15
164 542 5
164 480 79
164 496 55
164 502 71
164 284 57
164 482 91
164 455 36
165 288 62
165 543 75
165 423 52
165 505 56
165 340 96
165 478 41
165 400 45
165 403 12
166 440 19
166 494 74
166 444 71
166 352 98
166 281 84
166 357 83
166 526 99
167 334 49
167 400 95
167 406 57
167 315 27
167 314 90
167 363 67
167 386 24
167 354 81
167 445 5
167 513 56
168 447 41
168 405 22
169 443 60
169 366 65
169 515 48
169 297 63
169 382 37
169 419 3
169 437 45
169 341 77
169 530 55
169 459 22
169 286 17
170 335 89
170 513 14
170 287 9
170 440 53
170 533 11
171 513 86
171 331 39
171 493 24
171 353 82
171 320 31
171 363 6
171 518 30
172 308 60
172 422 15
172 438 31
172 509 2
172 365 69
172 500 39
172 536 93
172 526 47
172 322 1
172 350 56
173 527 19
173 518 85
173 379 46
173 278 70
173 537 12
173 413 35
174 301 95
174 513 40
174 299 7
174 416 45
174 339 28
174 276 79
174 524 68
174 456 14
174 477 82
174 346 15
174 507 14
174 361 95
174 317 66
175 323 32
175 474 58
175 382 90
175 286 55
175 446 35
175 293 88
175 365 49
175 329 6
175 351 2
176 463 75
176 481 38
176 332 61
176 277 74
176 420 16
177 325 33
177 500 94
177 484 24
177 372 7
177 334 41
177 276 75
177 424 4
177 435 28
178 433 42
178 528 25
178 453 60
178 294 3
178 462 80
179 504 46
179 304 18
180 476 19
180 316 55
180 541 26
180 535 98
180 363 81
180 392 68
180 398 98
180 515 28
180 433 30
180 490 12
180 497 81
180 402 62
180 488 30
181 307 94
181 344 64
181 293 68
181 278 83
181 421 53
181 489 63
181 362 35
181 318 19
181 321 59
181 490 8
181 475 73
181 284 20
181 309 63
181 455 5
182 432 16
182 333 66
183 449 94
183 377 32
183 344 9
183 375 3
183 408 88
183 333 83
183 409 21
183 363 13
183 517 62
183 362 93
183 386 48
183 478 35
183 482 66
184 489 93
184 280 95
184 418 59
184 494 13
184 441 74
184 284 34
184 354 78
184 358 56
184 409 76
184 429 50
184 539 17
184 322 12
184 332 98
185 355 59
185 487 47
185 479 53
185 273 79
185 429 18
186 497 64
186 382 82
186 447 62
186 476 35
186 479 79
186 503 73
186 413 60
186 329 41
186 515 12
186 543 44
186 387 56
186 280 21
186 521 60
186 338 16
187 309 99
187 357 52
188 321 65
188 420 13
188 362 14
188 512 7
188 459 89
188 380 70
188 357 38
188 273 10
188 330 18
188 280 82
188 302 91
188 427 90
188 385 89
188 320 24
188 488 73
189 378 59
190 485 83
190 286 75
190 481 84
190 414 53
190 297 4
190 386 59
191 497 16
191 423 86
191 314 53
191 354 33
191 283 22
191 326 34
191 450 1
191 394 56
192 380 89
193 406 2
193 414 12
193 532 46
193 367 93
193 393 35
193 502 39
193 354 72
194 485 29
194 388 93
194 362 45
195 335 53
195 521 17
195 503 96
195 466 81
196 342 69
196 325 51
196 450 87
196 395 71
196 519 96
196 374 38
197 500 85
197 315 31
197 462 47
197 319 49
197 497 7
197 396 96
197 304 28
197 376 54
197 484 56
197 369 49
197 409 5
197 508 9
197 389 62
198 436 93
198 523 89
198 332 79
198 519 43
198 445 30
198 292 39
198 406 20
199 522 12
199 377 46
199 323 91
199 403 9
199 354 51
200 499 42
200 473 20
200 539 5
201 311 83
201 298 81
201 411 34
201 350 63
201 312 5
201 307 18
201 367 5
201 360 71
201 356 65
202 397 97
202 510 87
202 383 38
202 539 12
202 349 19
202 521 73
202 449 45
202 346 40
202 389 44
202 419 55
202 345 3
202 353 92
202 371 90
202 415 8
202 337 58
203 539 33
203 365 76
203 313 26
203 524 39
203 420 39
204 374 39
205 468 97
205 363 65
205 522 76
205 358 24
205 482 70
205 297 74
205 423 15
205 356 41
205 480 5
205 419 44
205 503 88
205 284 19
205 537 14
205 328 46
206 377 43
206 418 1
206 424 9
207 391 93
207 357 73
207 501 47
207 470 68
207 539 7
208 499 87
209 274 17
209 319 13
209 376 93
210 386 73
210 407 76
210 405 31
210 342 28
210 530 92
210 542 66
210 362 32
211 364 27
211 539 1
211 533 22
211 417 61
211 496 88
211 455 48
211 324 98
212 311 30
212 480 99
212 377 40
212 539 11
212 470 15
212 527 73
212 437 76
212 511 62
212 526 16
212 345 32
213 421 68
213 309 33
213 376 65
213 308 92
213 389 71
213 403 90
213 529 78
213 340 60
213 378 11
213 327 77
213 288 2
213 535 38
213 395 11
213 368 77
214 517 52
214 356 23
214 504 86
214 407 87
214 372 45
215 383 21
215 542 39
215 387 21
215 459 45
215 424 74
215 511 17
215 375 69
215 364 67
215 287 76
215 289 3
215 378 39
215 390 17
216 312 12
216 460 60
216 338 98
216 447 60
216 504 59
216 497 1
216 515 40
216 373 56
216 321 10
216 522 43
216 479 2
216 403 77
216 341 71
217 463 97
217 442 92
217 385 88
217 392 62
217 429 58
217 458 91
217 470 87
217 377 89
217 465 17
218 540 94
218 435 93
218 426 47
218 519 87
218 363 90
218 310 75
218 408 2
218 428 23
218 277 3
218 416 57
218 315 72
218 329 60
219 329 89
219 446 77
220 535 13
220 281 18
220 492 92
220 408 23
220 524 46
220 293 31
220 442 36
220 445 78
221 448 37
221 303 43
221 493 74
221 475 77
221 297 25
221 479 80
221 539 6
222 450 18
222 340 12
222 342 52
222 539 27
222 282 94
222 283 66
222 386 5
222 322 13
223 469 72
223 383 10
223 406 65
223 424 54
223 327 86
223 489 41
223 282 45
224 460 5
224 429 11
224 328 8
224 493 15
224 519 75
224 537 45
224 478 66
224 346 68
224 517 41
224 406 59
224 376 81
225 346 17
225 391 57
225 380 5
225 333 14
225 425 14
225 422 50
225 378 21
225 348 18
225 539 84
225 543 45
225 481 21
225 294 33
226 439 95
226 517 12
226 380 9
226 310 5
226 509 21
226 392 14
226 358 81
226 482 77
226 280 49
226 321 37
227 474 91
227 346 39
227 408 63
227 465 70
227 308 10
227 420 6
227 281 60
227 387 52
227 323 43
227 349 11
227 275 68
228 542 13
228 448 50
228 383 48
228 478 9
228 471 59
229 491 95
229 306 15
229 292 33
229 352 69
229 369 57
229 307 99
229 280 84
229 286 77
229 290 12
229 540 4
230 282 67
230 330 40
230 395 46
230 510 55
231 303 60
231 483 81
231 345 33
231 506 79
231 333 65
231 284 65
231 357 50
231 387 44
231 439 41
231 377 16
231 509 58
231 510 33
231 487 3
232 276 11
232 352 65
232 462 83
232 374 62
232 447 60
232 438 96
232 394 61
232 326 18
232 310 67
232 430 45
232 299 80
232 406 80
232 535 91
232 391 55
233 339 85
233 489 58
233 493 7
233 303 39
233 501 20
233 351 6
233 538 87
233 397 51
233 498 86
233 430 80
233 294 70
233 478 82
233 508 43
233 396 9
233 536 52
234 313 74
234 342 17
234 315 11
234 535 24
235 363 97
235 499 74
235 491 13
235 343 29
235 369 42
235 521 7
235 445 44
235 459 84
235 478 38
235 470 93
235 292 37
235 510 53
235 401 99
235 372 73
235 432 11
236 478 64
237 439 85
237 281 34
237 498 77
237 508 38
237 488 27
237 425 15
237 504 59
237 429 78
237 474 3
237 317 91
237 360 78
237 530 54
237 335 52
237 492 65
237 399 92
238 519 28
239 273 69
239 503 56
239 403 94
239 374 80
239 365 73
239 481 29
239 291 65
239 512 32
239 378 76
239 295 21
239 376 50
239 324 58
240 419 50
240 525 28
240 302 71
240 399 9
240 282 32
241 383 45
241 483 66
241 319 40
241 399 40
242 492 72
242 406 97
242 344 83
242 382 15
242 401 34
242 397 26
243 287 50
243 519 28
243 398 89
243 337 32
243 460 73
243 288 1
243 488 10
243 529 83
243 423 43
243 535 79
244 450 30
244 484 91
244 307 56
245 523 69
245 344 45
245 418 62
245 513 6
245 391 65
245 522 2
245 479 28
245 392 75
245 464 21
246 509 69
246 382 23
246 342 8
246 368 98
247 402 53
247 521 88
247 442 96
247 478 59
247 309 12
247 403 66
247 501 39
247 354 3
247 337 15
247 286 4
247 455 86
247 297 88
248 391 77
248 432 57
248 412 41
248 458 44
248 336 28
248 341 29
248 427 2
248 272 53
248 507 11
248 431 71
248 277 94
249 352 11
249 398 91
249 478 19
249 282 14
249 495 7
249 450 51
249 417 30
249 432 59
249 494 67
249 405 25
249 346 74
250 278 48
251 291 21
251 294 87
251 534 83
251 352 68
251 499 64
251 480 52
251 496 53
251 293 54
251 272 42
251 303 76
251 458 17
251 322 87
251 318 44
251 485 87
252 438 31
252 361 92
252 436 40
252 285 21
252 501 54
252 276 88
252 294 81
252 343 93
252 386 86
252 379 68
252 309 92
252 409 53
253 530 33
253 357 52
253 405 85
253 452 45
253 337 19
253 322 64
253 282 3
253 426 10
253 476 20
253 341 56
253 511 44
253 331 61
254 446 38
254 368 2
254 444 57
254 404 17
254 416 53
254 491 34
254 294 74
255 529 31
255 386 69
255 536 19
255 313 21
255 286 37
255 543 19
255 462 47
255 510 70
255 392 86
255 443 66
255 359 28
255 329 2
255 285 16
255 489 75
256 414 12
256 524 20
256 494 2
257 462 68
257 283 96
257 428 58
257 367 53
257 318 84
258 422 34
258 392 68
258 518 75
258 485 48
258 519 79
258 436 83
258 461 53
258 292 32
258 372 64
259 459 41
259 296 53
260 405 94
260 363 62
261 356 83
261 442 14
261 423 31
261 273 49
261 384 27
261 500 71
261 315 93
261 302 17
261 466 43
261 411 92
262 498 54
262 372 29
262 291 85
262 490 27
262 415 81
262 407 55
263 487 48
263 297 56
263 416 75
263 278 22
263 441 46
263 388 36
263 537 51
263 389 46
263 306 88
264 499 39
264 458 63
264 490 18
264 370 54
264 367 2
264 344 86
264 469 49
264 438 22
264 440 14
264 310 28
264 435 6
264 475 70
264 454 20
265 513 70
265 322 86
265 381 59
265 337 68
265 272 90
265 542 75
266 425 21
266 444 20
266 526 93
266 420 57
266 434 72
266 483 76
266 435 16
266 525 85
266 429 77
266 390 72
266 383 17
266 281 48
266 347 63
266 468 85
267 464 61
268 402 87
269 366 9
269 323 76
270 369 62
270 531 42
270 284 7
270 387 6
270 321 8
270 309 72
270 391 98
270 278 75
270 472 84
270 388 29
270 307 85
270 529 88
270 346 62
270 286 78
271 494 45
271 477 75
271 404 26
271 306 68
271 457 45
271 282 7
271 463 45
271 323 77
271 465 85
271 378 1
271 443 71
271 506 49
271 401 97
