356 1373
1 352 74
1 202 64
1 354 18
2 296 74
2 284 51
2 225 45
2 302 42
2 348 92
2 281 54
2 228 87
2 258 33
2 354 63
2 285 98
3 265 48
3 344 40
3 234 96
3 314 34
3 202 34
3 321 60
3 267 84
3 266 57
3 324 31
3 277 57
3 190 78
4 196 74
4 261 89
4 270 91
4 284 56
4 181 58
4 302 71
4 289 88
4 221 86
4 318 10
5 258 82
5 267 55
5 313 3
5 276 20
5 270 56
5 287 79
5 307 52
5 221 98
5 224 38
5 214 43
5 222 20
5 194 61
5 282 13
5 182 54
6 334 92
6 206 54
6 246 22
6 263 35
6 292 53
6 209 42
6 196 81
6 284 3
6 356 44
6 208 7
7 256 40
7 354 99
7 225 61
7 313 53
8 242 85
8 338 35
8 284 82
8 265 98
8 323 47
8 180 53
9 230 16
9 337 92
9 315 37
9 281 77
9 231 78
9 333 55
9 241 9
9 180 86
9 335 19
10 355 88
10 203 38
10 274 18
10 222 62
10 315 35
10 205 98
10 308 2
10 240 36
11 314 36
11 247 36
11 229 45
11 209 29
11 310 79
11 353 12
11 267 95
11 326 80
11 337 56
11 213 18
11 355 98
11 274 13
11 319 4
11 333 60
12 195 22
12 283 15
12 333 60
12 284 39
12 321 99
12 308 18
12 293 45
12 206 57
12 241 97
13 356 33
13 200 95
13 217 84
13 201 55
13 283 69
13 311 22
13 332 38
13 203 27
13 341 55
13 223 83
13 214 98
13 179 47
13 306 63
13 184 2
13 285 24
14 185 36
14 260 81
14 323 41
14 336 96
14 349 23
14 214 38
14 227 10
14 350 73
14 205 15
14 210 28
14 228 17
14 202 3
15 210 2
15 199 96
15 219 98
15 345 84
15 220 91
15 311 78
15 331 38
15 229 12
15 304 34
16 258 95
16 201 56
16 249 27
16 335 58
16 289 18
17 194 90
17 334 44
17 328 29
17 355 6
17 179 13
17 301 59
18 240 13
18 262 36
18 353 3
19 330 19
19 224 76
19 352 48
19 252 35
19 262 60
19 309 23
19 284 22
19 310 69
19 202 28
19 191 52
19 265 20
20 311 37
20 270 30
20 238 56
20 207 99
20 243 7
21 279 68
21 236 25
21 295 89
21 284 89
21 190 40
21 233 25
21 257 14
21 203 39
21 275 6
21 265 47
21 344 66
21 335 44
22 223 10
22 348 16
22 179 58
22 183 89
22 309 65
22 337 93
22 353 80
23 321 9
23 204 43
23 265 44
23 250 78
23 182 88
23 248 12
24 223 27
24 265 29
24 242 74
24 183 39
24 353 81
24 305 61
24 253 88
24 262 30
24 213 98
25 341 44
25 197 34
25 183 23
25 284 47
25 188 62
25 223 94
25 215 62
25 195 10
25 286 30
25 220 13
26 310 57
26 266 78
26 285 60
26 226 12
26 246 94
26 242 30
27 211 71
27 209 37
27 213 76
27 186 90
27 342 64
27 336 25
27 337 46
27 188 2
27 201 77
27 340 14
27 339 96
27 312 39
28 264 1
28 322 25
28 244 86
28 324 77
28 318 14
28 349 11
28 312 71
28 337 24
28 229 67
28 233 19
28 253 31
28 206 86
29 269 46
29 356 33
29 313 15
30 242 65
30 295 32
30 230 34
30 183 67
30 262 17
30 333 80
30 212 9
30 203 10
30 303 24
30 356 13
31 231 40
31 213 35
32 251 20
32 330 87
32 344 22
32 200 69
32 317 49
32 264 98
32 254 23
32 277 10
32 180 6
32 230 27
32 337 79
32 336 64
32 289 49
33 297 41
33 246 71
33 189 63
33 244 53
33 205 6
33 232 90
33 249 44
33 209 31
33 213 11
33 318 80
33 338 70
33 348 44
34 324 47
34 197 79
34 313 59
34 315 91
34 354 15
34 199 62
34 280 65
34 311 74
34 244 76
35 334 52
35 352 36
35 228 45
35 210 49
35 322 82
35 294 88
35 356 24
35 203 24
35 283 9
36 254 39
36 262 52
36 236 69
36 346 18
37 205 76
37 337 10
37 259 46
37 220 57
37 296 19
37 219 22
37 326 95
37 336 4
37 286 10
37 258 7
37 224 52
38 340 26
38 315 2
38 188 19
38 181 64
38 232 18
38 321 90
38 211 64
38 249 14
39 201 90
39 284 72
39 272 89
39 213 35
39 294 19
39 234 4
39 303 23
39 209 3
39 240 21
39 318 7
39 323 2
39 181 41
39 327 18
39 218 74
40 270 29
40 304 3
41 294 50
41 204 46
41 248 57
41 280 44
41 242 43
41 263 78
42 324 73
42 213 42
42 251 30
42 209 92
43 314 24
43 243 80
43 228 69
43 315 60
43 332 7
43 304 19
43 262 75
43 268 38
44 202 79
44 306 46
44 224 87
44 297 75
44 257 28
44 269 54
44 192 95
44 276 20
44 346 74
44 268 96
44 284 8
44 243 65
44 273 34
44 223 51
45 277 73
45 221 16
45 203 14
45 306 71
45 253 33
45 266 21
45 269 70
45 314 12
46 224 99
46 188 47
46 295 5
47 260 26
47 223 79
47 322 43
47 220 33
47 345 61
47 308 1
47 181 83
47 298 66
47 235 80
48 347 95
48 351 83
48 206 16
48 227 75
48 224 19
48 340 4
48 281 48
48 207 24
48 219 4
48 198 76
48 321 35
49 290 64
49 280 58
49 313 72
49 193 8
50 289 53
50 349 46
50 193 35
50 251 85
50 247 54
50 331 67
50 271 67
51 301 46
51 302 40
52 255 70
52 321 2
52 220 74
52 323 53
52 221 87
52 276 14
53 312 96
53 225 25
53 218 99
54 330 54
54 285 56
54 196 89
54 326 1
55 313 39
55 221 53
55 290 30
55 264 72
55 330 47
55 233 9
55 249 23
55 306 12
56 229 41
56 279 68
56 199 7
56 292 36
57 280 80
57 217 16
58 254 65
58 335 98
58 354 12
58 353 13
58 193 29
58 247 37
58 179 76
58 325 5
58 214 17
58 245 29
58 197 95
59 234 36
59 278 90
59 315 80
59 330 11
59 189 64
59 260 4
59 335 17
60 267 18
60 328 53
60 196 7
60 179 82
60 225 56
60 290 82
60 292 20
60 289 58
60 186 23
61 292 28
61 246 29
61 244 34
61 251 68
61 296 18
61 315 7
61 225 98
61 276 31
61 331 27
61 264 87
61 183 41
62 182 28
62 287 53
63 352 25
63 179 34
63 321 36
63 333 1
63 237 77
63 269 12
63 313 18
63 239 43
63 206 2
63 343 76
63 186 64
63 337 90
64 324 18
64 314 28
64 244 9
64 214 83
64 207 42
64 301 30
64 262 93
64 197 70
64 347 14
64 205 48
64 294 76
64 356 83
64 284 61
64 270 78
64 285 30
65 277 92
65 248 50
65 324 84
65 265 77
65 224 63
65 230 88
66 327 65
66 313 28
66 306 73
66 209 46
66 335 55
66 185 5
66 216 9
66 264 41
66 288 80
66 334 26
67 308 52
67 196 70
67 199 77
67 325 99
67 347 79
68 204 89
68 292 47
68 184 84
68 331 58
68 205 48
69 310 58
69 355 39
69 206 76
69 346 58
69 286 52
69 274 39
69 219 99
69 251 81
69 306 26
69 272 92
69 203 18
69 273 99
69 258 2
70 283 3
70 191 53
70 309 99
70 298 36
70 185 37
70 201 87
70 234 26
70 318 85
71 229 29
71 308 34
71 257 22
71 264 24
71 240 14
71 288 84
71 225 78
71 315 51
72 335 3
72 352 3
72 210 99
72 307 19
72 196 15
72 287 31
72 347 26
72 247 52
72 262 15
72 279 93
72 214 16
73 282 5
73 246 27
73 268 15
73 324 88
73 278 9
73 280 53
73 231 69
73 211 75
73 199 46
73 312 79
73 254 53
73 216 10
73 295 96
73 334 33
74 311 63
74 190 29
75 226 6
75 245 55
76 279 34
76 262 39
76 238 55
76 332 21
76 351 31
76 200 23
76 307 89
76 294 18
76 295 80
76 311 86
76 282 72
76 276 28
76 304 48
77 346 21
77 297 43
77 319 71
77 187 21
77 350 58
77 282 15
78 202 46
78 277 13
78 351 71
78 191 44
78 257 9
78 310 33
78 331 71
78 293 49
78 251 93
79 345 4
79 283 86
79 310 52
79 323 2
79 185 21
79 264 96
79 302 81
80 210 55
80 261 61
80 262 83
80 195 96
80 300 91
80 290 98
80 197 90
80 348 72
80 272 83
80 206 4
81 227 19
81 188 32
82 319 33
82 226 66
82 255 26
82 342 12
82 244 5
83 273 14
83 247 60
83 333 42
83 180 63
83 223 94
83 228 46
83 294 88
83 350 60
83 274 74
83 339 96
83 212 15
84 257 94
84 319 34
85 197 70
85 186 7
86 240 51
86 351 40
86 265 88
86 216 11
86 303 37
86 279 62
86 202 24
86 252 47
86 291 23
86 320 99
86 262 61
86 246 6
86 200 14
86 198 39
87 191 17
87 319 27
87 284 77
87 261 75
87 329 47
87 250 87
87 352 61
87 204 55
87 355 19
87 223 60
87 337 15
87 211 95
87 287 36
88 298 18
88 208 3
88 248 76
88 187 78
88 182 49
88 325 33
88 186 12
88 210 80
89 258 92
89 199 77
89 333 16
90 208 75
91 207 43
91 318 90
91 192 13
91 213 20
91 245 64
91 179 34
91 272 40
91 293 75
92 261 21
92 244 57
92 325 69
93 218 38
93 258 19
93 298 86
93 348 82
93 321 46
93 201 96
93 200 22
93 233 29
94 192 95
94 195 42
94 184 26
94 288 7
94 254 45
94 181 47
94 308 21
94 274 13
94 349 73
94 352 2
94 268 59
94 326 24
94 262 49
94 324 62
95 221 99
95 269 5
95 205 96
95 271 48
95 213 36
95 282 55
95 295 26
95 356 74
95 275 20
95 348 16
95 306 60
95 316 33
95 208 39
95 191 59
95 337 62
96 211 50
97 304 66
97 354 84
97 200 71
98 248 49
98 196 20
98 290 33
98 262 17
98 344 84
98 251 67
99 356 73
99 248 43
99 353 22
99 331 67
99 351 73
99 278 62
99 288 34
99 352 21
99 319 75
99 320 20
99 266 82
99 257 85
99 192 98
100 296 61
100 304 67
100 222 3
100 279 21
100 262 22
100 191 11
100 344 46
100 235 13
101 314 8
101 326 62
101 333 50
101 339 23
101 200 36
101 187 74
101 337 53
101 308 1
101 295 42
101 222 66
102 276 87
102 279 13
102 310 80
103 213 62
103 269 12
103 228 5
103 191 8
103 249 47
103 245 54
103 217 27
103 276 13
103 186 63
103 330 40
103 308 80
103 248 64
103 247 67
103 339 24
104 239 5
104 343 46
104 299 98
104 308 12
104 217 7
104 183 39
104 196 55
105 267 65
105 344 81
105 338 71
105 191 45
105 328 37
105 213 87
105 345 80
105 195 20
105 351 34
106 244 53
106 349 94
106 320 73
106 331 18
106 343 98
107 276 55
107 229 97
107 325 14
107 187 75
107 248 56
108 269 19
108 325 1
108 212 45
108 339 22
108 218 69
108 334 58
108 327 68
108 272 51
108 337 48
108 196 55
109 317 43
109 203 55
109 267 81
109 233 74
109 246 26
109 241 97
109 199 31
109 341 33
109 291 62
109 254 10
109 189 67
109 274 46
109 268 92
110 191 30
110 312 87
110 257 86
110 297 91
110 311 50
110 227 25
110 287 50
110 198 48
110 228 84
111 223 37
111 294 50
111 231 20
111 304 54
111 190 20
111 225 59
112 256 3
112 227 86
112 198 69
112 181 36
112 306 33
112 254 65
112 353 90
113 344 98
113 305 13
113 202 99
114 219 91
114 259 1
114 230 25
114 301 65
114 241 51
114 206 65
114 200 89
114 248 73
114 331 9
114 204 16
114 325 35
114 221 82
115 332 67
115 198 19
115 188 27
115 308 98
115 251 7
115 330 58
115 245 18
115 354 31
115 289 54
115 225 71
116 274 77
116 241 71
116 237 31
116 261 76
116 267 41
116 324 31
117 263 14
117 241 27
117 187 39
117 345 88
117 350 74
117 349 91
117 347 58
117 277 24
117 346 25
118 282 83
118 231 33
118 258 71
118 333 61
118 240 46
118 330 46
118 234 5
118 343 24
118 257 21
118 334 19
118 232 50
118 229 10
118 246 34
118 222 58
119 183 32
119 231 80
119 324 82
119 322 45
119 320 21
119 344 24
119 243 53
119 237 34
119 224 75
119 315 25
119 235 58
119 210 60
120 315 81
120 198 76
121 341 46
121 269 9
121 250 76
121 237 60
121 323 3
121 272 73
121 213 24
121 267 26
121 182 46
121 274 69
121 188 9
121 346 25
121 225 73
122 352 48
122 321 11
122 198 57
123 296 90
123 201 22
123 312 79
123 204 69
123 345 8
123 218 9
123 350 91
123 212 46
123 197 38
123 183 1
123 185 72
123 203 49
123 327 58
123 298 47
123 314 4
124 244 86
124 334 65
124 328 28
124 267 77
124 216 12
124 316 43
124 290 90
125 317 8
125 249 61
125 234 35
125 247 7
125 356 34
126 240 13
126 181 37
126 190 95
126 207 50
126 197 5
126 354 24
126 315 19
126 280 35
127 243 37
127 289 81
127 253 13
128 260 69
128 335 38
128 303 17
129 211 31
129 323 23
129 325 2
129 196 1
129 350 75
129 287 67
130 337 99
130 268 66
130 257 22
130 244 60
130 275 45
130 341 70
130 282 98
130 213 15
130 273 1
130 299 15
130 182 19
131 299 34
131 279 2
132 239 74
132 286 79
132 233 9
132 296 42
132 202 50
132 283 68
132 242 25
132 260 40
132 329 13
132 338 67
132 302 6
132 344 53
133 211 59
133 312 40
133 223 95
133 188 13
134 256 67
134 217 6
134 264 60
134 297 60
134 249 39
134 183 35
134 227 46
135 255 16
135 336 36
135 265 5
135 257 34
135 322 26
135 183 4
135 323 34
135 250 23
135 263 63
135 217 78
135 320 68
135 232 63
136 203 37
136 274 22
136 187 81
136 285 51
136 262 33
136 330 50
136 353 28
136 245 86
137 318 99
138 351 17
138 289 7
138 222 86
138 241 31
138 232 4
138 299 2
138 215 33
139 248 9
139 240 58
139 207 74
139 262 62
139 351 40
140 194 34
140 297 93
140 200 7
140 321 45
140 305 34
140 273 99
140 260 36
141 352 78
141 231 44
141 300 43
141 255 75
141 191 91
141 343 76
141 210 58
141 251 90
141 253 86
141 197 54
141 189 27
142 212 10
142 318 12
142 261 48
142 197 46
142 320 98
142 181 29
142 270 19
142 341 4
143 352 22
143 190 3
144 212 2
144 247 14
145 332 5
145 281 4
145 232 6
146 352 24
146 217 4
146 293 29
146 347 74
147 333 6
147 287 99
147 229 50
147 197 91
147 196 9
147 346 55
147 311 73
147 243 32
147 341 95
147 345 54
148 335 46
148 295 11
148 303 46
148 341 55
148 271 32
148 346 65
148 328 51
148 329 91
148 236 87
148 288 94
148 241 77
148 275 27
148 355 30
149 327 78
149 199 34
149 331 77
149 193 31
149 224 39
149 275 72
149 328 85
150 220 53
150 212 54
150 309 62
150 251 12
150 323 48
150 213 27
150 304 59
150 209 20
150 223 40
150 264 91
150 232 26
151 334 97
151 247 24
151 308 49
151 184 76
152 321 91
152 290 55
152 187 59
152 271 72
152 308 39
152 310 54
153 297 32
153 197 17
154 268 34
154 326 97
154 300 79
154 242 70
154 186 72
154 332 58
154 262 32
154 308 25
154 319 35
154 274 59
155 295 10
156 341 1
156 211 91
157 189 49
157 301 35
157 219 7
157 349 5
157 308 6
157 201 32
157 188 52
157 336 96
157 311 69
157 217 79
158 305 4
158 260 81
158 355 3
158 231 42
158 205 22
158 194 72
158 286 66
158 214 33
158 239 31
158 280 22
158 201 38
158 225 28
159 251 14
159 296 69
159 346 57
159 267 87
159 240 61
159 205 9
160 203 67
160 239 90
160 196 39
160 299 15
160 253 48
160 256 84
160 205 43
160 339 21
160 245 52
161 321 67
161 287 33
161 325 23
161 199 80
161 313 21
161 227 65
161 320 19
161 221 76
161 335 88
161 279 70
161 264 16
161 305 10
162 189 52
162 345 69
162 255 26
162 336 78
162 277 79
162 191 54
162 212 21
162 274 21
162 285 38
162 299 48
162 287 18
162 245 70
163 235 43
163 335 30
163 305 78
163 346 41
163 304 89
163 326 33
164 316 18
164 270 99
164 257 2
164 219 21
164 295 98
164 247 1
164 204 9
164 224 41
164 261 18
165 189 63
165 255 95
165 268 93
165 185 68
165 311 17
165 355 45
165 277 98
165 285 15
165 327 21
166 218 13
166 225 36
166 181 69
167 269 31
167 247 23
167 341 1
168 243 14
168 208 20
168 290 15
168 317 52
168 336 37
168 227 91
168 230 86
168 253 78
169 295 86
169 338 56
169 300 52
169 187 17
169 231 9
169 192 32
169 181 70
169 289 26
169 211 69
169 333 38
169 236 37
169 281 57
169 336 25
169 207 45
169 239 79
170 292 2
170 240 26
170 270 44
170 268 15
170 231 58
170 307 29
170 226 53
170 263 64
170 296 87
170 338 77
170 232 2
170 348 7
170 228 79
170 275 85
171 312 56
171 236 4
171 179 27
171 338 76
172 205 18
172 203 7
172 343 12
172 211 64
172 179 29
172 272 90
172 236 83
172 270 51
172 284 86
172 340 66
172 263 31
173 229 94
174 222 65
174 344 75
174 317 69
174 342 40
174 302 14
174 345 27
174 290 93
174 216 76
174 247 29
174 250 50
174 316 34
174 190 92
174 239 65
174 292 39
175 281 8
175 223 25
175 335 91
175 226 41
175 293 13
175 307 34
175 267 11
175 253 81
175 237 8
176 249 39
176 313 67
176 335 37
176 253 96
176 231 54
176 297 32
176 245 8
176 232 42
176 351 86
176 251 33
177 350 93
177 191 12
177 346 26
177 313 38
177 272 40
178 345 71
178 211 30
178 301 11
178 334 50
178 182 48
178 295 68
178 285 72
