813 3130
1 795 13
1 448 96
1 436 12
1 483 90
1 532 76
1 660 64
1 590 94
1 438 94
1 662 49
1 735 62
1 684 55
2 801 70
2 663 52
2 664 92
2 790 49
2 407 58
2 506 67
2 700 4
2 598 53
2 423 14
3 701 82
3 564 25
3 614 22
3 788 61
3 568 27
3 651 70
4 552 41
4 684 36
4 630 90
4 486 46
4 580 45
4 768 89
4 557 24
5 628 58
5 413 55
5 596 82
5 647 24
5 714 45
5 687 64
5 790 67
5 592 34
5 734 34
5 458 26
5 606 55
5 653 95
5 749 39
5 500 12
6 735 54
6 538 60
6 680 7
6 638 11
7 686 66
7 682 32
7 558 71
7 498 92
7 752 87
7 657 74
8 457 51
8 461 64
8 563 7
8 628 24
8 709 58
9 411 5
9 592 3
9 500 18
9 511 66
10 522 46
10 690 94
10 724 37
10 785 66
10 694 35
10 736 22
10 776 39
10 812 86
10 659 79
10 458 49
10 594 99
10 708 67
10 762 65
10 714 87
11 810 58
11 505 87
11 760 76
11 669 83
11 504 36
12 464 78
12 577 57
12 740 53
12 538 65
12 578 68
12 644 9
12 711 72
12 546 81
12 744 58
12 721 44
12 810 76
12 630 29
13 564 23
13 762 37
13 650 29
13 715 92
13 802 18
13 635 17
13 536 93
14 811 71
14 465 88
14 677 28
14 567 45
14 615 92
14 727 44
14 579 87
14 517 7
14 719 85
14 646 76
14 645 49
14 414 37
14 463 81
15 519 21
15 797 67
15 654 40
16 499 9
16 471 93
16 672 29
16 729 69
16 550 58
17 484 63
17 582 41
17 557 81
17 588 43
17 566 4
17 604 20
17 772 77
17 440 31
18 768 36
18 467 94
18 519 41
18 469 70
18 785 82
18 777 13
18 730 47
18 538 51
18 436 12
18 432 60
18 482 22
18 572 80
18 623 2
18 531 86
19 649 5
19 666 9
19 468 8
19 686 94
20 471 9
20 489 56
20 728 97
20 486 21
21 577 99
21 805 88
22 522 48
22 687 36
22 611 9
22 446 48
22 508 46
22 811 3
22 407 88
22 734 24
22 682 11
22 559 76
22 582 49
22 747 82
22 642 8
22 704 66
23 432 98
23 675 9
23 457 20
24 753 88
24 713 96
25 493 33
25 711 8
25 717 88
25 686 56
25 792 76
25 604 37
26 702 72
26 744 36
26 560 9
26 547 12
26 485 22
26 724 33
26 609 16
26 775 95
26 583 53
26 429 22
26 508 47
26 649 5
26 745 99
26 599 5
26 533 10
27 537 71
27 660 98
27 598 70
27 461 26
27 627 37
27 796 23
27 526 2
27 459 41
27 458 95
27 792 99
27 600 36
27 713 9
27 543 24
28 425 66
28 617 81
28 751 59
28 793 79
28 629 32
28 428 11
28 607 74
28 564 67
29 471 80
29 498 13
29 435 88
29 763 43
29 510 34
29 781 86
29 758 55
29 774 44
29 750 52
29 586 5
29 432 21
30 757 84
30 743 87
30 482 61
30 762 9
30 440 19
30 494 31
30 434 40
30 745 15
31 468 71
32 606 94
32 489 13
33 808 12
33 619 86
34 753 25
34 744 91
34 503 29
34 619 72
34 794 63
34 803 67
34 536 72
34 767 88
34 577 30
34 762 42
34 490 91
34 441 85
35 777 81
35 771 82
35 610 4
35 639 36
35 673 46
35 414 96
35 718 44
35 681 95
35 802 15
36 536 24
36 455 37
36 671 6
36 409 72
36 458 40
37 680 49
37 478 91
37 787 96
37 545 4
37 463 72
37 811 67
37 655 2
37 743 3
37 795 19
38 753 42
38 759 57
38 808 83
38 677 81
38 546 85
38 757 32
38 711 32
38 589 55
38 505 45
38 489 69
38 809 24
38 664 38
38 579 48
38 800 37
39 443 78
39 764 25
39 631 98
39 780 69
39 570 16
39 530 71
39 800 1
39 484 55
39 531 24
39 710 1
39 690 23
39 517 18
40 583 80
40 779 92
40 522 27
40 681 69
40 657 25
40 710 84
40 475 78
40 772 64
40 686 61
40 532 78
40 786 62
40 592 15
41 488 59
41 718 64
41 782 82
41 647 69
41 422 91
41 713 36
42 645 48
42 427 3
42 454 1
42 431 55
42 776 19
42 632 78
42 653 74
42 766 97
42 681 85
42 684 31
42 780 18
42 670 87
42 647 34
42 408 83
42 412 59
43 781 67
43 535 51
43 414 40
43 683 29
43 731 76
44 570 45
44 638 40
44 658 59
44 594 84
44 419 75
44 449 99
44 489 62
44 516 83
44 697 11
44 694 52
44 791 89
44 530 31
44 471 63
45 732 87
45 498 52
45 718 21
45 432 18
45 464 26
45 522 73
46 409 48
46 566 94
46 523 27
46 758 98
47 482 48
47 586 46
47 407 74
47 519 45
47 415 79
47 437 56
48 703 91
48 670 13
48 629 42
49 589 41
49 619 16
49 611 90
49 684 9
49 572 43
49 800 17
49 492 79
50 524 19
50 751 16
50 663 91
50 620 87
50 690 33
50 631 42
50 796 87
50 625 24
50 616 46
50 664 31
50 568 38
51 542 50
51 650 26
51 677 67
52 716 80
52 515 81
52 585 19
52 686 41
52 760 12
52 461 38
52 581 2
52 706 55
52 510 83
52 725 27
52 536 19
52 626 39
52 667 47
52 652 90
53 422 48
53 480 97
53 643 44
53 641 78
53 618 1
53 633 46
53 779 54
53 531 32
53 701 4
53 433 40
53 625 65
53 673 7
53 446 59
54 556 50
54 451 98
54 752 48
54 756 19
55 782 42
55 463 87
55 622 75
55 620 60
55 746 35
55 470 72
55 577 67
55 771 31
55 517 78
56 501 78
56 576 64
56 772 33
56 777 65
56 738 68
56 552 93
56 812 94
56 712 96
56 416 76
56 465 49
56 554 87
56 750 60
56 797 49
56 697 79
57 542 13
57 601 49
57 541 78
57 603 78
57 768 76
57 681 6
57 597 79
57 684 51
57 429 56
58 614 35
58 674 9
58 711 77
58 577 52
58 448 71
58 675 30
58 669 13
58 567 25
58 607 76
58 671 47
58 666 22
59 521 67
59 771 90
59 557 98
59 552 39
59 743 71
59 698 71
59 497 12
59 438 62
59 479 74
59 738 50
59 774 61
59 610 58
60 442 92
60 574 8
60 562 63
60 504 12
60 718 57
60 705 93
60 749 91
60 500 26
60 462 98
60 752 28
60 545 8
61 652 98
62 692 57
63 637 91
63 497 42
63 802 24
64 705 67
64 426 63
64 646 24
64 617 11
64 535 13
64 667 27
64 800 13
64 746 22
64 652 50
64 610 40
64 689 8
65 507 5
65 708 94
65 412 18
65 514 76
65 469 7
65 702 74
65 779 50
65 730 84
65 616 44
65 466 9
65 425 19
66 551 56
67 680 31
67 618 85
67 765 22
67 655 23
68 785 40
68 734 82
68 791 1
68 422 82
68 742 80
68 758 30
68 783 88
68 457 94
68 719 12
69 662 26
70 469 50
70 644 45
70 714 66
70 758 95
70 418 41
70 591 61
70 787 18
70 575 86
70 608 86
70 430 31
71 496 81
71 774 51
71 627 1
71 605 25
71 797 7
71 576 7
71 526 98
71 534 15
71 701 48
71 768 7
71 448 92
71 743 26
71 586 91
71 730 4
72 579 72
72 569 39
72 500 50
72 651 58
72 466 27
72 727 75
72 768 7
72 615 23
72 770 65
72 588 81
72 650 24
72 553 5
72 669 19
72 433 48
72 791 67
73 445 57
73 762 39
73 775 45
74 462 98
74 521 90
74 560 42
74 799 88
74 695 82
74 600 76
74 689 75
74 774 73
74 710 31
74 427 73
74 715 47
75 435 5
75 428 33
75 419 25
75 624 54
75 481 62
76 777 23
76 452 2
76 542 12
76 565 60
76 671 59
76 423 12
76 554 25
76 430 58
76 670 86
76 508 20
76 723 1
76 687 3
76 409 88
76 795 50
77 434 47
77 748 91
77 465 68
77 415 48
77 514 27
77 770 2
77 679 62
77 444 83
77 807 57
78 749 74
78 687 82
78 522 53
78 525 44
78 648 33
78 421 76
78 573 61
78 413 49
78 488 99
78 798 51
78 730 57
78 567 25
79 663 65
79 543 46
79 652 79
79 671 85
79 744 86
79 588 65
79 458 83
79 429 3
79 424 62
79 733 75
79 725 73
79 407 85
80 767 81
80 616 26
80 781 55
80 407 37
81 415 85
81 548 97
81 660 52
81 736 99
82 439 40
82 719 44
82 428 38
82 493 77
82 556 7
82 681 68
83 811 92
83 708 82
83 681 25
83 444 71
83 615 1
83 685 51
83 676 32
83 506 25
83 749 81
83 669 45
83 755 88
83 696 62
83 731 40
84 610 36
84 524 78
84 562 81
84 467 95
84 771 98
84 446 10
84 488 68
84 700 62
84 722 8
84 425 21
84 457 24
84 741 64
84 808 3
84 620 98
85 722 57
85 502 85
85 715 22
85 561 8
85 503 3
85 736 79
85 423 19
85 540 73
85 455 2
85 559 77
85 744 91
85 512 74
85 569 22
86 607 54
86 777 57
86 412 44
86 595 10
86 642 48
86 602 23
87 432 57
87 598 17
87 642 22
87 653 58
87 518 49
87 800 39
87 662 68
87 688 38
87 691 6
87 462 85
88 434 61
88 574 2
88 446 8
88 541 98
88 634 53
88 438 75
89 797 39
89 513 60
89 722 37
89 434 86
89 747 83
89 587 22
89 537 63
90 632 76
90 494 4
90 736 4
90 619 24
90 792 87
90 571 15
90 448 6
91 524 63
91 732 11
91 664 76
92 437 41
92 691 45
92 469 82
92 684 35
92 459 27
92 456 72
92 568 69
92 541 35
92 798 41
93 642 13
93 591 88
93 564 41
93 454 76
93 618 84
93 573 76
94 571 69
94 708 79
94 473 18
94 794 83
94 637 72
95 713 61
95 766 39
96 483 35
96 796 54
96 799 45
97 736 55
97 623 46
97 784 16
97 626 80
98 512 24
98 451 99
98 445 22
98 789 50
98 698 25
98 425 66
99 585 53
99 471 70
99 665 40
99 551 12
99 461 88
99 744 68
99 766 52
99 688 43
99 767 9
99 430 74
99 597 36
99 645 27
99 614 19
99 661 48
100 731 19
100 793 36
100 786 88
100 585 79
100 555 38
100 699 16
101 426 3
101 620 11
101 752 29
101 705 89
101 512 72
101 529 27
101 485 53
101 595 54
101 417 18
102 797 13
102 458 66
103 455 90
103 621 52
103 425 19
103 553 23
103 436 98
103 517 39
103 552 7
103 783 95
103 599 5
103 593 9
103 794 96
103 762 27
103 665 79
103 695 10
104 809 29
104 725 27
104 653 67
104 661 61
104 699 88
105 645 12
105 744 42
105 522 12
105 446 10
105 661 63
105 566 43
105 688 42
105 578 50
105 420 40
106 661 62
106 563 15
106 696 97
106 521 25
106 516 95
106 775 8
107 556 46
107 445 74
107 554 1
107 675 25
107 641 21
107 434 96
107 771 81
107 756 84
107 661 34
108 771 7
108 600 6
108 505 84
108 614 49
108 543 80
108 572 43
108 545 99
108 623 86
108 691 93
109 514 29
109 589 1
109 765 24
109 678 78
109 612 42
109 585 55
109 450 80
109 540 56
109 606 88
109 782 66
109 581 34
109 417 89
110 492 11
110 504 71
111 552 31
111 780 71
111 411 64
111 717 54
111 565 27
111 503 42
111 813 41
111 732 91
112 791 31
112 728 58
112 749 78
112 525 4
112 804 58
112 558 59
112 711 92
112 639 70
112 465 96
112 533 62
112 781 29
112 494 5
113 469 95
113 462 94
113 798 83
113 638 67
113 557 33
113 692 45
113 473 45
113 761 64
113 566 9
113 420 16
113 517 50
114 427 45
114 578 95
114 619 34
114 788 53
114 557 77
114 417 16
114 589 89
114 439 73
114 762 44
114 634 52
114 671 38
114 514 70
114 421 66
115 631 1
115 683 39
115 592 97
115 789 21
115 772 63
115 537 19
115 535 70
115 676 72
116 762 60
116 732 6
116 741 75
116 759 36
116 528 87
116 665 96
116 783 22
116 632 81
116 714 96
116 639 77
116 605 83
116 784 15
117 499 9
117 665 33
117 721 8
117 522 24
117 598 6
117 461 15
117 741 54
117 648 8
117 605 88
117 690 84
117 624 53
117 755 58
117 468 25
117 603 18
117 576 67
118 462 93
118 793 48
118 605 25
118 564 1
118 675 89
118 670 46
119 472 78
119 467 85
119 588 89
119 793 59
119 409 18
119 770 90
119 688 20
119 629 67
119 644 92
120 591 48
120 740 75
120 474 55
120 657 55
120 752 58
120 481 67
120 748 32
120 476 74
120 563 16
120 448 48
121 410 64
121 467 62
121 468 83
121 614 75
121 448 53
122 660 18
122 407 12
122 626 70
122 525 29
122 642 29
122 610 34
122 498 72
122 457 76
122 537 93
122 686 69
123 645 30
123 648 48
123 409 18
123 808 65
123 517 87
123 629 25
123 419 35
123 649 40
123 523 95
123 619 37
123 447 78
123 530 3
123 630 69
123 605 60
124 420 99
124 513 61
124 468 73
124 407 9
125 586 52
125 775 26
125 518 83
125 435 94
125 629 10
126 533 37
127 537 41
127 790 7
127 606 21
127 622 90
127 608 39
127 799 59
127 644 75
127 729 98
127 446 62
127 529 86
127 706 28
127 651 20
127 456 14
127 778 10
128 446 28
128 619 23
128 690 29
128 810 23
128 733 88
128 535 38
128 596 75
128 798 15
128 803 43
128 537 10
128 567 29
128 583 67
128 684 60
129 787 63
129 585 25
129 499 67
129 503 86
129 470 35
130 547 38
130 419 81
130 639 24
130 735 81
130 644 5
131 599 44
131 787 2
131 797 37
131 575 62
131 570 80
131 476 41
131 621 82
131 443 33
131 478 80
131 629 47
131 752 64
131 428 80
131 614 29
131 634 96
132 805 61
132 617 7
132 491 72
132 448 61
132 623 27
132 773 64
132 598 11
132 472 61
132 758 71
132 614 98
132 555 12
132 799 73
132 667 94
133 434 99
133 794 92
133 769 82
133 573 33
133 771 86
133 750 47
133 623 19
133 407 85
134 781 21
134 497 51
134 776 76
134 647 94
134 465 73
134 564 60
134 646 77
134 478 49
134 702 21
135 578 96
135 555 82
135 616 95
135 554 71
135 694 26
135 428 29
135 408 65
135 407 20
135 721 97
136 775 17
136 421 94
137 768 83
137 659 30
137 451 39
137 649 50
138 668 7
138 656 47
138 697 83
138 538 40
138 805 98
138 796 14
138 524 78
138 764 34
138 660 11
138 532 12
138 540 40
138 721 55
138 518 96
138 542 67
138 666 53
139 495 5
139 449 34
139 632 13
139 646 51
139 482 3
139 552 29
140 750 78
140 715 23
140 775 74
140 673 64
140 766 17
140 413 14
140 415 88
140 802 31
140 421 24
140 729 2
140 663 91
140 623 13
140 453 26
141 564 88
141 633 27
142 744 76
142 581 37
143 680 51
143 813 7
143 742 18
143 639 49
143 569 84
143 748 59
143 679 85
143 616 73
143 632 69
143 410 53
143 721 44
144 699 13
144 761 60
144 636 71
144 436 79
144 529 37
145 757 21
145 652 29
145 544 25
145 526 9
145 806 76
145 668 81
145 732 1
146 603 89
146 456 3
146 699 86
146 812 10
146 616 49
146 551 43
146 784 70
146 487 78
147 715 27
147 440 28
147 441 97
148 478 61
148 549 44
148 593 84
148 602 79
148 725 93
148 755 63
148 507 89
148 567 90
149 624 47
150 511 60
150 678 45
150 800 18
150 742 64
150 552 31
151 413 12
151 480 75
151 720 5
151 763 60
151 552 3
151 630 68
152 634 60
152 608 69
152 576 6
152 552 29
152 619 46
152 692 97
152 734 50
152 810 37
152 495 30
152 782 99
152 685 74
152 509 18
153 737 85
153 487 63
153 726 10
153 631 35
153 458 52
153 598 41
153 646 35
153 572 61
153 708 20
153 751 86
153 565 34
153 449 41
153 748 45
153 728 85
154 773 23
154 534 78
154 653 37
154 740 67
154 733 65
154 676 19
154 782 25
154 524 59
154 586 37
154 769 91
154 762 39
154 533 55
155 537 34
155 422 95
155 709 14
155 522 52
155 640 60
155 601 48
155 637 85
155 740 27
155 568 33
155 495 1
155 712 22
156 798 77
156 565 24
156 739 63
156 670 25
156 418 41
156 510 48
156 684 74
156 777 35
156 432 65
156 444 84
156 774 61
156 536 74
156 758 72
156 590 99
157 769 63
157 777 34
157 547 56
157 676 93
158 472 26
158 756 27
158 441 18
158 692 96
159 449 97
159 622 8
160 498 39
160 782 48
160 612 67
160 445 26
160 755 86
160 787 55
161 517 18
161 449 53
161 668 23
161 574 56
161 666 60
161 484 44
161 570 3
161 677 93
161 500 83
161 462 12
161 580 62
161 577 56
161 457 73
162 681 71
162 776 72
162 427 21
162 633 42
163 701 53
163 448 97
163 531 14
163 453 30
163 627 34
163 783 7
163 537 74
164 464 5
164 645 80
164 736 26
164 594 55
164 785 85
164 654 93
164 792 80
164 727 48
164 515 49
164 787 10
164 417 66
165 716 8
166 754 52
166 637 16
166 682 39
167 572 19
167 448 32
167 630 62
167 413 10
167 591 14
167 626 64
167 553 61
167 492 23
167 707 26
167 800 36
167 809 18
168 605 7
168 778 15
169 697 29
169 620 73
169 668 25
169 540 84
169 799 46
169 606 49
169 616 52
169 534 80
169 768 18
169 454 47
169 622 8
169 582 90
170 590 31
170 630 14
170 758 8
170 504 63
170 535 6
170 496 64
170 462 69
170 457 26
170 460 14
170 517 78
170 447 81
170 699 67
170 760 24
170 806 92
171 474 10
171 589 43
171 452 57
171 486 1
171 425 20
171 680 68
171 493 87
171 504 66
171 696 20
171 770 75
171 728 85
172 558 82
172 544 62
172 410 4
172 785 63
172 507 59
172 745 1
172 616 85
172 586 55
172 502 20
172 508 83
173 671 51
173 642 54
173 569 59
173 615 21
173 429 71
173 759 49
173 720 80
173 669 1
173 542 50
174 600 91
174 679 58
175 503 60
175 781 54
175 504 39
175 532 10
175 468 23
175 424 18
176 581 27
176 600 40
176 713 3
176 730 65
176 513 94
176 476 32
176 599 78
177 596 24
178 785 3
178 488 65
178 616 63
178 628 54
178 597 78
178 517 96
179 481 13
179 751 4
179 579 10
179 507 59
179 592 88
179 640 98
179 772 80
179 679 49
179 647 19
179 689 8
179 540 65
180 519 69
180 460 84
180 441 27
180 490 22
180 477 9
180 496 64
180 449 53
180 670 37
180 698 83
181 689 59
181 528 15
181 654 18
181 760 19
181 704 56
181 628 22
181 597 80
181 774 96
181 688 68
181 590 83
181 799 17
181 626 47
182 531 72
182 658 95
183 803 45
183 773 57
183 754 44
184 680 80
184 601 21
185 586 24
185 483 37
185 499 78
186 811 21
186 546 95
186 538 99
186 555 25
186 661 48
186 807 51
186 565 2
186 469 94
186 458 1
186 667 11
186 646 18
186 749 95
186 551 38
187 686 97
187 407 86
187 763 91
187 664 3
188 408 67
188 723 18
188 646 83
188 812 80
188 507 35
188 489 90
188 729 19
188 648 97
188 456 88
188 495 82
188 468 65
188 475 64
189 612 84
189 690 32
189 600 13
189 635 46
189 556 80
189 442 93
189 545 23
189 632 19
189 707 32
189 468 73
189 607 29
190 563 95
190 431 74
190 610 83
190 783 7
190 807 30
190 600 76
190 517 58
190 736 47
190 589 70
191 434 53
191 572 77
191 547 54
191 438 7
192 745 54
192 566 97
192 515 86
193 803 5
193 598 80
193 776 27
193 544 60
193 674 69
193 702 37
193 458 31
193 665 17
193 727 78
193 526 5
193 481 49
193 515 57
193 662 5
193 445 64
193 594 72
194 465 71
194 526 93
194 678 88
194 462 88
194 708 7
194 765 52
194 553 84
194 500 89
194 521 22
194 662 31
194 434 35
194 494 94
194 525 12
195 613 7
195 473 78
195 598 7
195 494 92
195 617 83
195 433 8
195 601 18
195 700 38
195 750 5
195 488 14
195 756 60
195 748 58
195 603 44
195 616 66
196 795 28
196 586 25
196 533 27
196 767 2
197 414 43
197 626 7
197 701 80
197 460 7
198 444 60
198 452 18
198 682 65
199 418 90
200 777 34
200 547 20
200 757 91
200 726 6
200 414 30
200 731 35
200 574 43
200 642 19
200 567 10
200 562 99
201 590 97
201 597 57
201 520 73
201 773 96
201 568 46
201 750 35
201 799 67
202 483 80
202 715 29
202 541 31
202 437 63
202 776 85
203 586 56
203 544 64
203 414 94
203 579 29
203 794 92
203 733 88
203 678 32
203 738 1
203 627 19
203 792 89
203 608 27
203 660 92
203 704 73
203 507 98
203 470 47
204 705 98
205 745 83
205 649 25
205 442 15
205 510 25
205 754 57
205 527 29
205 689 28
205 516 70
206 703 28
206 749 46
206 772 60
206 643 46
206 517 39
206 794 79
206 738 88
206 642 35
206 593 28
206 567 48
206 469 63
207 643 27
207 714 12
207 665 1
207 783 43
207 541 55
207 572 87
207 722 9
208 698 81
208 476 8
209 417 31
209 748 80
209 505 23
210 765 48
210 482 87
210 604 68
210 701 96
210 703 4
211 442 16
211 789 39
211 803 29
211 669 28
211 556 37
211 497 25
211 680 2
211 779 46
211 679 28
211 690 85
211 665 62
212 427 39
212 508 1
212 749 91
212 591 65
212 540 26
212 619 35
212 768 21
212 781 87
212 470 83
213 633 82
213 684 60
213 762 38
213 708 49
213 419 48
213 667 20
213 786 39
213 566 47
213 803 23
213 679 13
213 580 58
213 714 71
213 608 82
213 738 84
213 675 20
214 799 89
214 481 20
214 448 36
214 486 89
214 426 87
215 620 99
215 588 96
215 727 28
215 810 2
215 597 47
215 581 42
215 755 7
215 798 40
216 735 16
216 621 97
216 444 13
216 562 66
216 526 81
216 720 14
216 661 22
216 485 56
216 419 2
216 807 79
216 519 80
216 701 18
216 799 85
217 526 54
217 714 23
217 418 15
218 426 27
218 634 90
218 694 57
218 739 17
218 797 72
218 792 76
218 440 6
218 471 99
218 580 31
218 794 99
218 422 83
218 476 85
219 624 33
219 411 36
219 746 3
219 658 6
219 500 13
219 570 99
219 582 32
219 556 26
220 544 99
220 809 91
220 436 90
220 493 69
220 721 63
220 711 63
220 634 88
220 526 41
221 502 55
221 586 72
221 665 2
221 736 46
221 571 74
221 459 13
221 810 74
221 637 56
222 529 85
222 461 90
222 547 67
223 470 39
223 757 92
223 601 13
223 708 36
223 697 81
223 459 30
223 625 36
223 433 24
223 551 65
223 649 77
223 580 74
224 497 5
224 698 85
224 710 22
224 478 97
224 542 16
224 651 35
224 460 1
224 593 88
225 704 53
225 760 9
225 702 88
225 653 65
225 694 44
225 661 58
225 676 97
225 511 38
225 460 12
225 501 20
225 474 61
225 677 46
225 745 21
226 706 22
226 419 32
226 421 93
226 581 34
227 581 86
227 765 56
227 750 10
227 491 39
227 518 28
227 481 40
227 574 23
227 506 63
227 740 80
227 801 68
227 800 16
227 624 24
228 493 77
228 550 96
228 459 39
228 654 56
229 450 97
230 777 37
230 571 59
230 446 50
230 596 28
230 485 69
230 557 77
230 633 83
231 624 91
231 411 24
231 465 4
231 528 5
231 476 32
231 559 54
231 418 82
231 782 54
231 767 29
231 675 63
231 590 29
231 579 79
231 526 91
231 562 49
232 524 26
232 474 68
232 691 66
232 794 2
232 591 64
232 602 90
232 440 82
232 458 15
232 413 34
232 784 24
232 409 22
232 752 90
232 417 24
233 561 84
233 413 73
233 774 43
233 661 6
233 621 18
233 695 78
233 736 26
233 742 47
233 678 4
233 555 37
233 748 19
233 481 32
234 506 27
234 792 85
234 636 62
234 684 95
234 459 14
234 621 68
234 635 60
235 528 65
235 608 48
235 577 12
235 449 90
235 571 84
235 591 26
235 767 6
235 459 87
235 558 2
235 474 77
235 621 89
235 408 80
235 464 82
236 669 41
236 630 30
236 731 98
236 719 80
236 680 85
236 420 58
236 595 11
236 609 1
237 453 65
237 516 2
237 427 22
237 747 32
237 479 47
237 590 69
238 763 37
238 537 6
238 596 20
238 802 19
239 618 21
239 604 55
240 457 62
240 511 25
240 783 75
240 689 73
240 527 83
240 487 58
240 534 80
240 480 13
241 708 91
241 529 25
241 413 70
241 767 14
241 554 57
242 622 37
242 547 90
242 733 96
242 473 86
242 530 82
242 747 11
242 550 56
242 658 57
242 694 59
242 683 99
242 458 47
242 525 90
242 490 58
243 475 38
243 579 57
243 458 68
243 432 81
243 519 82
243 669 59
243 576 69
243 451 25
243 720 20
244 462 17
244 732 55
244 442 26
244 717 97
245 763 28
245 584 77
246 615 97
246 596 9
246 788 40
246 662 32
246 521 8
246 552 75
247 686 11
247 720 78
247 667 40
248 413 19
248 476 38
248 776 9
248 450 64
249 456 97
249 535 3
249 478 25
249 794 29
249 655 82
249 699 25
249 585 21
249 577 24
249 641 44
249 650 11
250 611 43
251 647 11
251 618 44
251 744 32
251 506 17
251 718 74
251 723 42
251 708 61
251 651 84
251 627 83
251 465 78
251 720 59
251 766 50
252 762 60
252 723 15
252 769 82
252 713 83
252 419 27
252 499 78
252 689 29
252 586 62
252 667 44
253 692 51
253 603 6
253 712 28
253 729 18
253 418 91
253 617 27
253 427 43
253 684 72
253 541 7
253 682 54
253 788 53
253 479 98
254 565 97
254 720 22
255 459 63
255 556 44
255 424 94
255 642 5
255 477 98
255 572 57
255 435 53
256 751 26
257 622 86
257 741 38
257 637 52
257 732 65
257 736 14
257 531 99
257 793 42
257 708 93
257 459 46
257 716 16
258 807 48
259 441 98
259 606 60
259 595 39
259 585 5
259 490 98
259 671 83
259 689 16
259 674 19
259 610 13
259 806 76
259 662 24
260 539 7
260 569 51
261 653 62
262 574 93
262 703 20
262 792 40
262 556 32
262 809 73
263 453 30
263 622 6
263 760 91
263 663 26
264 561 20
264 513 89
264 411 65
264 565 26
265 673 13
265 797 43
265 442 31
266 800 14
266 759 9
266 558 38
266 468 51
266 408 98
266 418 61
266 748 24
266 789 39
266 692 95
266 603 22
266 776 83
267 461 39
267 745 40
267 549 49
267 523 62
267 422 32
267 548 1
267 445 4
267 514 21
267 776 80
267 543 3
267 414 61
267 596 72
267 520 86
268 802 43
268 503 7
268 794 34
268 680 20
269 802 15
269 771 34
269 540 57
269 629 4
269 552 75
269 731 82
269 554 63
270 565 16
270 477 69
270 744 1
270 563 64
270 701 32
270 545 95
270 506 1
270 581 37
270 675 52
270 449 47
270 450 66
270 532 52
270 758 76
270 742 57
270 554 57
271 622 64
272 685 23
272 701 91
272 728 63
272 759 29
272 692 52
272 711 37
273 598 51
273 779 9
273 504 92
273 612 28
273 733 5
273 784 25
273 807 62
273 462 64
273 763 80
273 478 63
273 439 58
273 794 86
274 458 46
274 421 63
274 736 1
274 534 40
274 461 89
275 555 85
275 640 2
275 467 25
275 623 20
275 517 39
275 413 76
275 408 55
275 453 58
275 667 62
275 476 57
275 619 69
275 598 34
275 439 12
276 510 13
276 579 54
276 409 11
276 783 78
276 756 18
276 479 92
276 760 71
276 539 5
276 703 91
277 483 76
277 805 74
277 642 87
277 430 67
277 633 3
277 686 93
277 632 89
277 638 12
277 774 94
277 589 64
277 771 83
277 719 3
277 694 78
277 502 27
278 782 27
278 457 17
278 546 13
278 799 33
278 550 37
278 693 69
278 813 42
278 560 67
278 424 93
278 418 30
278 767 68
279 796 51
279 804 5
279 422 75
279 751 68
279 487 46
279 547 9
279 526 68
280 792 84
280 634 93
280 795 26
280 485 51
280 800 33
280 774 72
280 479 73
281 552 62
281 673 68
282 688 51
282 436 63
282 510 6
282 709 51
282 807 10
283 650 34
283 604 27
283 805 84
283 488 62
283 413 6
283 753 59
283 674 35
283 444 35
283 447 49
283 656 10
283 783 81
283 573 57
284 639 99
285 789 52
285 548 88
285 803 15
285 637 43
285 565 48
285 721 55
286 733 16
286 740 18
286 509 84
286 685 1
286 427 76
286 703 83
287 562 40
287 692 59
287 501 75
288 441 1
289 756 90
289 534 4
289 503 87
289 786 79
289 694 59
289 527 18
289 447 77
289 759 91
289 524 6
290 698 41
290 532 49
290 440 33
290 788 49
291 702 44
291 520 17
291 479 70
291 648 75
291 809 73
291 493 22
291 685 73
291 471 54
291 793 8
291 542 15
291 733 50
291 785 35
292 699 91
292 778 50
292 688 26
292 550 9
292 799 78
292 802 65
292 611 99
292 662 60
292 451 35
292 424 59
292 756 6
292 444 93
292 680 77
292 617 40
293 638 34
293 624 12
293 559 23
293 800 38
293 728 8
293 587 7
293 674 83
293 578 68
294 594 40
295 564 84
295 478 7
296 524 8
296 650 67
296 775 38
297 489 3
297 467 46
297 560 82
297 634 88
297 555 38
297 547 44
298 584 68
298 457 68
299 503 52
299 536 83
299 610 27
299 689 75
299 476 49
299 647 73
299 575 15
299 796 85
299 746 11
300 591 76
300 431 98
300 606 33
301 769 87
301 761 62
301 644 32
301 540 70
301 598 8
301 741 43
301 587 52
301 794 23
301 703 10
302 462 42
302 410 2
302 476 70
302 419 97
302 755 62
302 551 58
303 424 88
303 482 76
303 706 17
303 797 55
303 723 33
304 409 72
304 637 66
304 762 60
304 667 40
304 436 11
304 499 32
304 712 57
304 443 10
304 768 54
304 782 55
304 599 74
305 621 30
305 451 10
305 672 35
305 730 51
305 729 41
305 556 15
305 721 13
305 751 81
306 421 94
306 643 92
306 506 46
306 784 58
306 804 10
307 461 81
307 414 56
307 530 78
307 773 87
307 785 16
307 445 27
307 769 9
307 537 93
307 775 22
307 793 65
307 733 61
307 765 21
308 700 3
308 520 91
308 508 59
308 441 75
308 691 86
308 633 42
308 541 68
308 507 54
309 508 68
309 567 72
309 557 61
309 483 63
309 785 11
309 556 17
309 802 73
309 807 63
309 662 36
309 696 61
309 445 41
310 657 27
310 435 8
310 644 50
310 415 59
310 627 54
310 561 54
310 665 70
311 710 94
311 750 28
311 809 46
311 604 80
311 517 9
311 458 45
311 425 73
311 727 30
311 609 39
311 629 24
311 558 54
311 670 7
312 596 9
312 720 50
312 777 77
312 623 5
312 709 42
312 473 9
312 620 95
312 549 15
312 782 76
313 443 98
313 726 53
313 430 45
313 449 58
313 492 60
314 433 24
314 470 35
314 478 13
314 690 52
314 594 33
314 781 5
314 571 21
314 572 17
314 766 48
314 779 41
315 538 8
315 481 87
315 605 64
315 440 16
315 545 89
315 589 81
315 775 78
315 468 50
315 529 10
315 680 29
315 606 52
315 731 91
315 494 50
316 584 4
316 742 8
317 772 50
317 692 59
317 493 39
317 416 93
317 747 96
317 456 74
317 582 1
317 565 23
318 794 48
318 438 21
318 628 39
319 612 17
319 670 86
319 744 90
319 553 49
319 488 85
319 474 92
320 503 3
320 712 36
320 543 96
320 468 55
320 794 45
320 777 80
320 810 26
321 553 95
321 797 20
321 644 3
321 416 36
321 446 29
321 764 9
321 613 33
321 481 84
321 692 10
322 605 45
322 432 83
322 429 46
322 688 82
322 465 24
322 609 51
322 744 67
322 653 8
322 786 65
322 475 16
322 750 94
322 800 50
323 777 64
323 516 92
323 564 60
323 523 61
323 466 44
323 556 60
323 432 88
323 435 15
323 783 7
323 459 52
323 756 5
323 419 78
323 502 14
324 428 97
324 588 76
324 605 71
324 812 65
324 596 93
324 459 40
325 697 88
325 449 54
325 562 8
325 629 41
325 654 8
325 747 3
325 538 4
325 547 69
325 804 51
326 704 68
326 566 89
326 450 89
326 680 30
326 714 85
326 696 75
326 647 32
326 554 27
326 739 43
326 667 74
326 635 85
326 787 48
327 676 45
327 776 70
327 460 3
328 472 92
328 588 78
328 477 67
328 561 69
328 748 26
328 518 74
328 487 96
328 474 42
328 408 71
328 708 76
328 626 7
328 622 96
329 701 57
329 793 52
329 530 52
329 459 58
329 666 41
329 689 91
329 527 37
329 706 46
329 771 18
329 665 63
329 670 75
330 760 93
330 469 38
330 475 66
330 482 50
330 767 28
330 692 91
330 694 9
330 628 92
331 623 44
331 672 83
331 549 5
332 745 48
332 600 29
332 646 35
332 694 35
332 753 43
332 741 76
332 524 72
332 773 47
332 808 19
333 663 54
333 434 78
333 416 79
333 723 74
333 584 75
333 602 91
333 580 16
333 630 45
333 625 56
333 704 8
334 572 25
334 424 84
334 812 30
334 739 4
334 755 74
334 748 31
335 486 59
335 626 25
335 577 68
335 672 51
335 723 63
335 441 83
335 528 63
335 495 13
335 695 52
335 418 4
335 425 24
335 737 23
335 553 6
336 766 49
336 627 61
336 626 73
336 455 71
336 757 44
336 782 22
336 517 16
336 432 59
336 716 91
337 453 74
337 659 37
337 489 75
337 580 64
337 583 36
337 648 37
337 768 59
337 812 20
337 807 19
337 596 26
337 693 61
337 589 4
337 485 83
337 804 52
337 524 4
338 601 95
338 496 55
338 721 70
338 568 15
338 612 67
338 702 22
338 557 72
338 716 68
338 619 92
338 611 39
338 593 8
338 690 47
338 811 51
338 779 14
338 631 85
339 723 81
339 584 59
340 471 71
340 766 68
340 762 51
340 726 32
340 453 76
340 463 99
340 426 48
340 744 27
340 770 53
341 583 33
341 548 84
341 635 97
341 745 62
341 783 2
341 587 65
341 428 9
341 524 69
341 554 75
341 601 89
341 565 51
341 508 1
341 586 92
341 774 69
342 461 2
342 484 69
342 407 82
342 434 25
342 779 29
342 639 90
342 680 8
342 715 7
342 584 33
342 460 44
342 428 3
342 653 32
342 583 16
342 674 1
343 592 72
343 771 20
343 600 56
343 763 23
344 470 88
344 772 14
345 435 89
345 598 87
345 609 70
345 750 31
345 576 37
345 796 43
345 468 38
345 776 81
345 587 38
345 802 96
345 754 30
345 806 59
345 792 79
346 716 98
347 535 49
347 717 62
347 646 93
347 457 74
347 692 20
347 761 37
347 748 45
347 658 26
347 664 52
347 449 53
347 416 59
347 607 70
347 721 49
347 637 9
347 737 97
348 503 55
348 539 33
348 786 29
348 649 12
348 576 78
348 702 80
348 511 14
348 733 98
348 523 52
348 497 88
348 655 85
348 664 52
349 682 27
349 532 68
349 573 37
349 461 15
349 609 44
349 634 52
349 540 18
349 637 51
349 721 11
350 487 27
350 663 82
350 765 4
351 533 51
351 787 69
351 675 64
351 461 36
352 471 18
352 439 71
352 710 67
352 660 93
352 452 29
352 474 84
352 635 82
352 646 63
352 613 2
352 726 47
352 748 2
352 601 19
352 513 36
352 491 63
353 795 41
354 656 85
354 552 34
354 519 84
354 409 19
354 603 57
354 491 16
354 595 39
354 472 16
354 706 18
354 799 32
354 625 57
354 616 86
355 760 29
355 662 51
355 442 26
355 705 60
355 599 10
355 610 16
355 785 78
355 686 81
355 527 80
355 801 22
355 788 92
355 741 24
355 725 42
355 786 86
356 788 73
356 579 14
356 750 97
356 511 51
356 616 99
356 537 16
356 529 47
356 756 85
356 761 96
356 681 70
357 595 67
357 560 50
357 488 7
357 416 21
357 437 79
358 780 56
358 493 50
358 566 61
358 621 71
358 705 97
358 625 54
358 417 13
358 451 75
358 535 86
359 544 92
359 421 3
359 676 57
359 580 82
359 622 60
359 599 64
360 627 41
360 689 61
360 511 76
360 582 71
360 629 42
360 539 26
360 499 19
360 758 66
360 732 33
360 662 42
360 670 40
360 497 43
361 720 55
361 779 56
361 771 93
361 513 59
361 759 10
361 700 57
361 527 3
361 574 25
361 688 72
361 531 31
361 500 52
361 571 45
361 409 32
361 777 61
362 746 38
362 412 11
362 588 58
362 713 97
362 809 58
362 642 64
362 675 26
362 541 32
363 459 29
363 557 7
363 767 74
363 473 35
363 677 78
363 787 53
363 777 38
363 561 83
363 567 29
363 659 30
363 579 57
363 464 12
364 634 57
364 736 20
364 479 93
364 564 34
364 752 92
364 565 99
364 417 80
365 627 36
366 694 92
366 418 10
366 726 9
366 481 31
366 770 40
366 502 81
366 545 87
367 644 8
367 438 8
368 608 36
368 746 83
369 711 75
369 715 17
370 753 23
370 618 27
370 655 87
370 525 84
370 447 74
370 689 79
371 767 49
371 791 87
371 737 88
371 485 3
371 736 22
371 790 87
371 729 20
371 449 4
371 743 18
371 598 17
372 665 25
372 467 5
372 702 59
372 604 84
372 672 90
372 429 40
372 614 19
373 432 97
373 517 43
373 433 95
373 803 97
373 425 66
373 667 30
373 444 75
373 810 93
373 477 47
373 613 81
373 785 94
373 457 35
373 653 92
374 477 7
374 527 49
374 793 19
374 578 21
374 467 31
375 668 49
375 523 4
375 417 8
375 678 87
375 555 44
376 452 20
376 654 77
376 679 69
376 556 90
376 760 83
376 632 31
376 725 25
376 513 91
376 663 27
376 545 82
376 741 9
377 718 89
377 631 41
377 699 78
377 793 81
377 658 83
377 650 57
377 772 14
377 547 9
377 752 74
377 530 6
377 803 26
377 582 68
377 624 26
377 500 11
377 776 76
378 486 86
378 723 38
378 506 53
378 568 41
379 557 37
379 622 11
379 603 10
379 538 99
379 735 76
379 666 21
379 559 96
379 546 39
379 547 92
379 692 63
380 599 23
380 805 90
380 674 67
380 649 52
380 644 84
380 689 17
380 678 8
380 581 40
380 720 40
380 414 48
380 743 91
380 736 90
380 665 99
381 746 13
381 666 38
381 670 93
381 640 9
382 754 44
382 446 80
383 553 8
383 567 45
383 416 86
383 503 38
383 661 85
383 736 46
383 797 97
384 408 80
384 612 42
384 651 3
384 464 61
384 797 86
384 632 19
384 639 22
384 534 46
385 610 52
385 451 16
385 738 59
385 661 17
385 648 41
385 628 94
385 700 68
385 752 46
385 441 98
385 803 6
386 703 50
387 520 47
387 752 12
387 706 96
387 425 61
387 659 82
387 513 12
387 639 52
387 548 59
387 434 85
387 755 18
387 598 36
387 508 52
388 537 81
389 607 7
389 520 87
389 433 37
390 793 66
390 637 38
390 709 78
390 522 61
390 733 73
390 719 68
391 530 53
391 564 61
391 626 23
391 747 35
391 796 92
391 729 3
391 503 86
391 499 39
391 712 98
391 572 88
391 778 33
391 787 36
391 533 99
392 519 85
392 583 83
392 509 80
392 546 20
392 559 50
392 642 35
392 498 60
392 615 36
392 552 28
392 735 16
392 690 63
392 787 77
393 739 11
393 697 54
393 450 57
393 591 2
393 506 9
393 754 20
394 516 44
394 797 77
394 621 78
394 415 59
394 615 36
394 592 39
394 723 48
395 592 19
395 441 50
396 546 72
396 714 46
396 648 20
396 680 47
396 461 20
396 606 46
397 580 7
397 483 2
397 662 53
397 728 85
397 419 18
397 705 29
397 464 27
397 416 13
397 569 32
397 577 25
397 616 45
397 669 60
397 794 58
397 678 82
397 439 48
398 599 29
398 536 37
398 775 89
398 501 69
398 745 88
398 781 58
398 733 22
398 459 26
398 429 47
398 517 42
398 586 72
398 550 31
398 479 84
398 732 87
399 642 90
399 657 9
399 616 68
400 678 43
400 726 32
400 601 4
400 784 52
400 730 5
400 764 17
400 605 90
400 429 90
400 552 18
400 643 64
400 737 46
400 460 34
400 691 90
401 756 78
401 456 90
401 551 37
401 499 2
402 450 44
402 612 9
402 563 30
402 609 78
403 716 32
403 525 87
403 728 84
403 750 75
403 650 7
403 518 43
403 787 46
403 419 98
403 585 42
403 752 26
403 575 42
403 452 17
404 565 77
404 451 17
404 550 26
404 546 78
404 758 96
404 587 25
404 630 21
404 506 99
404 463 78
404 708 70
404 443 94
404 537 76
404 683 92
404 728 56
404 549 63
405 572 82
405 534 93
405 521 83
405 524 43
405 709 82
405 475 78
406 443 90
406 669 12
406 592 45
406 440 19
406 670 76
406 724 97
406 689 73
406 753 45
345 303 92
