859 3229
1 454 93
1 711 53
1 520 32
1 539 17
1 441 38
1 596 92
1 730 92
2 623 39
2 770 99
3 433 6
3 846 82
3 778 96
3 643 95
3 701 99
3 819 80
3 515 83
4 667 21
4 535 77
4 790 56
4 596 28
4 697 50
4 837 50
4 645 66
4 797 35
4 843 20
4 588 42
5 457 33
6 462 88
7 849 92
7 839 51
7 592 90
7 641 98
7 586 65
7 698 73
7 844 32
7 763 45
7 751 49
7 449 95
7 471 75
7 540 7
7 652 7
7 463 44
8 854 65
8 722 73
8 596 52
8 577 80
8 554 31
8 522 68
8 523 65
9 682 80
9 562 1
9 656 38
9 659 35
9 747 8
10 622 41
10 743 43
10 597 87
10 830 96
10 470 96
10 788 95
10 663 60
10 539 5
10 607 47
10 789 49
10 436 15
11 631 83
11 468 32
11 577 22
11 655 67
11 726 35
11 852 35
11 763 25
11 663 3
11 593 49
12 720 22
12 726 6
12 767 84
12 713 92
12 756 83
13 769 39
13 509 12
13 789 64
13 468 23
13 527 12
13 456 50
13 558 53
13 565 63
13 733 57
13 570 33
13 612 89
14 806 58
14 745 53
14 545 98
14 667 79
15 731 47
15 751 2
15 484 97
15 827 17
15 457 58
16 663 68
16 756 49
16 513 9
16 573 2
16 484 30
16 453 46
16 731 76
16 492 35
16 616 85
16 462 86
17 629 36
17 527 58
17 859 94
17 827 14
17 585 58
17 604 84
17 769 96
17 441 81
17 781 35
17 670 98
17 658 62
17 716 20
18 452 74
18 482 89
18 585 78
18 465 77
18 822 82
18 701 26
18 757 23
18 742 3
18 673 20
18 555 9
19 443 68
19 743 35
19 504 15
19 541 89
19 432 3
20 856 63
20 502 93
20 438 66
21 448 74
21 667 18
21 603 77
21 576 71
22 815 96
22 535 31
22 540 63
22 853 40
22 528 41
22 657 95
23 462 51
23 830 20
23 575 62
23 456 19
23 653 95
23 621 48
23 470 74
23 747 20
23 714 23
23 734 53
23 684 64
24 720 50
24 695 13
24 759 83
24 779 66
24 507 28
25 585 90
25 708 60
25 592 98
25 434 68
25 674 81
25 842 34
25 749 88
25 676 68
25 556 25
26 637 45
26 563 43
26 562 4
26 474 92
26 645 47
26 447 15
26 471 43
26 571 84
26 716 27
26 481 52
26 632 99
26 741 46
26 827 50
27 593 39
27 793 67
27 778 15
27 434 82
27 715 40
27 739 41
27 486 3
27 616 24
28 609 5
28 803 94
29 563 5
29 458 69
29 586 41
29 592 4
29 566 41
29 837 73
29 494 14
29 529 17
29 540 32
29 580 93
29 602 93
29 640 51
29 786 6
29 702 71
30 618 27
30 492 75
30 456 38
30 471 22
30 703 65
30 741 86
30 794 31
30 700 67
31 494 81
31 745 41
31 820 21
31 676 31
31 451 53
31 531 99
31 812 94
31 696 48
31 744 66
32 844 2
33 774 41
33 655 48
33 677 98
33 728 23
33 548 7
34 621 11
35 507 2
35 442 12
35 515 13
35 727 35
35 553 68
36 567 52
37 498 56
37 629 88
37 618 61
37 704 44
38 681 56
38 446 64
38 678 3
38 643 81
39 479 58
39 649 19
39 539 64
39 520 38
40 640 88
40 633 1
40 798 83
40 541 11
40 676 21
40 456 15
40 443 23
40 675 83
40 686 28
40 549 92
40 786 10
40 667 58
40 807 73
40 591 4
41 757 69
42 675 28
42 431 20
42 628 54
42 545 73
43 570 95
43 455 98
43 523 30
43 638 85
43 858 32
43 514 69
43 459 10
43 823 43
43 832 30
44 847 46
45 734 84
45 523 43
46 754 22
46 751 84
46 503 60
46 485 35
46 813 7
46 791 28
46 584 90
47 443 91
47 499 98
47 516 13
47 624 85
47 621 24
47 814 63
48 538 78
48 752 4
48 702 71
48 816 52
48 493 95
48 772 74
48 447 61
48 467 4
48 457 45
48 788 68
48 646 40
48 723 58
48 577 16
48 759 51
48 680 41
49 716 12
49 784 71
49 572 92
49 630 37
49 787 44
49 592 50
49 753 87
49 845 73
49 713 13
49 510 68
50 772 62
50 750 99
50 698 30
50 439 63
50 858 75
51 525 83
51 642 14
51 778 6
51 460 22
51 702 53
51 737 66
51 713 38
51 476 91
51 557 35
51 596 71
51 498 23
51 436 39
52 606 76
52 660 17
52 699 21
52 479 76
52 613 91
52 610 77
53 540 50
53 492 80
53 508 27
53 489 20
53 797 48
53 758 79
53 545 14
54 808 90
54 713 30
55 839 58
55 584 83
55 540 33
55 797 75
55 754 32
55 729 41
56 500 70
56 741 84
56 445 26
56 855 53
56 685 93
56 838 97
56 441 75
56 746 73
56 822 80
56 541 58
56 480 65
56 648 21
57 809 11
57 598 12
57 776 57
57 532 91
57 716 92
57 812 71
57 643 23
57 800 79
57 815 82
58 519 48
58 648 64
58 644 65
58 717 26
58 722 9
58 469 63
58 495 36
58 723 80
58 805 8
58 609 3
58 720 96
58 838 90
58 728 98
59 544 7
59 667 32
59 529 95
59 477 24
59 480 98
59 795 80
60 847 75
61 457 8
61 630 46
61 670 62
61 667 83
61 438 59
61 511 3
62 515 79
62 813 72
62 545 67
62 810 91
62 786 61
62 637 52
62 470 53
62 551 58
62 578 22
62 707 21
62 756 60
62 678 27
62 535 85
63 825 35
63 830 39
64 612 93
64 847 73
64 478 55
64 712 68
64 595 30
64 749 13
64 450 5
64 787 26
64 531 96
64 488 68
64 616 73
65 482 43
65 661 4
65 487 75
65 641 3
66 523 3
67 723 82
67 777 67
67 667 6
67 766 83
67 626 63
67 838 13
67 759 16
67 632 41
67 468 45
67 615 38
67 742 40
67 550 84
68 660 12
68 800 35
68 485 97
69 462 13
70 780 46
70 493 37
70 525 15
70 453 73
71 578 7
71 714 15
71 463 29
71 526 90
71 476 74
71 699 47
71 466 71
71 532 24
71 805 88
72 536 10
72 812 49
72 805 83
73 712 20
73 734 18
73 696 78
74 841 59
74 601 79
74 648 51
74 798 75
74 555 80
75 541 57
75 606 15
75 466 24
75 609 92
75 772 73
75 603 21
75 703 15
75 628 62
75 754 70
75 841 60
75 617 97
76 804 67
76 663 61
76 585 30
76 629 95
76 578 68
76 640 39
76 604 16
76 432 9
76 553 17
76 847 42
76 539 92
76 798 52
77 645 35
77 514 89
77 805 56
77 543 64
77 711 93
77 466 56
77 640 39
78 607 34
78 844 94
78 730 61
78 662 34
78 717 16
78 619 92
79 645 91
79 768 36
79 488 18
79 823 54
79 753 33
79 800 9
79 789 53
79 462 29
80 642 13
80 453 81
80 438 22
80 623 90
80 552 23
80 593 11
80 553 20
80 496 64
80 527 43
80 859 59
80 556 38
80 519 65
80 758 62
80 514 88
81 805 4
81 837 17
82 627 56
82 678 21
82 715 6
82 826 32
82 720 26
82 450 4
82 832 7
83 645 27
83 789 14
83 575 4
83 474 77
83 669 4
83 716 97
83 481 54
83 843 84
84 688 33
84 457 39
84 446 24
84 466 23
84 443 8
84 721 35
84 663 74
84 564 71
84 718 46
84 493 20
84 542 70
84 746 51
85 446 3
85 448 96
85 776 51
85 616 31
85 591 3
85 644 33
85 536 2
85 675 97
85 592 12
86 650 4
86 764 22
86 807 3
86 624 10
86 781 75
86 482 95
86 619 76
86 700 20
86 467 34
86 774 17
86 612 66
86 643 88
86 777 75
86 821 5
86 576 26
87 817 38
87 481 66
87 692 95
87 432 81
87 720 81
87 761 50
88 773 59
88 556 12
88 558 56
88 483 52
88 554 5
88 697 31
88 736 63
88 516 72
88 525 74
88 469 70
88 655 96
88 562 57
88 495 72
88 527 30
89 511 17
89 529 22
89 652 14
89 505 33
89 832 40
89 500 98
89 662 52
89 531 13
89 815 3
89 470 4
89 838 62
90 485 27
90 843 91
90 590 25
90 461 93
90 790 37
90 433 38
90 845 20
90 710 16
90 655 62
91 566 45
91 575 10
91 630 47
91 467 57
91 526 70
91 547 64
91 737 13
91 595 47
91 443 59
91 719 46
91 599 70
91 610 32
92 594 3
92 645 75
92 788 9
92 751 17
92 540 52
92 455 62
92 602 42
92 442 83
92 576 98
92 439 46
92 681 9
92 533 52
93 438 90
93 724 77
93 559 39
93 510 38
93 676 79
93 516 37
93 587 32
93 823 77
93 507 41
93 734 11
93 794 84
93 833 7
93 545 74
94 649 56
94 456 62
94 720 75
94 827 85
94 745 5
94 662 53
94 687 57
94 727 34
95 504 30
95 523 24
95 600 16
95 629 16
95 611 77
95 553 84
96 620 75
96 646 77
96 853 33
96 611 63
96 729 98
96 730 1
96 743 94
96 467 67
96 473 93
96 512 25
96 453 74
96 800 67
96 516 22
96 770 14
96 854 92
97 855 91
97 661 92
97 813 90
97 845 3
97 716 42
97 472 96
97 795 1
97 730 67
97 538 97
97 571 93
97 579 93
97 485 52
97 846 18
98 746 60
98 835 53
98 699 24
99 543 23
99 577 3
99 840 53
100 784 57
100 778 99
100 573 9
100 682 47
100 783 86
100 662 7
100 639 80
100 746 89
100 640 69
100 664 50
100 509 11
100 605 38
101 658 31
101 567 43
101 573 42
101 577 39
101 710 32
101 553 25
101 503 14
101 588 35
101 581 88
101 687 74
101 481 11
101 827 35
101 626 70
101 477 6
102 439 49
102 656 76
102 706 7
102 797 40
103 737 2
103 464 52
103 702 65
104 549 69
104 563 57
105 651 93
105 791 83
105 774 45
105 836 5
106 760 95
106 778 61
106 607 7
106 562 32
106 794 17
106 825 87
106 726 56
106 716 62
106 720 10
107 626 76
107 745 22
107 631 22
107 815 98
107 466 9
107 592 67
107 646 64
108 438 82
108 662 89
108 667 73
108 543 77
108 520 81
108 623 58
108 724 4
108 539 82
109 577 29
109 463 49
110 657 58
110 667 72
110 711 62
110 670 86
110 497 48
110 707 56
110 730 86
110 828 21
110 505 18
110 690 74
111 511 81
111 631 43
111 541 94
111 697 47
111 817 14
111 692 43
111 593 39
111 526 1
111 788 85
111 435 19
111 590 4
111 766 43
111 603 97
111 432 5
111 646 74
112 843 5
112 697 10
112 684 67
112 796 23
112 578 38
112 683 58
112 438 25
112 828 3
112 819 67
112 463 29
113 748 83
113 619 99
113 722 24
113 677 28
113 555 65
113 607 35
113 682 77
113 586 91
113 772 93
113 838 83
113 785 39
113 767 94
113 707 26
113 725 64
114 535 38
114 706 19
115 761 4
115 538 96
115 667 11
116 448 45
116 746 16
116 561 75
116 680 57
116 753 12
116 691 44
116 687 46
116 622 20
116 573 98
116 738 79
117 731 16
117 705 57
117 767 40
117 495 27
117 617 19
117 464 30
117 588 43
117 781 16
117 734 72
117 710 20
117 487 83
117 789 27
118 501 52
118 527 4
118 578 22
118 592 35
118 762 10
118 488 83
118 785 4
118 583 84
118 467 20
118 601 54
118 836 28
118 546 92
118 735 22
118 713 14
118 851 9
119 579 43
119 694 13
119 477 84
119 843 20
119 835 16
119 450 79
119 574 12
119 469 78
119 519 27
119 462 99
119 602 67
119 616 8
120 836 34
120 597 94
120 688 4
120 631 32
120 703 76
120 682 27
120 593 19
120 538 63
120 460 71
120 671 35
120 680 76
120 858 35
120 578 63
120 668 16
121 519 14
121 500 60
121 589 61
121 735 29
121 790 48
121 806 5
122 445 6
122 440 22
122 806 1
122 432 3
122 481 88
122 813 1
123 502 68
123 729 47
123 745 41
123 598 26
124 490 95
124 433 36
124 577 42
124 775 76
124 461 69
124 687 89
125 548 16
125 453 23
125 657 52
125 844 65
125 686 4
125 641 50
125 838 38
125 809 8
126 732 36
127 686 50
127 445 57
127 681 99
127 581 66
127 678 51
127 684 17
127 701 98
127 630 51
127 640 63
127 859 2
127 817 13
128 794 94
128 689 1
128 817 44
128 607 76
128 592 58
128 801 72
128 585 22
128 557 45
128 704 40
128 532 41
128 586 92
128 466 86
128 851 47
129 822 24
129 605 44
129 699 38
129 835 76
129 589 82
129 484 2
129 856 55
129 448 84
130 606 92
130 669 67
130 711 38
130 759 44
130 520 69
130 620 81
130 690 89
130 477 10
130 650 97
130 590 85
130 512 79
130 723 74
131 729 57
131 464 95
131 675 16
131 437 79
131 723 76
131 605 8
132 583 32
133 644 29
133 589 92
133 465 68
133 722 95
133 525 57
133 791 70
133 664 53
133 699 42
133 763 7
133 804 78
133 775 22
134 641 68
134 798 61
134 740 47
134 472 29
134 494 2
134 796 34
134 444 6
134 485 32
134 795 89
134 736 90
134 769 32
134 779 36
134 667 42
135 665 55
135 589 13
135 582 13
135 620 89
135 681 28
135 856 29
135 618 59
135 747 1
135 454 75
135 552 70
135 724 27
136 524 91
136 758 24
136 672 72
136 810 81
136 686 74
136 568 16
136 807 39
136 666 83
137 525 32
137 795 76
137 825 17
137 659 19
138 438 27
138 528 28
138 783 93
138 767 81
138 680 74
138 546 44
138 484 18
138 649 41
138 555 96
139 547 57
139 573 27
139 552 40
140 589 45
140 754 57
140 773 63
140 618 14
140 607 77
140 695 20
140 701 21
140 545 93
140 672 90
140 844 21
140 479 38
140 630 78
140 831 61
141 648 25
142 654 58
142 616 73
142 821 51
142 443 49
142 848 5
143 823 66
143 547 39
143 731 94
143 608 85
144 735 62
144 632 35
144 597 47
144 693 84
144 543 56
144 445 57
144 458 29
145 623 30
145 612 34
145 606 97
146 823 33
146 826 37
146 752 17
146 716 53
146 799 25
146 718 6
146 479 12
146 574 55
147 431 24
147 846 28
148 791 7
148 611 90
148 539 16
148 790 21
148 499 50
148 656 86
148 746 45
148 859 90
148 521 47
149 772 53
149 504 61
149 581 2
149 796 50
149 615 71
149 802 2
149 783 79
149 454 30
149 817 35
149 477 64
149 829 36
149 857 61
149 476 90
149 525 4
150 453 80
150 688 29
150 682 87
150 463 41
150 551 21
150 734 26
150 646 44
150 747 92
150 761 11
151 766 15
151 527 66
151 437 79
151 693 71
151 816 20
151 720 27
151 647 35
151 732 70
151 430 13
151 839 39
151 641 83
151 648 81
151 781 37
152 632 32
152 559 86
152 836 45
152 458 52
152 662 46
152 821 75
152 614 76
152 492 91
152 695 88
152 767 67
153 494 16
153 826 87
153 830 35
153 521 92
153 555 62
153 617 45
153 679 24
153 434 64
153 708 4
153 704 61
153 775 51
153 621 86
153 431 84
154 554 92
154 476 30
154 545 60
154 452 4
154 664 1
154 767 93
154 817 23
155 851 22
155 757 8
155 617 22
155 515 44
155 800 97
155 606 2
155 703 96
155 692 69
155 601 80
155 785 69
156 656 16
156 681 20
156 762 27
156 768 99
156 713 64
156 454 84
156 829 84
156 777 35
156 445 72
156 787 26
156 643 88
156 645 75
156 457 79
156 475 21
156 640 85
157 445 45
157 579 3
157 673 53
158 490 22
158 536 85
158 565 71
158 838 76
159 798 97
159 531 65
159 739 45
159 687 9
159 434 65
159 442 90
159 603 94
160 442 60
160 820 49
160 790 55
160 652 84
160 568 35
160 691 45
160 857 31
160 695 60
160 850 84
160 801 28
161 637 45
161 542 75
161 589 69
161 469 28
161 547 68
161 687 35
161 543 47
161 788 28
161 682 2
161 550 58
162 784 52
162 573 98
162 775 43
162 782 47
162 520 94
163 441 97
163 775 39
163 469 23
163 809 61
164 515 55
165 697 56
165 737 19
165 747 93
165 675 40
165 500 12
165 594 76
165 661 33
165 630 91
165 511 45
166 492 75
166 579 55
166 570 84
166 606 18
166 758 25
166 675 76
166 442 11
166 513 3
167 673 49
167 728 29
167 854 30
167 776 98
167 505 80
167 605 63
167 760 33
167 790 43
167 848 61
167 598 7
168 574 8
168 814 89
168 739 38
168 709 6
168 810 9
168 655 98
169 845 30
169 718 72
169 815 27
169 745 82
170 492 29
170 567 16
170 720 92
170 800 2
170 808 56
170 694 82
171 653 26
172 792 4
172 675 67
172 466 80
172 829 18
172 742 71
172 831 84
172 600 94
172 522 90
172 599 93
172 664 32
172 673 57
172 462 75
172 778 55
173 537 61
173 700 97
173 721 50
174 533 70
174 563 25
174 457 2
174 655 8
174 744 69
174 788 46
174 574 86
174 792 88
175 645 53
175 664 50
175 812 28
175 526 74
175 831 33
175 804 37
175 655 28
175 641 43
176 702 97
176 740 38
176 497 29
176 684 75
176 801 80
177 548 88
177 581 37
177 502 6
177 550 43
177 573 16
177 503 15
177 612 67
177 530 73
177 517 96
177 468 71
177 773 21
177 520 31
178 566 65
178 790 22
178 538 77
178 684 54
178 810 75
178 622 57
178 815 58
178 717 81
178 647 92
178 567 64
178 701 21
178 518 56
179 712 20
179 828 57
179 857 57
179 840 4
179 588 15
180 621 78
180 564 18
180 536 33
180 592 23
180 716 70
180 454 81
180 648 88
180 565 96
180 463 64
181 488 54
181 713 31
181 746 19
181 504 16
181 638 56
181 594 79
181 485 8
181 547 43
181 491 68
181 846 15
182 761 51
182 443 88
183 462 23
183 450 80
183 651 71
183 643 93
183 532 88
183 536 25
183 739 17
183 494 50
183 758 23
184 460 58
184 628 58
184 681 64
184 660 58
184 591 19
184 487 53
184 782 88
184 583 9
185 509 95
185 642 41
185 664 89
185 666 58
185 637 11
185 619 4
185 693 27
185 784 63
185 470 76
185 647 9
185 635 42
185 529 48
185 634 77
186 485 89
186 851 43
186 627 52
186 773 26
186 679 55
186 461 38
187 608 61
187 854 30
187 814 81
187 540 57
187 474 72
187 440 46
187 772 42
188 816 95
188 433 73
188 494 54
188 741 57
188 839 38
188 794 27
188 448 19
188 657 35
188 644 73
189 454 73
190 612 62
190 699 31
190 706 13
190 553 77
190 536 44
190 686 30
190 480 13
190 626 17
190 668 74
190 823 2
191 532 46
191 552 69
191 594 15
191 761 12
191 648 33
191 709 63
192 593 15
192 609 27
192 780 79
192 529 15
192 514 84
193 570 18
193 647 12
193 654 69
193 644 9
193 467 54
193 623 9
193 843 19
193 759 70
194 621 15
194 435 29
194 769 43
194 578 17
194 691 70
194 434 90
194 647 95
194 820 43
195 446 60
195 852 18
195 719 99
195 821 69
195 618 41
195 675 97
196 660 45
196 808 95
197 710 26
197 705 59
197 779 42
197 512 25
198 492 74
198 842 12
198 748 92
198 461 55
198 695 58
198 588 89
198 475 45
199 673 19
199 737 43
199 790 69
199 588 90
199 851 22
199 499 93
199 448 46
199 551 59
199 805 72
199 648 4
199 633 53
199 512 45
199 521 22
199 784 37
199 609 20
200 839 54
200 610 10
201 675 80
201 754 45
201 479 44
201 809 20
201 702 66
201 783 73
201 584 82
201 516 95
201 708 67
202 616 94
202 554 96
202 847 4
202 831 37
202 441 87
203 513 58
203 687 80
204 471 45
204 590 76
204 789 99
204 827 91
205 486 27
205 575 78
205 430 76
205 522 94
205 567 38
205 663 73
205 719 92
205 481 72
205 515 14
205 781 21
205 660 87
205 516 54
206 788 57
206 518 82
206 665 75
206 696 14
206 843 46
206 600 25
206 435 53
207 524 70
207 646 86
207 541 95
207 509 55
207 738 98
207 526 50
207 630 56
208 569 35
208 506 16
208 745 95
208 786 64
208 573 76
208 753 61
208 557 20
208 782 63
208 492 82
208 808 2
208 475 69
208 685 49
209 469 82
209 495 93
209 600 80
209 785 11
209 711 81
210 599 46
210 711 7
210 634 42
210 606 46
210 618 54
210 822 12
211 821 45
211 789 35
211 749 21
211 442 24
211 689 30
211 566 6
212 588 32
212 805 24
212 705 77
212 774 45
213 481 82
213 464 38
213 821 76
213 742 76
213 634 50
213 465 44
214 609 27
214 484 34
214 485 94
214 580 1
214 800 73
215 457 44
215 800 97
215 461 43
215 471 60
215 794 89
215 759 76
216 824 15
216 857 9
216 792 91
216 627 9
216 463 10
217 549 81
217 768 4
218 836 51
218 523 30
218 650 56
218 686 37
218 626 90
218 660 57
219 637 51
219 828 78
219 430 92
219 571 5
219 493 1
220 521 55
220 766 5
220 638 34
220 808 32
220 718 3
220 662 80
220 625 8
220 487 52
221 441 54
221 805 38
221 647 1
221 625 38
221 484 78
222 623 64
222 709 40
222 584 29
222 775 17
223 442 16
223 508 85
223 821 37
223 789 72
223 544 57
223 818 72
223 656 26
223 679 20
224 503 87
224 793 89
224 617 44
224 493 37
224 611 49
224 765 95
224 455 51
224 848 93
224 514 43
225 747 5
225 572 85
225 539 43
225 719 83
225 512 6
225 704 12
225 468 1
226 606 58
227 444 27
228 705 66
228 656 50
228 707 92
228 630 78
228 443 73
229 709 50
229 694 29
229 760 34
229 435 63
229 806 8
229 663 67
229 473 28
229 507 97
229 618 32
229 584 8
229 443 12
229 578 15
229 506 90
229 634 63
230 824 15
230 458 5
230 504 43
230 762 50
230 648 45
230 739 36
230 515 59
231 817 55
231 480 86
231 660 34
232 813 10
232 518 73
232 821 36
232 646 14
232 840 31
232 751 7
232 511 75
232 569 27
232 680 10
233 742 17
233 626 93
233 736 9
233 675 15
233 434 32
233 516 44
233 744 26
233 847 15
233 457 8
233 802 54
233 669 35
234 741 71
234 627 90
234 632 21
234 728 37
234 654 44
234 495 22
234 623 23
234 619 1
234 803 48
234 814 43
234 575 14
234 854 95
234 520 42
235 656 99
235 798 53
235 462 34
235 687 32
235 855 14
235 494 67
235 803 25
235 533 33
235 576 84
235 738 6
235 456 74
235 833 70
235 734 6
235 858 90
235 620 12
236 453 6
236 718 19
236 859 21
236 458 52
236 637 1
236 623 51
236 443 63
236 542 19
236 526 53
236 445 98
236 805 70
236 491 9
236 776 84
236 787 74
237 741 79
237 585 67
238 719 3
239 814 97
239 630 66
239 807 15
239 604 78
239 841 11
239 637 93
239 481 1
239 754 40
239 701 30
239 681 2
239 620 86
239 625 85
239 858 46
239 833 67
240 717 38
240 854 32
240 491 12
240 641 94
240 463 29
240 784 22
240 780 62
240 590 95
240 839 90
240 549 37
240 742 34
240 616 80
240 648 33
241 574 44
241 677 58
241 718 40
241 569 58
241 673 6
241 445 38
241 683 72
241 770 72
241 684 40
242 859 75
242 572 33
243 700 95
243 705 25
243 684 21
243 610 12
243 492 71
244 856 49
244 624 76
244 746 34
244 523 7
244 664 32
244 686 33
244 452 76
244 464 73
244 470 79
244 828 50
244 485 46
244 528 41
244 451 3
244 692 75
245 557 78
245 434 44
245 762 30
246 614 60
246 817 57
247 806 81
247 599 89
247 445 44
247 642 80
248 665 47
248 509 74
248 744 95
248 584 98
248 798 57
248 680 79
248 673 99
248 652 4
248 493 1
248 687 50
248 583 24
248 484 41
249 651 60
249 841 1
249 642 73
249 801 2
249 629 11
249 807 82
249 838 67
249 739 78
249 481 56
249 573 92
249 700 31
250 555 69
250 737 64
250 846 96
250 748 88
250 677 65
250 576 65
250 508 64
250 451 30
250 794 81
250 646 6
250 814 96
250 585 86
250 674 33
251 708 36
251 637 34
251 470 20
251 434 93
251 729 80
252 708 46
252 602 45
252 823 90
252 835 79
252 755 34
252 435 18
252 830 44
252 497 56
252 664 59
252 441 46
253 795 99
253 473 23
253 662 65
253 673 25
253 802 55
253 687 43
253 763 26
254 540 35
254 505 60
254 462 91
254 808 34
254 434 39
254 456 37
254 487 20
254 557 42
254 512 36
255 630 64
255 699 15
255 477 41
255 703 66
256 503 77
256 812 62
256 774 73
256 440 98
256 853 10
256 672 48
256 606 41
256 646 90
256 783 30
256 462 78
256 448 44
256 541 10
256 442 6
256 733 18
257 810 30
257 566 59
257 618 41
257 619 71
257 635 32
257 675 89
257 653 11
257 818 99
257 809 59
257 697 3
257 737 46
257 747 7
258 464 8
258 601 70
258 566 37
258 522 98
258 483 54
258 588 30
258 720 16
258 458 93
258 676 69
258 770 38
258 433 49
258 793 66
258 494 15
258 675 7
259 831 3
260 806 36
261 638 5
261 622 82
261 679 47
261 563 25
261 718 33
262 644 20
262 688 90
262 589 83
263 491 94
263 586 92
263 794 82
263 718 52
263 472 55
263 612 77
263 611 4
263 756 70
263 786 52
263 487 4
263 713 41
263 443 70
263 738 54
263 563 31
264 614 25
264 685 15
264 571 93
264 859 13
264 628 49
264 846 92
264 801 11
264 750 75
265 539 57
265 636 25
265 644 87
265 468 74
265 707 94
265 438 77
265 699 56
266 561 22
266 502 73
266 615 87
266 614 80
266 499 53
266 505 5
266 452 61
266 493 47
266 703 64
266 511 38
266 748 91
267 625 34
267 744 78
267 545 14
267 767 12
267 533 65
267 688 33
267 503 82
267 821 74
267 829 57
268 695 32
268 602 31
268 609 20
268 828 70
269 478 97
269 777 72
269 648 20
269 813 36
269 742 57
270 808 64
270 472 81
270 545 82
270 610 27
270 549 14
270 796 31
270 784 30
270 771 53
270 719 89
271 790 1
272 752 27
272 528 63
272 561 67
272 604 30
272 610 75
272 625 57
272 501 59
272 600 32
272 533 61
272 495 45
272 778 60
272 757 55
273 616 92
273 524 21
273 561 20
273 456 24
273 594 90
273 530 54
273 737 18
273 743 83
273 508 81
273 597 84
273 724 26
273 848 89
274 814 99
274 751 56
274 466 10
275 689 8
275 693 64
275 671 82
276 803 82
276 729 13
276 440 43
276 734 82
276 597 48
276 452 94
276 742 65
276 572 1
276 561 45
277 648 14
277 714 39
277 793 41
277 701 59
277 653 90
278 555 97
278 761 10
278 482 89
278 460 61
278 673 7
278 791 90
278 696 41
278 615 76
278 532 36
278 671 6
278 609 20
279 475 42
279 666 37
279 515 77
279 489 31
280 655 19
280 550 48
280 582 51
280 857 67
280 507 78
280 854 63
280 601 47
280 806 12
280 715 10
281 630 73
281 653 26
281 451 59
281 480 89
281 672 9
281 604 5
282 791 45
282 618 40
282 665 26
282 560 36
282 797 92
283 548 89
283 494 67
283 641 48
283 563 2
283 438 74
283 516 42
283 506 7
284 562 76
284 654 37
285 476 63
285 533 6
285 591 57
285 558 87
285 683 70
286 718 26
286 726 65
286 505 87
287 845 74
287 738 80
287 650 28
287 559 50
288 731 98
288 531 79
288 583 88
288 756 81
288 683 31
288 541 52
288 717 67
288 805 32
288 463 61
288 792 79
288 726 16
288 721 2
289 720 85
289 639 42
289 563 51
289 497 99
289 859 50
289 760 92
290 569 36
291 435 56
292 561 70
292 807 74
292 694 47
292 722 67
293 563 68
293 616 72
293 851 19
294 548 83
295 834 39
295 744 57
295 666 66
295 830 45
295 439 8
295 618 42
295 587 90
295 558 88
296 817 59
296 626 20
296 556 44
296 435 90
296 726 40
296 821 45
296 778 76
297 749 83
297 554 89
297 611 56
297 718 2
297 526 29
297 475 74
297 625 66
297 736 38
297 706 81
297 855 45
297 726 71
298 605 79
298 734 25
298 716 32
298 474 21
298 504 14
298 665 58
298 678 33
298 690 83
298 458 92
298 750 4
298 676 14
298 842 71
299 668 93
299 579 43
299 794 51
299 680 63
299 688 40
299 855 30
299 547 49
299 644 46
299 737 17
299 531 26
299 739 97
300 787 63
300 737 77
300 699 13
300 470 70
300 524 90
300 592 10
300 622 73
300 720 20
300 657 84
300 451 1
300 513 37
300 769 62
300 511 66
301 491 57
301 572 39
301 517 7
301 710 85
301 859 57
301 738 56
301 628 52
301 834 72
301 718 70
301 755 19
301 690 62
301 485 58
301 447 77
302 609 12
303 727 26
303 633 9
303 837 33
303 537 98
303 577 55
304 839 54
304 649 27
304 793 68
304 588 43
304 483 1
304 551 87
304 516 42
304 647 73
304 496 20
304 454 84
304 599 29
304 757 70
304 794 57
305 557 81
305 456 85
305 532 7
305 430 2
305 598 23
305 812 63
305 449 88
305 803 60
305 639 73
305 468 25
305 574 93
305 621 59
305 540 50
305 542 13
305 583 14
306 792 98
306 833 48
306 644 11
306 563 51
306 592 3
306 727 82
306 777 8
306 700 39
306 684 88
306 507 95
306 747 6
307 688 97
307 666 16
307 746 83
308 495 33
308 634 88
308 848 41
308 700 49
308 531 5
309 799 77
309 624 92
309 768 5
309 466 24
309 439 85
309 755 70
309 443 10
309 721 94
309 440 81
309 834 3
309 493 75
309 617 84
309 522 51
309 625 75
309 542 29
310 671 75
310 690 72
310 539 73
310 691 78
310 605 68
310 520 75
310 494 73
310 808 46
310 544 18
311 581 7
311 453 17
311 556 65
311 765 73
311 554 77
311 743 41
311 638 37
311 816 53
311 464 10
311 449 46
311 655 35
311 717 21
311 451 93
311 686 24
312 496 26
312 773 81
312 437 92
312 501 87
312 574 27
312 551 37
312 438 13
312 695 12
312 823 55
312 587 23
312 590 87
312 699 8
312 660 60
312 708 15
313 819 63
313 781 80
313 466 29
313 603 5
313 850 47
314 534 87
314 710 18
314 610 68
314 839 5
314 565 36
314 590 18
315 435 41
315 545 65
315 832 23
315 518 74
316 642 5
317 581 41
318 473 8
318 689 81
318 460 48
318 445 48
318 721 96
318 802 75
318 826 88
318 582 47
318 798 9
318 585 6
318 615 94
318 749 61
318 695 43
319 681 86
319 708 69
319 696 80
319 657 22
319 821 89
319 493 29
319 687 17
319 521 31
320 820 74
321 689 7
321 708 7
321 615 57
321 502 76
321 695 56
321 447 70
321 684 85
321 838 71
321 449 90
321 737 37
321 636 50
321 572 81
321 834 79
322 592 26
322 744 12
322 457 67
322 470 66
322 840 6
322 835 41
322 632 58
322 600 38
322 769 81
322 581 23
322 669 7
323 845 62
323 493 50
323 518 48
323 543 61
323 811 44
323 680 33
324 529 45
324 461 88
324 524 11
325 509 34
325 533 75
325 567 42
325 791 90
325 771 21
325 676 19
325 757 18
325 474 61
326 722 38
326 782 15
326 659 58
326 608 12
327 458 61
327 844 8
328 519 44
328 798 68
328 463 54
328 693 24
328 527 24
329 621 75
329 750 72
330 786 37
330 815 25
330 502 84
330 735 50
330 703 14
330 497 7
330 533 23
330 808 25
330 797 28
330 702 57
330 474 92
330 721 62
331 442 71
331 537 46
331 534 51
331 735 70
331 492 77
331 694 46
331 769 86
331 743 23
331 760 96
331 652 99
331 515 67
331 816 65
331 802 95
332 607 2
332 676 43
332 435 5
332 535 92
332 600 89
332 450 10
333 831 21
333 518 13
333 493 38
333 846 96
333 509 50
333 591 57
333 505 40
333 710 7
333 543 13
333 616 95
333 800 37
333 711 10
334 785 57
334 588 66
334 651 49
334 829 89
334 787 61
335 452 92
335 455 97
335 593 77
335 846 77
335 778 38
335 760 52
335 771 76
335 785 37
335 562 58
335 792 20
335 596 54
335 734 13
335 700 63
335 443 19
335 471 32
336 471 39
337 843 48
337 532 71
337 693 49
337 462 34
337 647 49
337 466 1
337 574 13
337 534 37
337 637 40
337 660 74
337 681 28
337 517 59
338 566 90
338 672 10
338 469 98
338 748 47
338 805 12
338 784 81
338 506 12
338 498 94
339 679 12
339 580 32
339 578 83
339 611 60
339 449 61
339 496 60
339 441 92
340 744 38
340 766 85
340 547 93
340 763 49
340 845 77
340 684 5
341 849 71
341 668 10
341 557 95
341 702 1
341 674 56
341 552 13
342 533 92
342 475 85
342 578 41
342 460 37
343 660 64
343 555 25
343 526 17
344 824 47
344 680 48
344 664 21
344 713 8
345 744 2
345 466 82
345 446 7
345 508 38
346 486 27
346 775 16
346 829 87
347 580 88
347 848 72
347 752 89
347 758 8
347 567 74
347 657 51
347 664 47
347 684 25
347 485 50
347 476 55
348 463 19
348 849 1
348 435 4
348 640 46
349 648 55
350 583 69
350 512 20
350 610 10
350 830 71
350 464 95
350 534 20
350 632 35
350 540 44
350 624 14
351 496 44
351 626 18
351 618 78
351 506 92
351 697 67
351 740 70
352 768 67
352 656 44
352 818 93
353 590 8
353 856 12
353 608 84
353 575 24
353 496 84
353 641 11
353 433 89
353 457 90
353 502 39
353 743 75
353 460 62
354 533 28
354 676 48
354 658 17
354 829 61
354 447 46
355 653 13
355 795 87
355 547 28
355 469 56
355 533 21
355 848 67
355 801 53
355 718 28
355 456 76
355 625 63
355 539 57
356 731 73
356 659 54
356 689 57
356 804 79
356 852 88
356 516 74
356 432 7
356 685 96
356 827 35
356 753 71
356 628 45
356 513 35
356 551 99
357 466 81
357 499 5
357 514 81
357 690 60
357 469 82
357 770 85
357 484 96
357 480 2
357 433 17
357 453 46
358 550 54
358 752 83
358 619 39
358 633 88
358 637 73
358 615 41
358 667 58
359 569 56
359 441 48
359 660 21
359 727 53
359 588 17
359 683 37
359 572 81
359 827 95
359 622 74
359 750 53
359 760 42
359 596 21
359 463 27
360 697 75
360 812 67
360 732 52
360 633 29
360 626 74
360 586 17
360 628 86
360 738 92
360 681 46
360 655 90
360 665 67
360 624 55
360 731 56
361 672 9
361 481 4
361 620 96
361 567 50
361 821 86
361 594 33
361 841 55
362 665 76
362 631 15
362 786 97
362 436 15
362 756 46
362 803 64
362 722 68
362 589 99
362 532 65
363 576 9
363 632 33
363 485 54
363 667 81
363 761 90
363 433 71
363 849 86
363 510 31
363 579 10
363 691 14
363 620 57
364 491 55
365 812 65
365 808 11
365 585 57
365 570 53
365 560 98
365 622 61
365 634 29
365 729 78
365 797 98
365 441 24
365 576 67
365 530 9
365 707 65
365 619 51
366 684 60
366 445 70
366 522 38
366 552 83
366 807 11
366 478 49
366 529 87
366 567 28
366 434 37
366 580 58
367 578 13
367 740 74
367 445 66
367 580 37
367 495 17
367 660 66
367 570 40
368 484 72
368 808 76
368 648 1
368 581 11
368 459 5
368 770 40
368 513 61
368 706 48
368 694 4
368 473 40
368 521 21
368 660 66
368 585 84
368 659 65
369 754 46
369 675 16
369 527 40
369 742 12
369 544 17
369 774 92
369 712 27
369 671 4
369 580 9
370 803 68
370 473 38
370 753 73
370 714 99
370 646 41
370 806 24
370 775 94
370 820 91
370 744 62
370 565 33
370 741 83
370 466 94
370 723 33
370 493 65
370 642 40
371 631 55
371 694 30
371 523 77
371 773 35
371 779 7
371 460 10
371 489 66
371 550 62
371 764 53
371 827 92
372 456 67
372 478 58
372 631 27
372 566 25
372 497 99
372 591 74
372 515 14
372 726 68
372 619 68
372 852 33
372 477 73
372 526 32
372 605 41
373 701 20
373 523 24
373 799 10
373 717 48
373 811 58
373 464 33
373 529 1
373 679 70
373 572 13
373 448 51
374 667 99
374 500 57
374 773 87
374 553 15
374 694 91
374 593 97
375 839 98
375 857 2
375 794 75
375 696 21
375 604 7
375 829 73
375 562 66
375 838 68
375 775 67
375 534 62
376 646 59
376 857 70
376 597 26
376 508 64
376 619 33
376 686 67
376 549 24
376 692 88
377 792 57
377 678 12
377 636 97
377 765 61
377 612 9
377 849 29
377 689 52
377 520 22
377 602 54
377 785 8
377 595 27
377 547 68
378 766 13
378 434 59
378 588 22
378 625 71
378 748 69
378 679 31
378 486 97
379 574 11
379 793 34
379 662 47
379 580 58
379 500 41
379 852 80
379 583 96
380 574 74
380 761 31
380 789 44
380 476 48
380 608 19
380 587 33
380 791 33
380 612 98
380 614 57
380 570 79
380 471 99
381 603 37
381 609 93
381 809 46
381 480 69
381 739 85
381 849 19
381 602 58
381 615 41
381 528 98
382 804 50
382 563 99
382 736 48
382 495 55
382 491 95
382 832 2
382 810 69
382 699 13
382 618 55
382 528 11
382 448 54
382 735 56
382 640 80
383 666 13
383 500 54
383 859 21
383 608 77
383 503 6
383 835 89
383 440 94
383 607 35
383 638 14
383 680 2
383 825 43
383 843 71
384 700 32
384 511 38
384 679 51
384 827 42
384 628 49
384 650 28
384 817 99
385 600 1
385 543 82
385 526 46
385 819 75
385 662 82
385 775 89
385 811 53
385 802 18
386 727 63
386 828 21
386 452 44
386 674 47
386 669 26
386 849 44
386 853 56
386 542 81
387 773 92
387 626 48
387 784 8
387 486 14
387 484 69
388 848 47
388 628 64
388 859 36
388 537 97
389 480 6
389 537 83
389 850 63
389 829 63
389 439 18
389 760 71
389 746 7
389 512 83
389 544 55
389 603 56
390 655 98
390 696 66
390 463 79
390 573 39
391 821 88
391 796 53
391 460 71
391 522 31
391 686 15
391 715 70
391 506 55
391 736 17
391 621 28
391 731 75
391 543 57
391 488 59
391 859 93
391 830 41
391 463 15
392 704 30
392 523 53
392 596 18
392 620 11
392 838 77
392 482 77
392 664 7
392 769 90
392 532 54
392 770 46
392 858 49
392 809 37
392 678 64
393 518 70
393 453 88
393 771 57
393 529 16
393 457 14
393 691 10
393 828 20
393 445 60
393 452 97
393 625 16
393 461 50
393 544 65
393 638 43
393 568 88
394 688 56
394 512 87
394 573 6
394 569 58
394 609 77
394 811 65
394 602 68
394 726 25
395 448 3
395 768 81
395 562 55
395 551 2
395 849 61
395 775 81
395 717 62
395 556 17
395 488 85
395 650 65
395 642 34
395 520 90
395 577 46
395 760 39
396 631 18
396 807 42
396 689 46
396 500 84
396 831 22
396 589 54
396 723 32
396 703 38
396 525 67
396 552 46
396 687 35
396 714 88
396 669 51
397 449 3
397 775 49
397 586 87
398 511 71
398 548 72
398 559 95
398 706 46
398 455 86
398 537 76
398 767 60
398 764 12
398 486 48
398 848 38
398 786 98
398 555 80
398 541 31
398 612 85
399 797 32
399 662 52
399 551 42
399 532 17
399 755 69
399 653 63
399 585 13
400 466 93
400 859 44
400 576 15
401 432 92
401 747 65
401 849 14
401 631 9
402 794 67
402 618 73
402 679 31
402 684 60
402 502 68
402 530 97
402 663 93
402 823 61
402 493 95
402 667 1
403 599 53
403 856 42
403 592 81
403 505 34
403 514 36
403 731 83
403 695 56
403 757 51
403 673 7
403 690 82
404 786 15
404 484 82
404 523 47
404 707 34
404 739 33
404 449 85
405 447 74
405 496 78
405 646 28
405 490 80
405 621 53
405 782 21
405 793 62
405 805 51
405 725 45
405 562 75
405 748 8
405 569 38
406 829 13
406 777 33
406 638 91
406 727 70
406 432 57
406 843 41
406 442 63
406 445 28
406 584 82
407 482 78
407 533 57
407 454 60
407 753 59
407 629 41
407 838 58
407 682 32
407 784 94
407 803 85
407 588 26
407 667 96
408 499 27
408 539 82
408 665 24
408 669 16
408 571 34
408 569 15
409 563 48
410 534 32
411 625 79
411 438 31
411 705 89
411 656 61
411 755 76
411 436 18
411 847 39
411 431 73
411 772 91
411 437 44
411 517 25
411 757 6
411 470 71
412 747 6
412 739 4
412 823 96
412 625 21
412 532 67
412 591 22
412 607 12
413 617 62
413 626 31
413 604 57
413 730 60
413 638 49
414 451 11
415 808 11
415 534 30
415 689 10
415 744 75
415 783 37
415 612 43
415 837 93
415 458 31
415 797 48
415 601 51
415 666 89
416 586 96
416 531 84
416 578 41
416 772 3
416 823 85
416 548 40
416 683 50
416 475 60
416 769 21
417 463 26
417 690 22
417 566 79
417 468 28
417 508 95
417 581 66
417 565 92
417 638 36
417 852 69
417 751 49
417 478 74
417 489 30
418 497 12
418 585 65
418 681 7
418 564 9
418 762 63
418 795 16
418 687 8
418 790 82
418 785 12
418 779 40
418 843 58
418 516 52
418 478 7
418 691 25
418 629 83
419 750 80
419 628 9
419 679 77
419 468 90
419 637 7
419 656 99
419 483 29
419 647 85
419 573 89
420 737 50
420 661 82
420 823 80
420 673 70
420 796 50
420 537 57
420 472 61
420 594 98
420 704 77
420 805 59
420 571 84
420 843 19
421 540 34
421 511 93
421 825 22
421 538 25
421 771 43
421 583 77
421 812 9
421 460 85
421 749 63
421 796 28
421 823 21
421 531 71
421 553 82
422 450 13
422 635 28
422 701 92
422 531 59
422 464 67
422 851 30
422 433 83
422 488 80
423 827 18
424 842 59
424 735 81
424 474 35
424 743 37
425 683 33
425 533 55
425 767 78
425 707 59
425 569 74
425 817 48
425 671 40
425 547 64
425 572 46
425 493 16
425 621 56
425 728 65
425 847 63
425 724 22
425 859 20
426 673 99
426 738 26
426 451 23
426 819 62
426 432 10
427 537 88
427 852 38
427 776 30
427 481 69
427 484 40
427 858 11
427 856 30
427 789 1
427 708 39
427 767 17
428 762 35
428 542 40
428 720 89
428 624 6
428 705 45
428 520 54
429 824 8
429 583 4
429 819 53
