444 1784
1 353 28
1 300 47
1 413 5
1 334 17
1 225 3
2 247 31
2 383 48
2 291 7
2 325 7
2 287 11
2 274 42
2 352 66
2 324 81
2 270 86
3 285 91
3 440 54
3 403 19
3 244 6
3 418 67
3 271 98
3 369 78
4 332 47
4 442 79
4 329 86
4 235 37
4 246 20
4 234 54
4 392 83
4 228 63
5 438 95
5 295 68
5 414 20
5 330 62
5 243 18
5 410 3
6 417 51
6 369 89
6 231 36
6 353 11
6 386 96
6 305 29
6 237 1
6 302 85
6 273 45
6 232 70
6 339 1
6 321 96
6 256 54
6 286 16
7 305 7
7 376 6
7 298 66
7 225 36
7 227 30
7 242 19
7 235 81
8 280 68
8 378 18
8 281 80
8 413 83
8 359 76
8 252 65
8 300 43
8 430 12
8 264 43
8 253 22
9 271 5
9 272 63
9 262 84
9 238 41
9 395 65
9 249 82
9 428 95
9 406 71
9 237 69
9 340 78
9 294 61
9 417 34
9 242 17
9 348 37
10 261 23
10 255 99
10 240 68
10 405 57
10 396 89
10 404 2
10 232 83
10 420 32
10 328 99
10 337 22
10 322 82
10 273 71
10 418 56
10 246 28
11 291 20
11 269 64
11 237 58
11 263 74
11 265 3
11 361 48
12 421 95
12 243 33
12 437 69
12 273 75
12 346 42
12 384 24
12 307 71
12 308 65
12 393 60
13 262 41
14 398 20
14 247 35
14 292 2
15 312 43
15 263 60
15 310 76
16 290 97
16 356 86
16 329 22
17 432 41
17 435 38
17 265 72
17 226 64
17 371 63
17 227 58
17 307 93
17 391 26
17 344 67
17 352 51
17 264 6
17 384 21
17 404 87
17 353 31
18 234 68
18 336 42
18 242 90
18 388 31
18 311 93
18 233 16
18 379 66
18 293 31
19 443 19
19 234 72
19 370 59
19 223 2
20 321 47
20 280 70
20 287 14
20 359 68
20 239 43
20 285 66
20 355 71
20 342 52
20 304 61
20 382 10
20 389 24
20 371 68
21 362 7
21 268 17
21 428 48
21 353 98
21 298 5
21 403 15
21 377 54
22 370 21
22 270 33
22 413 4
22 240 33
22 410 1
22 276 69
23 437 46
23 227 4
23 359 71
23 302 56
23 307 11
23 245 20
23 294 1
23 421 6
23 248 61
24 291 11
24 420 24
24 337 12
24 255 99
24 305 8
24 444 40
24 385 49
24 363 36
24 240 69
24 247 59
24 290 18
24 312 22
25 412 24
25 290 76
25 323 67
25 395 68
25 233 27
25 319 4
25 342 18
25 274 38
25 232 69
25 435 44
25 349 37
26 245 13
26 309 98
26 286 96
26 323 63
26 339 1
26 419 95
27 328 51
28 335 89
28 402 24
28 406 63
28 338 46
28 409 6
28 413 24
28 299 86
28 269 5
28 258 7
29 370 15
29 360 71
29 423 97
29 335 34
29 240 74
29 336 83
29 294 48
29 284 23
30 351 27
30 336 4
30 281 88
30 429 84
30 433 17
30 401 82
30 282 67
31 322 92
31 263 67
31 346 87
31 273 98
31 283 2
31 429 12
31 247 76
31 299 49
31 333 40
31 361 19
32 268 69
32 350 94
32 265 59
32 227 78
33 318 71
33 423 44
33 384 81
33 267 22
33 419 97
33 268 3
33 431 67
33 357 71
33 349 10
33 422 62
33 242 30
33 276 51
33 418 73
34 382 36
34 349 96
34 279 7
34 422 67
34 229 73
34 357 41
34 290 95
34 310 53
34 375 38
34 398 36
34 258 87
34 352 4
34 420 95
34 237 38
35 419 23
35 308 57
36 307 16
36 333 5
36 232 88
36 240 88
36 238 45
36 382 56
36 276 59
37 360 8
37 379 62
37 230 19
37 228 79
37 246 1
37 359 21
38 343 58
38 363 25
38 294 69
38 287 51
38 442 38
38 284 41
38 251 52
38 336 33
38 231 51
38 313 96
38 384 54
38 361 63
39 252 25
40 374 33
40 336 9
40 355 94
40 414 19
40 307 2
40 409 64
40 364 44
40 334 15
40 341 93
41 397 58
41 278 42
41 374 62
41 375 29
41 367 79
41 393 37
41 235 99
41 437 5
41 255 54
41 338 61
42 348 95
42 243 33
42 334 80
42 246 11
42 305 19
42 341 53
42 231 58
43 443 97
43 360 70
43 265 25
43 272 64
43 242 9
43 228 34
43 339 26
43 318 21
43 276 24
43 275 51
44 423 14
44 252 44
44 398 17
44 364 15
44 268 56
44 229 7
44 321 64
44 405 67
44 308 27
44 365 88
44 372 9
44 369 61
44 358 16
45 248 33
45 315 47
46 391 42
46 225 93
47 356 68
47 409 92
47 342 52
47 231 97
47 354 75
48 355 65
49 251 44
49 298 67
49 403 74
49 385 89
49 277 30
49 360 49
49 290 9
49 395 36
49 324 9
49 289 56
50 428 85
50 380 86
51 227 60
51 293 38
51 435 46
51 287 39
51 358 26
51 442 17
51 424 44
51 247 91
51 297 64
51 330 49
52 355 36
52 290 55
52 288 91
52 278 18
53 358 67
53 444 41
53 411 57
53 258 28
53 280 71
53 290 54
53 414 38
53 429 78
53 369 73
54 399 48
54 298 82
54 435 17
54 398 35
54 374 18
54 241 19
54 356 52
54 433 1
54 404 5
54 272 30
54 240 47
54 290 86
54 315 4
54 357 48
54 391 30
55 223 66
56 334 36
56 366 54
56 292 83
56 224 2
56 340 95
57 376 32
57 240 19
57 239 98
57 344 12
57 309 82
57 381 67
57 324 79
57 229 80
57 363 85
57 359 32
57 266 49
57 348 81
57 256 65
58 401 97
58 254 56
58 444 10
58 302 82
58 328 26
58 228 73
58 337 12
58 291 48
58 352 31
59 312 25
59 276 45
59 290 31
59 341 63
60 225 92
60 374 28
60 397 62
60 402 36
60 244 1
60 245 54
60 356 77
61 234 77
62 246 17
62 392 63
62 234 18
62 371 23
62 401 36
62 314 51
62 265 73
62 415 21
62 324 20
63 303 98
63 367 97
63 434 5
63 341 39
63 334 50
63 299 73
63 307 57
63 333 54
64 254 28
64 256 10
64 314 89
64 427 47
64 357 1
64 361 94
64 429 54
64 390 81
64 234 19
64 321 74
64 267 51
64 252 18
65 401 50
65 305 31
65 281 94
65 326 5
65 364 87
65 395 81
65 407 92
65 270 91
65 410 60
65 225 89
65 236 23
65 302 38
65 385 27
65 279 11
66 389 26
66 382 47
66 246 27
66 261 25
66 424 43
67 376 55
67 409 6
67 321 81
67 233 72
67 417 44
67 223 87
67 319 30
68 226 16
68 294 69
68 274 64
68 380 41
68 256 18
68 258 76
68 275 23
68 418 3
68 388 70
68 382 68
68 223 4
68 429 1
68 395 52
69 425 68
69 344 80
69 281 65
69 267 94
69 258 39
69 322 87
69 290 51
69 383 21
69 243 89
70 230 68
70 311 8
70 373 55
70 316 94
70 227 32
70 353 96
70 423 13
70 407 68
70 396 58
70 346 50
70 376 17
70 406 57
70 366 66
70 351 24
71 238 28
71 416 19
72 309 71
72 261 46
72 440 16
72 362 24
72 250 41
72 429 58
72 422 43
72 397 26
72 372 72
72 409 75
72 441 74
72 336 40
72 287 87
72 273 34
72 284 57
73 390 37
73 330 10
73 404 26
73 413 2
73 257 57
73 261 86
73 256 24
73 271 45
73 387 26
74 359 90
74 360 2
74 237 10
74 306 54
74 318 83
74 389 94
74 379 3
74 396 57
74 235 37
74 394 75
74 345 67
75 250 42
75 401 35
75 273 96
75 442 48
75 399 10
75 233 64
75 342 29
75 325 22
76 439 56
76 406 23
76 357 72
76 279 80
76 226 25
76 404 93
76 350 80
76 223 48
77 308 40
77 380 22
77 263 71
77 260 32
77 234 48
77 394 2
77 357 90
78 342 34
78 339 39
79 360 49
79 441 88
79 429 43
79 295 78
79 386 73
79 301 17
79 353 3
79 263 13
80 261 67
80 267 15
80 391 2
80 259 14
80 365 78
80 399 91
81 250 92
81 314 58
81 430 3
81 252 88
81 396 4
81 273 18
81 303 22
82 396 85
82 431 61
82 363 3
83 270 47
83 264 62
83 436 36
84 431 66
84 236 44
84 302 20
84 410 41
84 372 45
84 428 62
84 285 9
84 325 60
84 441 75
84 404 85
84 328 43
84 275 83
84 263 7
84 434 69
84 227 68
85 280 58
85 292 78
85 330 79
85 371 34
85 357 62
85 310 31
85 381 78
85 309 74
86 392 46
86 344 13
86 399 86
86 382 16
86 314 18
86 438 64
86 260 28
86 269 40
86 268 32
86 405 11
87 286 81
87 434 37
88 266 68
88 252 48
88 327 74
88 255 56
88 436 51
88 390 69
88 251 31
88 441 17
88 407 72
88 427 59
88 246 6
88 426 96
89 379 48
89 288 53
89 309 28
89 343 83
89 300 24
89 437 13
89 272 1
89 425 5
89 307 87
89 330 70
89 387 73
89 350 28
89 411 58
89 291 46
90 440 91
91 426 96
91 276 48
92 339 46
92 286 12
92 342 72
92 252 26
92 277 33
93 363 99
93 332 10
93 395 4
93 382 24
93 417 82
93 359 92
93 238 99
93 325 62
93 426 3
93 403 86
93 284 8
94 293 90
94 384 67
94 417 64
94 403 37
94 366 45
94 385 17
94 349 19
94 247 11
94 322 76
94 245 49
94 223 98
94 378 74
95 415 47
96 306 97
96 315 5
96 390 78
96 280 35
96 289 68
96 355 26
96 297 48
96 384 33
96 252 71
96 370 16
97 251 54
97 241 18
97 396 79
97 410 99
97 246 31
97 260 8
97 412 6
97 257 26
97 428 68
97 351 86
98 327 20
98 421 68
98 312 79
98 372 27
98 364 59
98 264 4
98 309 29
98 395 92
98 226 62
98 415 50
99 418 84
99 377 2
99 233 36
99 258 57
99 345 27
99 440 77
99 441 15
99 444 65
99 387 93
99 256 76
99 230 39
100 331 74
100 296 19
100 357 52
100 443 11
100 408 20
100 410 65
100 411 17
100 432 88
100 230 3
100 383 70
101 414 23
101 412 31
101 361 87
101 435 27
101 256 29
101 298 26
101 302 51
101 367 75
101 388 65
101 307 96
101 268 55
101 242 71
101 400 22
101 432 32
101 359 52
102 444 81
102 431 23
102 351 73
102 424 53
102 294 93
102 413 41
102 401 33
102 264 91
102 291 47
102 311 46
102 260 50
102 227 27
103 411 16
103 438 40
103 245 38
103 289 13
103 378 5
103 301 60
103 267 79
103 408 61
103 369 71
103 308 49
103 333 30
103 287 97
103 271 52
104 277 63
104 402 89
104 233 28
104 271 79
104 438 84
105 223 4
105 323 97
105 403 21
105 361 58
105 234 38
105 320 43
105 367 43
105 349 36
105 431 10
105 315 30
105 329 90
105 383 39
106 301 40
106 248 81
106 377 79
106 366 98
106 426 35
106 338 35
106 399 27
106 246 84
106 427 50
107 405 11
107 349 42
107 353 70
107 422 81
107 237 33
107 394 92
107 300 76
107 383 1
108 260 30
108 401 51
108 310 5
109 328 13
109 289 62
109 367 42
110 344 53
110 282 7
110 382 57
110 438 2
110 227 95
110 348 69
110 365 69
110 429 51
110 251 49
110 247 71
110 312 32
110 290 9
110 323 49
110 235 19
111 340 53
111 287 29
111 400 55
111 319 2
111 326 94
111 342 35
111 353 92
111 354 55
111 377 51
111 285 77
111 346 6
111 394 50
111 436 67
112 272 35
112 300 79
112 282 79
112 356 85
112 278 27
112 409 77
112 267 39
112 346 26
112 401 92
112 223 77
112 432 33
112 438 31
112 430 16
112 370 80
112 433 60
113 388 93
113 248 98
113 424 50
113 414 25
113 415 44
113 373 57
114 307 48
114 436 2
114 326 96
115 283 3
115 387 18
116 415 28
117 260 50
117 420 98
117 234 56
117 231 80
117 412 96
117 402 46
117 236 2
117 296 35
117 386 71
117 444 70
117 318 85
117 338 6
117 348 31
117 367 11
117 253 92
118 284 60
118 342 51
118 321 22
118 415 70
118 244 79
118 243 54
118 343 32
118 330 62
118 240 52
118 272 28
119 305 81
119 239 6
119 285 11
119 236 86
119 444 78
120 223 82
120 393 82
121 421 9
121 307 50
121 291 88
121 410 28
121 341 37
121 251 97
121 374 37
121 319 84
121 370 14
121 403 46
122 330 89
122 443 23
122 267 14
122 348 44
122 223 93
123 239 34
123 299 65
123 349 87
123 435 51
123 362 74
123 338 33
123 376 38
123 280 73
123 324 18
123 430 37
123 319 5
123 321 53
123 348 16
123 419 40
124 389 91
124 422 49
124 366 93
124 253 87
124 227 3
124 347 96
125 414 81
125 233 22
125 315 64
125 313 24
125 440 53
125 231 85
125 353 85
125 286 66
125 413 9
125 318 43
125 239 39
125 251 38
125 376 83
125 294 87
126 281 72
126 397 45
126 257 98
126 284 28
126 372 9
126 388 50
126 223 71
127 278 76
127 316 71
127 438 91
127 385 33
128 346 45
128 318 22
129 291 44
129 248 22
129 330 97
129 339 95
129 343 35
129 272 12
129 342 48
129 367 13
129 371 12
129 260 1
129 239 64
129 223 97
129 305 89
129 319 47
129 265 72
130 318 64
130 329 75
130 307 97
130 300 66
130 414 69
130 286 28
130 287 68
130 249 46
130 232 50
130 266 66
130 258 79
130 346 52
130 237 26
130 412 5
130 265 51
131 223 73
131 243 91
131 404 9
131 351 63
131 432 42
132 418 44
132 232 12
132 278 47
132 334 5
132 358 27
132 335 36
132 371 75
132 223 61
132 411 45
132 404 35
132 274 30
132 231 19
133 359 4
133 261 98
133 240 12
133 248 95
133 228 94
134 304 66
134 329 76
134 299 93
134 236 76
134 440 76
134 353 47
134 403 30
134 439 55
134 394 59
134 223 22
134 285 8
134 359 60
135 362 28
135 355 72
135 298 89
135 245 26
135 303 6
135 373 29
135 397 53
135 322 28
135 232 92
135 300 40
135 299 33
135 295 52
135 229 8
135 345 2
135 351 15
136 427 36
136 439 61
137 390 48
137 351 27
137 294 92
137 342 55
137 440 78
137 282 26
137 426 33
137 399 70
137 340 65
137 422 68
137 444 64
137 348 17
138 359 49
138 234 67
138 373 14
138 226 67
139 440 1
139 390 18
139 300 62
139 231 41
139 426 92
139 319 98
139 443 70
139 382 59
139 368 68
139 346 2
139 281 27
139 311 43
139 365 41
140 290 69
140 405 74
141 313 32
141 291 94
141 236 93
141 303 11
141 407 94
141 321 16
141 418 6
141 279 49
141 344 47
141 232 57
141 396 56
141 254 40
141 381 61
142 417 88
142 347 11
142 287 44
142 432 72
142 271 20
142 322 85
142 381 7
142 370 84
142 419 53
142 343 95
142 280 69
142 359 50
142 303 57
142 341 33
142 252 87
143 427 77
143 281 98
143 307 90
143 390 29
144 304 96
144 435 93
144 328 33
144 255 23
144 292 55
144 326 57
144 397 19
144 305 52
144 310 94
144 269 69
145 432 16
145 351 84
145 309 36
145 408 59
145 300 10
145 253 71
145 241 57
145 306 58
145 255 54
146 317 23
146 337 56
146 245 62
146 271 90
146 241 79
146 300 98
146 249 25
146 288 61
146 250 38
146 338 82
146 392 18
146 435 71
147 335 48
147 357 67
147 404 28
147 399 44
147 424 67
147 440 56
148 287 87
148 331 88
148 297 16
148 373 1
148 372 34
148 397 12
148 255 16
148 289 38
148 423 12
148 396 33
148 262 91
148 224 48
148 358 62
148 422 30
149 320 20
149 305 45
149 429 67
149 274 72
149 249 34
149 370 3
149 240 53
149 282 25
149 375 31
149 404 95
149 441 81
149 276 69
149 418 77
149 341 97
150 261 67
150 310 18
150 271 9
150 323 15
150 430 42
150 263 16
151 344 69
151 288 69
151 267 39
151 405 23
151 309 23
151 298 50
151 299 75
152 300 42
152 320 87
152 348 91
152 259 70
152 321 89
152 414 20
152 373 88
152 413 51
152 281 4
152 270 99
152 271 55
152 366 10
153 375 65
153 343 3
153 281 63
153 237 58
153 305 20
153 319 20
153 223 64
153 358 35
153 310 18
153 322 70
153 224 93
153 279 25
153 433 76
154 430 7
154 427 47
154 409 60
154 375 51
154 429 7
154 299 44
155 364 50
156 293 83
156 237 28
156 242 11
156 329 37
156 333 39
156 342 26
156 434 91
156 275 49
156 382 88
156 347 46
156 413 63
156 390 18
157 390 53
157 227 6
157 423 76
157 298 13
157 255 7
157 435 12
157 443 19
157 346 4
157 424 58
157 333 15
157 329 57
157 388 71
157 431 93
157 316 66
157 339 93
158 289 83
158 401 73
158 234 28
158 387 1
158 432 97
159 285 55
160 335 5
160 238 26
160 320 37
160 269 92
160 287 27
160 382 19
160 309 93
160 339 28
160 263 15
160 440 47
160 241 71
160 371 8
160 228 76
160 224 72
160 425 71
161 402 30
161 392 34
161 257 54
161 354 39
161 223 87
161 390 41
161 356 91
161 340 69
161 380 70
161 317 39
161 276 43
162 402 73
162 225 32
162 443 9
162 390 76
162 386 61
162 434 46
162 408 66
162 239 62
162 337 48
162 397 79
162 281 39
162 265 21
163 434 79
163 348 92
164 298 25
164 413 76
164 282 44
164 288 68
164 420 86
164 304 64
164 429 18
164 263 94
164 410 23
164 376 53
164 434 39
164 389 73
164 327 62
164 425 10
164 333 15
165 329 13
165 364 57
165 381 67
165 260 53
165 441 83
165 296 46
165 430 62
165 239 19
165 409 39
165 259 86
165 228 26
165 333 41
166 331 15
166 233 24
166 265 91
166 365 90
166 412 14
166 257 74
166 433 46
166 415 63
166 320 65
166 240 48
166 403 1
166 424 84
166 232 74
166 444 26
167 357 78
167 356 9
168 311 56
168 381 37
168 327 87
168 276 83
168 310 56
169 224 48
169 428 36
169 266 22
169 250 72
169 233 67
169 267 95
169 424 47
169 374 63
169 418 57
169 268 6
169 423 82
169 347 60
169 406 23
169 383 4
169 365 71
170 340 32
170 393 62
170 283 26
170 242 98
170 261 16
170 316 47
170 420 49
170 239 65
170 275 57
170 348 83
171 244 78
171 279 58
171 227 67
171 402 53
171 399 62
171 372 2
171 263 98
171 429 42
171 436 84
171 406 66
171 404 88
171 275 70
172 252 19
172 229 46
172 409 79
173 339 99
173 395 99
174 365 8
174 376 43
174 263 19
174 378 24
174 437 52
174 291 23
174 400 8
174 353 77
174 230 94
174 250 11
174 403 88
174 364 68
174 259 10
175 362 98
175 264 70
175 243 65
175 392 89
175 257 89
175 342 38
175 381 79
175 388 10
175 379 95
176 230 4
176 425 83
176 231 18
176 309 39
176 234 37
176 439 83
176 347 62
176 324 44
176 374 79
176 244 20
176 313 17
176 238 47
176 293 42
176 410 23
176 331 39
177 355 59
177 421 27
177 409 35
177 398 60
177 223 75
177 356 68
177 224 91
177 344 11
177 312 74
177 367 75
177 391 68
177 361 18
177 299 5
178 432 30
178 328 57
178 388 41
178 429 20
178 310 89
178 391 13
178 266 40
178 440 35
178 255 6
178 327 13
178 302 86
178 435 24
178 238 16
178 262 50
179 415 32
179 277 68
179 284 52
179 285 62
179 431 57
179 404 48
179 424 27
179 426 30
179 433 62
180 423 3
180 332 19
180 442 35
180 312 27
180 438 12
180 401 73
180 408 44
181 260 63
181 325 69
181 354 65
181 349 57
181 426 14
181 244 22
182 312 79
182 425 96
183 293 57
183 366 29
183 431 83
183 305 4
183 410 53
183 396 14
183 391 49
183 330 37
183 298 60
183 312 18
184 231 59
184 347 43
185 332 22
185 331 13
185 282 11
185 268 70
185 351 78
185 261 99
185 371 95
185 339 38
185 359 1
185 423 55
185 381 86
185 436 28
186 296 61
186 263 62
186 260 50
186 342 18
186 424 58
187 355 59
187 290 36
187 398 10
187 437 88
188 254 55
188 360 6
189 294 29
189 332 65
189 431 23
189 236 76
190 230 48
190 395 53
190 316 82
190 357 74
190 410 9
190 266 53
190 296 31
191 367 22
191 250 51
191 229 58
191 231 95
191 368 79
191 419 15
191 330 27
191 317 41
192 261 96
192 414 2
192 268 43
192 405 55
192 436 43
193 378 91
193 339 64
193 255 32
193 237 78
193 436 2
193 435 81
193 300 50
193 229 54
194 410 67
194 287 8
194 429 82
194 338 6
194 425 55
194 350 23
194 295 47
194 299 84
194 376 18
194 433 81
195 392 77
195 429 75
195 326 31
196 252 40
196 398 98
196 227 59
196 293 63
197 412 80
197 356 22
198 285 82
198 382 48
199 377 59
199 252 4
200 348 86
200 290 10
200 243 80
200 300 85
200 265 84
200 304 22
201 437 5
201 337 73
201 384 27
201 410 3
201 338 77
201 362 55
201 251 44
201 226 75
201 291 90
201 431 24
201 354 91
201 374 80
201 402 57
201 407 78
201 260 21
202 380 65
202 356 80
202 442 12
202 375 52
202 413 66
203 265 73
203 332 15
203 363 22
203 269 60
204 251 67
204 366 7
204 243 8
204 314 4
205 245 96
205 289 95
205 260 75
205 284 38
205 287 62
205 328 63
205 345 13
205 273 9
205 327 51
205 235 72
205 438 54
205 396 84
206 225 55
206 294 83
206 343 72
206 310 56
206 439 31
206 307 3
206 389 90
206 268 81
207 245 82
207 384 21
207 295 29
207 274 68
207 270 34
207 291 19
207 318 49
207 444 90
207 305 51
207 271 67
207 340 35
208 352 70
208 335 48
208 369 40
208 420 79
208 231 94
208 275 48
208 233 53
208 392 18
208 270 93
208 400 65
208 282 13
208 314 14
208 223 9
209 420 58
209 369 67
209 385 11
209 372 89
209 380 42
209 370 65
209 340 29
209 316 65
209 267 16
209 321 27
210 236 22
210 281 75
210 277 67
210 399 7
210 328 5
210 375 44
210 390 15
210 278 23
210 363 57
210 317 84
210 404 37
210 418 83
210 335 37
210 431 15
210 254 5
211 321 78
211 325 9
211 289 77
211 324 84
211 425 97
211 274 16
211 353 70
211 316 8
211 393 20
211 281 11
211 378 66
212 415 8
212 295 60
212 258 48
212 290 86
212 271 38
212 431 70
212 440 55
212 439 21
213 437 19
213 387 4
213 248 27
213 337 42
213 258 49
213 305 74
213 266 79
213 238 42
213 396 56
213 273 30
213 385 71
213 349 74
213 436 30
214 436 96
214 423 84
215 231 64
215 406 57
215 372 52
215 405 81
215 229 19
215 269 12
215 442 51
215 277 68
215 308 48
215 290 95
215 282 39
215 336 37
215 369 55
215 348 75
215 436 70
216 421 46
216 329 67
216 382 28
217 432 17
217 390 96
217 413 2
218 300 51
218 441 67
218 231 29
218 437 11
218 431 18
218 423 73
219 266 15
219 312 77
219 275 48
219 423 37
220 290 36
220 440 12
220 430 75
221 251 83
221 283 30
221 394 86
221 238 88
221 428 37
221 347 10
221 250 67
221 370 36
222 238 79
222 358 46
222 276 11
222 382 37
222 231 25
222 285 67
222 438 85
