17
0 INF 5 5 8 7 8 0 9 6 9 5 9 8 6 7 9 
9 0 9 INF 9 5 8 8 5 6 INF 5 7 5 INF 5 6 
8 8 0 8 7 8 5 9 7 INF 6 5 6 9 9 7 8 
INF 9 8 0 6 7 9 5 INF 5 6 9 7 9 6 6 6 
6 9 7 8 0 9 7 7 5 INF INF 7 7 INF 9 8 6 
5 5 5 7 9 0 6 -4 6 6 8 8 9 5 5 9 6 
INF INF 7 7 8 6 0 6 INF 7 7 5 8 7 5 5 9 
7 7 6 5 5 7 6 0 5 8 5 6 6 7 8 6 6 
7 7 9 INF INF 6 2 INF 0 9 5 7 INF 7 6 7 8 
7 7 9 8 INF 8 7 8 8 0 8 6 9 9 8 5 6 
6 5 6 9 5 7 5 1 8 5 0 8 8 INF 6 5 5 
5 INF 6 9 7 INF INF 1 5 6 6 0 6 6 6 6 8 
INF 9 9 6 5 7 5 -4 INF 8 5 8 0 5 5 8 9 
5 7 7 5 INF 6 5 8 6 8 9 6 -3 0 5 5 5 
5 5 INF 6 9 6 8 8 INF 9 INF 8 5 8 0 6 6 
8 5 8 7 8 9 5 7 8 INF -1 7 9 7 9 0 8 
7 7 6 9 5 9 5 6 9 8 7 9 6 7 7 7 0 
