23
0 6 7 INF 9 5 6 9 INF 5 8 5 INF 8 7 8 9 6 5 5 8 7 -2 
6 0 7 8 5 7 5 5 8 6 INF 9 9 7 5 8 6 5 9 9 5 5 7 
6 INF 0 7 6 INF 6 9 8 9 5 5 9 5 7 7 8 8 9 5 5 5 8 
7 5 -1 0 7 8 7 6 5 5 9 9 5 8 -2 9 8 7 8 6 9 9 5 
5 6 5 9 0 5 8 INF 5 7 8 9 5 INF 9 7 INF 9 8 7 -4 5 6 
8 9 9 6 5 0 7 9 5 INF 6 INF 5 9 6 9 6 9 5 8 7 5 7 
8 7 5 9 9 5 0 5 9 8 8 6 9 5 5 INF 7 8 9 -3 7 9 6 
6 INF 8 9 7 8 INF 0 7 6 5 8 INF 5 6 9 5 9 INF INF 5 7 9 
INF 7 9 6 6 INF 9 9 0 INF 6 8 8 9 5 6 5 9 -3 8 7 6 6 
INF 5 9 5 7 7 8 8 7 0 7 9 8 7 6 6 INF 8 7 5 8 9 6 
9 8 9 8 INF 8 8 9 INF 8 0 5 8 5 5 7 9 7 7 8 6 5 9 
6 6 5 5 5 2 9 8 6 8 6 0 8 5 -5 9 6 8 -4 9 6 8 INF 
1 7 5 8 6 5 6 -2 9 6 INF 5 0 5 9 5 6 -5 9 9 9 7 5 
9 6 6 5 9 6 5 5 8 8 6 8 INF 0 9 7 7 6 5 6 8 9 7 
9 6 9 8 9 5 6 7 8 5 7 INF 8 -3 0 INF 9 6 9 7 6 5 7 
8 7 6 9 9 8 9 6 8 5 6 INF INF 7 5 0 6 7 5 8 7 5 9 
-3 6 5 9 7 5 7 6 6 8 8 7 6 8 7 9 0 9 7 6 5 5 9 
9 5 6 5 5 6 8 8 8 5 INF 5 8 6 6 INF 9 0 9 5 5 5 5 
9 6 8 INF 8 8 5 5 9 8 INF 5 5 5 7 9 8 9 0 8 5 5 4 
8 8 5 7 7 7 5 6 7 5 8 6 6 6 8 7 6 9 5 0 9 6 5 
7 INF 7 9 6 6 6 7 6 8 6 8 5 7 -5 7 6 9 8 8 0 9 5 
7 6 5 5 8 INF 7 5 8 9 INF 7 7 9 6 7 6 8 8 6 INF 0 8 
5 9 6 6 7 6 5 5 9 9 9 9 9 INF 6 8 6 6 9 5 6 8 0 
