17
0 6 8 6 7 7 9 5 8 8 9 6 INF -1 7 7 5 
9 0 7 5 8 7 5 9 7 8 INF 9 8 5 6 7 INF 
9 9 0 8 7 7 6 6 9 5 9 5 5 9 5 INF 8 
9 9 7 0 INF 9 8 5 7 6 9 6 9 6 8 2 6 
9 8 8 6 0 7 9 8 9 7 8 INF 6 5 8 7 7 
7 8 5 8 9 0 6 8 8 6 8 6 7 8 INF 7 5 
8 8 9 8 5 9 0 5 8 8 INF 5 6 9 9 9 INF 
8 7 9 9 9 9 5 0 INF INF 6 8 5 5 7 INF 8 
8 6 INF 8 5 9 8 -3 0 5 8 6 7 8 9 5 9 
7 8 9 INF 9 7 8 INF 7 0 6 7 8 8 5 8 5 
7 9 8 8 6 7 8 9 8 9 0 9 6 5 9 5 5 
7 5 8 5 INF 8 8 5 9 7 6 0 8 8 9 7 8 
6 8 8 7 7 7 8 5 6 8 8 9 0 9 8 8 8 
9 5 6 9 5 8 7 6 6 5 8 INF 7 0 7 7 9 
8 8 8 7 9 7 9 5 9 6 9 6 INF 8 0 5 6 
6 6 8 9 8 8 7 6 9 INF 5 5 7 4 9 0 6 
7 8 7 8 7 5 8 7 7 INF 6 6 8 9 7 7 0 
