19
0 7 6 5 5 9 9 8 7 6 5 6 6 8 5 INF 5 6 6 
6 0 8 7 6 5 9 5 6 5 6 9 7 6 7 9 INF 9 INF 
6 6 0 7 8 5 9 6 7 9 5 8 5 6 6 7 -1 5 8 
9 7 INF 0 9 8 9 9 INF 9 5 8 5 -4 9 7 7 8 5 
9 INF 7 7 0 9 9 8 5 6 9 INF 6 8 7 7 5 8 7 
4 7 8 9 9 0 5 5 6 6 8 9 8 INF INF INF 6 5 7 
6 5 8 7 8 8 0 INF 5 6 7 8 6 7 8 4 9 9 8 
9 5 5 INF 7 9 5 0 9 9 9 5 7 9 INF 9 INF 6 5 
7 7 9 3 6 8 9 7 0 9 5 6 7 9 6 7 7 8 INF 
7 INF 8 6 8 5 5 6 5 0 6 6 6 8 -4 9 9 6 8 
9 9 8 INF -2 7 7 5 7 7 0 INF 6 8 6 7 6 9 7 
6 INF 6 7 7 8 0 7 5 6 6 0 8 INF 7 6 5 6 8 
INF 8 8 INF 9 8 8 5 7 8 INF 7 0 INF 8 7 5 6 7 
INF 5 8 9 7 6 5 6 5 5 7 5 6 0 6 6 INF 6 7 
7 5 5 5 INF 5 7 8 8 9 8 5 6 9 0 5 7 8 6 
7 6 5 8 7 5 8 8 9 6 9 8 0 7 5 0 5 9 INF 
9 9 8 8 6 7 5 6 8 7 6 6 7 7 0 7 0 6 9 
7 7 6 5 6 7 6 8 5 8 9 INF -3 8 7 7 5 0 8 
9 5 6 7 8 5 9 INF 7 6 6 7 6 7 7 8 8 8 0 
