000000040000000009000000377
000000033000000024000000279
000000007000000045000000001
000000039000000001000000777
000000025000000009000000546
000000002000000046000000357
000000026000000045000000460
000000040000000026000000953
000000046000000004000000761
000000037000000023000000064
000000021000000014000000623
000000034000000022000000332
000000002000000005000000184
000000008000000041000000253
000000011000000045000000213
000000046000000019000000748
000000042000000003000000905
000000034000000016000000661
000000038000000049000000656
000000021000000036000000410
000000025000000019000000436
000000046000000018000000733
000000007000000040000000742
000000010000000000000000823
000000008000000017000000084
000000010000000029000000627
000000037000000049000000692
000000000000000044000000403
000000007000000036000000972
000000048000000046000000464
000000033000000031000000371
000000038000000032000000438
000000040000000014000000540
000000024000000039000000572
000000000000000031000000067
000000004000000026000000964
000000028000000027000000398
000000001000000034000000749
000000035000000025000000492
000000001000000038000000638
000000038000000009000000891
000000013000000026000000376
000000022000000019000000697
000000032000000019000000307
000000004000000013000000206
000000006000000000000000263
000000016000000003000000196
000000000000000019000000366
000000003000000032000000946
000000031000000002000000154
000000047000000039000000507
000000045000000035000000593
000000034000000036000000097
000000034000000031000000128
000000013000000046000000169
000000004000000047000000422
000000027000000029000000498
000000011000000034000000703
000000022000000037000000806
000000026000000010000000893
000000021000000041000000342
000000027000000035000000606
000000040000000009000000541
000000030000000022000000280
000000008000000032000000446
000000003000000037000000455
000000009000000048000000704
000000026000000003000000460
000000032000000035000000088
000000040000000022000000966
000000039000000007000000514
000000010000000013000000800
000000039000000036000000230
000000028000000014000000755
000000044000000046000000157
000000010000000003000000051
000000012000000018000000013
000000017000000016000000238
000000009000000045000000751
000000044000000044000000985
000000025000000049000000726
000000028000000041000000286
000000038000000048000000385
000000032000000014000000016
000000011000000031000000685
000000047000000032000000149
000000015000000021000000653
000000001000000027000000086
000000047000000021000000826
000000013000000000000000357
000000002000000045000000836
000000012000000002000000294
000000001000000015000000106
000000043000000022000000100
000000033000000030000000092
000000049000000006000000694
000000027000000011000000261
000000030000000028000000451
000000016000000024000000451
000000032000000031000000389
000000022000000024000000948
000000001000000029000000379
000000008000000049000000591
000000019000000046000000339
000000002000000021000000985
000000027000000018000000932
000000049000000047000000311
000000006000000036000000774
000000004000000022000000325
000000019000000045000000561
000000042000000019000000684
000000035000000020000000962
000000007000000031000000017
000000035000000040000000144
000000005000000007000000319
000000046000000027000000146
000000023000000038000000111
000000025000000032000000665
000000003000000016000000765
000000008000000046000000151
000000002000000039000000071
000000001000000027000000532
000000032000000016000000021
000000001000000020000000733
000000045000000014000000140
000000008000000001000000565
000000022000000008000000886
000000008000000046000000132
000000022000000016000000741
000000000000000031000000084
000000009000000048000000706
000000043000000032000000023
000000003000000003000000610
000000039000000013000000233
000000006000000022000000378
000000018000000030000000366
000000026000000045000000299
000000009000000035000000757
000000013000000043000000874
000000046000000028000000226
000000039000000031000000690
000000046000000041000000425
000000001000000002000000621
000000005000000004000000955
000000047000000033000000905
000000032000000002000000478
000000037000000003000000722
000000018000000024000000725
000000039000000049000000259
000000047000000030000000784
000000007000000006000000495
000000019000000049000000634
000000027000000009000000616
000000047000000017000000551
000000037000000020000000819
000000017000000012000000050
000000042000000030000000821
000000019000000009000000505
000000025000000020000000140
000000048000000007000000828
000000008000000003000000450
000000041000000048000000958
000000023000000028000000673
000000013000000005000000865
000000043000000039000000722
000000008000000031000000086
000000045000000022000000752
000000010000000004000000989
000000048000000037000000949
000000049000000043000000580
000000024000000028000000037
000000039000000039000000274
000000005000000045000000440
000000043000000044000000674
000000018000000028000000501
000000047000000026000000386
000000039000000016000000785
000000002000000002000000711
000000003000000047000000979
000000023000000043000000217
000000000000000023000000690
000000004000000038000000532
000000041000000003000000014
000000022000000003000000723
000000032000000002000000556
000000003000000041000000517
000000024000000000000000217
000000028000000010000000546
000000039000000021000000520
000000016000000035000000829
000000014000000032000000035
000000011000000042000000414
000000049000000014000000802
000000048000000006000000462
000000018000000016000000263
000000003000000020000000013
000000007000000049000000127
000000023000000048000000865
000000000000000022000000265
000000007000000014000000339
