000000043000000021000000737
000000017000000040000000786
000000026000000032000000675
000000025000000009000000919
000000031000000024000000438
000000019000000026000000610
000000018000000033000000700
000000042000000031000000754
000000026000000005000000153
000000038000000031000000765
000000031000000005000000062
000000005000000047000000383
000000007000000014000000756
000000025000000011000000438
000000029000000023000000039
000000048000000006000000820
000000047000000004000000108
000000010000000009000000529
000000027000000001000000809
000000049000000041000000691
000000031000000038000000020
000000045000000044000000087
000000042000000026000000534
000000002000000012000000237
000000042000000043000000449
000000013000000012000000162
000000035000000027000000985
000000016000000040000000543
000000032000000020000000909
000000026000000027000000923
000000028000000008000000445
000000003000000043000000458
000000020000000034000000569
000000047000000005000000608
000000014000000045000000851
000000043000000018000000319
000000003000000014000000771
000000032000000013000000286
000000035000000015000000965
000000023000000012000000486
000000008000000016000000976
000000030000000024000000076
000000039000000039000000005
000000049000000042000000572
000000029000000038000000443
000000018000000002000000900
000000034000000039000000050
000000029000000022000000252
000000007000000046000000901
000000007000000017000000567
000000024000000047000000431
000000004000000038000000786
000000031000000033000000422
000000038000000003000000572
000000015000000004000000453
000000009000000002000000502
000000042000000016000000255
000000003000000039000000465
000000021000000029000000871
000000036000000022000000556
000000008000000031000000429
000000021000000024000000901
000000007000000025000000990
000000032000000037000000372
000000023000000045000000708
000000023000000013000000364
000000039000000047000000870
000000019000000015000000031
000000015000000021000000157
000000048000000032000000187
000000045000000045000000216
000000043000000030000000446
000000007000000043000000592
000000027000000002000000545
000000025000000009000000582
000000044000000029000000868
000000037000000047000000311
000000025000000046000000505
000000034000000038000000318
000000019000000006000000069
000000037000000008000000865
000000040000000037000000840
000000007000000030000000315
000000013000000016000000399
000000038000000012000000896
000000016000000044000000129
000000022000000021000000842
000000014000000010000000685
000000043000000020000000980
000000035000000008000000826
000000006000000037000000752
000000026000000040000000882
000000033000000035000000445
000000037000000036000000974
000000027000000024000000625
000000045000000036000000677
000000030000000018000000887
000000009000000047000000696
000000011000000022000000965
000000009000000046000000335
000000043000000022000000433
000000024000000006000000589
000000032000000012000000443
000000000000000032000000181
000000034000000035000000701
000000043000000036000000716
000000002000000048000000672
000000015000000005000000818
000000046000000046000000796
000000002000000014000000350
000000045000000024000000778
000000005000000044000000282
000000027000000003000000358
000000001000000013000000487
000000011000000029000000716
000000035000000025000000242
000000049000000017000000720
000000012000000006000000965
000000033000000027000000344
000000030000000027000000198
000000039000000029000000952
000000004000000004000000146
000000020000000028000000825
000000020000000016000000672
000000017000000001000000698
000000009000000003000000506
000000005000000011000000433
000000027000000003000000937
000000031000000033000000379
000000040000000022000000324
000000046000000046000000514
000000008000000012000000675
000000026000000007000000498
000000028000000015000000931
000000020000000028000000032
000000002000000044000000098
000000013000000023000000490
000000041000000025000000317
000000038000000011000000528
000000000000000023000000429
000000038000000029000000126
000000025000000024000000401
000000007000000009000000779
000000001000000032000000925
000000000000000026000000929
000000025000000006000000487
000000045000000029000000777
000000014000000027000000969
000000041000000004000000412
000000009000000019000000006
000000007000000025000000678
000000003000000040000000713
000000040000000045000000093
000000031000000044000000693
000000015000000012000000828
000000028000000041000000982
000000019000000013000000100
000000002000000005000000882
000000032000000024000000046
000000007000000033000000382
000000049000000047000000801
000000038000000043000000131
000000012000000046000000728
000000010000000034000000224
000000019000000013000000691
000000004000000048000000301
000000007000000013000000269
000000021000000040000000134
000000045000000005000000410
000000039000000020000000317
000000033000000032000000246
000000035000000032000000930
000000044000000027000000368
000000034000000015000000892
000000012000000008000000567
000000043000000032000000833
000000009000000028000000523
000000037000000000000000400
000000005000000027000000150
000000033000000043000000770
000000036000000022000000520
000000020000000027000000047
000000048000000034000000634
000000038000000009000000419
000000046000000022000000951
000000018000000008000000638
000000028000000001000000459
000000028000000030000000851
000000039000000046000000634
000000042000000029000000083
000000039000000011000000676
000000029000000048000000866
000000018000000042000000625
000000026000000044000000963
000000009000000021000000375
000000005000000040000000570
000000022000000036000000382
000000025000000005000000837
000000015000000007000000847
000000033000000030000000623
