000000003000000019000000350
000000045000000039000000813
000000006000000018000000820
000000002000000015000000734
000000006000000007000000060
000000000000000001000000011
000000028000000019000000460
000000012000000013000000651
000000010000000044000000818
000000010000000018000000509
000000031000000037000000111
000000013000000039000000026
000000020000000041000000257
000000006000000034000000409
000000018000000013000000967
000000001000000008000000591
000000006000000012000000277
000000021000000003000000314
000000043000000040000000108
000000034000000034000000901
000000049000000046000000989
000000015000000021000000546
000000031000000043000000346
000000001000000030000000203
000000037000000022000000686
000000002000000044000000017
000000034000000009000000714
000000011000000003000000124
000000011000000009000000689
000000039000000019000000980
000000045000000035000000135
000000017000000006000000770
000000020000000002000000836
000000021000000019000000296
000000012000000004000000650
000000003000000033000000614
000000031000000040000000934
000000004000000000000000502
000000009000000038000000854
000000043000000003000000229
000000042000000041000000476
000000018000000005000000888
000000003000000019000000327
000000045000000031000000835
000000009000000013000000787
000000020000000049000000975
000000023000000007000000525
000000003000000008000000578
000000002000000041000000697
000000031000000008000000359
000000045000000027000000970
000000030000000028000000573
000000041000000043000000980
000000038000000000000000277
000000014000000035000000186
000000004000000045000000751
000000035000000038000000786
000000043000000019000000920
000000035000000039000000657
000000044000000015000000291
000000009000000021000000230
000000048000000049000000080
000000043000000028000000698
000000010000000029000000103
000000049000000035000000153
000000012000000039000000456
000000019000000047000000914
000000047000000045000000400
000000028000000001000000161
000000002000000045000000783
000000045000000046000000560
000000034000000028000000570
000000002000000015000000714
000000005000000011000000340
000000002000000024000000171
000000034000000044000000680
000000038000000022000000993
000000010000000025000000372
000000018000000012000000518
000000041000000019000000961
000000045000000040000000668
000000045000000014000000676
000000027000000015000000143
000000029000000010000000468
000000037000000014000000714
000000028000000044000000418
000000011000000044000000156
000000024000000014000000449
000000039000000035000000416
000000009000000015000000325
000000002000000010000000925
000000037000000009000000418
000000033000000006000000202
000000024000000007000000578
000000026000000009000000253
000000026000000022000000221
000000032000000040000000353
000000004000000030000000506
000000040000000021000000533
000000010000000006000000584
000000013000000017000000991
000000040000000026000000986
000000027000000049000000098
000000014000000045000000754
000000010000000036000000747
000000028000000047000000097
000000009000000013000000255
000000009000000026000000512
000000048000000047000000614
000000020000000047000000750
000000044000000022000000013
000000030000000011000000788
000000029000000036000000656
000000013000000049000000470
000000006000000018000000898
000000029000000044000000866
000000037000000011000000494
000000021000000001000000861
000000016000000003000000821
000000024000000042000000577
000000018000000006000000043
000000017000000020000000453
000000037000000029000000502
000000047000000049000000224
000000022000000046000000283
000000039000000003000000172
000000030000000018000000071
000000037000000032000000719
000000012000000022000000426
000000007000000014000000168
000000048000000005000000875
000000003000000044000000857
000000021000000038000000948
000000022000000042000000283
000000018000000040000000237
000000013000000049000000096
000000028000000027000000995
000000032000000043000000470
000000025000000031000000465
000000016000000004000000963
000000001000000029000000313
000000016000000049000000885
000000017000000018000000036
000000021000000017000000294
000000011000000008000000518
000000039000000019000000858
000000024000000049000000451
000000016000000028000000741
000000008000000015000000240
000000020000000028000000268
000000019000000005000000687
000000049000000020000000267
000000048000000001000000809
000000017000000046000000635
000000002000000007000000189
000000035000000021000000698
000000047000000035000000244
000000030000000042000000105
000000025000000034000000017
000000028000000008000000675
000000032000000047000000789
000000038000000001000000252
000000030000000011000000749
000000012000000040000000353
000000002000000006000000063
000000040000000013000000422
000000027000000023000000890
000000027000000022000000854
000000001000000039000000264
000000029000000023000000723
000000012000000019000000867
000000006000000035000000981
000000042000000014000000117
000000046000000004000000189
000000047000000035000000900
000000044000000027000000709
000000002000000034000000423
000000029000000000000000691
000000039000000005000000489
000000046000000037000000249
000000049000000001000000766
000000001000000000000000420
000000024000000045000000428
000000004000000048000000981
000000015000000030000000377
000000035000000029000000752
000000047000000006000000228
000000027000000027000000775
000000015000000032000000381
000000008000000017000000599
000000024000000045000000546
000000043000000047000000070
000000021000000046000000700
000000024000000020000000642
000000014000000048000000727
000000022000000014000000402
000000015000000004000000513
000000036000000049000000611
000000001000000021000000484
000000049000000036000000345
