000000009000000001000000398
000000041000000006000000637
000000014000000020000000119
000000049000000037000000744
000000010000000045000000076
000000019000000028000000674
000000042000000005000000253
000000025000000011000000648
000000015000000016000000648
000000049000000021000000728
000000006000000006000000574
000000014000000017000000145
000000038000000009000000080
000000043000000020000000607
000000001000000016000000377
000000012000000020000000270
000000007000000029000000669
000000039000000033000000204
000000042000000034000000806
000000037000000025000000793
000000049000000015000000983
000000019000000042000000618
000000008000000045000000555
000000046000000031000000393
000000029000000048000000707
000000032000000023000000910
000000013000000003000000931
000000018000000041000000847
000000002000000017000000470
000000018000000022000000674
000000016000000000000000675
000000014000000044000000097
000000031000000031000000470
000000037000000004000000487
000000035000000010000000948
000000013000000009000000690
000000024000000010000000207
000000044000000023000000447
000000043000000030000000477
000000006000000016000000494
000000007000000039000000475
000000044000000029000000616
000000035000000015000000090
000000030000000001000000849
000000021000000025000000979
000000022000000033000000612
000000044000000039000000169
000000039000000043000000238
000000023000000022000000540
000000011000000021000000278
000000030000000024000000299
000000048000000030000000285
000000000000000041000000627
000000016000000027000000879
000000030000000044000000182
000000017000000022000000964
000000023000000020000000947
000000043000000011000000548
000000016000000018000000925
000000011000000020000000150
000000003000000024000000883
000000040000000049000000533
000000027000000023000000902
000000034000000021000000830
000000049000000028000000226
000000014000000008000000988
000000002000000005000000985
000000028000000037000000007
000000016000000037000000252
000000037000000032000000243
000000017000000038000000419
000000023000000012000000068
000000049000000039000000895
000000032000000040000000993
000000003000000038000000985
000000005000000044000000671
000000016000000001000000189
000000046000000009000000305
000000008000000025000000730
000000043000000024000000237
000000014000000039000000811
000000032000000016000000657
000000020000000025000000309
000000007000000014000000390
000000004000000020000000303
000000049000000025000000986
000000001000000010000000873
000000029000000021000000617
000000002000000021000000593
000000005000000015000000756
000000016000000005000000309
000000032000000018000000007
000000009000000020000000437
000000016000000035000000374
000000018000000008000000739
000000039000000042000000775
000000000000000008000000987
000000037000000042000000268
000000018000000035000000372
000000009000000030000000913
000000003000000014000000193
000000027000000041000000177
000000004000000021000000040
000000014000000040000000110
000000027000000034000000507
000000024000000010000000265
000000043000000012000000578
000000040000000005000000143
000000038000000029000000261
000000002000000014000000665
000000031000000049000000799
000000026000000013000000407
000000009000000040000000343
000000028000000035000000410
000000036000000035000000362
000000043000000009000000165
000000038000000043000000484
000000005000000015000000349
000000016000000012000000189
000000002000000039000000229
000000045000000001000000140
000000018000000033000000821
000000015000000001000000429
000000005000000015000000408
000000046000000015000000537
000000008000000004000000404
000000039000000044000000398
000000004000000013000000430
000000009000000026000000673
000000022000000009000000016
000000010000000006000000027
000000005000000032000000679
000000013000000018000000047
000000027000000028000000169
000000036000000033000000548
000000003000000009000000001
000000040000000008000000165
000000039000000013000000892
000000041000000040000000760
000000035000000009000000132
000000007000000043000000838
000000020000000044000000185
000000019000000040000000668
000000042000000044000000721
000000017000000012000000323
000000011000000018000000619
000000044000000005000000344
000000033000000031000000019
000000042000000021000000865
000000006000000014000000827
000000045000000028000000168
000000045000000019000000708
000000016000000016000000779
000000018000000034000000376
000000016000000047000000271
000000022000000021000000027
000000028000000030000000457
000000007000000041000000088
000000039000000023000000222
000000040000000028000000448
000000015000000012000000526
000000042000000046000000338
000000027000000022000000849
000000030000000044000000040
000000041000000025000000410
000000048000000016000000684
000000037000000020000000007
000000041000000028000000681
000000018000000038000000733
000000004000000006000000916
000000024000000025000000760
000000016000000002000000450
000000042000000024000000015
000000046000000044000000985
000000008000000047000000702
000000020000000015000000309
000000033000000040000000137
000000026000000003000000154
000000022000000024000000681
000000042000000023000000162
000000030000000023000000314
000000046000000006000000389
000000014000000025000000475
000000047000000005000000848
000000033000000040000000519
000000001000000033000000610
000000048000000047000000476
000000021000000020000000308
000000038000000047000000438
000000030000000044000000564
000000038000000000000000021
000000042000000016000000417
000000033000000012000000825
000000015000000006000000792
000000041000000035000000700
000000014000000043000000257
000000031000000021000000818
000000003000000043000000518
000000034000000008000000070
000000000000000007000000181
