000000022000000035000000130
000000012000000028000000838
000000023000000027000000681
000000039000000042000000132
000000009000000042000000790
000000030000000034000000496
000000045000000040000000911
000000040000000012000000041
000000006000000012000000023
000000018000000045000000971
000000026000000001000000469
000000028000000001000000868
000000048000000033000000974
000000045000000026000000076
000000004000000036000000836
000000044000000010000000032
000000028000000036000000745
000000045000000019000000578
000000013000000032000000455
000000004000000006000000310
000000040000000004000000627
000000035000000013000000810
000000033000000030000000835
000000046000000032000000016
000000026000000000000000298
000000041000000035000000525
000000010000000011000000042
000000049000000040000000189
000000011000000031000000642
000000044000000014000000377
000000020000000044000000545
000000033000000004000000432
000000022000000019000000458
000000001000000011000000597
000000009000000032000000080
000000036000000018000000383
000000014000000022000000928
000000046000000044000000902
000000013000000041000000280
000000021000000024000000641
000000008000000038000000325
000000022000000025000000764
000000023000000042000000921
000000043000000019000000332
000000003000000008000000994
000000022000000039000000162
000000005000000024000000244
000000012000000030000000848
000000022000000024000000997
000000032000000019000000265
000000007000000000000000903
000000040000000042000000464
000000013000000036000000138
000000015000000012000000524
000000023000000020000000053
000000029000000043000000707
000000045000000041000000028
000000005000000016000000985
000000019000000045000000161
000000023000000000000000027
000000038000000041000000460
000000032000000035000000379
000000021000000012000000318
000000026000000008000000058
000000001000000039000000238
000000035000000039000000197
000000039000000042000000621
000000014000000036000000572
000000011000000001000000679
000000045000000020000000950
000000015000000039000000728
000000005000000027000000431
000000003000000040000000700
000000033000000008000000612
000000019000000018000000652
000000048000000004000000536
000000037000000033000000112
000000048000000033000000159
000000020000000023000000093
000000044000000020000000680
000000035000000025000000830
000000018000000011000000376
000000016000000045000000246
000000040000000032000000991
000000024000000006000000682
000000000000000045000000357
000000046000000013000000939
000000007000000008000000742
000000041000000016000000117
000000028000000035000000072
000000016000000008000000386
000000001000000048000000658
000000039000000001000000151
000000013000000031000000183
000000014000000047000000022
000000006000000023000000557
000000023000000019000000576
000000036000000048000000152
000000037000000027000000341
000000004000000026000000887
000000012000000037000000205
000000008000000023000000480
000000030000000023000000151
000000001000000011000000879
000000010000000032000000628
000000037000000042000000228
000000036000000035000000872
000000027000000004000000311
000000024000000030000000209
000000011000000014000000415
000000015000000034000000492
000000013000000000000000880
000000048000000005000000473
000000027000000025000000991
000000020000000022000000168
000000034000000026000000324
000000026000000049000000706
000000005000000018000000811
000000000000000034000000665
000000044000000033000000865
000000013000000018000000195
000000036000000035000000535
000000019000000047000000626
000000037000000038000000735
000000037000000008000000204
000000044000000007000000642
000000007000000039000000074
000000044000000035000000297
000000035000000010000000325
000000034000000012000000318
000000010000000004000000438
000000030000000013000000143
000000039000000033000000746
000000031000000015000000585
000000034000000038000000205
000000048000000017000000190
000000030000000006000000546
000000001000000037000000880
000000039000000019000000661
000000044000000001000000501
000000010000000035000000696
000000015000000026000000696
000000014000000007000000908
000000003000000004000000483
000000044000000025000000489
000000024000000009000000934
000000004000000036000000847
000000006000000003000000114
000000038000000009000000333
000000027000000040000000885
000000024000000044000000645
000000012000000021000000603
000000044000000019000000244
000000025000000033000000212
000000014000000027000000051
000000003000000006000000239
000000019000000015000000199
000000036000000040000000287
000000032000000003000000635
000000029000000026000000341
000000018000000037000000331
000000001000000028000000185
000000041000000032000000090
000000044000000029000000797
000000034000000029000000066
000000031000000042000000524
000000003000000035000000065
000000004000000008000000511
000000034000000037000000093
000000017000000029000000346
000000048000000015000000852
000000045000000007000000932
000000044000000012000000968
000000043000000011000000476
000000007000000025000000706
000000020000000001000000222
000000011000000000000000222
000000005000000025000000829
000000013000000013000000576
000000040000000016000000825
000000004000000023000000061
000000037000000045000000291
000000047000000039000000438
000000006000000037000000595
000000027000000009000000482
000000029000000047000000658
000000040000000014000000716
000000043000000006000000572
000000006000000042000000788
000000001000000031000000877
000000017000000003000000921
000000007000000038000000746
000000020000000020000000590
000000020000000022000000251
000000039000000004000000264
000000031000000027000000322
000000017000000034000000324
000000045000000000000000052
000000005000000011000000344
000000024000000031000000060
