000000047000000033000000618
000000045000000009000000115
000000041000000040000000486
000000005000000017000000417
000000039000000033000000815
000000034000000029000000685
000000030000000024000000080
000000009000000048000000470
000000037000000034000000137
000000025000000008000000149
000000017000000033000000092
000000032000000018000000463
000000008000000046000000526
000000029000000023000000052
000000038000000026000000072
000000020000000014000000203
000000035000000000000000589
000000019000000019000000661
000000005000000038000000703
000000007000000008000000495
000000048000000016000000650
000000016000000037000000683
000000016000000006000000303
000000017000000025000000669
000000007000000001000000031
000000001000000020000000438
000000019000000017000000410
000000046000000039000000165
000000028000000048000000268
000000021000000027000000593
000000038000000001000000756
000000001000000030000000136
000000020000000021000000778
000000019000000003000000148
000000045000000017000000493
000000045000000011000000377
000000031000000003000000358
000000013000000037000000821
000000004000000002000000526
000000024000000038000000792
000000020000000044000000597
000000035000000029000000483
000000045000000006000000414
000000044000000031000000978
000000032000000000000000269
000000013000000001000000448
000000033000000032000000737
000000044000000040000000469
000000011000000024000000275
000000046000000047000000565
000000030000000045000000656
000000049000000048000000181
000000027000000009000000759
000000000000000000000000099
000000048000000036000000447
000000018000000030000000742
000000027000000041000000010
000000003000000040000000136
000000002000000026000000095
000000006000000023000000097
000000010000000048000000181
000000042000000014000000713
000000016000000033000000035
000000004000000035000000843
000000034000000033000000635
000000031000000046000000066
000000001000000042000000888
000000026000000019000000124
000000027000000026000000100
000000025000000046000000449
000000004000000021000000718
000000033000000040000000028
000000045000000005000000449
000000036000000002000000933
000000035000000023000000114
000000008000000019000000154
000000025000000020000000596
000000001000000005000000616
000000010000000033000000596
000000002000000014000000755
000000030000000040000000741
000000029000000000000000287
000000006000000001000000860
000000030000000036000000813
000000030000000014000000799
000000047000000041000000917
000000000000000019000000143
000000047000000000000000516
000000042000000002000000319
000000005000000022000000126
000000021000000043000000821
000000034000000006000000255
000000009000000006000000465
000000041000000002000000362
000000014000000044000000695
000000039000000020000000816
000000040000000012000000851
000000033000000002000000904
000000030000000033000000783
000000011000000036000000942
000000048000000001000000573
000000036000000008000000859
000000049000000046000000168
000000027000000038000000702
000000022000000009000000348
000000039000000032000000126
000000041000000003000000646
000000025000000014000000199
000000013000000037000000814
000000045000000004000000454
000000023000000048000000390
000000026000000042000000019
000000039000000027000000717
000000041000000039000000488
000000032000000013000000493
000000007000000011000000864
000000027000000041000000014
000000032000000020000000663
000000014000000023000000738
000000018000000022000000425
000000002000000003000000842
000000035000000003000000793
000000015000000046000000324
000000016000000049000000095
000000020000000049000000279
000000007000000042000000012
000000035000000006000000525
000000047000000018000000249
000000022000000040000000564
000000036000000011000000393
000000014000000020000000099
000000014000000039000000715
000000032000000046000000201
000000034000000041000000297
000000027000000011000000841
000000045000000012000000418
000000019000000006000000612
000000036000000033000000334
000000044000000004000000714
000000029000000013000000259
000000011000000029000000704
000000046000000002000000577
000000049000000005000000197
000000028000000025000000919
000000040000000000000000291
000000011000000020000000135
000000020000000026000000564
000000007000000017000000089
000000039000000027000000745
000000038000000019000000693
000000000000000002000000661
000000047000000023000000249
000000029000000030000000177
000000013000000046000000134
000000011000000041000000626
000000034000000045000000663
000000002000000033000000687
000000028000000009000000752
000000034000000004000000245
000000030000000007000000497
000000041000000011000000723
000000025000000028000000458
000000012000000043000000535
000000002000000031000000799
000000047000000007000000599
000000021000000046000000521
000000023000000004000000636
000000004000000036000000721
000000000000000021000000869
000000045000000012000000388
000000000000000048000000461
000000034000000021000000692
000000020000000035000000260
000000008000000021000000049
000000006000000049000000036
000000044000000031000000041
000000007000000013000000157
000000036000000007000000061
000000043000000037000000507
000000000000000024000000140
000000029000000017000000621
000000007000000001000000659
000000016000000013000000712
000000045000000001000000209
000000013000000014000000654
000000029000000047000000724
000000034000000005000000800
000000041000000037000000983
000000011000000014000000823
000000020000000040000000682
000000009000000020000000220
000000006000000028000000085
000000021000000049000000960
000000018000000027000000345
000000016000000012000000243
000000047000000023000000859
000000020000000013000000796
000000039000000015000000379
000000016000000037000000594
000000031000000045000000758
