000000022000000034000000465
000000012000000035000000041
000000013000000040000000305
000000027000000048000000284
000000030000000031000000692
000000035000000047000000565
000000042000000040000000878
000000027000000049000000479
000000045000000041000000081
000000007000000027000000703
000000002000000015000000365
000000019000000034000000789
000000027000000003000000657
000000041000000044000000201
000000022000000037000000026
000000027000000006000000698
000000035000000002000000036
000000042000000008000000737
000000021000000045000000693
000000049000000017000000888
000000047000000005000000263
000000030000000024000000667
000000045000000010000000940
000000045000000008000000875
000000045000000000000000925
000000033000000004000000247
000000022000000018000000693
000000019000000022000000501
000000033000000009000000145
000000031000000048000000782
000000004000000027000000731
000000038000000043000000768
000000046000000042000000249
000000017000000031000000918
000000037000000040000000881
000000008000000047000000155
000000040000000037000000809
000000022000000026000000966
000000009000000028000000665
000000038000000046000000310
000000026000000014000000240
000000007000000040000000612
000000007000000006000000137
000000007000000036000000256
000000049000000004000000752
000000038000000031000000652
000000030000000025000000241
000000049000000040000000230
000000048000000032000000027
000000038000000028000000299
000000005000000008000000910
000000046000000041000000331
000000033000000029000000994
000000013000000000000000809
000000000000000032000000007
000000027000000022000000438
000000010000000021000000951
000000000000000007000000425
000000003000000026000000475
000000000000000009000000157
000000029000000018000000566
000000041000000002000000562
000000017000000003000000259
000000021000000004000000026
000000032000000017000000492
000000021000000048000000162
000000011000000020000000203
000000029000000027000000154
000000017000000004000000034
000000024000000043000000304
000000042000000033000000414
000000041000000034000000636
000000012000000009000000601
000000022000000010000000387
000000008000000039000000326
000000046000000017000000793
000000046000000031000000561
000000015000000039000000766
000000047000000049000000830
000000020000000024000000962
000000026000000042000000190
000000047000000028000000425
000000030000000041000000666
000000042000000009000000789
000000028000000038000000211
000000040000000020000000756
000000041000000021000000736
000000011000000027000000233
000000037000000027000000884
000000032000000044000000686
000000040000000041000000692
000000031000000045000000349
000000009000000011000000228
000000045000000015000000534
000000006000000003000000450
000000038000000037000000007
000000027000000006000000587
000000003000000029000000069
000000011000000014000000307
000000047000000010000000022
000000027000000048000000937
000000049000000002000000356
000000004000000046000000865
000000043000000030000000187
000000026000000046000000108
000000010000000005000000476
000000039000000048000000791
000000043000000004000000745
000000004000000036000000247
000000031000000020000000625
000000002000000011000000012
000000010000000017000000350
000000029000000007000000028
000000004000000033000000829
000000007000000034000000519
000000020000000027000000658
000000048000000001000000178
000000041000000008000000242
000000011000000033000000871
000000009000000044000000317
000000005000000023000000512
000000012000000040000000380
000000008000000016000000567
000000037000000030000000966
000000022000000034000000297
000000048000000036000000399
000000011000000034000000189
000000029000000033000000387
000000022000000010000000065
000000038000000048000000696
000000023000000020000000264
000000035000000049000000200
000000015000000045000000874
000000006000000011000000222
000000004000000010000000418
000000010000000019000000485
000000047000000013000000926
000000023000000048000000185
000000006000000026000000811
000000006000000039000000608
000000015000000020000000347
000000043000000013000000204
000000035000000036000000705
000000004000000032000000837
000000026000000004000000472
000000048000000024000000460
000000048000000011000000829
000000028000000041000000707
000000038000000000000000436
000000003000000029000000463
000000019000000009000000108
000000013000000041000000820
000000043000000011000000923
000000010000000025000000644
000000039000000042000000623
000000004000000047000000881
000000035000000008000000025
000000017000000007000000557
000000038000000036000000579
000000031000000005000000274
000000038000000031000000157
000000012000000035000000452
000000036000000012000000261
000000032000000004000000277
000000026000000037000000727
000000009000000039000000978
000000004000000034000000057
000000027000000018000000419
000000021000000001000000038
000000027000000024000000090
000000012000000011000000120
000000032000000022000000886
000000024000000026000000139
000000008000000017000000692
000000031000000003000000072
000000037000000040000000402
000000041000000029000000935
000000030000000027000000420
000000010000000010000000255
000000036000000040000000670
000000020000000008000000768
000000008000000020000000855
000000007000000044000000307
000000042000000034000000262
000000042000000045000000322
000000018000000046000000307
000000017000000034000000223
000000031000000036000000894
000000007000000032000000680
000000035000000021000000234
000000031000000037000000733
000000023000000037000000180
000000046000000022000000650
000000010000000029000000927
000000004000000049000000897
000000033000000038000000643
000000004000000042000000279
000000047000000019000000113
000000022000000038000000458
000000043000000000000000769
