000000018000000023000000372
000000025000000016000000717
000000039000000011000000079
000000030000000038000000535
000000011000000026000000610
000000019000000011000000291
000000013000000046000000799
000000040000000035000000938
000000003000000003000000635
000000029000000048000000899
000000046000000031000000732
000000000000000039000000529
000000014000000044000000196
000000001000000036000000150
000000041000000013000000347
000000011000000011000000906
000000016000000020000000579
000000000000000002000000906
000000028000000028000000748
000000021000000021000000263
000000004000000009000000263
000000008000000033000000137
000000040000000011000000750
000000004000000004000000335
000000004000000011000000203
000000032000000048000000451
000000029000000041000000846
000000036000000012000000541
000000016000000046000000586
000000041000000021000000214
000000039000000043000000453
000000046000000047000000533
000000044000000032000000587
000000010000000021000000990
000000007000000012000000331
000000012000000045000000810
000000035000000045000000600
000000014000000042000000605
000000020000000017000000941
000000036000000042000000752
000000027000000048000000793
000000026000000015000000229
000000044000000008000000275
000000033000000038000000317
000000043000000019000000399
000000042000000028000000999
000000010000000003000000018
000000038000000006000000523
000000030000000024000000020
000000042000000025000000603
000000029000000008000000795
000000041000000032000000458
000000009000000030000000955
000000005000000018000000747
000000026000000001000000154
000000014000000021000000459
000000010000000028000000779
000000047000000025000000782
000000036000000038000000854
000000013000000046000000819
000000010000000001000000647
000000033000000003000000597
000000026000000001000000722
000000047000000032000000953
000000002000000005000000714
000000013000000011000000091
000000018000000016000000049
000000028000000032000000955
000000041000000032000000654
000000000000000004000000884
000000030000000046000000697
000000006000000044000000329
000000004000000043000000953
000000027000000038000000405
000000036000000013000000901
000000041000000044000000403
000000003000000023000000536
000000038000000045000000591
000000038000000032000000392
000000034000000042000000429
000000047000000025000000930
000000041000000016000000733
000000012000000045000000216
000000019000000008000000375
000000006000000040000000570
000000032000000041000000376
000000002000000049000000753
000000012000000047000000634
000000017000000041000000025
000000005000000018000000244
000000046000000020000000018
000000026000000030000000253
000000023000000044000000929
000000008000000028000000988
000000009000000034000000295
000000008000000031000000090
000000001000000006000000825
000000000000000031000000848
000000033000000034000000563
000000014000000024000000496
000000035000000007000000543
000000048000000022000000762
000000017000000030000000197
000000015000000008000000925
000000022000000044000000429
000000038000000003000000263
000000016000000009000000213
000000046000000004000000239
000000020000000046000000770
000000008000000042000000924
000000034000000008000000408
000000021000000022000000420
000000022000000010000000235
000000026000000040000000016
000000044000000035000000958
000000044000000028000000750
000000020000000045000000626
000000015000000047000000303
000000014000000038000000064
000000015000000027000000526
000000049000000009000000761
000000013000000031000000989
000000025000000000000000429
000000000000000015000000848
000000001000000040000000383
000000009000000002000000383
000000013000000025000000353
000000001000000037000000940
000000014000000019000000222
000000005000000007000000683
000000017000000007000000663
000000035000000027000000615
000000012000000030000000076
000000048000000019000000556
000000016000000020000000590
000000038000000013000000150
000000046000000004000000733
000000034000000001000000034
000000008000000048000000439
000000041000000048000000239
000000038000000020000000863
000000037000000032000000178
000000009000000015000000267
000000038000000047000000422
000000015000000015000000136
000000039000000034000000339
000000017000000026000000117
000000003000000009000000063
000000047000000033000000117
000000031000000026000000569
000000008000000021000000644
000000041000000010000000971
000000034000000028000000757
000000020000000029000000953
000000044000000007000000144
000000015000000018000000715
000000044000000018000000273
000000004000000023000000455
000000006000000034000000227
000000040000000039000000977
000000003000000027000000784
000000034000000029000000511
000000038000000023000000110
000000008000000005000000124
000000029000000046000000928
000000008000000009000000033
000000045000000031000000301
000000020000000036000000160
000000014000000003000000961
000000009000000035000000505
000000037000000044000000779
000000039000000017000000036
000000008000000009000000562
000000031000000026000000904
000000030000000036000000271
000000007000000025000000534
000000026000000047000000508
000000009000000044000000159
000000033000000033000000825
000000031000000020000000514
000000027000000029000000756
000000030000000020000000214
000000017000000040000000587
000000044000000049000000004
000000023000000014000000104
000000019000000039000000996
000000044000000007000000559
000000021000000033000000754
000000049000000027000000011
000000031000000005000000690
000000010000000027000000783
000000002000000004000000946
000000007000000000000000315
000000002000000040000000717
000000047000000031000000965
000000025000000036000000594
000000002000000014000000864
000000041000000036000000256
000000047000000006000000925
000000000000000030000000868
