000000031000000023000000726
000000034000000008000000137
000000030000000016000000684
000000010000000021000000337
000000046000000027000000574
000000042000000049000000163
000000043000000013000000086
000000028000000005000000081
000000027000000045000000112
000000043000000042000000370
000000047000000042000000617
000000022000000023000000624
000000037000000009000000812
000000018000000000000000363
000000002000000006000000047
000000031000000044000000729
000000015000000001000000408
000000020000000038000000351
000000027000000003000000357
000000032000000007000000256
000000001000000037000000488
000000015000000013000000573
000000036000000023000000090
000000047000000004000000803
000000017000000025000000268
000000036000000026000000990
000000001000000045000000021
000000019000000027000000814
000000048000000027000000098
000000013000000045000000403
000000013000000005000000053
000000027000000017000000254
000000043000000036000000859
000000023000000045000000417
000000031000000017000000948
000000030000000002000000260
000000004000000041000000533
000000018000000030000000231
000000011000000032000000197
000000033000000017000000719
000000023000000022000000559
000000034000000034000000976
000000037000000039000000154
000000000000000042000000803
000000006000000028000000001
000000030000000037000000203
000000043000000017000000488
000000041000000009000000097
000000043000000045000000501
000000041000000016000000706
000000002000000010000000373
000000007000000049000000456
000000042000000047000000672
000000048000000042000000262
000000005000000003000000972
000000036000000011000000051
000000011000000031000000898
000000049000000040000000996
000000011000000031000000272
000000023000000040000000782
000000023000000046000000473
000000022000000047000000647
000000021000000049000000564
000000027000000037000000791
000000026000000044000000502
000000011000000036000000114
000000006000000006000000666
000000022000000029000000689
000000040000000003000000393
000000018000000045000000358
000000009000000019000000135
000000044000000024000000924
000000039000000032000000112
000000016000000014000000244
000000024000000034000000887
000000005000000023000000913
000000024000000000000000908
000000007000000016000000678
000000005000000001000000338
000000039000000032000000893
000000012000000002000000083
000000010000000017000000349
000000032000000032000000398
000000028000000021000000072
000000000000000039000000841
000000021000000048000000904
000000040000000034000000602
000000023000000044000000903
000000022000000001000000058
000000022000000038000000471
000000029000000000000000019
000000010000000003000000245
000000008000000013000000327
000000026000000022000000820
000000025000000045000000569
000000041000000007000000539
000000041000000034000000060
000000021000000049000000940
000000014000000038000000173
000000008000000037000000334
000000014000000010000000867
000000046000000049000000431
000000002000000039000000728
000000029000000013000000685
000000028000000013000000249
000000039000000048000000963
000000016000000030000000869
000000025000000030000000080
000000020000000007000000023
000000003000000046000000296
000000003000000049000000524
000000049000000012000000251
000000047000000029000000927
000000006000000039000000374
000000040000000012000000432
000000018000000042000000719
000000034000000025000000812
000000010000000042000000142
000000023000000038000000581
000000039000000025000000837
000000020000000048000000854
000000021000000026000000281
000000008000000029000000017
000000049000000041000000375
000000001000000009000000830
000000024000000035000000379
000000032000000001000000298
000000015000000019000000418
000000024000000043000000136
000000019000000026000000473
000000033000000008000000074
000000004000000036000000807
000000025000000018000000717
000000007000000010000000270
000000035000000034000000682
000000021000000008000000648
000000015000000048000000067
000000010000000006000000477
000000026000000005000000590
000000021000000047000000662
000000007000000038000000058
000000027000000016000000663
000000015000000047000000467
000000001000000048000000329
000000033000000024000000826
000000001000000030000000692
000000036000000002000000688
000000024000000003000000558
000000020000000023000000026
000000029000000027000000624
000000010000000004000000429
000000002000000000000000432
000000010000000007000000365
000000000000000006000000230
000000009000000014000000995
000000036000000027000000643
000000032000000025000000505
000000044000000035000000902
000000048000000032000000709
000000024000000006000000861
000000031000000035000000393
000000042000000040000000891
000000044000000030000000490
000000019000000040000000440
000000016000000035000000912
000000022000000015000000782
000000028000000033000000927
000000019000000047000000042
000000005000000016000000383
000000026000000004000000349
000000036000000035000000023
000000025000000019000000430
000000041000000016000000483
000000005000000041000000934
000000007000000012000000695
000000003000000028000000983
000000049000000025000000351
000000046000000046000000469
000000046000000012000000757
000000017000000036000000485
000000025000000018000000525
000000007000000033000000102
000000020000000041000000337
000000024000000031000000967
000000014000000022000000829
000000049000000011000000690
000000017000000002000000750
000000019000000026000000566
000000049000000039000000778
000000027000000028000000125
000000033000000024000000615
000000049000000029000000466
000000020000000000000000586
000000029000000032000000745
000000032000000025000000894
000000019000000031000000476
000000032000000047000000026
000000003000000000000000667
000000036000000005000000835
000000047000000007000000873
