000000002000000009000000183
000000036000000047000000027
000000011000000013000000793
000000012000000027000000232
000000008000000043000000686
000000001000000027000000179
000000047000000029000000872
000000049000000011000000601
000000001000000023000000662
000000019000000025000000110
000000000000000002000000917
000000045000000021000000159
000000022000000039000000883
000000000000000011000000183
000000002000000016000000086
000000037000000004000000138
000000004000000019000000524
000000038000000018000000926
000000003000000003000000973
000000029000000034000000477
000000018000000042000000762
000000034000000012000000498
000000015000000013000000446
000000026000000028000000758
000000014000000047000000360
000000034000000046000000894
000000025000000014000000392
000000026000000014000000121
000000029000000012000000680
000000049000000042000000354
000000009000000043000000110
000000020000000032000000385
000000021000000018000000083
000000029000000021000000814
000000034000000027000000818
000000038000000023000000419
000000028000000018000000152
000000003000000003000000408
000000004000000042000000551
000000032000000004000000001
000000040000000016000000428
000000004000000017000000706
000000032000000044000000296
000000048000000013000000556
000000040000000046000000843
000000028000000041000000738
000000015000000040000000779
000000013000000021000000464
000000010000000005000000802
000000035000000016000000807
000000041000000038000000273
000000004000000038000000117
000000019000000029000000218
000000005000000005000000577
000000006000000029000000108
000000029000000013000000139
000000028000000025000000010
000000040000000016000000278
000000011000000027000000898
000000048000000044000000236
000000045000000047000000566
000000024000000007000000491
000000014000000036000000158
000000036000000009000000233
000000026000000009000000702
000000010000000006000000833
000000017000000030000000839
000000033000000006000000814
000000039000000001000000441
000000049000000043000000213
000000010000000021000000709
000000049000000010000000171
000000000000000031000000449
000000030000000015000000537
000000049000000041000000317
000000038000000014000000148
000000028000000000000000420
000000003000000030000000284
000000019000000012000000809
000000037000000034000000121
000000002000000014000000870
000000047000000025000000767
000000026000000026000000982
000000026000000009000000501
000000019000000036000000294
000000015000000034000000300
000000024000000001000000729
000000014000000020000000841
000000039000000007000000815
000000021000000029000000967
000000018000000012000000945
000000016000000028000000025
000000033000000001000000329
000000027000000012000000753
000000008000000002000000828
000000045000000034000000868
000000049000000004000000560
000000025000000012000000669
000000019000000037000000869
000000001000000007000000355
000000047000000004000000954
000000000000000008000000930
000000027000000002000000171
000000013000000031000000644
000000048000000047000000768
000000048000000006000000375
000000000000000043000000472
000000047000000021000000490
000000020000000042000000006
000000013000000046000000811
000000007000000031000000884
000000048000000029000000155
000000039000000007000000874
000000044000000018000000626
000000034000000036000000460
000000045000000026000000307
000000045000000020000000628
000000024000000000000000279
000000044000000000000000662
000000023000000030000000318
000000046000000013000000119
000000018000000005000000996
000000038000000049000000349
000000030000000008000000977
000000025000000005000000511
000000042000000012000000715
000000001000000024000000314
000000034000000018000000521
000000009000000033000000622
000000030000000004000000593
000000024000000016000000543
000000027000000048000000083
000000025000000016000000606
000000023000000007000000542
000000047000000014000000239
000000032000000049000000901
000000038000000001000000755
000000047000000021000000115
000000000000000011000000904
000000029000000008000000453
000000018000000007000000906
000000037000000006000000843
000000021000000047000000143
000000021000000016000000911
000000005000000028000000337
000000038000000037000000089
000000014000000026000000667
000000036000000041000000054
000000041000000027000000898
000000021000000027000000745
000000008000000045000000161
000000007000000004000000001
000000031000000010000000166
000000019000000010000000049
000000037000000017000000700
000000042000000041000000868
000000038000000011000000485
000000040000000015000000645
000000039000000032000000319
000000042000000045000000577
000000047000000000000000394
000000019000000012000000427
000000037000000047000000478
000000016000000006000000540
000000046000000044000000317
000000030000000048000000495
000000017000000049000000707
000000001000000032000000318
000000013000000018000000594
000000025000000018000000434
000000034000000039000000284
000000029000000022000000208
000000032000000018000000093
000000013000000004000000881
000000019000000022000000097
000000047000000044000000429
000000016000000008000000691
000000041000000024000000923
000000043000000045000000358
000000003000000006000000886
000000041000000011000000590
000000002000000032000000353
000000012000000016000000437
000000005000000048000000602
000000020000000004000000902
000000041000000031000000208
000000011000000015000000470
000000008000000009000000199
000000037000000042000000284
000000018000000035000000536
000000042000000028000000224
000000010000000021000000855
000000014000000017000000786
000000037000000034000000559
000000049000000010000000206
000000004000000021000000419
000000001000000002000000275
000000007000000042000000821
000000020000000033000000049
000000019000000015000000796
