000000012000000016000000067
000000017000000035000000594
000000004000000036000000535
000000035000000023000000257
000000010000000047000000792
000000019000000042000000119
000000039000000042000000350
000000025000000039000000243
000000001000000022000000891
000000009000000007000000947
000000003000000015000000063
000000011000000019000000642
000000024000000021000000829
000000025000000040000000743
000000020000000012000000726
000000005000000040000000486
000000000000000045000000825
000000019000000045000000866
000000032000000037000000543
000000041000000015000000255
000000035000000044000000583
000000029000000032000000167
000000009000000049000000566
000000007000000045000000403
000000014000000014000000035
000000030000000005000000553
000000025000000046000000647
000000020000000008000000222
000000006000000033000000392
000000009000000028000000649
000000004000000032000000120
000000028000000040000000916
000000008000000041000000592
000000027000000045000000810
000000046000000043000000016
000000021000000004000000627
000000041000000002000000641
000000049000000015000000389
000000030000000014000000723
000000018000000023000000976
000000038000000049000000432
000000045000000002000000245
000000014000000035000000478
000000005000000022000000276
000000048000000047000000020
000000041000000024000000303
000000010000000034000000576
000000038000000018000000510
000000000000000005000000352
000000036000000048000000506
000000009000000039000000361
000000030000000039000000910
000000018000000000000000819
000000038000000006000000383
000000007000000035000000607
000000018000000001000000350
000000018000000038000000812
000000021000000007000000764
000000020000000000000000635
000000046000000045000000942
000000044000000027000000748
000000048000000046000000646
000000045000000017000000172
000000005000000022000000482
000000024000000021000000560
000000009000000030000000650
000000045000000032000000080
000000000000000018000000196
000000034000000038000000645
000000029000000010000000775
000000013000000022000000096
000000043000000043000000587
000000031000000008000000788
000000048000000022000000683
000000008000000013000000313
000000016000000046000000719
000000010000000010000000394
000000049000000000000000265
000000043000000044000000192
000000027000000013000000154
000000000000000015000000131
000000019000000041000000002
000000019000000030000000557
000000048000000027000000440
000000043000000047000000194
000000019000000041000000100
000000044000000018000000836
000000046000000019000000009
000000019000000014000000439
000000041000000000000000988
000000019000000004000000897
000000031000000048000000133
000000027000000039000000427
000000015000000047000000330
000000008000000011000000648
000000047000000006000000076
000000003000000023000000066
000000004000000033000000915
000000015000000003000000924
000000006000000000000000542
000000028000000027000000592
000000028000000028000000477
000000027000000011000000982
000000003000000042000000044
000000033000000028000000419
000000025000000038000000163
000000018000000021000000169
000000018000000037000000549
000000046000000015000000413
000000049000000015000000885
000000010000000021000000766
000000044000000037000000389
000000036000000029000000652
000000008000000020000000895
000000004000000000000000622
000000001000000020000000097
000000024000000040000000310
000000038000000038000000586
000000018000000009000000796
000000002000000032000000276
000000003000000028000000908
000000004000000042000000412
000000013000000039000000824
000000001000000038000000172
000000025000000009000000018
000000013000000013000000748
000000046000000045000000883
000000015000000024000000507
000000028000000022000000669
000000009000000025000000549
000000029000000034000000946
000000018000000005000000850
000000049000000049000000158
000000010000000037000000631
000000013000000023000000042
000000006000000012000000573
000000028000000005000000928
000000002000000005000000743
000000019000000037000000076
000000020000000026000000407
000000037000000004000000276
000000013000000021000000075
000000011000000006000000081
000000008000000014000000274
000000029000000035000000159
000000012000000002000000019
000000023000000021000000195
000000004000000030000000411
000000031000000027000000579
000000010000000049000000360
000000038000000029000000475
000000037000000023000000647
000000017000000049000000029
000000048000000045000000118
000000024000000020000000814
000000032000000022000000400
000000029000000006000000705
000000002000000046000000085
000000010000000032000000485
000000043000000032000000892
000000024000000001000000149
000000036000000019000000700
000000039000000041000000250
000000025000000044000000047
000000049000000024000000524
000000003000000030000000211
000000029000000048000000088
000000008000000030000000846
000000032000000035000000650
000000019000000026000000820
000000008000000024000000341
000000006000000023000000890
000000048000000038000000009
000000005000000042000000618
000000007000000003000000242
000000032000000003000000436
000000027000000006000000043
000000013000000013000000690
000000040000000015000000405
000000015000000003000000675
000000002000000020000000300
000000021000000017000000407
000000035000000042000000028
000000031000000005000000833
000000010000000024000000111
000000023000000001000000543
000000030000000049000000649
000000010000000041000000405
000000038000000044000000223
000000032000000016000000155
000000024000000033000000704
000000016000000003000000447
000000015000000036000000724
000000041000000047000000215
000000020000000046000000026
000000010000000003000000785
000000028000000016000000288
000000043000000034000000070
000000001000000041000000577
000000044000000032000000462
