000000021000000026000000832
000000006000000023000000888
000000037000000022000000248
000000022000000033000000759
000000045000000048000000112
000000045000000046000000799
000000036000000023000000448
000000041000000042000000226
000000036000000045000000922
000000018000000015000000331
000000020000000014000000636
000000034000000034000000604
000000040000000028000000152
000000006000000031000000619
000000041000000011000000189
000000024000000042000000490
000000046000000046000000558
000000002000000012000000491
000000010000000029000000690
000000030000000019000000556
000000048000000018000000129
000000045000000001000000383
000000006000000011000000288
000000025000000005000000346
000000032000000030000000857
000000041000000000000000610
000000001000000012000000058
000000021000000021000000387
000000038000000018000000043
000000007000000023000000097
000000045000000009000000182
000000029000000007000000247
000000024000000045000000195
000000040000000018000000639
000000010000000021000000814
000000010000000020000000635
000000031000000018000000582
000000004000000028000000140
000000024000000026000000938
000000037000000007000000673
000000017000000048000000744
000000009000000029000000921
000000008000000002000000447
000000030000000016000000107
000000020000000011000000892
000000020000000011000000004
000000028000000028000000963
000000020000000025000000097
000000025000000041000000626
000000002000000004000000626
000000015000000037000000760
000000026000000023000000383
000000044000000000000000838
000000044000000002000000350
000000009000000001000000041
000000023000000033000000339
000000012000000004000000303
000000046000000008000000583
000000035000000046000000465
000000032000000033000000759
000000014000000006000000955
000000041000000015000000589
000000017000000044000000765
000000025000000026000000219
000000008000000034000000513
000000030000000011000000490
000000002000000001000000170
000000014000000039000000017
000000016000000018000000580
000000008000000040000000534
000000045000000012000000335
000000003000000029000000925
000000019000000018000000720
000000022000000006000000769
000000028000000036000000557
000000004000000038000000489
000000003000000004000000712
000000048000000029000000636
000000029000000000000000326
000000046000000024000000929
000000000000000008000000084
000000011000000029000000276
000000044000000004000000084
000000029000000010000000852
000000038000000030000000911
000000020000000035000000059
000000022000000011000000602
000000004000000005000000715
000000041000000047000000657
000000034000000024000000588
000000029000000022000000869
000000039000000022000000959
000000034000000017000000145
000000014000000010000000686
000000020000000024000000877
000000042000000010000000986
000000036000000009000000295
000000013000000024000000260
000000016000000045000000062
000000018000000020000000650
000000030000000009000000594
000000024000000049000000764
000000049000000048000000163
000000047000000035000000372
000000045000000008000000037
000000045000000034000000625
000000041000000048000000737
000000033000000048000000302
000000014000000016000000974
000000030000000023000000524
000000044000000015000000932
000000024000000033000000018
000000004000000045000000494
000000005000000043000000227
000000041000000038000000473
000000046000000017000000304
000000011000000020000000232
000000021000000026000000448
000000045000000047000000211
000000014000000010000000656
000000039000000018000000515
000000031000000002000000399
000000021000000020000000514
000000000000000041000000777
000000006000000036000000086
000000025000000042000000201
000000041000000018000000977
000000033000000019000000052
000000014000000023000000785
000000024000000029000000715
000000040000000040000000708
000000041000000016000000504
000000035000000009000000717
000000003000000024000000934
000000039000000010000000589
000000022000000015000000805
000000018000000020000000102
000000000000000023000000829
000000033000000005000000985
000000023000000017000000594
000000030000000047000000839
000000039000000010000000023
000000003000000014000000403
000000029000000039000000662
000000024000000037000000889
000000002000000044000000183
000000023000000041000000157
000000049000000006000000177
000000030000000039000000338
000000043000000007000000205
000000025000000012000000837
000000006000000022000000527
000000004000000049000000992
000000028000000019000000011
000000020000000039000000606
000000021000000026000000707
000000047000000031000000237
000000040000000000000000510
000000021000000031000000832
000000033000000009000000414
000000034000000009000000137
000000009000000003000000550
000000041000000018000000296
000000018000000047000000890
000000009000000044000000451
000000007000000028000000342
000000028000000008000000272
000000031000000046000000522
000000048000000035000000247
000000016000000034000000826
000000034000000021000000806
000000028000000044000000197
000000043000000010000000718
000000002000000030000000165
000000020000000028000000687
000000017000000030000000108
000000002000000014000000056
000000024000000004000000010
000000007000000002000000252
000000030000000011000000346
000000015000000024000000676
000000023000000033000000516
000000004000000030000000013
000000012000000013000000373
000000031000000025000000561
000000005000000010000000361
000000041000000031000000106
000000006000000013000000392
000000038000000010000000341
000000039000000021000000827
000000047000000012000000975
000000018000000037000000116
000000024000000047000000910
000000008000000013000000998
000000004000000040000000020
000000034000000043000000577
000000022000000001000000835
000000044000000038000000607
000000012000000008000000231
000000014000000034000000463
