000000041000000046000000458
000000001000000036000000614
000000049000000007000000714
000000028000000008000000972
000000038000000015000000568
000000022000000025000000511
000000037000000014000000818
000000048000000049000000546
000000044000000020000000090
000000042000000039000000820
000000024000000039000000067
000000010000000027000000612
000000044000000014000000523
000000031000000047000000321
000000007000000041000000113
000000041000000000000000008
000000040000000044000000259
000000004000000044000000631
000000047000000043000000944
000000045000000007000000321
000000026000000007000000360
000000044000000003000000371
000000045000000028000000769
000000047000000028000000204
000000049000000005000000326
000000024000000040000000157
000000021000000003000000381
000000004000000001000000898
000000028000000020000000893
000000021000000013000000668
000000033000000048000000152
000000010000000005000000809
000000048000000012000000758
000000037000000045000000458
000000011000000042000000313
000000002000000004000000783
000000015000000022000000053
000000039000000023000000085
000000046000000022000000120
000000023000000016000000671
000000023000000023000000300
000000005000000014000000594
000000002000000039000000009
000000025000000026000000568
000000019000000034000000144
000000046000000042000000176
000000029000000025000000312
000000005000000006000000819
000000030000000043000000497
000000003000000013000000662
000000034000000024000000918
000000004000000013000000447
000000007000000006000000565
000000035000000000000000311
000000038000000039000000906
000000024000000019000000787
000000047000000000000000598
000000047000000043000000824
000000017000000018000000342
000000024000000024000000410
000000004000000049000000523
000000017000000041000000037
000000032000000015000000425
000000034000000038000000707
000000030000000043000000505
000000000000000016000000340
000000045000000006000000491
000000035000000006000000246
000000003000000037000000624
000000004000000036000000899
000000005000000033000000653
000000007000000031000000018
000000039000000021000000963
000000043000000041000000078
000000018000000012000000253
000000044000000016000000010
000000015000000017000000032
000000000000000028000000352
000000045000000019000000857
000000013000000014000000080
000000020000000027000000584
000000026000000029000000086
000000002000000022000000244
000000024000000010000000907
000000018000000002000000298
000000020000000017000000883
000000049000000008000000413
000000030000000038000000370
000000043000000005000000111
000000015000000011000000236
000000008000000025000000147
000000044000000022000000279
000000024000000041000000652
000000008000000041000000877
000000038000000041000000145
000000006000000031000000524
000000002000000025000000039
000000048000000014000000108
000000033000000039000000781
000000010000000032000000488
000000048000000037000000221
000000000000000016000000703
000000038000000024000000586
000000000000000045000000511
000000011000000041000000337
000000026000000042000000941
000000011000000037000000479
000000029000000012000000729
000000009000000009000000226
000000001000000010000000661
000000024000000013000000179
000000008000000009000000084
000000032000000037000000506
000000022000000018000000132
000000046000000001000000586
000000026000000037000000459
000000038000000006000000946
000000041000000049000000915
000000000000000019000000506
000000024000000040000000140
000000023000000036000000278
000000046000000026000000640
000000016000000003000000634
000000012000000043000000093
000000021000000039000000379
000000017000000032000000213
000000007000000033000000444
000000038000000013000000084
000000035000000032000000292
000000013000000007000000803
000000028000000008000000947
000000018000000048000000642
000000042000000000000000511
000000047000000009000000676
000000041000000025000000255
000000042000000020000000203
000000026000000033000000740
000000014000000017000000142
000000034000000035000000455
000000009000000010000000866
000000017000000003000000912
000000041000000033000000712
000000007000000003000000820
000000036000000024000000635
000000035000000009000000474
000000038000000047000000749
000000041000000042000000253
000000004000000036000000495
000000003000000014000000818
000000040000000033000000253
000000009000000032000000803
000000032000000029000000127
000000038000000049000000842
000000027000000035000000335
000000019000000039000000166
000000005000000029000000150
000000033000000046000000770
000000035000000018000000351
000000030000000012000000342
000000020000000038000000391
000000044000000016000000400
000000028000000027000000835
000000041000000002000000600
000000017000000000000000946
000000045000000014000000150
000000045000000035000000928
000000016000000047000000694
000000033000000006000000741
000000024000000024000000294
000000022000000001000000338
000000039000000017000000227
000000022000000032000000371
000000046000000040000000248
000000016000000013000000533
000000027000000016000000924
000000041000000039000000079
000000010000000034000000553
000000020000000004000000810
000000034000000011000000201
000000032000000004000000069
000000027000000019000000028
000000013000000028000000657
000000036000000022000000639
000000038000000049000000891
000000034000000049000000684
000000008000000005000000817
000000040000000032000000683
000000010000000012000000334
000000039000000018000000258
000000020000000037000000423
000000008000000013000000729
000000008000000039000000893
000000025000000014000000757
000000013000000005000000342
000000021000000021000000715
000000033000000036000000091
000000006000000026000000107
000000019000000042000000426
000000019000000016000000130
000000034000000023000000193
