000000010000000041000000880
000000020000000000000000094
000000035000000039000000715
000000036000000009000000673
000000015000000044000000042
000000029000000039000000801
000000039000000037000000788
000000035000000006000000216
000000001000000042000000178
000000020000000018000000561
000000014000000013000000518
000000038000000016000000641
000000009000000041000000662
000000016000000034000000572
000000002000000007000000186
000000044000000018000000849
000000025000000023000000817
000000013000000039000000667
000000021000000025000000703
000000033000000018000000167
000000045000000014000000403
000000007000000022000000910
000000007000000027000000559
000000020000000020000000970
000000006000000022000000062
000000010000000032000000980
000000001000000007000000483
000000016000000045000000904
000000037000000000000000494
000000042000000016000000816
000000046000000026000000450
000000024000000021000000407
000000008000000044000000700
000000013000000036000000812
000000014000000005000000073
000000042000000006000000334
000000030000000011000000857
000000036000000031000000229
000000034000000029000000385
000000024000000020000000445
000000020000000015000000222
000000037000000023000000878
000000026000000032000000026
000000032000000002000000758
000000014000000037000000410
000000033000000001000000803
000000041000000044000000866
000000007000000012000000106
000000047000000010000000888
000000011000000040000000835
000000001000000033000000486
000000012000000042000000430
000000029000000027000000639
000000009000000016000000494
000000015000000047000000175
000000004000000022000000880
000000040000000000000000552
000000029000000033000000512
000000028000000012000000057
000000005000000039000000250
000000049000000015000000832
000000009000000031000000375
000000013000000001000000895
000000048000000004000000489
000000008000000031000000573
000000018000000042000000296
000000046000000042000000772
000000000000000020000000798
000000014000000021000000005
000000048000000033000000602
000000018000000023000000764
000000019000000010000000025
000000033000000005000000317
000000039000000041000000417
000000049000000042000000933
000000003000000020000000029
000000046000000010000000406
000000038000000009000000924
000000023000000049000000900
000000001000000045000000194
000000018000000014000000351
000000014000000030000000606
000000036000000038000000436
000000027000000035000000733
000000048000000006000000033
000000017000000001000000560
000000043000000010000000023
000000048000000001000000469
000000009000000030000000289
000000041000000045000000220
000000006000000031000000211
000000006000000021000000529
000000003000000034000000235
000000016000000016000000643
000000029000000019000000496
000000033000000039000000055
000000044000000006000000959
000000017000000008000000688
000000008000000019000000263
000000044000000004000000994
000000015000000044000000862
000000010000000021000000083
000000026000000042000000702
000000025000000014000000333
000000016000000026000000880
000000018000000019000000644
000000048000000026000000828
000000011000000047000000789
000000013000000039000000459
000000026000000047000000035
000000013000000009000000593
000000012000000000000000453
000000039000000018000000967
000000020000000007000000929
000000017000000019000000833
000000031000000000000000630
000000040000000039000000012
000000030000000045000000574
000000008000000004000000938
000000003000000047000000639
000000031000000049000000902
000000033000000011000000105
000000036000000004000000529
000000021000000029000000007
000000033000000027000000373
000000044000000044000000558
000000047000000031000000769
000000041000000035000000160
000000001000000032000000275
000000000000000003000000925
000000025000000035000000422
000000016000000039000000152
000000001000000034000000151
000000036000000044000000931
000000005000000018000000193
000000000000000047000000350
000000010000000013000000202
000000019000000005000000322
000000043000000039000000284
000000037000000032000000590
000000041000000036000000009
000000030000000045000000892
000000029000000017000000769
000000011000000043000000197
000000020000000011000000746
000000041000000036000000336
000000048000000000000000706
000000046000000040000000808
000000036000000006000000590
000000004000000022000000994
000000043000000014000000040
000000028000000044000000166
000000046000000024000000467
000000015000000021000000593
000000029000000049000000395
000000000000000048000000888
000000028000000001000000068
000000047000000038000000628
000000044000000045000000904
000000010000000044000000779
000000015000000024000000889
000000038000000017000000587
000000007000000042000000331
000000029000000045000000229
000000043000000033000000597
000000005000000017000000836
000000020000000035000000161
000000035000000026000000427
000000046000000045000000510
000000020000000033000000992
000000013000000036000000618
000000034000000049000000935
000000035000000040000000626
000000040000000042000000127
000000027000000049000000117
000000041000000003000000108
000000001000000038000000562
000000003000000039000000162
000000030000000030000000961
000000023000000042000000434
000000003000000037000000170
000000016000000016000000194
000000030000000009000000670
000000033000000020000000538
000000010000000030000000871
000000001000000007000000529
000000015000000004000000841
000000020000000019000000905
000000021000000009000000934
000000022000000003000000396
000000048000000012000000957
000000009000000036000000103
000000047000000010000000674
000000046000000011000000897
000000021000000018000000363
000000001000000042000000182
000000014000000029000000458
000000021000000007000000761
000000029000000033000000364
000000013000000045000000128
