000000003000000017000000355
000000005000000042000000170
000000023000000016000000697
000000006000000019000000131
000000022000000042000000549
000000026000000049000000045
000000048000000016000000820
000000020000000031000000577
000000042000000031000000579
000000036000000021000000595
000000004000000003000000987
000000011000000042000000944
000000031000000027000000612
000000010000000049000000056
000000018000000040000000181
000000046000000030000000277
000000017000000042000000233
000000039000000013000000585
000000019000000033000000737
000000038000000012000000212
000000029000000037000000892
000000005000000001000000321
000000007000000011000000002
000000030000000044000000435
000000021000000038000000344
000000038000000001000000807
000000019000000045000000022
000000015000000018000000587
000000018000000015000000800
000000020000000041000000192
000000010000000042000000295
000000020000000030000000244
000000008000000013000000778
000000042000000039000000377
000000013000000037000000951
000000039000000017000000502
000000012000000031000000631
000000046000000019000000343
000000009000000014000000385
000000015000000036000000734
000000026000000037000000404
000000040000000019000000048
000000007000000001000000142
000000004000000030000000756
000000001000000026000000121
000000032000000001000000611
000000031000000028000000946
000000014000000008000000193
000000028000000013000000468
000000047000000010000000331
000000042000000042000000534
000000002000000016000000052
000000048000000023000000356
000000045000000032000000324
000000018000000007000000032
000000043000000045000000845
000000011000000027000000262
000000038000000033000000176
000000039000000011000000580
000000010000000012000000120
000000028000000009000000821
000000040000000012000000744
000000011000000049000000199
000000003000000033000000560
000000012000000036000000905
000000031000000046000000019
000000008000000034000000377
000000031000000036000000664
000000003000000004000000189
000000017000000012000000117
000000023000000038000000218
000000011000000016000000470
000000025000000027000000901
000000014000000032000000915
000000032000000007000000874
000000035000000025000000938
000000013000000008000000285
000000028000000002000000563
000000037000000047000000458
000000007000000037000000155
000000027000000043000000729
000000004000000029000000910
000000017000000001000000407
000000021000000006000000387
000000005000000043000000033
000000023000000048000000579
000000039000000018000000568
000000012000000004000000091
000000041000000045000000711
000000032000000024000000368
000000000000000017000000810
000000037000000036000000790
000000009000000028000000554
000000048000000017000000497
000000026000000041000000045
000000044000000022000000177
000000026000000014000000980
000000043000000018000000372
000000029000000015000000774
000000031000000012000000688
000000009000000034000000527
000000001000000021000000776
000000028000000018000000143
000000012000000013000000412
000000001000000041000000010
000000003000000035000000255
000000002000000046000000466
000000026000000006000000211
000000019000000006000000975
000000021000000007000000425
000000000000000027000000314
000000043000000038000000672
000000048000000024000000411
000000013000000016000000073
000000001000000014000000007
000000028000000042000000544
000000018000000025000000586
000000026000000029000000316
000000011000000033000000561
000000015000000032000000291
000000040000000006000000212
000000035000000011000000726
000000004000000007000000060
000000016000000005000000228
000000042000000038000000614
000000019000000025000000836
000000010000000040000000279
000000021000000003000000644
000000041000000024000000956
000000049000000032000000101
000000005000000032000000840
000000005000000023000000181
000000043000000015000000063
000000014000000023000000695
000000024000000001000000415
000000017000000033000000813
000000035000000041000000164
000000036000000005000000832
000000000000000018000000065
000000028000000043000000729
000000038000000005000000516
000000047000000011000000447
000000019000000036000000312
000000021000000026000000185
000000038000000046000000349
000000029000000047000000049
000000011000000023000000820
000000007000000014000000814
000000046000000019000000542
000000000000000005000000096
000000005000000014000000437
000000016000000025000000370
000000008000000026000000801
000000048000000048000000951
000000025000000013000000297
000000048000000047000000188
000000024000000021000000425
000000000000000016000000400
000000045000000031000000804
000000035000000001000000839
000000045000000018000000617
000000010000000015000000238
000000037000000022000000414
000000048000000020000000419
000000012000000013000000507
000000043000000032000000028
000000025000000047000000436
000000017000000026000000678
000000033000000005000000955
000000001000000021000000884
000000028000000023000000506
000000048000000003000000595
000000016000000014000000952
000000002000000011000000510
000000038000000025000000025
000000000000000038000000078
000000044000000002000000983
000000038000000009000000062
000000020000000027000000852
000000046000000027000000216
000000014000000035000000017
000000026000000020000000926
000000045000000014000000198
000000045000000026000000358
000000003000000022000000729
000000046000000029000000024
000000032000000033000000332
000000043000000007000000382
000000045000000039000000294
000000022000000027000000512
000000037000000019000000740
000000036000000038000000518
000000024000000012000000088
000000004000000004000000484
000000043000000049000000509
000000031000000035000000724
000000016000000023000000969
000000041000000014000000878
000000044000000020000000568
000000031000000031000000628
