000000022000000023000000123
000000043000000039000000107
000000042000000035000000775
000000015000000045000000530
000000027000000041000000658
000000026000000046000000384
000000045000000023000000399
000000028000000036000000404
000000037000000049000000772
000000005000000005000000634
000000014000000034000000007
000000031000000016000000815
000000025000000018000000714
000000021000000007000000800
000000035000000047000000674
000000015000000014000000921
000000000000000024000000689
000000019000000026000000233
000000021000000044000000732
000000035000000005000000793
000000016000000036000000591
000000007000000000000000210
000000026000000046000000510
000000042000000000000000561
000000033000000023000000309
000000029000000043000000787
000000036000000022000000690
000000042000000005000000624
000000047000000044000000161
000000038000000009000000440
000000004000000039000000262
000000046000000005000000428
000000010000000027000000929
000000023000000038000000371
000000020000000008000000477
000000006000000035000000072
000000046000000041000000014
000000047000000049000000651
000000005000000024000000625
000000048000000009000000118
000000002000000037000000734
000000003000000038000000226
000000014000000037000000359
000000044000000019000000314
000000042000000013000000677
000000015000000022000000935
000000007000000040000000184
000000004000000042000000364
000000021000000006000000804
000000030000000040000000624
000000040000000012000000363
000000040000000020000000028
000000031000000017000000407
000000012000000041000000967
000000035000000002000000442
000000035000000004000000724
000000048000000039000000042
000000034000000040000000379
000000046000000047000000899
000000018000000032000000623
000000021000000034000000930
000000036000000003000000146
000000047000000002000000849
000000032000000034000000101
000000026000000044000000989
000000010000000018000000806
000000046000000036000000051
000000003000000031000000035
000000029000000005000000424
000000049000000043000000458
000000006000000013000000695
000000039000000041000000138
000000001000000048000000965
000000014000000037000000040
000000043000000016000000102
000000047000000008000000923
000000019000000035000000581
000000004000000022000000920
000000028000000017000000054
000000044000000007000000965
000000036000000048000000171
000000019000000026000000416
000000020000000037000000066
000000042000000008000000400
000000042000000031000000975
000000000000000010000000312
000000046000000032000000952
000000025000000029000000160
000000043000000001000000818
000000038000000010000000489
000000004000000007000000825
000000049000000028000000782
000000043000000024000000802
000000034000000026000000415
000000042000000026000000538
000000009000000012000000822
000000047000000028000000137
000000037000000048000000510
000000000000000011000000373
000000000000000025000000488
000000029000000031000000534
000000028000000038000000037
000000028000000042000000051
000000009000000007000000721
000000025000000012000000108
000000026000000032000000057
000000031000000034000000782
000000049000000041000000650
000000017000000017000000181
000000015000000049000000355
000000020000000042000000968
000000015000000004000000903
000000044000000014000000770
000000025000000030000000411
000000038000000037000000418
000000020000000011000000713
000000020000000023000000578
000000015000000019000000821
000000035000000030000000800
000000044000000011000000425
000000042000000013000000854
000000034000000039000000285
000000037000000009000000161
000000010000000032000000362
000000014000000005000000088
000000018000000011000000081
000000011000000046000000112
000000023000000045000000511
000000038000000004000000468
000000007000000030000000485
000000005000000049000000056
000000017000000032000000347
000000027000000003000000965
000000006000000033000000036
000000027000000009000000820
000000010000000001000000271
000000036000000016000000380
000000035000000032000000290
000000015000000019000000348
000000017000000045000000693
000000040000000030000000586
000000033000000005000000657
000000015000000047000000474
000000037000000040000000147
000000005000000004000000272
000000003000000045000000714
000000034000000027000000062
000000009000000020000000276
000000005000000019000000348
000000038000000001000000257
000000049000000010000000157
000000013000000015000000059
000000022000000043000000098
000000008000000045000000091
000000039000000049000000519
000000011000000030000000551
000000000000000011000000473
000000031000000032000000359
000000031000000030000000193
000000015000000028000000717
000000015000000027000000908
000000010000000037000000601
000000049000000042000000783
000000010000000031000000040
000000030000000026000000649
000000048000000020000000421
000000037000000043000000778
000000039000000037000000793
000000039000000018000000563
000000039000000032000000698
000000043000000006000000305
000000018000000042000000371
000000009000000028000000251
000000045000000012000000763
000000038000000040000000613
000000021000000000000000123
000000035000000033000000217
000000038000000027000000698
000000046000000025000000792
000000005000000021000000377
000000001000000009000000201
000000004000000017000000487
000000036000000011000000676
000000013000000039000000823
000000008000000041000000629
000000000000000001000000943
000000009000000017000000349
000000022000000004000000980
000000024000000004000000585
000000030000000022000000340
000000028000000003000000144
000000043000000043000000052
000000028000000034000000456
000000006000000034000000779
000000022000000021000000871
000000019000000030000000715
000000003000000046000000484
000000042000000046000000085
000000001000000029000000104
000000011000000030000000254
