000000018000000032000000970
000000009000000033000000203
000000035000000023000000041
000000029000000008000000773
000000038000000007000000217
000000035000000036000000944
000000026000000003000000833
000000020000000047000000878
000000011000000014000000735
000000024000000007000000309
000000005000000032000000716
000000009000000025000000911
000000010000000031000000139
000000013000000042000000614
000000026000000035000000068
000000048000000005000000559
000000035000000045000000204
000000026000000035000000429
000000032000000047000000696
000000004000000047000000370
000000023000000010000000315
000000036000000024000000520
000000002000000029000000652
000000015000000024000000109
000000040000000013000000234
000000010000000043000000252
000000040000000013000000172
000000008000000039000000248
000000005000000028000000928
000000014000000027000000548
000000010000000006000000671
000000038000000039000000629
000000014000000040000000226
000000027000000045000000535
000000045000000020000000409
000000004000000036000000453
000000009000000021000000087
000000022000000014000000697
000000009000000014000000423
000000003000000031000000910
000000029000000038000000040
000000005000000004000000369
000000021000000001000000467
000000030000000046000000067
000000001000000013000000351
000000031000000013000000387
000000041000000000000000843
000000023000000004000000114
000000023000000038000000846
000000048000000028000000504
000000010000000011000000178
000000015000000047000000140
000000024000000040000000314
000000001000000032000000691
000000049000000029000000510
000000001000000020000000017
000000017000000028000000024
000000001000000011000000619
000000003000000005000000679
000000046000000032000000319
000000026000000023000000466
000000048000000019000000690
000000044000000035000000307
000000010000000007000000465
000000003000000039000000351
000000007000000024000000501
000000030000000022000000354
000000041000000031000000010
000000024000000008000000003
000000027000000012000000842
000000023000000028000000161
000000049000000025000000195
000000011000000001000000192
000000041000000006000000707
000000035000000006000000420
000000027000000048000000429
000000013000000045000000625
000000008000000016000000203
000000048000000034000000836
000000022000000024000000230
000000034000000016000000462
000000023000000037000000573
000000015000000003000000283
000000007000000046000000466
000000015000000039000000309
000000032000000006000000491
000000029000000046000000207
000000028000000014000000334
000000010000000014000000246
000000047000000001000000824
000000017000000038000000543
000000048000000006000000802
000000012000000012000000386
000000042000000012000000884
000000007000000005000000986
000000007000000043000000540
000000044000000015000000572
000000017000000043000000558
000000001000000005000000040
000000006000000012000000467
000000016000000017000000049
000000022000000039000000161
000000046000000017000000650
000000025000000020000000875
000000005000000037000000670
000000016000000021000000178
000000017000000002000000414
000000035000000003000000713
000000012000000000000000900
000000049000000046000000020
000000038000000005000000997
000000045000000025000000906
000000041000000034000000317
000000041000000011000000520
000000044000000019000000916
000000034000000011000000124
000000044000000035000000688
000000043000000039000000190
000000002000000031000000283
000000016000000010000000782
000000012000000046000000410
000000031000000037000000284
000000043000000009000000224
000000038000000024000000737
000000043000000026000000821
000000044000000040000000676
000000039000000027000000775
000000038000000004000000238
000000016000000045000000337
000000040000000043000000898
000000031000000025000000483
000000026000000028000000297
000000005000000012000000645
000000031000000040000000054
000000045000000006000000214
000000047000000000000000261
000000018000000007000000806
000000030000000026000000651
000000000000000024000000841
000000008000000014000000841
000000047000000003000000320
000000016000000006000000986
000000012000000016000000953
000000026000000039000000555
000000001000000008000000735
000000036000000043000000973
000000001000000019000000900
000000003000000021000000708
000000004000000000000000961
000000041000000026000000084
000000022000000046000000960
000000040000000034000000749
000000036000000028000000984
000000011000000034000000675
000000015000000042000000374
000000012000000028000000377
000000045000000014000000606
000000043000000007000000918
000000047000000043000000631
000000030000000011000000122
000000001000000021000000798
000000043000000003000000846
000000029000000011000000477
000000049000000049000000302
000000049000000039000000686
000000011000000038000000595
000000016000000042000000445
000000029000000045000000242
000000023000000029000000790
000000002000000043000000814
000000005000000006000000341
000000043000000010000000271
000000043000000021000000775
000000026000000032000000345
000000045000000046000000299
000000015000000043000000351
000000011000000035000000104
000000001000000013000000392
000000033000000022000000509
000000027000000019000000481
000000002000000027000000368
000000033000000043000000865
000000048000000006000000594
000000020000000017000000330
000000041000000040000000186
000000004000000034000000985
000000047000000008000000708
000000021000000040000000145
000000035000000004000000844
000000047000000009000000762
000000038000000015000000047
000000014000000023000000103
000000048000000011000000062
000000021000000017000000752
000000037000000040000000368
000000038000000010000000471
000000010000000028000000756
000000026000000030000000219
000000038000000030000000742
000000011000000047000000786
