000000002000000020000000431
000000037000000031000000836
000000038000000001000000483
000000022000000044000000224
000000002000000029000000202
000000038000000003000000673
000000020000000017000000580
000000039000000039000000885
000000026000000047000000949
000000006000000022000000500
000000021000000035000000710
000000021000000033000000318
000000025000000028000000880
000000030000000027000000717
000000041000000007000000005
000000001000000020000000263
000000036000000021000000661
000000024000000026000000940
000000017000000013000000617
000000027000000011000000671
000000044000000031000000591
000000049000000001000000170
000000025000000031000000928
000000044000000012000000502
000000039000000039000000794
000000043000000047000000627
000000044000000024000000532
000000034000000020000000014
000000041000000046000000181
000000038000000004000000403
000000035000000048000000336
000000010000000036000000933
000000006000000042000000136
000000041000000025000000785
000000016000000042000000189
000000007000000035000000741
000000007000000024000000311
000000049000000033000000736
000000006000000009000000215
000000028000000007000000095
000000049000000037000000552
000000026000000009000000269
000000008000000029000000072
000000043000000036000000101
000000024000000002000000987
000000037000000017000000571
000000041000000034000000222
000000021000000031000000601
000000004000000035000000309
000000029000000003000000526
000000035000000027000000708
000000002000000042000000766
000000011000000040000000658
000000045000000049000000123
000000033000000014000000744
000000010000000024000000618
000000037000000019000000846
000000032000000037000000464
000000043000000027000000121
000000047000000021000000471
000000048000000028000000514
000000027000000007000000188
000000019000000022000000200
000000011000000025000000545
000000045000000045000000688
000000004000000038000000340
000000042000000044000000214
000000034000000042000000677
000000033000000003000000796
000000012000000008000000298
000000032000000014000000376
000000009000000047000000426
000000030000000006000000142
000000027000000040000000047
000000020000000026000000881
000000015000000036000000847
000000038000000038000000778
000000039000000004000000551
000000012000000013000000716
000000041000000043000000067
000000019000000007000000284
000000045000000028000000228
000000008000000036000000945
000000013000000024000000645
000000009000000015000000065
000000008000000013000000323
000000039000000018000000346
000000047000000023000000393
000000025000000043000000191
000000041000000046000000690
000000035000000038000000259
000000003000000008000000669
000000038000000025000000951
000000032000000006000000004
000000045000000025000000284
000000006000000029000000792
000000024000000004000000997
000000019000000002000000487
000000036000000022000000680
000000044000000019000000711
000000001000000017000000797
000000012000000027000000719
000000019000000006000000136
000000019000000020000000755
000000018000000007000000246
000000017000000002000000954
000000005000000019000000282
000000019000000016000000838
000000034000000015000000729
000000038000000017000000722
000000049000000043000000134
000000011000000030000000787
000000010000000032000000960
000000028000000037000000460
000000032000000004000000685
000000012000000001000000899
000000012000000018000000397
000000036000000039000000997
000000021000000031000000007
000000047000000028000000239
000000049000000030000000769
000000020000000020000000533
000000031000000006000000527
000000022000000006000000400
000000049000000027000000639
000000041000000037000000247
000000007000000022000000294
000000041000000026000000973
000000016000000013000000091
000000006000000040000000977
000000039000000012000000083
000000036000000028000000133
000000034000000012000000685
000000007000000031000000889
000000018000000039000000245
000000049000000036000000235
000000017000000030000000896
000000037000000040000000116
000000047000000007000000084
000000039000000004000000144
000000022000000024000000321
000000027000000033000000888
000000015000000013000000971
000000025000000006000000498
000000028000000000000000826
000000020000000022000000748
000000036000000016000000531
000000042000000038000000203
000000004000000001000000441
000000048000000038000000415
000000002000000044000000158
000000027000000035000000139
000000028000000041000000105
000000017000000034000000460
000000013000000042000000477
000000019000000009000000805
000000014000000027000000701
000000016000000003000000758
000000030000000029000000705
000000005000000023000000655
000000022000000017000000495
000000027000000022000000236
000000017000000001000000291
000000034000000041000000634
000000032000000018000000648
000000003000000029000000927
000000036000000034000000824
000000031000000033000000236
000000035000000035000000828
000000019000000046000000124
000000021000000022000000357
000000022000000045000000331
000000048000000035000000395
000000012000000002000000176
000000025000000030000000706
000000003000000034000000694
000000005000000027000000994
000000038000000019000000783
000000041000000040000000671
000000012000000042000000743
000000020000000047000000094
000000008000000012000000385
000000013000000009000000465
000000015000000005000000884
000000026000000024000000626
000000032000000006000000077
000000026000000032000000023
000000006000000014000000385
000000006000000032000000058
000000028000000030000000098
000000033000000035000000866
000000032000000041000000118
000000004000000017000000349
000000016000000039000000497
000000011000000039000000436
000000005000000012000000909
000000007000000009000000690
000000029000000036000000193
000000036000000013000000651
000000035000000001000000597
