000000030000000025000000922
000000030000000009000000840
000000013000000048000000245
000000033000000043000000956
000000021000000008000000830
000000030000000029000000158
000000029000000016000000190
000000025000000006000000775
000000000000000001000000670
000000006000000033000000815
000000010000000049000000127
000000041000000010000000159
000000030000000036000000948
000000044000000006000000976
000000027000000013000000676
000000009000000040000000579
000000027000000045000000745
000000030000000040000000908
000000028000000005000000374
000000007000000030000000171
000000008000000007000000292
000000021000000022000000875
000000041000000030000000964
000000033000000000000000852
000000010000000035000000213
000000010000000048000000870
000000004000000041000000213
000000004000000028000000755
000000003000000029000000180
000000010000000013000000104
000000039000000023000000125
000000038000000035000000982
000000034000000005000000809
000000040000000017000000207
000000030000000044000000914
000000044000000020000000108
000000034000000017000000141
000000025000000002000000785
000000047000000003000000570
000000026000000018000000857
000000034000000030000000339
000000043000000044000000528
000000036000000021000000993
000000011000000026000000853
000000003000000014000000465
000000000000000023000000692
000000042000000008000000191
000000003000000026000000914
000000048000000014000000424
000000016000000041000000634
000000020000000007000000751
000000047000000005000000743
000000043000000037000000995
000000019000000008000000978
000000005000000023000000823
000000014000000022000000749
000000015000000047000000603
000000043000000034000000183
000000033000000031000000091
000000021000000044000000604
000000005000000019000000610
000000017000000040000000382
000000005000000005000000193
000000036000000006000000723
000000034000000022000000013
000000010000000047000000056
000000004000000033000000838
000000033000000000000000869
000000001000000026000000452
000000028000000014000000482
000000032000000022000000856
000000019000000014000000776
000000018000000037000000648
000000022000000009000000334
000000027000000029000000811
000000044000000009000000240
000000008000000022000000666
000000001000000016000000221
000000038000000021000000369
000000037000000016000000283
000000046000000026000000824
000000035000000003000000697
000000043000000015000000173
000000011000000042000000202
000000020000000032000000492
000000025000000005000000422
000000002000000007000000354
000000010000000019000000830
000000040000000030000000110
000000031000000031000000853
000000020000000031000000427
000000018000000025000000651
000000025000000042000000530
000000005000000000000000875
000000003000000046000000610
000000023000000031000000683
000000036000000013000000311
000000047000000034000000179
000000046000000035000000137
000000049000000044000000448
000000029000000011000000680
000000015000000041000000217
000000038000000002000000139
000000042000000049000000273
000000044000000047000000137
000000023000000007000000463
000000011000000017000000992
000000021000000045000000365
000000027000000023000000945
000000012000000021000000794
000000025000000025000000949
000000004000000026000000783
000000009000000037000000106
000000019000000034000000585
000000027000000044000000265
000000001000000002000000737
000000002000000022000000571
000000033000000038000000545
000000022000000008000000323
000000015000000038000000369
000000013000000026000000605
000000017000000016000000480
000000016000000040000000417
000000017000000014000000399
000000017000000041000000661
000000020000000044000000019
000000005000000025000000405
000000010000000010000000985
000000011000000042000000743
000000020000000031000000366
000000023000000044000000970
000000036000000006000000163
000000048000000009000000563
000000039000000035000000246
000000016000000034000000169
000000008000000015000000945
000000044000000002000000279
000000015000000010000000271
000000048000000003000000321
000000031000000006000000484
000000036000000045000000183
000000002000000044000000402
000000021000000031000000705
000000024000000021000000683
000000022000000015000000791
000000007000000044000000517
000000040000000002000000526
000000039000000026000000579
000000004000000007000000666
000000034000000038000000060
000000042000000017000000079
000000003000000002000000797
000000003000000013000000797
000000038000000037000000694
000000012000000019000000619
000000029000000042000000899
000000024000000040000000176
000000040000000040000000070
000000047000000046000000396
000000030000000048000000735
000000036000000036000000849
000000032000000032000000070
000000030000000018000000268
000000049000000004000000618
000000035000000002000000308
000000041000000027000000137
000000047000000024000000309
000000038000000010000000967
000000044000000001000000555
000000000000000006000000109
000000020000000022000000306
000000003000000001000000015
000000042000000029000000729
000000027000000049000000472
000000031000000024000000709
000000027000000004000000755
000000038000000006000000383
000000012000000032000000472
000000021000000048000000509
000000044000000038000000616
000000025000000029000000254
000000007000000029000000637
000000015000000032000000018
000000014000000049000000962
000000020000000020000000501
000000041000000006000000733
000000012000000016000000955
000000039000000012000000996
000000036000000007000000813
000000041000000031000000063
000000025000000048000000832
000000005000000001000000395
000000010000000023000000894
000000003000000012000000427
000000036000000023000000140
000000020000000042000000235
000000048000000029000000833
000000038000000031000000435
000000033000000035000000350
000000012000000021000000450
