000000010000000028000000445
000000032000000028000000630
000000011000000049000000432
000000028000000027000000179
000000007000000013000000627
000000043000000020000000219
000000022000000010000000806
000000049000000037000000863
000000030000000035000000537
000000040000000001000000744
000000043000000034000000615
000000010000000036000000489
000000030000000039000000182
000000010000000029000000648
000000000000000015000000252
000000026000000025000000386
000000028000000006000000482
000000037000000023000000642
000000029000000011000000816
000000029000000001000000857
000000004000000020000000962
000000034000000035000000863
000000028000000047000000546
000000006000000012000000614
000000001000000012000000622
000000007000000049000000446
000000030000000004000000202
000000007000000011000000903
000000013000000005000000222
000000048000000030000000498
000000033000000001000000760
000000016000000005000000182
000000034000000015000000605
000000019000000048000000569
000000041000000021000000872
000000043000000035000000214
000000001000000021000000241
000000018000000048000000950
000000032000000047000000175
000000002000000021000000588
000000032000000029000000332
000000002000000023000000233
000000042000000035000000146
000000022000000023000000669
000000042000000011000000108
000000031000000015000000802
000000001000000019000000402
000000000000000047000000169
000000012000000015000000057
000000040000000033000000170
000000000000000031000000892
000000000000000037000000383
000000011000000039000000968
000000032000000000000000005
000000003000000029000000966
000000028000000026000000745
000000042000000001000000628
000000018000000001000000030
000000009000000031000000639
000000008000000039000000166
000000008000000002000000043
000000048000000021000000848
000000038000000041000000477
000000036000000019000000522
000000041000000019000000382
000000019000000046000000371
000000010000000034000000772
000000015000000048000000645
000000027000000031000000595
000000043000000041000000114
000000037000000003000000001
000000040000000023000000968
000000048000000004000000147
000000005000000039000000704
000000013000000005000000628
000000005000000026000000640
000000032000000039000000695
000000013000000048000000105
000000019000000043000000078
000000019000000021000000800
000000012000000045000000994
000000018000000049000000322
000000026000000001000000925
000000020000000021000000844
000000011000000004000000891
000000003000000002000000848
000000000000000021000000095
000000047000000010000000042
000000020000000023000000114
000000044000000020000000600
000000044000000028000000661
000000017000000043000000880
000000035000000045000000138
000000015000000029000000508
000000035000000011000000352
000000042000000002000000876
000000010000000016000000822
000000011000000019000000995
000000035000000014000000700
000000047000000047000000505
000000010000000031000000622
000000016000000026000000872
000000009000000043000000219
000000000000000017000000137
000000035000000035000000854
000000029000000012000000978
000000034000000028000000432
000000011000000034000000083
000000038000000033000000184
000000033000000032000000569
000000008000000037000000961
000000031000000004000000956
000000044000000019000000713
000000023000000033000000167
000000032000000010000000969
000000034000000025000000669
000000007000000005000000056
000000036000000013000000377
000000003000000048000000943
000000026000000027000000859
000000034000000025000000236
000000032000000041000000598
000000008000000003000000612
000000044000000035000000851
000000013000000010000000901
000000013000000028000000480
000000005000000004000000144
000000025000000026000000523
000000025000000022000000496
000000029000000028000000128
000000000000000017000000843
000000042000000039000000149
000000046000000000000000372
000000018000000025000000441
000000002000000012000000419
000000010000000022000000053
000000023000000040000000392
000000023000000021000000455
000000035000000008000000993
000000035000000006000000373
000000005000000029000000517
000000024000000044000000354
000000000000000020000000419
000000037000000016000000571
000000005000000037000000580
000000035000000022000000280
000000005000000015000000002
000000022000000005000000753
000000036000000027000000920
000000019000000006000000616
000000007000000010000000871
000000049000000013000000921
000000046000000028000000360
000000003000000009000000046
000000031000000036000000472
000000041000000017000000684
000000043000000000000000718
000000035000000030000000828
000000018000000032000000480
000000038000000037000000336
000000021000000030000000272
000000040000000029000000117
000000034000000005000000472
000000032000000038000000883
000000045000000001000000112
000000047000000040000000388
000000014000000045000000194
000000011000000025000000127
000000044000000022000000610
000000002000000031000000612
000000022000000007000000825
000000001000000031000000577
000000038000000041000000126
000000017000000006000000247
000000010000000010000000234
000000041000000039000000570
000000035000000020000000846
000000004000000024000000832
000000007000000009000000106
000000007000000045000000156
000000025000000032000000482
000000043000000010000000618
000000002000000044000000406
000000026000000009000000980
000000013000000046000000795
000000047000000001000000299
000000044000000003000000648
000000002000000016000000213
000000038000000017000000677
000000049000000044000000436
000000023000000031000000925
000000048000000042000000463
000000038000000017000000996
000000030000000038000000898
000000008000000009000000233
000000043000000041000000558
000000001000000009000000172
000000040000000012000000842
000000025000000023000000333
000000013000000004000000870
