000000003000000014000000999
000000013000000013000000575
000000037000000028000000430
000000019000000013000000091
000000024000000005000000956
000000002000000038000000613
000000004000000024000000617
000000044000000045000000502
000000039000000042000000210
000000028000000035000000322
000000017000000024000000471
000000006000000006000000540
000000030000000035000000693
000000016000000025000000993
000000032000000015000000227
000000044000000006000000864
000000037000000019000000716
000000008000000049000000154
000000031000000009000000370
000000024000000023000000423
000000018000000008000000843
000000005000000001000000766
000000031000000018000000986
000000020000000022000000052
000000046000000037000000985
000000031000000012000000616
000000013000000045000000723
000000017000000041000000324
000000030000000009000000514
000000015000000024000000940
000000008000000005000000251
000000013000000048000000341
000000007000000026000000268
000000022000000013000000770
000000043000000016000000953
000000033000000012000000239
000000008000000000000000948
000000037000000011000000551
000000034000000001000000327
000000025000000025000000852
000000012000000015000000870
000000002000000012000000321
000000040000000032000000772
000000032000000023000000709
000000017000000040000000650
000000047000000023000000510
000000018000000046000000936
000000013000000007000000477
000000049000000020000000897
000000034000000028000000953
000000000000000031000000029
000000020000000010000000960
000000045000000041000000079
000000031000000043000000595
000000023000000026000000542
000000011000000020000000407
000000045000000037000000554
000000040000000007000000564
000000045000000048000000153
000000019000000002000000830
000000021000000005000000081
000000040000000031000000841
000000034000000046000000608
000000034000000002000000634
000000021000000036000000075
000000017000000040000000627
000000046000000037000000010
000000024000000039000000823
000000019000000009000000482
000000023000000024000000229
000000040000000025000000778
000000012000000010000000764
000000025000000032000000891
000000035000000027000000473
000000039000000010000000693
000000045000000019000000413
000000024000000028000000169
000000026000000022000000302
000000041000000046000000301
000000012000000020000000434
000000017000000010000000433
000000018000000044000000545
000000042000000009000000527
000000015000000041000000161
000000036000000011000000194
000000026000000034000000589
000000006000000023000000810
000000003000000048000000924
000000003000000014000000050
000000023000000021000000277
000000023000000012000000229
000000022000000017000000343
000000002000000021000000329
000000007000000003000000204
000000044000000008000000747
000000000000000039000000224
000000005000000014000000242
000000035000000006000000939
000000031000000014000000241
000000025000000015000000599
000000024000000018000000755
000000012000000042000000572
000000046000000013000000891
000000042000000024000000271
000000012000000049000000416
000000030000000009000000796
000000008000000002000000494
000000041000000018000000143
000000001000000037000000129
000000014000000041000000052
000000005000000026000000102
000000036000000032000000684
000000022000000031000000333
000000008000000003000000511
000000016000000012000000788
000000048000000022000000146
000000026000000000000000107
000000022000000016000000267
000000005000000033000000012
000000030000000010000000096
000000022000000032000000446
000000041000000037000000965
000000008000000026000000330
000000036000000007000000549
000000023000000000000000974
000000049000000024000000112
000000017000000003000000299
000000049000000038000000816
000000047000000032000000199
000000041000000031000000982
000000033000000041000000419
000000011000000036000000435
000000003000000024000000508
000000041000000040000000923
000000040000000039000000858
000000027000000049000000331
000000014000000006000000177
000000045000000012000000153
000000039000000023000000875
000000031000000044000000091
000000038000000016000000904
000000017000000002000000324
000000006000000011000000269
000000026000000045000000999
000000030000000026000000261
000000018000000008000000974
000000047000000019000000677
000000043000000027000000503
000000040000000038000000578
000000013000000022000000272
000000028000000021000000599
000000020000000002000000468
000000000000000023000000732
000000026000000021000000755
000000003000000037000000204
000000008000000014000000725
000000044000000021000000293
000000045000000033000000506
000000020000000044000000792
000000020000000027000000288
000000037000000043000000784
000000049000000048000000482
000000020000000009000000476
000000039000000017000000699
000000012000000021000000960
000000046000000040000000790
000000014000000031000000475
000000042000000018000000021
000000048000000032000000764
000000004000000000000000159
000000033000000030000000927
000000022000000039000000563
000000048000000003000000772
000000036000000038000000111
000000012000000004000000064
000000029000000032000000249
000000027000000024000000091
000000000000000005000000911
000000040000000044000000490
000000038000000000000000321
000000035000000015000000183
000000015000000005000000740
000000038000000039000000634
000000019000000047000000742
000000000000000028000000853
000000018000000030000000275
000000047000000019000000999
000000025000000027000000513
000000003000000033000000513
000000000000000031000000895
000000003000000010000000047
000000022000000000000000470
000000046000000046000000981
000000016000000041000000862
000000030000000007000000540
000000017000000049000000526
000000002000000022000000291
000000010000000040000000633
000000016000000010000000758
000000033000000012000000444
