000000001000000046000000936
000000028000000003000000937
000000032000000009000000844
000000024000000041000000436
000000046000000001000000324
000000014000000040000000295
000000012000000043000000230
000000032000000013000000009
000000017000000011000000092
000000007000000013000000201
000000001000000015000000832
000000037000000014000000058
000000027000000023000000872
000000011000000030000000956
000000041000000032000000069
000000012000000029000000703
000000031000000036000000510
000000049000000045000000652
000000034000000018000000662
000000046000000010000000842
000000042000000024000000924
000000032000000023000000532
000000030000000009000000750
000000013000000036000000335
000000021000000000000000248
000000013000000041000000610
000000046000000004000000640
000000019000000026000000546
000000034000000001000000395
000000008000000002000000907
000000019000000031000000254
000000001000000019000000124
000000001000000008000000185
000000026000000032000000407
000000047000000018000000993
000000008000000028000000893
000000020000000021000000554
000000002000000049000000134
000000010000000022000000972
000000018000000047000000437
000000006000000021000000126
000000042000000043000000096
000000004000000019000000634
000000006000000011000000645
000000021000000020000000434
000000011000000021000000151
000000027000000025000000458
000000025000000038000000637
000000017000000017000000644
000000006000000041000000923
000000007000000032000000225
000000037000000019000000228
000000014000000005000000499
000000044000000004000000182
000000012000000014000000182
000000045000000031000000585
000000034000000048000000022
000000041000000041000000438
000000048000000031000000648
000000024000000024000000529
000000022000000048000000565
000000035000000048000000585
000000021000000033000000005
000000010000000047000000325
000000032000000032000000420
000000013000000012000000495
000000022000000022000000715
000000002000000021000000858
000000045000000016000000828
000000039000000038000000762
000000028000000039000000620
000000048000000022000000135
000000030000000027000000306
000000029000000024000000949
000000029000000024000000017
000000034000000008000000173
000000000000000035000000393
000000007000000001000000047
000000040000000019000000539
000000035000000040000000645
000000037000000031000000908
000000012000000031000000160
000000035000000034000000208
000000014000000032000000696
000000009000000042000000955
000000038000000023000000928
000000042000000010000000158
000000032000000038000000066
000000018000000021000000759
000000028000000007000000055
000000029000000045000000738
000000033000000041000000854
000000002000000016000000865
000000042000000049000000489
000000048000000036000000044
000000034000000048000000175
000000004000000002000000913
000000030000000043000000603
000000024000000005000000867
000000042000000043000000202
000000020000000006000000524
000000007000000034000000750
000000047000000026000000020
000000005000000036000000140
000000003000000049000000216
000000033000000034000000035
000000001000000033000000462
000000029000000024000000111
000000007000000049000000045
000000006000000008000000738
000000049000000009000000467
000000033000000022000000858
000000048000000040000000043
000000014000000036000000436
000000007000000049000000322
000000038000000027000000880
000000019000000040000000410
000000041000000041000000199
000000036000000040000000651
000000020000000000000000705
000000035000000041000000355
000000014000000005000000528
000000033000000019000000528
000000017000000035000000879
000000049000000036000000934
000000001000000021000000491
000000039000000018000000438
000000008000000037000000355
000000016000000007000000376
000000013000000046000000639
000000010000000027000000798
000000016000000029000000914
000000004000000043000000876
000000039000000005000000148
000000017000000001000000116
000000026000000042000000093
000000013000000035000000388
000000008000000031000000647
000000013000000027000000078
000000000000000047000000960
000000007000000020000000476
000000044000000007000000151
000000004000000032000000140
000000000000000047000000556
000000030000000049000000264
000000014000000040000000715
000000011000000039000000313
000000014000000000000000210
000000012000000002000000927
000000007000000003000000047
000000041000000004000000918
000000045000000032000000698
000000033000000023000000880
000000048000000022000000187
000000047000000012000000770
000000041000000027000000629
000000019000000048000000730
000000018000000038000000157
000000032000000043000000400
000000013000000031000000104
000000011000000046000000584
000000004000000009000000863
000000031000000034000000355
000000028000000030000000348
000000041000000013000000348
000000006000000016000000759
000000021000000021000000502
000000014000000038000000094
000000015000000023000000320
000000038000000013000000771
000000014000000020000000825
000000038000000037000000520
000000030000000042000000063
000000045000000009000000846
000000013000000040000000357
000000019000000026000000487
000000040000000026000000539
000000032000000041000000218
000000030000000046000000161
000000024000000038000000706
000000027000000043000000431
000000029000000013000000215
000000026000000002000000532
000000041000000026000000471
000000034000000026000000228
000000032000000001000000952
000000036000000046000000949
000000041000000047000000747
000000011000000032000000578
000000030000000008000000818
000000018000000005000000083
000000017000000018000000316
000000020000000034000000548
000000007000000042000000468
000000047000000049000000998
000000003000000047000000294
000000049000000047000000899
000000010000000037000000842
000000037000000035000000925
000000034000000017000000611
