000000017000000019000000792
000000004000000011000000742
000000021000000041000000531
000000029000000000000000754
000000029000000037000000816
000000008000000014000000578
000000041000000036000000972
000000032000000009000000558
000000020000000027000000683
000000016000000016000000814
000000004000000036000000716
000000016000000006000000098
000000033000000008000000603
000000010000000029000000933
000000001000000035000000534
000000034000000040000000534
000000046000000020000000648
000000008000000021000000225
000000000000000034000000204
000000011000000033000000675
000000002000000004000000500
000000035000000024000000289
000000001000000013000000630
000000035000000025000000106
000000048000000030000000151
000000001000000030000000481
000000001000000035000000741
000000007000000019000000924
000000008000000045000000303
000000024000000015000000437
000000044000000021000000507
000000046000000007000000490
000000021000000015000000210
000000012000000033000000538
000000045000000010000000893
000000027000000009000000812
000000003000000048000000077
000000036000000010000000954
000000046000000045000000704
000000028000000027000000582
000000049000000027000000956
000000009000000041000000075
000000029000000002000000458
000000033000000030000000298
000000013000000038000000052
000000010000000012000000176
000000001000000031000000712
000000024000000020000000331
000000018000000008000000224
000000027000000049000000242
000000039000000042000000766
000000031000000012000000117
000000029000000035000000391
000000040000000047000000153
000000017000000020000000373
000000038000000022000000431
000000045000000036000000666
000000026000000027000000927
000000043000000024000000129
000000031000000041000000654
000000042000000002000000055
000000010000000043000000748
000000026000000032000000520
000000046000000031000000534
000000039000000010000000679
000000027000000006000000005
000000047000000029000000719
000000039000000032000000262
000000028000000012000000313
000000041000000037000000764
000000049000000047000000878
000000036000000048000000897
000000004000000006000000538
000000031000000012000000808
000000045000000048000000110
000000006000000037000000332
000000012000000015000000359
000000006000000033000000250
000000046000000002000000397
000000039000000031000000618
000000021000000034000000886
000000037000000047000000665
000000032000000002000000246
000000039000000023000000997
000000023000000016000000336
000000045000000044000000681
000000007000000022000000515
000000049000000029000000446
000000020000000043000000290
000000031000000040000000908
000000025000000015000000500
000000045000000009000000553
000000046000000007000000021
000000022000000023000000693
000000004000000023000000849
000000018000000032000000333
000000045000000001000000177
000000035000000031000000195
000000005000000022000000104
000000022000000017000000084
000000018000000001000000248
000000016000000014000000157
000000024000000027000000144
000000039000000049000000726
000000033000000035000000968
000000041000000044000000123
000000029000000002000000207
000000047000000035000000778
000000036000000039000000665
000000015000000040000000737
000000022000000024000000804
000000046000000003000000448
000000022000000037000000186
000000034000000043000000111
000000009000000006000000034
000000022000000002000000931
000000011000000014000000557
000000049000000042000000307
000000043000000020000000314
000000023000000030000000495
000000024000000009000000730
000000020000000016000000509
000000046000000036000000640
000000026000000018000000147
000000046000000045000000180
000000004000000038000000583
000000037000000014000000731
000000036000000003000000536
000000009000000023000000638
000000024000000002000000651
000000006000000048000000144
000000034000000010000000671
000000019000000039000000797
000000026000000026000000329
000000014000000035000000905
000000020000000002000000938
000000006000000039000000649
000000036000000036000000324
000000038000000037000000115
000000009000000011000000864
000000043000000021000000666
000000049000000019000000399
000000000000000012000000702
000000025000000035000000987
000000039000000010000000753
000000020000000022000000373
000000031000000038000000425
000000034000000018000000278
000000000000000020000000252
000000041000000046000000446
000000027000000009000000554
000000046000000032000000104
000000033000000015000000318
000000025000000020000000797
000000011000000030000000066
000000033000000047000000505
000000028000000018000000313
000000037000000028000000457
000000021000000008000000056
000000019000000049000000982
000000007000000009000000319
000000012000000047000000530
000000021000000042000000566
000000032000000037000000141
000000002000000006000000364
000000031000000023000000749
000000010000000017000000461
000000037000000012000000566
000000006000000040000000621
000000004000000024000000483
000000002000000013000000316
000000016000000018000000224
000000023000000048000000668
000000026000000011000000091
000000046000000046000000621
000000008000000034000000442
000000004000000040000000707
000000015000000008000000645
000000026000000019000000932
000000037000000006000000138
000000045000000016000000361
000000004000000030000000467
000000041000000035000000762
000000006000000007000000485
000000004000000033000000115
000000018000000040000000329
000000047000000047000000128
000000008000000000000000681
000000038000000037000000097
000000033000000040000000960
000000014000000036000000854
000000026000000031000000891
000000036000000042000000319
000000007000000017000000967
000000034000000047000000662
000000011000000011000000500
000000026000000007000000592
000000030000000040000000165
000000000000000036000000331
000000033000000015000000860
