000000020000000017000000403
000000039000000012000000152
000000037000000045000000732
000000043000000036000000763
000000040000000044000000076
000000022000000024000000514
000000006000000015000000237
000000033000000031000000778
000000012000000037000000363
000000039000000022000000997
000000020000000013000000531
000000023000000001000000014
000000046000000011000000235
000000011000000024000000505
000000020000000006000000748
000000032000000023000000417
000000028000000044000000852
000000038000000006000000647
000000035000000037000000706
000000031000000026000000495
000000039000000047000000458
000000036000000022000000451
000000011000000016000000845
000000003000000026000000263
000000013000000045000000812
000000036000000012000000516
000000001000000030000000272
000000047000000010000000561
000000007000000032000000134
000000044000000038000000293
000000015000000015000000687
000000037000000021000000539
000000002000000034000000664
000000014000000020000000143
000000028000000025000000361
000000029000000024000000232
000000041000000048000000496
000000009000000029000000927
000000011000000042000000736
000000044000000029000000810
000000015000000017000000570
000000027000000037000000227
000000028000000026000000468
000000013000000034000000565
000000042000000036000000190
000000006000000018000000716
000000010000000027000000166
000000045000000002000000790
000000039000000005000000709
000000037000000025000000596
000000040000000007000000091
000000042000000049000000072
000000028000000000000000749
000000006000000000000000942
000000038000000028000000293
000000046000000016000000861
000000036000000004000000470
000000001000000034000000037
000000032000000020000000299
000000039000000037000000638
000000025000000040000000023
000000043000000023000000533
000000023000000049000000752
000000005000000027000000354
000000048000000003000000540
000000011000000006000000487
000000024000000043000000776
000000042000000001000000424
000000006000000039000000455
000000002000000010000000566
000000038000000039000000265
000000005000000030000000198
000000046000000044000000091
000000037000000022000000343
000000005000000031000000536
000000005000000002000000630
000000024000000021000000277
000000040000000014000000888
000000043000000033000000794
000000029000000037000000688
000000003000000021000000787
000000009000000017000000764
000000004000000042000000451
000000017000000015000000247
000000019000000036000000411
000000021000000036000000402
000000044000000000000000728
000000041000000027000000787
000000014000000048000000509
000000018000000012000000945
000000020000000016000000146
000000020000000034000000035
000000027000000046000000276
000000038000000001000000200
000000008000000007000000119
000000001000000020000000546
000000023000000021000000931
000000019000000035000000736
000000048000000012000000863
000000049000000044000000382
000000012000000035000000604
000000025000000046000000981
000000005000000049000000056
000000018000000043000000817
000000006000000005000000983
000000026000000032000000404
000000033000000012000000547
000000048000000045000000822
000000000000000000000000611
000000020000000022000000429
000000008000000027000000025
000000044000000025000000314
000000029000000033000000215
000000006000000046000000422
000000024000000005000000549
000000005000000013000000595
000000037000000021000000606
000000023000000016000000639
000000041000000014000000812
000000039000000024000000928
000000018000000034000000552
000000031000000010000000324
000000039000000011000000599
000000033000000046000000971
000000009000000026000000330
000000006000000023000000800
000000013000000044000000744
000000000000000032000000010
000000041000000035000000225
000000019000000002000000226
000000025000000040000000183
000000014000000038000000237
000000043000000043000000894
000000011000000016000000035
000000049000000004000000499
000000031000000013000000799
000000015000000035000000818
000000000000000025000000591
000000009000000017000000035
000000027000000040000000495
000000004000000020000000173
000000018000000008000000121
000000039000000045000000764
000000004000000012000000609
000000045000000002000000579
000000035000000001000000574
000000025000000009000000440
000000021000000003000000349
000000020000000024000000305
000000029000000005000000414
000000010000000016000000061
000000020000000006000000913
000000043000000031000000915
000000018000000042000000369
000000001000000010000000455
000000010000000005000000460
000000000000000023000000333
000000023000000001000000615
000000002000000033000000332
000000041000000048000000677
000000040000000009000000801
000000017000000044000000927
000000027000000025000000921
000000033000000042000000399
000000032000000006000000342
000000003000000019000000859
000000044000000009000000385
000000042000000028000000625
000000004000000037000000296
000000022000000017000000453
000000029000000001000000656
000000011000000028000000648
000000028000000034000000326
000000026000000032000000600
000000026000000017000000629
000000046000000040000000898
000000013000000049000000283
000000023000000046000000767
000000014000000048000000619
000000008000000013000000149
000000031000000005000000161
000000023000000004000000808
000000037000000021000000571
000000034000000025000000707
000000026000000018000000540
000000039000000015000000231
000000049000000007000000940
000000019000000008000000361
000000008000000005000000109
000000044000000047000000590
000000001000000019000000414
000000008000000044000000556
000000021000000003000000264
000000041000000009000000381
000000016000000028000000480
000000028000000046000000563
000000011000000025000000664
000000019000000009000000125
000000010000000011000000931
000000039000000014000000974
