000000027000000039000000169
000000020000000035000000380
000000020000000027000000137
000000013000000003000000818
000000000000000036000000324
000000032000000021000000605
000000045000000003000000160
000000004000000043000000053
000000006000000047000000090
000000025000000000000000666
000000011000000024000000549
000000008000000036000000314
000000044000000031000000977
000000015000000046000000573
000000018000000037000000131
000000043000000006000000801
000000028000000027000000510
000000002000000002000000043
000000034000000022000000921
000000005000000013000000757
000000014000000044000000534
000000023000000001000000584
000000013000000041000000995
000000000000000037000000797
000000031000000029000000137
000000029000000036000000127
000000046000000013000000812
000000014000000047000000467
000000007000000009000000449
000000025000000024000000266
000000019000000039000000360
000000011000000001000000040
000000001000000045000000721
000000027000000029000000294
000000040000000027000000802
000000035000000021000000458
000000045000000005000000734
000000039000000009000000013
000000047000000000000000940
000000003000000015000000844
000000006000000038000000357
000000036000000030000000969
000000021000000020000000565
000000004000000027000000820
000000020000000018000000667
000000025000000024000000393
000000033000000022000000760
000000049000000030000000369
000000026000000029000000586
000000017000000013000000022
000000004000000048000000589
000000043000000020000000833
000000046000000003000000937
000000041000000013000000017
000000044000000040000000564
000000045000000019000000819
000000017000000021000000519
000000027000000020000000872
000000004000000007000000163
000000049000000009000000022
000000019000000004000000131
000000027000000049000000576
000000011000000026000000964
000000041000000029000000408
000000022000000041000000167
000000037000000004000000792
000000040000000030000000208
000000038000000000000000848
000000025000000027000000569
000000035000000039000000265
000000033000000047000000875
000000045000000022000000187
000000044000000017000000809
000000049000000034000000859
000000042000000025000000846
000000005000000004000000570
000000035000000016000000048
000000018000000009000000583
000000040000000030000000087
000000014000000002000000448
000000000000000025000000737
000000034000000008000000630
000000026000000026000000384
000000049000000042000000749
000000049000000040000000933
000000017000000045000000491
000000000000000019000000458
000000049000000000000000453
000000010000000015000000767
000000014000000005000000831
000000005000000030000000308
000000018000000049000000168
000000006000000007000000349
000000010000000028000000553
000000009000000036000000481
000000014000000019000000366
000000032000000023000000705
000000029000000013000000650
000000049000000000000000505
000000014000000024000000861
000000043000000012000000437
000000027000000043000000255
000000022000000031000000836
000000038000000011000000757
000000007000000039000000813
000000045000000040000000284
000000048000000046000000915
000000020000000032000000636
000000006000000025000000324
000000032000000018000000972
000000033000000041000000673
000000024000000017000000337
000000005000000031000000846
000000011000000042000000763
000000026000000044000000241
000000047000000022000000494
000000041000000004000000195
000000011000000015000000562
000000047000000023000000600
000000040000000021000000375
000000046000000039000000253
000000043000000005000000388
000000004000000032000000432
000000023000000039000000180
000000021000000037000000064
000000007000000043000000756
000000019000000008000000053
000000041000000041000000284
000000038000000022000000525
000000005000000027000000892
000000036000000015000000207
000000023000000014000000073
000000025000000033000000782
000000042000000043000000797
000000003000000018000000298
000000000000000039000000568
000000024000000039000000588
000000042000000020000000249
000000016000000005000000962
000000048000000004000000660
000000043000000048000000114
000000026000000036000000474
000000048000000048000000450
000000049000000032000000207
000000048000000027000000314
000000012000000038000000461
000000049000000038000000660
000000047000000030000000747
000000015000000044000000909
000000047000000007000000194
000000005000000027000000581
000000006000000049000000891
000000034000000026000000622
000000041000000002000000816
000000005000000025000000152
000000019000000043000000862
000000046000000003000000334
000000025000000049000000322
000000049000000045000000360
000000018000000011000000844
000000028000000000000000816
000000012000000044000000101
000000031000000042000000553
000000021000000028000000245
000000041000000008000000721
000000042000000041000000107
000000029000000046000000026
000000002000000001000000084
000000042000000030000000558
000000012000000006000000084
000000026000000015000000287
000000038000000012000000029
000000000000000043000000626
000000002000000037000000018
000000015000000025000000496
000000004000000033000000820
000000030000000007000000067
000000012000000038000000313
000000040000000025000000991
000000036000000019000000272
000000027000000018000000729
000000023000000044000000252
000000047000000003000000902
000000034000000042000000978
000000023000000027000000167
000000000000000036000000510
000000029000000038000000945
000000036000000032000000966
000000000000000013000000548
000000048000000047000000741
000000001000000013000000465
000000017000000025000000389
000000014000000042000000621
000000012000000006000000601
000000045000000045000000313
000000004000000038000000227
000000007000000040000000781
000000024000000007000000625
000000016000000040000000707
000000038000000022000000613
