000000002000000025000000940
000000021000000011000000721
000000027000000042000000112
000000012000000010000000287
000000025000000047000000174
000000035000000009000000648
000000023000000030000000565
000000033000000012000000526
000000017000000014000000984
000000017000000014000000161
000000003000000028000000648
000000044000000034000000322
000000008000000019000000887
000000003000000032000000917
000000003000000000000000636
000000047000000038000000260
000000046000000029000000943
000000009000000009000000231
000000012000000019000000250
000000020000000004000000938
000000036000000009000000563
000000047000000009000000640
000000031000000030000000262
000000042000000026000000805
000000038000000020000000950
000000032000000029000000246
000000044000000019000000522
000000036000000021000000697
000000010000000043000000379
000000020000000032000000298
000000003000000037000000300
000000047000000016000000468
000000017000000006000000817
000000049000000015000000157
000000049000000003000000052
000000006000000021000000771
000000014000000030000000803
000000000000000026000000697
000000020000000000000000755
000000043000000036000000310
000000013000000011000000968
000000048000000038000000784
000000025000000040000000094
000000024000000014000000460
000000021000000044000000079
000000018000000036000000360
000000032000000003000000458
000000030000000006000000046
000000024000000003000000230
000000030000000026000000314
000000035000000024000000391
000000025000000036000000094
000000009000000001000000295
000000013000000031000000609
000000033000000039000000309
000000017000000028000000631
000000030000000002000000284
000000019000000010000000657
000000042000000032000000085
000000046000000023000000711
000000027000000045000000280
000000039000000038000000804
000000003000000046000000157
000000049000000008000000693
000000003000000018000000445
000000042000000046000000340
000000036000000007000000491
000000029000000049000000480
000000001000000015000000269
000000036000000032000000083
000000000000000013000000566
000000029000000035000000731
000000016000000044000000028
000000025000000013000000655
000000023000000031000000874
000000029000000016000000840
000000010000000000000000723
000000037000000009000000316
000000011000000047000000917
000000040000000037000000453
000000026000000016000000265
000000003000000048000000913
000000006000000024000000667
000000035000000026000000033
000000015000000011000000879
000000041000000006000000352
000000030000000021000000987
000000021000000026000000654
000000017000000013000000079
000000012000000018000000755
000000040000000026000000147
000000028000000048000000937
000000019000000019000000658
000000048000000023000000848
000000008000000024000000482
000000034000000021000000954
000000021000000019000000833
000000028000000009000000312
000000023000000005000000814
000000030000000035000000709
000000041000000043000000119
000000045000000045000000991
000000044000000036000000262
000000047000000022000000724
000000034000000032000000975
000000006000000012000000024
000000008000000033000000834
000000006000000040000000978
000000046000000012000000334
000000041000000005000000863
000000006000000039000000684
000000047000000006000000587
000000036000000013000000597
000000024000000040000000693
000000034000000024000000940
000000005000000043000000551
000000016000000016000000851
000000039000000021000000048
000000043000000035000000064
000000006000000049000000652
000000032000000002000000629
000000019000000040000000663
000000002000000037000000517
000000019000000020000000995
000000021000000034000000863
000000007000000021000000319
000000001000000040000000378
000000039000000024000000782
000000000000000016000000343
000000031000000003000000417
000000026000000029000000270
000000047000000041000000752
000000003000000014000000674
000000013000000003000000125
000000001000000047000000918
000000042000000018000000757
000000009000000036000000279
000000037000000005000000178
000000013000000043000000554
000000042000000019000000489
000000016000000020000000673
000000005000000043000000818
000000036000000024000000848
000000005000000003000000138
000000032000000038000000744
000000012000000037000000550
000000043000000007000000966
000000029000000022000000339
000000006000000038000000489
000000004000000033000000957
000000009000000010000000907
000000009000000047000000665
000000022000000046000000084
000000004000000006000000884
000000045000000003000000656
000000007000000005000000339
000000021000000001000000128
000000000000000049000000230
000000026000000036000000951
000000016000000048000000087
000000016000000031000000810
000000044000000045000000860
000000011000000022000000806
000000003000000040000000813
000000023000000038000000027
000000004000000033000000380
000000034000000049000000678
000000007000000032000000648
000000041000000009000000235
000000033000000033000000220
000000035000000005000000972
000000049000000038000000496
000000003000000000000000160
000000039000000045000000643
000000026000000017000000222
000000015000000026000000218
000000010000000022000000060
000000028000000032000000964
000000020000000008000000976
000000008000000003000000719
000000031000000027000000794
000000029000000018000000681
000000042000000023000000994
000000026000000000000000659
000000011000000044000000087
000000001000000030000000302
000000021000000025000000657
000000000000000023000000223
000000008000000007000000468
000000000000000029000000591
000000025000000045000000956
000000022000000008000000358
000000042000000047000000989
000000027000000023000000068
000000011000000033000000434
000000020000000017000000765
000000043000000018000000561
000000033000000036000000546
000000003000000030000000078
000000028000000021000000226
