000000031000000034000000550
000000009000000010000000784
000000018000000026000000938
000000042000000040000000191
000000025000000003000000325
000000019000000007000000685
000000015000000020000000353
000000043000000002000000229
000000000000000039000000883
000000044000000021000000677
000000031000000007000000366
000000026000000019000000181
000000001000000029000000695
000000034000000014000000963
000000006000000040000000301
000000023000000031000000877
000000049000000010000000056
000000034000000048000000319
000000014000000038000000645
000000016000000008000000407
000000045000000023000000115
000000013000000011000000655
000000041000000048000000686
000000007000000018000000552
000000049000000030000000118
000000019000000036000000239
000000046000000027000000160
000000000000000045000000206
000000031000000046000000180
000000002000000012000000623
000000026000000035000000421
000000014000000039000000815
000000042000000043000000573
000000032000000031000000672
000000009000000042000000851
000000025000000034000000354
000000010000000044000000034
000000020000000019000000628
000000012000000044000000571
000000045000000031000000290
000000023000000038000000712
000000003000000030000000648
000000006000000035000000823
000000015000000027000000866
000000033000000014000000914
000000024000000040000000056
000000017000000005000000246
000000041000000042000000353
000000029000000006000000320
000000039000000002000000897
000000012000000047000000230
000000014000000008000000859
000000047000000006000000241
000000010000000018000000992
000000026000000044000000357
000000008000000036000000113
000000035000000037000000080
000000025000000027000000519
000000002000000032000000930
000000017000000023000000478
000000016000000016000000659
000000046000000002000000601
000000031000000019000000113
000000002000000026000000685
000000040000000007000000747
000000012000000014000000948
000000049000000021000000391
000000010000000003000000284
000000040000000036000000388
000000035000000011000000520
000000046000000029000000656
000000038000000043000000033
000000016000000030000000840
000000037000000026000000356
000000049000000033000000229
000000019000000034000000400
000000038000000039000000355
000000049000000018000000051
000000004000000006000000261
000000018000000005000000329
000000010000000046000000145
000000029000000006000000929
000000001000000002000000280
000000035000000046000000689
000000005000000011000000891
000000001000000010000000418
000000002000000021000000030
000000049000000047000000449
000000008000000047000000235
000000030000000033000000752
000000038000000047000000499
000000025000000027000000605
000000010000000020000000535
000000015000000018000000647
000000006000000002000000869
000000033000000043000000126
000000007000000002000000913
000000042000000016000000683
000000014000000011000000984
000000034000000021000000177
000000034000000021000000377
000000026000000047000000963
000000009000000029000000696
000000014000000041000000800
000000044000000037000000060
000000019000000043000000884
000000028000000025000000074
000000005000000022000000624
000000041000000046000000637
000000040000000010000000317
000000031000000025000000980
000000017000000030000000940
000000013000000029000000115
000000045000000023000000278
000000021000000043000000228
000000005000000047000000565
000000031000000045000000359
000000005000000005000000926
000000005000000029000000978
000000037000000034000000013
000000016000000018000000384
000000018000000033000000310
000000040000000026000000149
000000005000000005000000274
000000038000000033000000026
000000039000000033000000573
000000019000000036000000970
000000003000000009000000295
000000047000000026000000397
000000002000000012000000022
000000048000000025000000906
000000005000000028000000100
000000044000000002000000207
000000045000000014000000436
000000020000000025000000806
000000004000000016000000445
000000045000000015000000905
000000020000000017000000960
000000002000000012000000183
000000004000000021000000146
000000045000000038000000268
000000006000000007000000593
000000018000000033000000093
000000046000000045000000628
000000018000000023000000434
000000026000000032000000688
000000024000000043000000191
000000047000000007000000947
000000005000000027000000162
000000047000000003000000326
000000045000000040000000631
000000003000000000000000527
000000008000000014000000348
000000010000000035000000662
000000017000000048000000407
000000013000000001000000878
000000026000000025000000600
000000024000000030000000546
000000047000000047000000613
000000016000000000000000599
000000021000000021000000608
000000038000000000000000097
000000049000000015000000471
000000045000000018000000365
000000016000000013000000158
000000026000000030000000177
000000027000000041000000519
000000014000000020000000554
000000036000000021000000204
000000004000000005000000047
000000045000000042000000280
000000037000000039000000294
000000002000000029000000967
000000015000000014000000733
000000020000000030000000140
000000011000000007000000325
000000019000000021000000359
000000021000000038000000171
000000004000000007000000005
000000002000000002000000586
000000044000000045000000199
000000021000000049000000519
000000004000000029000000495
000000043000000023000000017
000000010000000011000000559
000000039000000043000000798
000000020000000024000000268
000000043000000034000000679
000000034000000023000000069
000000005000000033000000633
000000014000000000000000542
000000019000000020000000369
000000026000000049000000626
000000031000000007000000564
000000041000000026000000953
000000017000000011000000548
000000030000000014000000273
000000010000000032000000552
000000015000000000000000215
000000025000000036000000517
