000000034000000029000000070
000000017000000030000000896
000000006000000024000000596
000000002000000030000000983
000000017000000043000000980
000000019000000045000000359
000000012000000031000000894
000000037000000017000000850
000000042000000019000000919
000000026000000024000000469
000000031000000003000000035
000000000000000013000000995
000000028000000031000000697
000000031000000046000000994
000000016000000040000000345
000000018000000002000000444
000000036000000044000000662
000000021000000020000000166
000000040000000046000000240
000000010000000025000000222
000000048000000030000000005
000000006000000021000000528
000000047000000016000000616
000000049000000041000000277
000000033000000031000000700
000000044000000021000000526
000000025000000023000000346
000000023000000039000000601
000000040000000009000000678
000000043000000010000000326
000000037000000017000000119
000000023000000032000000317
000000049000000009000000383
000000040000000021000000706
000000041000000037000000061
000000019000000038000000779
000000023000000045000000498
000000035000000035000000039
000000043000000025000000815
000000020000000016000000235
000000042000000004000000130
000000014000000011000000479
000000007000000009000000972
000000019000000045000000245
000000007000000034000000049
000000031000000032000000037
000000027000000021000000434
000000044000000020000000301
000000041000000002000000631
000000004000000029000000148
000000025000000029000000872
000000007000000048000000341
000000028000000026000000522
000000029000000011000000575
000000040000000004000000994
000000012000000028000000025
000000049000000011000000853
000000038000000043000000899
000000040000000047000000676
000000041000000023000000188
000000042000000003000000588
000000041000000044000000324
000000018000000049000000722
000000035000000003000000109
000000025000000047000000195
000000042000000004000000324
000000015000000028000000471
000000030000000004000000362
000000014000000036000000723
000000048000000017000000016
000000033000000037000000078
000000016000000036000000149
000000049000000049000000199
000000033000000044000000576
000000015000000014000000175
000000037000000013000000903
000000035000000047000000860
000000017000000026000000885
000000035000000012000000987
000000011000000026000000159
000000030000000019000000647
000000035000000002000000314
000000001000000009000000225
000000002000000043000000108
000000006000000031000000695
000000044000000015000000808
000000009000000027000000460
000000041000000013000000406
000000007000000015000000226
000000009000000030000000493
000000008000000038000000453
000000001000000003000000482
000000046000000029000000240
000000043000000035000000083
000000033000000032000000071
000000037000000011000000885
000000009000000041000000935
000000008000000001000000981
000000034000000039000000131
000000012000000027000000729
000000004000000041000000564
000000036000000044000000111
000000032000000004000000567
000000010000000048000000710
000000028000000016000000834
000000018000000007000000608
000000016000000020000000087
000000017000000000000000796
000000027000000049000000723
000000023000000017000000289
000000017000000034000000045
000000025000000038000000876
000000025000000047000000776
000000047000000004000000141
000000015000000048000000854
000000011000000030000000711
000000007000000016000000638
000000026000000045000000147
000000032000000037000000836
000000038000000008000000902
000000019000000009000000746
000000013000000043000000281
000000033000000002000000555
000000047000000042000000196
000000041000000018000000306
000000047000000001000000026
000000047000000016000000370
000000000000000016000000019
000000032000000041000000780
000000044000000043000000025
000000002000000037000000772
000000043000000028000000915
000000019000000001000000115
000000028000000028000000554
000000007000000009000000462
000000022000000034000000531
000000042000000034000000724
000000040000000041000000842
000000026000000018000000857
000000036000000031000000035
000000025000000038000000190
000000026000000045000000109
000000021000000047000000803
000000019000000027000000983
000000045000000018000000771
000000040000000042000000137
000000027000000010000000137
000000012000000002000000171
000000015000000011000000925
000000046000000017000000196
000000002000000033000000413
000000003000000003000000794
000000018000000031000000271
000000017000000000000000733
000000036000000022000000145
000000037000000045000000456
000000003000000035000000521
000000036000000008000000419
000000044000000012000000709
000000000000000011000000689
000000009000000024000000616
000000030000000016000000886
000000028000000041000000296
000000048000000022000000230
000000043000000010000000190
000000020000000026000000607
000000001000000027000000328
000000023000000042000000626
000000033000000016000000495
000000049000000009000000821
000000004000000017000000397
000000029000000008000000525
000000005000000006000000117
000000012000000008000000071
000000008000000004000000265
000000014000000042000000968
000000011000000024000000731
000000005000000049000000670
000000018000000035000000634
000000049000000046000000994
000000019000000028000000649
000000023000000044000000108
000000041000000014000000033
000000033000000014000000400
000000024000000038000000388
000000012000000015000000766
000000018000000019000000484
000000026000000038000000686
000000004000000049000000351
000000036000000011000000457
000000044000000006000000188
000000006000000043000000595
000000021000000034000000200
000000007000000022000000569
000000046000000028000000211
000000016000000030000000227
000000014000000005000000405
000000043000000031000000550
000000025000000043000000811
000000048000000019000000911
