000000025000000046000000160
000000028000000038000000695
000000033000000020000000425
000000036000000008000000540
000000003000000019000000827
000000023000000004000000047
000000015000000024000000304
000000023000000033000000939
000000027000000021000000046
000000043000000001000000551
000000020000000046000000784
000000026000000045000000536
000000004000000011000000314
000000028000000047000000142
000000044000000030000000515
000000039000000042000000625
000000011000000032000000136
000000014000000009000000124
000000037000000001000000245
000000011000000000000000336
000000032000000040000000379
000000043000000016000000247
000000037000000026000000476
000000014000000018000000863
000000036000000036000000544
000000008000000028000000066
000000021000000038000000590
000000021000000032000000389
000000020000000005000000746
000000033000000038000000879
000000014000000043000000217
000000048000000045000000150
000000038000000001000000278
000000013000000001000000312
000000007000000046000000271
000000013000000028000000441
000000028000000029000000464
000000008000000039000000237
000000037000000011000000158
000000049000000022000000228
000000025000000004000000763
000000029000000000000000503
000000032000000037000000819
000000019000000019000000548
000000039000000007000000742
000000013000000013000000713
000000005000000007000000541
000000015000000004000000181
000000020000000005000000075
000000048000000011000000691
000000049000000038000000564
000000002000000038000000933
000000027000000027000000932
000000038000000031000000809
000000031000000009000000196
000000045000000019000000641
000000024000000023000000957
000000022000000043000000316
000000034000000009000000014
000000029000000009000000887
000000021000000033000000524
000000006000000020000000627
000000049000000036000000387
000000040000000036000000718
000000039000000017000000518
000000036000000034000000896
000000049000000024000000720
000000021000000024000000762
000000036000000027000000899
000000012000000018000000572
000000045000000048000000372
000000002000000016000000958
000000014000000024000000782
000000028000000046000000655
000000012000000034000000739
000000011000000033000000523
000000039000000047000000513
000000005000000029000000683
000000008000000049000000182
000000038000000019000000854
000000036000000036000000373
000000040000000044000000764
000000017000000036000000012
000000027000000022000000189
000000005000000020000000566
000000003000000008000000800
000000001000000024000000885
000000018000000022000000409
000000002000000040000000367
000000034000000043000000343
000000038000000026000000101
000000046000000042000000198
000000014000000022000000796
000000048000000044000000925
000000025000000011000000508
000000016000000000000000183
000000005000000005000000817
000000019000000036000000898
000000048000000017000000286
000000048000000037000000087
000000019000000032000000860
000000033000000039000000923
000000004000000009000000575
000000018000000039000000738
000000000000000002000000602
000000048000000043000000211
000000045000000036000000799
000000009000000028000000775
000000026000000019000000783
000000010000000047000000490
000000045000000015000000685
000000035000000028000000235
000000003000000042000000457
000000029000000011000000817
000000030000000037000000320
000000003000000018000000691
000000014000000000000000486
000000003000000003000000021
000000014000000010000000088
000000004000000007000000386
000000007000000044000000228
000000004000000022000000463
000000002000000014000000470
000000018000000044000000022
000000037000000015000000499
000000049000000028000000821
000000022000000022000000020
000000004000000045000000948
000000000000000041000000256
000000033000000021000000365
000000007000000049000000701
000000003000000022000000349
000000029000000026000000293
000000042000000001000000084
000000011000000046000000115
000000023000000016000000747
000000026000000015000000636
000000013000000031000000695
000000018000000002000000982
000000013000000004000000619
000000010000000019000000870
000000005000000010000000914
000000016000000034000000871
000000007000000019000000054
000000026000000029000000421
000000046000000043000000973
000000041000000026000000516
000000025000000007000000119
000000036000000044000000350
000000000000000035000000397
000000018000000015000000442
000000033000000032000000637
000000010000000005000000712
000000010000000007000000639
000000043000000018000000913
000000029000000036000000033
000000013000000021000000177
000000000000000022000000541
000000005000000034000000245
000000037000000018000000337
000000028000000015000000976
000000023000000039000000080
000000030000000042000000946
000000039000000036000000754
000000013000000031000000396
000000043000000031000000772
000000010000000007000000145
000000015000000036000000276
000000010000000017000000867
000000045000000028000000952
000000019000000023000000740
000000018000000031000000830
000000033000000020000000587
000000041000000048000000883
000000004000000024000000707
000000021000000037000000810
000000007000000011000000065
000000023000000027000000230
000000009000000012000000581
000000035000000012000000427
000000010000000035000000283
000000049000000019000000262
000000000000000044000000997
000000028000000010000000233
000000009000000018000000176
000000013000000011000000243
000000028000000039000000610
000000002000000037000000345
000000044000000046000000915
000000025000000009000000389
000000012000000048000000146
000000008000000031000000260
000000030000000004000000100
000000022000000020000000860
000000040000000028000000014
000000041000000014000000174
000000002000000046000000017
000000016000000006000000457
000000040000000007000000954
000000046000000005000000471
