000000000000000025000000361
000000009000000007000000430
000000034000000021000000193
000000007000000004000000547
000000035000000026000000881
000000037000000009000000870
000000014000000036000000030
000000025000000008000000714
000000035000000041000000668
000000008000000011000000408
000000007000000041000000985
000000023000000047000000622
000000005000000009000000182
000000041000000018000000988
000000040000000000000000904
000000028000000037000000452
000000049000000012000000253
000000019000000043000000566
000000015000000025000000336
000000032000000024000000322
000000038000000026000000199
000000039000000049000000254
000000028000000012000000563
000000012000000032000000004
000000034000000022000000360
000000002000000034000000157
000000040000000006000000085
000000010000000009000000976
000000007000000037000000979
000000021000000007000000454
000000014000000022000000707
000000043000000003000000852
000000039000000001000000019
000000032000000000000000496
000000044000000036000000593
000000012000000035000000411
000000010000000013000000815
000000008000000041000000358
000000011000000027000000336
000000011000000031000000239
000000013000000007000000097
000000005000000048000000198
000000014000000041000000378
000000025000000012000000653
000000006000000007000000106
000000029000000016000000461
000000019000000045000000050
000000028000000010000000885
000000031000000005000000619
000000017000000031000000528
000000025000000028000000406
000000039000000018000000876
000000019000000038000000751
000000019000000047000000877
000000001000000034000000019
000000008000000002000000676
000000012000000032000000216
000000043000000041000000723
000000009000000035000000927
000000010000000023000000866
000000028000000047000000205
000000042000000049000000681
000000012000000017000000784
000000011000000009000000549
000000035000000049000000953
000000008000000026000000515
000000043000000023000000066
000000047000000004000000974
000000015000000032000000731
000000034000000029000000669
000000047000000009000000309
000000044000000040000000006
000000033000000009000000709
000000016000000045000000684
000000044000000001000000459
000000033000000008000000848
000000038000000000000000172
000000020000000017000000993
000000040000000031000000850
000000011000000026000000348
000000047000000028000000766
000000005000000014000000002
000000012000000041000000173
000000047000000025000000351
000000040000000026000000563
000000019000000002000000075
000000025000000032000000477
000000044000000045000000575
000000024000000026000000844
000000015000000004000000180
000000007000000022000000647
000000018000000019000000349
000000045000000038000000741
000000022000000021000000341
000000033000000041000000515
000000041000000030000000814
000000021000000020000000586
000000038000000035000000891
000000043000000003000000651
000000009000000030000000746
000000007000000046000000740
000000049000000039000000060
000000035000000022000000142
000000010000000023000000272
000000016000000002000000219
000000006000000010000000092
000000003000000033000000927
000000001000000044000000665
000000029000000018000000726
000000037000000024000000321
000000034000000036000000161
000000049000000015000000502
000000030000000034000000030
000000022000000005000000164
000000033000000010000000956
000000015000000022000000657
000000033000000036000000860
000000027000000006000000940
000000040000000006000000041
000000003000000019000000413
000000016000000047000000954
000000040000000025000000735
000000005000000016000000758
000000035000000026000000523
000000003000000030000000562
000000038000000017000000669
000000035000000014000000937
000000003000000004000000754
000000023000000006000000596
000000011000000008000000172
000000023000000026000000286
000000030000000006000000167
000000010000000042000000698
000000011000000010000000104
000000044000000047000000199
000000016000000024000000526
000000018000000002000000773
000000018000000018000000119
000000023000000013000000865
000000009000000017000000380
000000006000000044000000163
000000029000000012000000012
000000011000000022000000483
000000019000000027000000502
000000048000000024000000078
000000041000000008000000129
000000027000000006000000640
000000003000000042000000123
000000019000000004000000158
000000008000000007000000857
000000015000000000000000494
000000015000000004000000311
000000047000000015000000698
000000009000000005000000052
000000002000000049000000499
000000013000000019000000881
000000002000000032000000094
000000036000000032000000236
000000036000000003000000049
000000002000000009000000166
000000042000000003000000304
000000031000000004000000545
000000000000000032000000403
000000038000000044000000857
000000021000000018000000023
000000029000000001000000859
000000031000000006000000692
000000013000000006000000502
000000038000000028000000366
000000012000000028000000016
000000013000000045000000125
000000026000000016000000031
000000037000000020000000889
000000047000000013000000745
000000023000000013000000746
000000011000000015000000276
000000010000000007000000040
000000009000000020000000061
000000023000000028000000943
000000040000000043000000530
000000008000000037000000076
000000019000000025000000993
000000036000000044000000035
000000049000000042000000611
000000048000000033000000864
000000047000000039000000853
000000037000000026000000258
000000004000000002000000427
000000048000000003000000483
000000003000000002000000757
000000004000000047000000554
000000017000000038000000514
000000033000000004000000769
000000037000000025000000409
000000012000000011000000310
000000021000000011000000748
000000009000000026000000778
000000004000000002000000336
000000013000000004000000704
000000032000000020000000433
