000000018000000007000000904
000000040000000042000000425
000000031000000027000000052
000000011000000032000000951
000000000000000039000000612
000000007000000024000000051
000000000000000027000000517
000000029000000006000000664
000000018000000034000000917
000000034000000026000000895
000000028000000002000000549
000000022000000039000000193
000000003000000043000000106
000000011000000029000000674
000000022000000015000000509
000000032000000029000000017
000000027000000042000000232
000000014000000032000000755
000000017000000038000000016
000000012000000021000000160
000000025000000047000000030
000000007000000033000000591
000000020000000027000000007
000000020000000004000000620
000000047000000039000000959
000000042000000007000000831
000000007000000036000000095
000000045000000006000000671
000000033000000013000000391
000000039000000005000000010
000000008000000041000000446
000000047000000036000000652
000000032000000014000000645
000000045000000011000000041
000000000000000006000000753
000000030000000016000000877
000000039000000025000000628
000000009000000004000000705
000000003000000030000000803
000000017000000024000000384
000000010000000030000000439
000000049000000012000000274
000000008000000049000000053
000000015000000009000000853
000000009000000011000000488
000000002000000044000000003
000000045000000002000000943
000000025000000049000000613
000000019000000049000000737
000000037000000044000000122
000000042000000014000000802
000000013000000035000000630
000000030000000000000000893
000000023000000021000000338
000000041000000024000000302
000000038000000049000000849
000000010000000000000000717
000000040000000022000000439
000000021000000034000000612
000000041000000030000000247
000000026000000021000000118
000000046000000022000000914
000000002000000046000000517
000000042000000022000000877
000000005000000021000000615
000000030000000034000000508
000000015000000030000000995
000000044000000026000000871
000000020000000002000000844
000000018000000041000000033
000000000000000038000000398
000000032000000047000000005
000000011000000044000000030
000000019000000036000000074
000000016000000017000000556
000000042000000034000000003
000000041000000041000000996
000000005000000025000000008
000000012000000032000000909
000000012000000026000000412
000000003000000034000000103
000000024000000042000000678
000000023000000023000000495
000000030000000019000000796
000000023000000046000000884
000000046000000027000000165
000000015000000028000000357
000000042000000026000000987
000000001000000045000000261
000000019000000019000000295
000000004000000048000000367
000000030000000015000000036
000000048000000042000000519
000000043000000018000000227
000000025000000010000000448
000000010000000031000000591
000000006000000016000000094
000000037000000046000000961
000000002000000011000000149
000000005000000022000000925
000000020000000004000000070
000000010000000025000000412
000000021000000043000000606
000000042000000047000000708
000000032000000021000000204
000000006000000016000000327
000000026000000041000000289
000000033000000013000000066
000000010000000017000000044
000000020000000028000000088
000000044000000042000000397
000000029000000023000000271
000000007000000015000000697
000000001000000038000000764
000000049000000013000000376
000000019000000005000000493
000000037000000046000000897
000000041000000028000000616
000000031000000037000000824
000000000000000049000000167
000000018000000001000000299
000000025000000048000000098
000000015000000002000000977
000000046000000048000000025
000000031000000025000000063
000000026000000034000000990
000000034000000040000000250
000000027000000032000000637
000000009000000003000000279
000000039000000047000000712
000000022000000007000000310
000000026000000033000000748
000000023000000023000000313
000000013000000003000000049
000000025000000041000000951
000000043000000009000000073
000000027000000005000000064
000000041000000015000000183
000000045000000040000000375
000000033000000016000000896
000000040000000026000000096
000000013000000024000000821
000000035000000004000000835
000000015000000003000000219
000000033000000020000000742
000000010000000001000000824
000000034000000015000000874
000000010000000011000000845
000000032000000030000000838
000000006000000030000000850
000000018000000040000000139
000000020000000022000000543
000000047000000012000000337
000000006000000007000000092
000000011000000011000000051
000000042000000007000000901
000000022000000035000000784
000000027000000048000000010
000000001000000030000000303
000000012000000030000000873
000000049000000029000000486
000000049000000047000000257
000000003000000013000000954
000000009000000012000000783
000000024000000027000000160
000000039000000048000000990
000000039000000040000000458
000000046000000034000000897
000000003000000041000000829
000000006000000019000000846
000000012000000035000000634
000000023000000007000000570
000000030000000012000000297
000000039000000038000000894
000000047000000012000000469
000000000000000003000000418
000000042000000011000000642
000000015000000022000000812
000000020000000002000000902
000000029000000045000000119
000000021000000047000000866
000000005000000047000000543
000000007000000001000000410
000000029000000008000000718
000000034000000000000000040
000000028000000049000000445
000000021000000003000000760
000000020000000013000000155
000000010000000046000000249
000000041000000002000000102
000000033000000000000000332
000000008000000018000000813
000000001000000041000000281
000000046000000042000000039
000000000000000012000000063
000000046000000030000000454
000000038000000042000000055
000000022000000008000000854
000000017000000000000000672
000000035000000045000000032
