000000040000000017000000926
000000038000000011000000158
000000047000000040000000129
000000019000000022000000434
000000031000000046000000328
000000021000000001000000766
000000024000000010000000618
000000038000000037000000703
000000036000000048000000600
000000042000000024000000510
000000006000000006000000233
000000017000000028000000112
000000046000000028000000353
000000008000000044000000274
000000038000000049000000260
000000007000000005000000312
000000048000000024000000752
000000029000000014000000669
000000048000000001000000601
000000011000000002000000248
000000027000000005000000315
000000030000000013000000302
000000010000000013000000377
000000010000000025000000465
000000020000000015000000321
000000017000000049000000758
000000022000000028000000861
000000014000000043000000004
000000037000000026000000856
000000028000000019000000522
000000025000000034000000529
000000005000000030000000788
000000047000000007000000712
000000047000000047000000843
000000046000000037000000975
000000014000000008000000968
000000017000000031000000052
000000042000000039000000466
000000019000000013000000228
000000015000000043000000737
000000022000000031000000893
000000042000000035000000816
000000046000000015000000699
000000026000000019000000831
000000002000000024000000626
000000000000000017000000121
000000001000000023000000371
000000044000000010000000750
000000023000000033000000918
000000003000000035000000347
000000028000000032000000295
000000048000000025000000316
000000047000000004000000048
000000007000000017000000860
000000013000000040000000246
000000011000000039000000296
000000042000000018000000916
000000005000000014000000391
000000018000000027000000422
000000007000000019000000040
000000044000000043000000589
000000017000000048000000737
000000026000000003000000971
000000015000000003000000273
000000003000000043000000119
000000025000000030000000401
000000025000000012000000869
000000031000000011000000351
000000021000000022000000365
000000045000000030000000955
000000044000000040000000695
000000000000000013000000477
000000013000000045000000842
000000025000000034000000725
000000016000000026000000300
000000032000000001000000414
000000013000000042000000938
000000001000000031000000136
000000008000000013000000652
000000011000000046000000520
000000018000000031000000464
000000000000000020000000261
000000028000000003000000608
000000032000000012000000703
000000027000000049000000565
000000007000000014000000691
000000002000000039000000418
000000047000000031000000752
000000000000000043000000170
000000028000000041000000985
000000041000000001000000992
000000016000000006000000051
000000013000000015000000115
000000001000000003000000969
000000040000000031000000615
000000011000000023000000640
000000028000000001000000977
000000048000000009000000138
000000005000000021000000003
000000035000000049000000543
000000004000000000000000227
000000031000000040000000209
000000035000000011000000862
000000025000000044000000989
000000028000000000000000719
000000022000000007000000001
000000006000000039000000411
000000026000000049000000813
000000000000000043000000843
000000042000000010000000713
000000002000000027000000311
000000028000000047000000050
000000037000000009000000813
000000020000000026000000225
000000038000000002000000144
000000049000000019000000178
000000020000000032000000277
000000000000000028000000216
000000006000000028000000027
000000020000000030000000952
000000018000000042000000018
000000007000000023000000331
000000033000000000000000062
000000033000000035000000961
000000009000000036000000259
000000009000000037000000934
000000033000000000000000480
000000033000000021000000567
000000021000000002000000977
000000004000000021000000389
000000001000000016000000569
000000043000000002000000667
000000010000000031000000590
000000040000000015000000378
000000005000000037000000947
000000015000000040000000842
000000047000000047000000807
000000004000000037000000595
000000023000000034000000421
000000022000000035000000419
000000017000000029000000567
000000033000000032000000377
000000019000000016000000689
000000029000000048000000125
000000017000000042000000711
000000005000000027000000687
000000030000000006000000233
000000006000000006000000493
000000029000000046000000586
000000048000000019000000343
000000012000000037000000915
000000008000000022000000725
000000040000000022000000103
000000028000000046000000488
000000007000000018000000966
000000034000000037000000886
000000044000000018000000149
000000036000000041000000592
000000009000000010000000446
000000003000000004000000715
000000039000000020000000938
000000017000000017000000222
000000010000000008000000398
000000049000000014000000107
000000029000000002000000198
000000037000000049000000774
000000026000000044000000184
000000034000000004000000019
000000009000000025000000925
000000016000000049000000241
000000013000000036000000352
000000019000000038000000505
000000027000000040000000019
000000037000000023000000575
000000024000000044000000078
000000002000000007000000781
000000019000000022000000237
000000033000000027000000194
000000026000000004000000328
000000046000000007000000833
000000014000000044000000187
000000007000000035000000557
000000037000000009000000270
000000034000000009000000174
000000037000000039000000424
000000030000000010000000193
000000047000000007000000364
000000007000000046000000543
000000000000000030000000187
000000007000000042000000687
000000008000000031000000656
000000009000000022000000590
000000019000000016000000191
000000025000000014000000953
000000025000000035000000248
000000003000000045000000767
000000038000000046000000880
000000006000000048000000999
000000023000000007000000955
000000032000000007000000099
