000000011000000038000000307
000000028000000038000000186
000000047000000027000000223
000000044000000011000000264
000000045000000014000000842
000000034000000000000000519
000000036000000023000000647
000000049000000038000000160
000000027000000006000000143
000000011000000039000000186
000000010000000034000000177
000000043000000014000000471
000000027000000036000000921
000000012000000007000000517
000000005000000003000000492
000000041000000038000000595
000000042000000018000000082
000000008000000044000000968
000000034000000011000000999
000000007000000000000000628
000000002000000035000000769
000000001000000033000000555
000000004000000002000000008
000000018000000007000000287
000000029000000023000000313
000000006000000044000000693
000000033000000036000000371
000000027000000019000000409
000000005000000001000000795
000000010000000009000000056
000000023000000020000000710
000000014000000010000000435
000000037000000003000000394
000000046000000036000000714
000000029000000024000000236
000000039000000028000000413
000000032000000027000000335
000000015000000023000000275
000000012000000024000000334
000000018000000046000000635
000000038000000043000000868
000000047000000045000000738
000000028000000015000000257
000000043000000019000000823
000000015000000036000000999
000000032000000047000000901
000000008000000015000000465
000000019000000027000000629
000000036000000008000000923
000000021000000001000000721
000000005000000019000000136
000000037000000008000000855
000000042000000031000000580
000000024000000010000000270
000000007000000038000000169
000000025000000000000000747
000000013000000030000000536
000000021000000009000000626
000000008000000018000000328
000000011000000011000000734
000000040000000007000000269
000000026000000038000000996
000000034000000027000000555
000000007000000040000000325
000000016000000033000000090
000000009000000011000000774
000000023000000010000000161
000000008000000007000000434
000000009000000033000000201
000000025000000029000000798
000000026000000030000000403
000000042000000034000000078
000000000000000031000000001
000000008000000041000000464
000000009000000006000000789
000000010000000005000000512
000000026000000048000000153
000000027000000038000000024
000000028000000031000000981
000000041000000017000000109
000000039000000008000000953
000000037000000030000000206
000000046000000023000000991
000000000000000009000000604
000000038000000014000000385
000000034000000049000000029
000000032000000048000000557
000000034000000048000000614
000000032000000048000000826
000000018000000013000000045
000000004000000008000000271
000000044000000018000000645
000000025000000021000000515
000000029000000014000000636
000000025000000026000000780
000000027000000038000000492
000000031000000043000000655
000000047000000009000000376
000000027000000005000000206
000000016000000005000000641
000000018000000027000000203
000000047000000045000000029
000000016000000044000000911
000000036000000009000000548
000000025000000003000000686
000000046000000008000000448
000000041000000004000000195
000000016000000036000000396
000000019000000007000000974
000000044000000016000000270
000000021000000008000000323
000000043000000010000000746
000000021000000028000000608
000000037000000010000000897
000000029000000045000000690
000000005000000021000000131
000000034000000031000000938
000000037000000025000000016
000000022000000002000000803
000000040000000027000000773
000000002000000021000000542
000000032000000014000000016
000000011000000032000000856
000000046000000024000000597
000000041000000004000000881
000000014000000037000000839
000000035000000014000000704
000000042000000010000000708
000000016000000034000000665
000000015000000021000000160
000000047000000031000000014
000000041000000034000000777
000000017000000046000000601
000000033000000044000000797
000000013000000037000000144
000000017000000045000000423
000000006000000007000000291
000000048000000005000000278
000000003000000010000000233
000000041000000015000000616
000000017000000045000000215
000000034000000049000000861
000000029000000000000000385
000000005000000047000000816
000000011000000001000000399
000000045000000028000000455
000000028000000049000000766
000000012000000008000000277
000000043000000048000000526
000000036000000038000000487
000000027000000026000000627
000000049000000016000000965
000000029000000028000000753
000000014000000037000000912
000000001000000001000000208
000000023000000036000000070
000000043000000008000000640
000000038000000013000000321
000000042000000005000000744
000000046000000041000000018
000000016000000042000000239
000000044000000028000000420
000000009000000012000000707
000000021000000016000000992
000000035000000014000000233
000000042000000010000000143
000000003000000019000000254
000000022000000042000000603
000000042000000038000000254
000000015000000006000000217
000000011000000032000000750
000000036000000047000000909
000000033000000007000000470
000000039000000014000000471
000000018000000022000000839
000000032000000003000000986
000000004000000049000000903
000000030000000043000000433
000000038000000043000000992
000000031000000002000000794
000000008000000044000000120
000000024000000010000000678
000000012000000048000000335
000000016000000008000000064
000000033000000014000000112
000000039000000004000000411
000000038000000009000000690
000000013000000010000000138
000000015000000030000000777
000000015000000048000000069
000000045000000001000000090
000000033000000031000000400
000000017000000043000000233
000000008000000020000000111
000000032000000038000000816
000000041000000046000000587
000000016000000049000000784
000000029000000043000000852
000000005000000044000000665
000000049000000008000000595
