000000037000000005000000065
000000028000000038000000157
000000010000000018000000901
000000039000000041000000623
000000028000000010000000924
000000045000000029000000201
000000023000000037000000371
000000006000000022000000118
000000002000000001000000499
000000031000000030000000001
000000039000000022000000302
000000014000000020000000353
000000025000000018000000791
000000002000000005000000244
000000016000000024000000266
000000039000000015000000425
000000031000000029000000276
000000030000000024000000625
000000027000000031000000661
000000047000000026000000750
000000032000000028000000756
000000045000000000000000379
000000016000000013000000803
000000028000000020000000229
000000020000000021000000641
000000006000000039000000955
000000042000000013000000721
000000003000000000000000018
000000036000000008000000970
000000033000000037000000768
000000034000000027000000837
000000002000000019000000543
000000024000000021000000480
000000044000000023000000025
000000031000000002000000183
000000002000000010000000066
000000049000000020000000833
000000035000000004000000253
000000001000000029000000562
000000036000000008000000834
000000020000000032000000528
000000001000000043000000855
000000019000000018000000027
000000004000000031000000375
000000023000000048000000809
000000034000000022000000957
000000041000000033000000973
000000045000000034000000336
000000046000000049000000461
000000029000000000000000813
000000049000000037000000249
000000032000000023000000815
000000024000000029000000176
000000016000000032000000832
000000001000000044000000773
000000022000000011000000132
000000022000000016000000129
000000030000000045000000497
000000043000000025000000953
000000009000000004000000892
000000019000000040000000356
000000010000000005000000891
000000006000000041000000486
000000049000000009000000866
000000039000000025000000023
000000007000000043000000804
000000028000000023000000756
000000016000000007000000680
000000034000000018000000844
000000037000000039000000974
000000043000000015000000488
000000014000000046000000848
000000023000000041000000770
000000044000000016000000400
000000032000000022000000134
000000013000000041000000398
000000023000000035000000638
000000007000000031000000621
000000006000000003000000666
000000033000000026000000740
000000002000000018000000046
000000025000000006000000895
000000018000000024000000573
000000008000000033000000039
000000001000000033000000147
000000017000000034000000691
000000027000000021000000554
000000022000000013000000066
000000016000000035000000673
000000043000000007000000868
000000009000000039000000298
000000001000000041000000956
000000017000000006000000316
000000011000000044000000324
000000041000000015000000054
000000030000000005000000952
000000023000000038000000381
000000048000000006000000107
000000009000000029000000098
000000048000000008000000421
000000011000000025000000351
000000035000000049000000866
000000037000000000000000842
000000009000000000000000550
000000018000000015000000539
000000011000000031000000977
000000000000000036000000597
000000036000000019000000368
000000024000000010000000670
000000009000000042000000237
000000042000000018000000958
000000044000000000000000370
000000048000000006000000309
000000009000000042000000111
000000005000000014000000777
000000041000000029000000820
000000028000000047000000977
000000006000000048000000439
000000041000000025000000122
000000049000000010000000782
000000009000000027000000160
000000030000000016000000627
000000029000000024000000293
000000008000000012000000502
000000033000000041000000876
000000024000000030000000107
000000029000000032000000610
000000042000000031000000888
000000012000000036000000408
000000025000000003000000515
000000012000000049000000903
000000026000000049000000311
000000047000000025000000953
000000007000000011000000118
000000026000000019000000698
000000023000000022000000143
000000028000000016000000889
000000000000000019000000559
000000008000000017000000925
000000013000000017000000593
000000010000000003000000409
000000038000000045000000267
000000029000000007000000833
000000028000000026000000109
000000007000000021000000417
000000024000000016000000224
000000009000000039000000287
000000013000000047000000735
000000031000000011000000598
000000017000000017000000645
000000019000000033000000156
000000018000000046000000168
000000035000000037000000480
000000021000000043000000310
000000015000000049000000800
000000039000000043000000953
000000007000000033000000025
000000035000000004000000563
000000015000000047000000116
000000033000000007000000685
000000033000000012000000786
000000009000000008000000856
000000047000000039000000507
000000012000000039000000572
000000037000000037000000907
000000048000000047000000958
000000046000000042000000374
000000032000000010000000675
000000031000000034000000598
000000029000000002000000977
000000002000000001000000597
000000039000000038000000622
000000026000000006000000818
000000047000000041000000067
000000022000000044000000895
000000022000000047000000323
000000032000000016000000998
000000007000000036000000309
000000015000000001000000053
000000005000000028000000495
000000012000000017000000739
000000026000000009000000749
000000048000000047000000995
000000014000000022000000833
000000006000000049000000016
000000015000000009000000309
000000038000000008000000726
000000013000000046000000724
000000048000000044000000295
000000014000000024000000739
000000028000000020000000556
000000016000000034000000469
000000016000000045000000697
000000007000000023000000010
000000016000000018000000876
000000008000000000000000749
000000014000000000000000824
000000037000000016000000397
000000038000000049000000423
000000000000000027000000301
