000000032000000027000000156
000000029000000002000000175
000000008000000026000000757
000000017000000034000000019
000000030000000031000000368
000000003000000013000000567
000000039000000045000000035
000000039000000024000000047
000000040000000034000000055
000000003000000017000000482
000000009000000042000000919
000000008000000032000000667
000000037000000039000000708
000000022000000025000000901
000000025000000041000000156
000000001000000028000000541
000000018000000046000000683
000000040000000029000000750
000000034000000042000000070
000000005000000038000000372
000000006000000004000000181
000000013000000008000000834
000000004000000022000000991
000000035000000016000000479
000000042000000016000000404
000000006000000014000000656
000000044000000039000000111
000000025000000034000000416
000000039000000018000000263
000000008000000024000000793
000000029000000031000000026
000000016000000016000000418
000000036000000011000000663
000000016000000046000000129
000000027000000033000000597
000000010000000047000000255
000000017000000027000000572
000000020000000010000000972
000000013000000030000000393
000000038000000023000000792
000000028000000046000000951
000000009000000005000000691
000000022000000026000000006
000000049000000020000000047
000000049000000028000000869
000000049000000048000000022
000000040000000029000000425
000000000000000041000000935
000000011000000009000000417
000000002000000003000000724
000000001000000047000000758
000000043000000037000000995
000000008000000017000000572
000000045000000037000000430
000000012000000017000000143
000000026000000021000000652
000000005000000013000000642
000000018000000047000000884
000000018000000028000000106
000000000000000048000000920
000000013000000020000000448
000000014000000048000000456
000000014000000006000000816
000000043000000040000000612
000000022000000045000000843
000000049000000037000000464
000000039000000034000000763
000000038000000047000000796
000000004000000032000000010
000000043000000025000000190
000000044000000008000000375
000000032000000031000000349
000000049000000048000000398
000000034000000011000000299
000000041000000011000000473
000000001000000046000000034
000000002000000018000000802
000000032000000011000000281
000000007000000025000000452
000000032000000009000000309
000000022000000020000000618
000000031000000049000000645
000000011000000039000000281
000000024000000000000000792
000000003000000005000000459
000000023000000046000000720
000000016000000002000000729
000000048000000041000000130
000000019000000012000000936
000000004000000024000000124
000000044000000016000000768
000000004000000012000000821
000000034000000010000000246
000000041000000039000000127
000000037000000027000000360
000000000000000028000000119
000000041000000034000000579
000000036000000016000000148
000000028000000023000000583
000000024000000012000000735
000000035000000007000000302
000000007000000029000000683
000000001000000048000000864
000000031000000039000000722
000000023000000024000000260
000000030000000011000000286
000000038000000018000000673
000000040000000013000000801
000000027000000008000000001
000000031000000025000000770
000000011000000009000000967
000000025000000005000000649
000000041000000029000000948
000000033000000049000000598
000000012000000009000000909
000000042000000012000000835
000000044000000048000000249
000000014000000035000000865
000000003000000044000000870
000000025000000030000000432
000000034000000020000000469
000000004000000019000000592
000000037000000048000000376
000000030000000038000000626
000000016000000004000000388
000000003000000028000000090
000000044000000034000000909
000000008000000036000000533
000000026000000047000000474
000000005000000022000000228
000000038000000016000000983
000000025000000049000000584
000000006000000007000000784
000000015000000005000000291
000000022000000013000000197
000000031000000047000000625
000000023000000049000000327
000000039000000030000000925
000000026000000025000000670
000000046000000028000000458
000000005000000032000000518
000000007000000041000000455
000000032000000041000000100
000000040000000047000000405
000000015000000028000000585
000000030000000035000000456
000000016000000044000000982
000000042000000031000000459
000000045000000049000000717
000000002000000049000000476
000000045000000009000000587
000000016000000009000000449
000000038000000015000000444
000000037000000048000000137
000000026000000033000000043
000000046000000023000000033
000000016000000045000000811
000000010000000029000000673
000000023000000013000000028
000000002000000012000000836
000000036000000029000000829
000000031000000044000000752
000000040000000048000000376
000000006000000042000000396
000000000000000029000000919
000000042000000016000000952
000000020000000048000000521
000000034000000035000000088
000000033000000035000000594
000000045000000042000000929
000000021000000035000000064
000000030000000000000000395
000000015000000045000000784
000000014000000005000000497
000000032000000010000000060
000000020000000010000000006
000000037000000031000000945
000000003000000032000000268
000000015000000002000000867
000000037000000047000000188
000000007000000045000000129
000000022000000035000000130
000000016000000020000000590
000000026000000026000000424
000000008000000006000000875
000000001000000001000000515
000000001000000012000000500
000000029000000008000000223
000000049000000017000000074
000000039000000014000000950
000000026000000028000000940
000000029000000006000000201
000000018000000010000000489
000000046000000004000000796
000000020000000011000000090
000000026000000045000000514
000000019000000014000000027
000000017000000035000000711
000000034000000028000000742
000000045000000023000000369
