000000018000000010000000469
000000013000000042000000222
000000025000000044000000275
000000008000000029000000427
000000019000000020000000449
000000011000000020000000543
000000018000000045000000140
000000027000000018000000768
000000036000000039000000920
000000040000000028000000259
000000018000000021000000081
000000016000000005000000932
000000007000000034000000654
000000018000000015000000649
000000048000000034000000073
000000002000000017000000051
000000019000000020000000251
000000004000000008000000756
000000040000000041000000828
000000035000000027000000071
000000015000000035000000306
000000000000000039000000157
000000017000000002000000294
000000025000000003000000715
000000044000000000000000602
000000024000000029000000692
000000034000000033000000427
000000043000000020000000176
000000000000000014000000259
000000016000000026000000287
000000005000000022000000147
000000029000000003000000610
000000017000000047000000886
000000045000000035000000301
000000037000000044000000321
000000026000000010000000166
000000007000000015000000231
000000006000000000000000864
000000032000000021000000301
000000006000000000000000514
000000044000000001000000534
000000000000000020000000621
000000028000000015000000935
000000049000000007000000646
000000040000000038000000973
000000006000000005000000520
000000042000000023000000080
000000004000000008000000205
000000002000000048000000455
000000014000000046000000641
000000015000000010000000939
000000018000000000000000683
000000038000000037000000470
000000034000000048000000896
000000011000000008000000173
000000029000000016000000225
000000044000000025000000316
000000039000000013000000535
000000021000000040000000851
000000016000000047000000443
000000008000000014000000368
000000014000000034000000933
000000035000000021000000761
000000014000000017000000365
000000002000000007000000506
000000009000000043000000009
000000001000000023000000639
000000011000000019000000419
000000016000000026000000938
000000020000000046000000213
000000041000000021000000798
000000001000000026000000680
000000026000000046000000478
000000011000000043000000895
000000023000000030000000161
000000047000000036000000120
000000001000000012000000944
000000042000000014000000480
000000040000000046000000894
000000047000000048000000156
000000049000000015000000497
000000027000000022000000920
000000028000000001000000622
000000041000000032000000925
000000026000000039000000593
000000037000000038000000791
000000012000000018000000797
000000040000000018000000687
000000013000000049000000140
000000015000000011000000596
000000039000000028000000966
000000016000000012000000575
000000019000000045000000142
000000011000000019000000708
000000024000000010000000595
000000000000000015000000505
000000044000000002000000171
000000005000000034000000596
000000017000000008000000927
000000040000000014000000470
000000039000000012000000799
000000001000000001000000077
000000047000000010000000547
000000000000000017000000852
000000032000000000000000987
000000004000000016000000173
000000004000000012000000676
000000031000000021000000165
000000021000000034000000888
000000018000000048000000069
000000032000000029000000633
000000033000000022000000137
000000045000000023000000163
000000025000000002000000105
000000047000000043000000714
000000015000000022000000672
000000030000000013000000855
000000037000000035000000032
000000039000000007000000817
000000031000000029000000358
000000009000000029000000245
000000023000000018000000756
000000010000000048000000560
000000042000000009000000848
000000000000000028000000191
000000028000000033000000561
000000022000000005000000229
000000010000000038000000693
000000010000000044000000872
000000030000000043000000313
000000015000000013000000872
000000040000000016000000470
000000042000000023000000500
000000047000000004000000478
000000005000000037000000090
000000000000000037000000143
000000042000000011000000470
000000012000000009000000491
000000006000000048000000827
000000027000000013000000478
000000044000000030000000098
000000012000000026000000905
000000048000000010000000244
000000036000000035000000198
000000003000000024000000009
000000037000000005000000005
000000030000000010000000146
000000036000000038000000659
000000042000000003000000091
000000019000000033000000360
000000032000000015000000214
000000001000000003000000483
000000019000000043000000227
000000009000000001000000542
000000044000000006000000508
000000013000000009000000691
000000024000000018000000865
000000041000000047000000059
000000016000000007000000854
000000021000000020000000468
000000040000000029000000528
000000044000000003000000405
000000049000000001000000419
000000026000000018000000241
000000038000000020000000177
000000030000000041000000641
000000007000000028000000867
000000019000000044000000298
000000024000000040000000361
000000007000000034000000920
000000031000000047000000460
000000037000000018000000436
000000000000000000000000044
000000005000000014000000158
000000013000000047000000008
000000031000000002000000528
000000044000000036000000322
000000010000000014000000833
000000030000000020000000696
000000011000000019000000257
000000002000000041000000349
000000024000000044000000428
000000039000000000000000051
000000037000000029000000815
000000029000000002000000284
000000035000000006000000940
000000014000000043000000774
000000041000000013000000962
000000029000000020000000655
000000031000000007000000952
000000036000000039000000627
000000039000000002000000458
000000040000000038000000062
000000028000000042000000027
000000023000000006000000139
000000025000000030000000239
000000027000000044000000289
000000037000000046000000518
000000024000000010000000555
000000019000000044000000481
