000000020000000006000000086
000000027000000048000000967
000000037000000016000000468
000000004000000000000000335
000000000000000002000000134
000000024000000018000000174
000000023000000034000000113
000000003000000019000000860
000000034000000013000000124
000000041000000014000000832
000000000000000035000000224
000000000000000005000000765
000000043000000032000000452
000000020000000018000000478
000000005000000018000000733
000000002000000024000000055
000000035000000040000000766
000000033000000009000000927
000000025000000017000000733
000000011000000042000000708
000000042000000045000000048
000000031000000003000000300
000000005000000000000000938
000000018000000030000000731
000000036000000003000000330
000000031000000048000000036
000000006000000032000000773
000000003000000006000000471
000000003000000017000000511
000000014000000024000000760
000000001000000032000000794
000000037000000028000000455
000000021000000023000000297
000000021000000046000000485
000000005000000016000000199
000000001000000047000000124
000000029000000043000000386
000000034000000004000000201
000000046000000038000000772
000000028000000028000000720
000000039000000040000000521
000000008000000016000000964
000000046000000048000000506
000000043000000010000000495
000000036000000034000000715
000000014000000047000000796
000000013000000001000000394
000000019000000034000000615
000000018000000016000000555
000000029000000040000000788
000000034000000042000000897
000000028000000032000000122
000000048000000046000000002
000000011000000004000000974
000000030000000036000000672
000000044000000048000000402
000000024000000032000000821
000000048000000015000000539
000000016000000020000000118
000000045000000040000000003
000000020000000017000000169
000000035000000009000000350
000000029000000008000000051
000000029000000016000000017
000000039000000001000000931
000000020000000038000000973
000000047000000024000000373
000000007000000005000000164
000000048000000035000000550
000000017000000012000000243
000000000000000002000000133
000000049000000041000000755
000000040000000045000000533
000000016000000014000000799
000000017000000044000000320
000000040000000009000000266
000000030000000045000000632
000000007000000048000000320
000000031000000012000000235
000000000000000037000000483
000000039000000011000000911
000000040000000029000000270
000000044000000039000000213
000000008000000030000000868
000000022000000031000000193
000000028000000040000000218
000000042000000008000000527
000000014000000037000000342
000000030000000043000000093
000000040000000018000000569
000000026000000040000000150
000000002000000026000000053
000000044000000027000000302
000000002000000046000000384
000000002000000021000000296
000000038000000035000000342
000000006000000002000000454
000000000000000008000000590
000000047000000025000000490
000000028000000009000000728
000000008000000003000000427
000000032000000032000000812
000000035000000019000000100
000000007000000034000000259
000000045000000039000000239
000000007000000011000000318
000000002000000042000000158
000000037000000034000000314
000000005000000025000000639
000000027000000004000000007
000000028000000015000000346
000000028000000043000000851
000000047000000020000000777
000000024000000002000000313
000000012000000049000000369
000000009000000005000000368
000000017000000040000000285
000000008000000026000000352
000000028000000021000000386
000000005000000026000000151
000000008000000008000000297
000000004000000028000000369
000000045000000017000000919
000000019000000009000000821
000000027000000028000000801
000000042000000025000000697
000000047000000045000000404
000000013000000010000000282
000000036000000019000000793
000000049000000000000000448
000000023000000042000000879
000000031000000015000000884
000000000000000007000000410
000000000000000014000000758
000000022000000048000000625
000000023000000031000000961
000000027000000036000000918
000000034000000008000000611
000000037000000045000000953
000000000000000018000000188
000000028000000045000000339
000000023000000046000000345
000000047000000045000000253
000000045000000041000000358
000000014000000047000000635
000000032000000041000000243
000000032000000012000000758
000000041000000022000000279
000000026000000038000000672
000000013000000043000000408
000000046000000000000000778
000000011000000021000000364
000000020000000048000000042
000000014000000026000000719
000000035000000031000000896
000000028000000020000000226
000000048000000005000000081
000000035000000017000000114
000000021000000037000000475
000000003000000047000000145
000000033000000033000000034
000000042000000049000000828
000000028000000003000000520
000000013000000011000000846
000000010000000018000000736
000000001000000006000000812
000000019000000048000000377
000000022000000014000000777
000000016000000010000000641
000000033000000039000000680
000000044000000017000000033
000000044000000030000000847
000000034000000043000000645
000000003000000049000000335
000000035000000035000000876
000000011000000025000000982
000000018000000019000000620
000000033000000033000000975
000000038000000011000000382
000000012000000025000000767
000000009000000045000000273
000000041000000019000000866
000000040000000015000000769
000000044000000017000000261
000000008000000015000000986
000000002000000037000000589
000000045000000004000000710
000000032000000014000000403
000000003000000011000000681
000000002000000006000000382
000000023000000021000000345
000000043000000044000000067
000000003000000043000000320
000000000000000021000000206
000000010000000024000000036
000000017000000024000000363
000000049000000036000000485
000000039000000017000000426
000000002000000026000000628
000000043000000038000000159
