000000008000000014000000178
000000009000000015000000014
000000019000000012000000762
000000022000000030000000277
000000022000000033000000361
000000005000000002000000462
000000018000000004000000338
000000038000000017000000400
000000049000000002000000480
000000018000000006000000589
000000044000000010000000245
000000022000000049000000973
000000041000000045000000496
000000000000000014000000614
000000040000000000000000416
000000027000000022000000117
000000012000000006000000119
000000038000000045000000608
000000006000000020000000939
000000038000000009000000255
000000026000000001000000120
000000008000000027000000415
000000001000000000000000667
000000019000000014000000136
000000048000000018000000803
000000036000000047000000345
000000049000000021000000613
000000018000000006000000998
000000023000000005000000292
000000031000000016000000584
000000001000000002000000716
000000012000000023000000257
000000024000000032000000445
000000000000000026000000438
000000022000000042000000848
000000049000000040000000546
000000040000000020000000463
000000029000000039000000759
000000032000000008000000906
000000006000000035000000441
000000006000000019000000681
000000004000000017000000242
000000021000000036000000893
000000027000000011000000306
000000044000000049000000908
000000008000000045000000264
000000007000000024000000317
000000037000000041000000920
000000006000000021000000250
000000047000000029000000303
000000017000000018000000941
000000000000000043000000130
000000037000000018000000505
000000030000000028000000076
000000032000000012000000174
000000007000000034000000811
000000042000000023000000257
000000032000000048000000213
000000006000000018000000565
000000038000000048000000914
000000049000000023000000127
000000029000000009000000854
000000018000000044000000105
000000038000000020000000548
000000037000000027000000926
000000012000000004000000574
000000037000000048000000744
000000021000000005000000132
000000002000000035000000402
000000036000000043000000502
000000028000000049000000403
000000029000000030000000099
000000047000000003000000060
000000015000000039000000798
000000035000000003000000049
000000035000000044000000428
000000014000000044000000283
000000049000000000000000001
000000008000000027000000359
000000049000000027000000490
000000022000000031000000019
000000030000000010000000423
000000007000000008000000928
000000041000000014000000033
000000025000000021000000169
000000047000000036000000033
000000004000000016000000824
000000048000000022000000994
000000010000000028000000981
000000020000000021000000063
000000036000000047000000516
000000028000000043000000159
000000038000000005000000857
000000031000000028000000714
000000025000000022000000591
000000012000000023000000585
000000041000000011000000820
000000016000000045000000208
000000033000000023000000192
000000001000000019000000642
000000022000000037000000748
000000043000000004000000339
000000025000000047000000562
000000000000000008000000628
000000008000000022000000774
000000005000000023000000984
000000020000000048000000096
000000019000000028000000196
000000012000000020000000043
000000015000000045000000388
000000048000000037000000721
000000010000000009000000820
000000048000000031000000370
000000012000000036000000533
000000001000000041000000059
000000009000000007000000452
000000021000000027000000004
000000010000000031000000414
000000027000000002000000172
000000027000000031000000676
000000014000000010000000040
000000008000000002000000410
000000045000000047000000275
000000047000000007000000839
000000030000000007000000237
000000028000000018000000750
000000006000000002000000261
000000029000000043000000351
000000019000000037000000136
000000015000000033000000140
000000032000000020000000012
000000034000000047000000524
000000024000000042000000777
000000032000000014000000192
000000008000000023000000410
000000008000000029000000469
000000008000000049000000671
000000021000000020000000574
000000020000000035000000334
000000034000000039000000285
000000013000000029000000291
000000006000000015000000732
000000041000000046000000196
000000035000000003000000524
000000048000000024000000763
000000003000000020000000396
000000047000000011000000166
000000033000000006000000685
000000023000000011000000996
000000021000000013000000249
000000009000000040000000059
000000024000000018000000687
000000045000000002000000173
000000033000000016000000673
000000013000000023000000915
000000007000000022000000928
000000040000000017000000294
000000046000000037000000570
000000005000000030000000468
000000030000000033000000080
000000036000000019000000641
000000047000000026000000264
000000023000000023000000113
000000003000000008000000370
000000011000000013000000884
000000024000000019000000667
000000038000000016000000777
000000003000000031000000933
000000047000000012000000058
000000024000000018000000768
000000010000000014000000376
000000004000000047000000944
000000001000000016000000941
000000032000000034000000970
000000040000000036000000177
000000046000000035000000485
000000034000000031000000214
000000040000000041000000346
000000015000000033000000764
000000035000000049000000271
000000010000000048000000105
000000017000000042000000874
000000049000000006000000321
000000047000000023000000069
000000036000000005000000639
000000040000000012000000891
000000037000000001000000537
000000028000000040000000748
000000027000000020000000458
000000001000000039000000274
000000008000000016000000334
000000033000000022000000706
000000043000000023000000878
000000015000000046000000586
000000008000000037000000166
000000007000000003000000718
000000035000000024000000417
000000043000000047000000959
000000036000000031000000172
000000017000000039000000438
