000000008000000022000000455
000000003000000010000000945
000000026000000018000000157
000000007000000022000000486
000000032000000006000000102
000000014000000027000000732
000000049000000024000000881
000000001000000030000000578
000000047000000034000000362
000000031000000001000000977
000000036000000002000000431
000000044000000002000000133
000000023000000001000000780
000000047000000007000000388
000000024000000047000000414
000000039000000014000000258
000000000000000007000000239
000000036000000043000000537
000000044000000006000000855
000000043000000005000000525
000000029000000045000000351
000000008000000020000000391
000000002000000038000000090
000000048000000041000000519
000000047000000002000000336
000000024000000027000000645
000000008000000008000000392
000000005000000030000000868
000000036000000049000000172
000000044000000049000000904
000000013000000029000000903
000000012000000018000000239
000000001000000015000000537
000000001000000036000000517
000000008000000002000000330
000000035000000038000000833
000000010000000019000000586
000000010000000035000000956
000000006000000023000000296
000000024000000021000000424
000000010000000008000000780
000000009000000034000000228
000000030000000034000000675
000000004000000022000000244
000000005000000007000000423
000000043000000046000000570
000000026000000000000000222
000000016000000034000000599
000000015000000003000000882
000000047000000006000000889
000000047000000027000000867
000000005000000040000000578
000000036000000049000000349
000000005000000005000000078
000000007000000005000000938
000000017000000005000000571
000000026000000012000000544
000000036000000047000000420
000000010000000043000000468
000000009000000043000000625
000000017000000033000000574
000000039000000007000000902
000000018000000049000000337
000000042000000006000000951
000000011000000021000000915
000000007000000009000000588
000000033000000048000000966
000000015000000020000000863
000000017000000010000000609
000000022000000045000000924
000000005000000027000000118
000000036000000037000000437
000000025000000018000000950
000000001000000048000000106
000000011000000034000000121
000000029000000025000000508
000000025000000002000000699
000000043000000026000000888
000000032000000001000000253
000000035000000022000000936
000000014000000046000000085
000000020000000036000000582
000000041000000024000000679
000000023000000032000000809
000000031000000031000000012
000000043000000003000000727
000000037000000037000000714
000000005000000047000000854
000000011000000011000000034
000000011000000003000000723
000000009000000039000000930
000000000000000037000000037
000000001000000041000000953
000000026000000037000000006
000000041000000001000000415
000000044000000012000000898
000000043000000039000000957
000000026000000048000000688
000000011000000009000000985
000000011000000009000000503
000000027000000030000000432
000000047000000014000000850
000000043000000031000000879
000000048000000041000000255
000000038000000010000000994
000000035000000013000000917
000000021000000016000000990
000000006000000017000000268
000000038000000032000000823
000000012000000039000000553
000000002000000039000000635
000000022000000049000000154
000000028000000043000000731
000000028000000000000000616
000000000000000045000000957
000000035000000037000000764
000000034000000025000000917
000000003000000039000000850
000000025000000020000000254
000000008000000009000000636
000000001000000031000000833
000000016000000046000000050
000000030000000016000000215
000000042000000006000000401
000000009000000043000000326
000000018000000005000000449
000000015000000003000000906
000000002000000027000000278
000000031000000049000000001
000000039000000046000000576
000000045000000020000000682
000000004000000026000000374
000000039000000034000000979
000000045000000004000000427
000000027000000042000000379
000000025000000044000000915
000000026000000006000000296
000000040000000042000000127
000000036000000048000000089
000000027000000034000000940
000000002000000041000000387
000000031000000047000000726
000000035000000004000000337
000000047000000029000000426
000000023000000020000000980
000000023000000025000000696
000000044000000005000000101
000000004000000013000000799
000000014000000004000000554
000000027000000018000000571
000000014000000011000000999
000000001000000042000000250
000000001000000045000000911
000000032000000039000000791
000000028000000028000000547
000000043000000016000000454
000000007000000012000000457
000000019000000032000000573
000000042000000048000000572
000000029000000017000000845
000000008000000008000000725
000000038000000033000000363
000000021000000021000000541
000000036000000021000000597
000000039000000012000000321
000000015000000025000000690
000000012000000020000000761
000000004000000020000000116
000000005000000044000000572
000000021000000009000000896
000000033000000022000000555
000000003000000024000000634
000000003000000040000000903
000000009000000022000000903
000000045000000020000000810
000000042000000030000000409
000000012000000026000000457
000000044000000016000000947
000000004000000003000000755
000000030000000032000000775
000000039000000049000000234
000000032000000002000000988
000000002000000035000000766
000000034000000012000000694
000000039000000003000000964
000000042000000009000000992
000000015000000012000000285
000000008000000008000000665
000000021000000039000000116
000000030000000049000000407
000000043000000022000000161
000000006000000019000000447
000000033000000013000000363
000000041000000040000000889
000000032000000028000000289
000000038000000004000000268
000000049000000011000000886
000000038000000015000000397
000000024000000031000000823
000000028000000010000000258
