000000001000000015000000565
000000041000000029000000058
000000021000000021000000669
000000015000000013000000669
000000002000000023000000728
000000029000000013000000579
000000002000000042000000368
000000048000000043000000267
000000004000000037000000931
000000046000000042000000513
000000029000000021000000197
000000017000000022000000096
000000003000000022000000373
000000033000000000000000851
000000036000000000000000803
000000042000000034000000508
000000044000000021000000164
000000045000000047000000867
000000048000000003000000448
000000014000000037000000833
000000006000000025000000590
000000007000000036000000847
000000023000000034000000032
000000031000000025000000818
000000010000000018000000851
000000025000000012000000853
000000023000000012000000071
000000021000000002000000412
000000017000000034000000490
000000016000000018000000382
000000032000000038000000710
000000027000000027000000506
000000013000000028000000286
000000047000000018000000988
000000023000000012000000926
000000017000000034000000564
000000000000000023000000814
000000029000000041000000502
000000038000000035000000449
000000008000000040000000042
000000017000000007000000320
000000032000000049000000729
000000005000000033000000834
000000017000000012000000669
000000028000000025000000870
000000004000000047000000800
000000024000000000000000981
000000046000000015000000916
000000028000000002000000944
000000010000000038000000841
000000002000000004000000770
000000012000000029000000229
000000033000000041000000267
000000009000000011000000033
000000036000000033000000206
000000007000000001000000327
000000031000000034000000756
000000032000000034000000803
000000002000000021000000830
000000020000000004000000931
000000039000000044000000888
000000049000000014000000172
000000044000000016000000908
000000032000000020000000120
000000026000000014000000767
000000047000000009000000641
000000035000000021000000027
000000030000000028000000097
000000004000000020000000392
000000048000000009000000167
000000019000000013000000745
000000016000000020000000337
000000007000000036000000385
000000001000000012000000703
000000020000000049000000268
000000031000000005000000402
000000001000000005000000237
000000009000000034000000661
000000045000000008000000323
000000039000000045000000879
000000038000000046000000139
000000037000000012000000148
000000018000000009000000878
000000021000000040000000458
000000012000000033000000175
000000016000000010000000587
000000041000000022000000292
000000049000000046000000076
000000046000000010000000573
000000004000000021000000246
000000000000000017000000828
000000025000000012000000315
000000028000000033000000746
000000006000000013000000918
000000026000000030000000304
000000038000000046000000017
000000024000000029000000966
000000036000000048000000460
000000029000000039000000002
000000003000000040000000035
000000028000000014000000767
000000031000000020000000455
000000031000000037000000420
000000043000000037000000524
000000042000000035000000186
000000018000000023000000325
000000038000000007000000275
000000027000000029000000847
000000013000000013000000389
000000018000000045000000466
000000015000000025000000864
000000035000000027000000971
000000007000000044000000190
000000042000000007000000184
000000029000000031000000824
000000022000000044000000254
000000013000000010000000323
000000033000000014000000659
000000038000000000000000692
000000046000000017000000137
000000003000000013000000830
000000047000000027000000256
000000032000000006000000163
000000010000000011000000575
000000006000000046000000004
000000004000000048000000971
000000001000000041000000385
000000006000000004000000706
000000007000000031000000212
000000010000000047000000529
000000013000000011000000538
000000002000000039000000887
000000017000000032000000079
000000028000000039000000763
000000004000000002000000989
000000037000000027000000369
000000032000000033000000058
000000036000000044000000516
000000037000000046000000166
000000006000000040000000910
000000002000000022000000180
000000031000000046000000992
000000001000000004000000139
000000005000000036000000318
000000044000000022000000055
000000031000000002000000036
000000035000000019000000097
000000042000000027000000283
000000023000000027000000334
000000001000000015000000852
000000036000000011000000832
000000008000000026000000329
000000029000000022000000125
000000049000000035000000457
000000011000000026000000930
000000036000000041000000444
000000023000000006000000886
000000006000000020000000414
000000040000000010000000903
000000044000000008000000377
000000032000000000000000782
000000014000000019000000509
000000024000000036000000928
000000036000000001000000587
000000045000000035000000686
000000031000000030000000012
000000017000000036000000730
000000044000000027000000172
000000048000000029000000821
000000020000000017000000324
000000021000000034000000295
000000037000000016000000695
000000033000000047000000144
000000021000000012000000104
000000025000000036000000092
000000014000000010000000687
000000036000000008000000588
000000044000000027000000430
000000032000000038000000456
000000030000000016000000804
000000034000000003000000370
000000030000000015000000351
000000014000000008000000381
000000049000000048000000670
000000043000000046000000478
000000031000000018000000823
000000003000000033000000371
000000006000000034000000180
000000036000000026000000142
000000043000000005000000570
000000011000000003000000622
000000016000000036000000187
000000036000000045000000435
000000037000000000000000057
000000015000000036000000212
000000045000000001000000615
000000047000000000000000394
000000031000000026000000654
000000021000000027000000377
000000009000000043000000769
