000000038000000007000000862
000000004000000000000000804
000000009000000040000000989
000000041000000045000000353
000000043000000035000000028
000000037000000017000000135
000000041000000004000000801
000000020000000003000000265
000000033000000049000000845
000000005000000015000000847
000000045000000021000000875
000000029000000040000000689
000000008000000018000000138
000000016000000015000000802
000000012000000036000000990
000000046000000043000000230
000000024000000036000000855
000000021000000028000000806
000000034000000017000000077
000000029000000021000000021
000000047000000003000000509
000000007000000046000000479
000000023000000014000000903
000000016000000029000000976
000000049000000024000000774
000000049000000008000000354
000000013000000036000000104
000000030000000030000000569
000000049000000024000000858
000000003000000045000000449
000000030000000028000000943
000000005000000018000000239
000000014000000005000000802
000000025000000022000000580
000000016000000007000000150
000000043000000021000000076
000000001000000034000000191
000000036000000016000000708
000000045000000017000000460
000000047000000007000000439
000000031000000020000000397
000000022000000036000000019
000000001000000044000000113
000000026000000035000000059
000000027000000038000000268
000000026000000014000000467
000000020000000005000000060
000000039000000001000000219
000000012000000044000000243
000000011000000010000000032
000000038000000017000000959
000000018000000044000000050
000000009000000043000000426
000000006000000042000000543
000000048000000024000000976
000000006000000008000000560
000000022000000019000000055
000000049000000026000000037
000000018000000041000000373
000000008000000009000000836
000000038000000039000000680
000000004000000037000000353
000000004000000009000000872
000000010000000017000000418
000000002000000014000000268
000000025000000040000000541
000000012000000006000000718
000000034000000039000000807
000000048000000039000000831
000000046000000049000000053
000000033000000000000000675
000000029000000017000000047
000000043000000044000000739
000000031000000001000000982
000000034000000011000000053
000000031000000047000000233
000000038000000043000000020
000000041000000046000000070
000000005000000004000000005
000000043000000005000000970
000000026000000008000000205
000000041000000027000000336
000000037000000022000000933
000000011000000032000000936
000000040000000030000000093
000000036000000049000000572
000000037000000017000000835
000000029000000007000000121
000000001000000042000000069
000000030000000023000000262
000000002000000049000000780
000000038000000005000000857
000000038000000043000000680
000000035000000044000000501
000000014000000027000000211
000000004000000001000000317
000000048000000019000000098
000000021000000005000000762
000000006000000046000000023
000000004000000039000000696
000000013000000006000000979
000000033000000008000000661
000000007000000001000000518
000000011000000047000000129
000000044000000001000000446
000000016000000014000000605
000000045000000047000000814
000000037000000031000000089
000000008000000030000000873
000000000000000031000000179
000000041000000034000000080
000000049000000022000000758
000000026000000031000000370
000000027000000046000000998
000000039000000037000000425
000000048000000027000000080
000000015000000040000000625
000000020000000008000000837
000000044000000025000000507
000000044000000025000000569
000000039000000006000000398
000000016000000020000000265
000000002000000045000000589
000000034000000040000000671
000000011000000017000000023
000000040000000047000000887
000000033000000009000000069
000000039000000035000000833
000000027000000020000000517
000000012000000005000000933
000000012000000031000000121
000000040000000038000000789
000000030000000022000000340
000000008000000045000000634
000000024000000031000000987
000000047000000009000000816
000000040000000003000000563
000000030000000011000000311
000000025000000049000000436
000000028000000039000000983
000000037000000040000000804
000000032000000021000000184
000000027000000021000000598
000000011000000010000000493
000000027000000025000000277
000000021000000015000000074
000000042000000029000000236
000000035000000021000000037
000000018000000031000000402
000000040000000014000000766
000000017000000001000000674
000000017000000020000000114
000000041000000041000000192
000000040000000020000000746
000000010000000029000000851
000000003000000003000000725
000000001000000003000000692
000000018000000035000000186
000000037000000002000000377
000000038000000014000000805
000000039000000037000000136
000000041000000043000000178
000000040000000009000000091
000000008000000030000000469
000000044000000002000000197
000000024000000024000000847
000000009000000014000000560
000000033000000038000000234
000000003000000049000000318
000000024000000030000000365
000000036000000003000000548
000000019000000001000000661
000000030000000019000000702
000000033000000012000000879
000000031000000043000000462
000000011000000024000000676
000000049000000012000000563
000000026000000029000000986
000000012000000005000000967
000000045000000037000000888
000000042000000016000000583
000000036000000021000000543
000000046000000024000000021
000000026000000043000000099
000000007000000025000000048
000000034000000002000000902
000000038000000042000000511
000000032000000024000000350
000000040000000010000000478
000000028000000007000000915
000000034000000035000000627
000000040000000040000000921
000000014000000045000000446
000000045000000015000000984
000000032000000022000000380
000000023000000019000000073
000000046000000028000000066
000000003000000006000000906
000000018000000010000000832
000000011000000046000000220
