000000018000000029000000339
000000029000000025000000564
000000025000000028000000333
000000041000000011000000879
000000000000000021000000865
000000020000000031000000227
000000014000000047000000694
000000020000000019000000935
000000040000000002000000651
000000032000000035000000296
000000031000000037000000179
000000004000000007000000689
000000030000000046000000189
000000034000000027000000344
000000021000000046000000700
000000000000000006000000558
000000006000000002000000520
000000036000000017000000211
000000020000000047000000209
000000020000000038000000472
000000045000000043000000855
000000001000000009000000478
000000035000000045000000272
000000008000000039000000704
000000001000000030000000397
000000017000000049000000452
000000011000000040000000909
000000004000000026000000656
000000038000000045000000396
000000048000000034000000200
000000024000000010000000153
000000035000000038000000682
000000024000000019000000737
000000011000000014000000223
000000014000000047000000264
000000040000000034000000737
000000040000000002000000964
000000037000000008000000969
000000028000000040000000340
000000009000000013000000294
000000004000000036000000223
000000003000000034000000584
000000027000000016000000839
000000035000000043000000589
000000035000000000000000506
000000034000000040000000565
000000019000000048000000215
000000032000000007000000633
000000011000000036000000045
000000009000000007000000952
000000017000000014000000137
000000022000000007000000567
000000000000000010000000261
000000034000000013000000369
000000044000000004000000192
000000018000000002000000154
000000023000000043000000013
000000038000000040000000300
000000003000000021000000578
000000029000000041000000973
000000026000000018000000169
000000044000000018000000573
000000022000000013000000873
000000046000000034000000593
000000015000000035000000696
000000042000000038000000057
000000022000000042000000680
000000044000000035000000277
000000047000000028000000483
000000041000000018000000717
000000049000000020000000377
000000014000000007000000896
000000010000000000000000726
000000030000000046000000771
000000014000000026000000192
000000020000000023000000095
000000030000000011000000662
000000026000000007000000977
000000014000000032000000648
000000044000000047000000804
000000004000000030000000906
000000007000000047000000275
000000010000000000000000572
000000039000000032000000750
000000016000000041000000936
000000045000000030000000196
000000004000000026000000098
000000019000000011000000133
000000002000000023000000263
000000020000000049000000492
000000012000000015000000063
000000046000000026000000307
000000043000000006000000573
000000045000000010000000453
000000026000000040000000586
000000045000000009000000326
000000002000000019000000038
000000022000000040000000426
000000035000000035000000383
000000038000000005000000483
000000000000000040000000024
000000003000000027000000337
000000034000000020000000295
000000031000000002000000487
000000031000000008000000318
000000032000000043000000429
000000027000000007000000276
000000046000000017000000611
000000022000000039000000504
000000031000000010000000825
000000046000000004000000022
000000004000000045000000387
000000021000000022000000252
000000012000000011000000783
000000001000000020000000338
000000027000000041000000636
000000005000000003000000837
000000047000000011000000960
000000010000000003000000456
000000020000000031000000757
000000041000000002000000194
000000023000000035000000954
000000023000000026000000264
000000046000000010000000423
000000008000000014000000917
000000024000000045000000949
000000013000000045000000963
000000043000000026000000152
000000049000000048000000864
000000003000000044000000829
000000046000000000000000817
000000024000000020000000174
000000029000000028000000705
000000019000000004000000299
000000018000000008000000849
000000020000000038000000927
000000002000000035000000171
000000025000000006000000722
000000039000000048000000522
000000002000000024000000734
000000004000000020000000650
000000021000000049000000196
000000030000000034000000884
000000037000000045000000343
000000012000000044000000818
000000033000000024000000351
000000015000000028000000194
000000046000000000000000168
000000032000000021000000878
000000004000000035000000448
000000032000000027000000081
000000048000000014000000679
000000032000000046000000178
000000032000000040000000095
000000002000000015000000811
000000041000000013000000250
000000045000000006000000472
000000008000000037000000907
000000027000000007000000388
000000024000000038000000574
000000015000000025000000980
000000021000000004000000357
000000013000000013000000597
000000006000000000000000558
000000008000000032000000765
000000004000000044000000717
000000017000000041000000163
000000031000000009000000573
000000048000000024000000805
000000008000000021000000141
000000014000000008000000160
000000030000000016000000298
000000005000000030000000209
000000022000000028000000989
000000032000000038000000113
000000045000000049000000093
000000007000000022000000258
000000033000000006000000947
000000020000000034000000321
000000020000000022000000610
000000027000000004000000842
000000022000000042000000849
000000019000000028000000314
000000023000000049000000288
000000025000000045000000263
000000008000000048000000425
000000023000000003000000484
000000035000000001000000988
000000044000000031000000041
000000010000000009000000645
000000048000000035000000147
000000029000000045000000479
000000007000000009000000917
000000013000000025000000428
000000038000000033000000456
000000048000000008000000224
000000034000000011000000716
000000044000000047000000397
000000006000000041000000057
000000042000000028000000226
