000000044000000006000000562
000000021000000031000000965
000000048000000021000000758
000000010000000006000000078
000000023000000012000000844
000000016000000010000000949
000000039000000045000000790
000000023000000008000000492
000000012000000030000000496
000000016000000025000000833
000000035000000041000000903
000000025000000011000000009
000000042000000015000000527
000000014000000008000000906
000000006000000046000000312
000000047000000040000000545
000000042000000028000000614
000000033000000017000000092
000000025000000020000000954
000000003000000009000000018
000000023000000031000000920
000000046000000025000000296
000000008000000048000000023
000000041000000023000000898
000000021000000025000000744
000000044000000016000000243
000000009000000015000000797
000000047000000024000000925
000000010000000001000000482
000000040000000049000000822
000000002000000038000000123
000000025000000040000000536
000000049000000010000000420
000000000000000038000000838
000000026000000000000000101
000000035000000012000000852
000000017000000031000000075
000000035000000044000000882
000000010000000025000000151
000000049000000035000000470
000000040000000018000000972
000000010000000039000000700
000000038000000045000000690
000000010000000044000000128
000000041000000008000000539
000000047000000021000000463
000000041000000025000000796
000000031000000023000000378
000000037000000017000000889
000000012000000014000000295
000000019000000049000000507
000000047000000010000000403
000000043000000016000000236
000000020000000046000000329
000000008000000006000000723
000000047000000044000000726
000000017000000012000000089
000000034000000008000000201
000000033000000009000000899
000000029000000022000000440
000000040000000026000000624
000000019000000041000000907
000000030000000043000000960
000000006000000004000000108
000000011000000021000000565
000000023000000023000000325
000000032000000039000000452
000000008000000044000000030
000000010000000034000000819
000000015000000013000000021
000000025000000013000000868
000000039000000029000000405
000000035000000038000000317
000000040000000016000000018
000000038000000010000000166
000000049000000022000000747
000000031000000010000000715
000000028000000046000000654
000000049000000032000000636
000000029000000009000000125
000000004000000015000000596
000000046000000031000000823
000000011000000021000000833
000000008000000038000000700
000000000000000041000000472
000000021000000019000000692
000000043000000011000000240
000000003000000033000000070
000000015000000046000000332
000000010000000040000000944
000000038000000005000000578
000000009000000036000000015
000000021000000041000000574
000000017000000037000000027
000000045000000023000000445
000000000000000028000000101
000000009000000027000000248
000000047000000036000000962
000000044000000000000000640
000000026000000031000000704
000000024000000001000000623
000000044000000019000000650
000000006000000040000000111
000000022000000000000000573
000000005000000026000000485
000000010000000007000000198
000000031000000014000000362
000000011000000001000000256
000000034000000041000000382
000000030000000015000000713
000000018000000044000000191
000000043000000042000000715
000000020000000001000000082
000000039000000044000000751
000000049000000036000000541
000000033000000041000000209
000000023000000033000000855
000000022000000045000000344
000000017000000013000000992
000000018000000009000000569
000000013000000025000000509
000000019000000004000000117
000000019000000012000000670
000000038000000040000000135
000000005000000041000000398
000000030000000012000000308
000000035000000001000000998
000000008000000006000000635
000000042000000046000000993
000000042000000026000000591
000000036000000001000000833
000000025000000026000000386
000000012000000029000000642
000000021000000014000000577
000000026000000035000000863
000000036000000016000000074
000000047000000036000000020
000000034000000032000000170
000000028000000004000000368
000000043000000026000000150
000000006000000026000000722
000000003000000002000000773
000000015000000030000000301
000000000000000018000000647
000000033000000014000000730
000000021000000031000000431
000000038000000006000000607
000000045000000045000000794
000000028000000001000000383
000000033000000047000000434
000000000000000018000000055
000000024000000015000000756
000000042000000023000000661
000000004000000020000000722
000000038000000046000000365
000000018000000000000000361
000000021000000007000000459
000000046000000005000000402
000000027000000010000000636
000000046000000025000000007
000000019000000031000000661
000000043000000049000000999
000000029000000008000000991
000000048000000028000000175
000000038000000034000000717
000000044000000007000000966
000000021000000009000000022
000000001000000011000000793
000000048000000004000000266
000000032000000047000000096
000000005000000046000000953
000000032000000035000000782
000000003000000045000000940
000000018000000039000000844
000000018000000023000000582
000000014000000008000000421
000000034000000032000000060
000000033000000024000000308
000000049000000018000000415
000000043000000044000000911
000000036000000046000000223
000000044000000042000000642
000000011000000005000000981
000000046000000041000000239
000000001000000003000000419
000000008000000032000000758
000000010000000034000000915
000000042000000048000000293
000000001000000022000000426
000000032000000033000000333
000000018000000009000000015
000000001000000031000000841
000000031000000023000000611
000000047000000003000000052
000000021000000037000000833
000000040000000032000000436
000000044000000040000000715
000000032000000032000000202
000000049000000044000000970
000000046000000042000000404
