000000016000000035000000575
000000018000000032000000401
000000000000000044000000649
000000025000000028000000774
000000036000000010000000859
000000026000000045000000497
000000047000000000000000411
000000007000000020000000437
000000020000000003000000975
000000033000000046000000562
000000023000000018000000310
000000037000000049000000085
000000046000000043000000137
000000001000000004000000364
000000012000000032000000615
000000045000000043000000522
000000016000000009000000367
000000007000000037000000019
000000009000000008000000288
000000006000000047000000591
000000021000000017000000949
000000004000000002000000194
000000023000000048000000214
000000038000000030000000044
000000018000000045000000926
000000002000000044000000767
000000041000000024000000199
000000022000000017000000737
000000009000000015000000614
000000014000000028000000815
000000039000000039000000903
000000027000000030000000748
000000020000000008000000607
000000021000000022000000892
000000015000000027000000591
000000016000000039000000846
000000004000000006000000291
000000026000000015000000467
000000019000000048000000005
000000010000000044000000729
000000029000000008000000408
000000019000000048000000819
000000007000000040000000303
000000008000000031000000715
000000007000000020000000040
000000015000000007000000782
000000007000000043000000519
000000038000000009000000429
000000026000000013000000468
000000021000000007000000640
000000037000000010000000281
000000043000000042000000280
000000024000000045000000579
000000038000000009000000978
000000027000000045000000505
000000028000000018000000914
000000021000000004000000824
000000011000000003000000022
000000010000000040000000972
000000048000000043000000704
000000017000000035000000662
000000033000000021000000430
000000021000000014000000561
000000038000000041000000237
000000010000000018000000687
000000027000000011000000287
000000046000000047000000913
000000027000000000000000067
000000040000000026000000135
000000012000000033000000028
000000015000000025000000035
000000043000000021000000479
000000015000000044000000478
000000003000000007000000080
000000017000000033000000264
000000029000000000000000694
000000016000000033000000588
000000034000000002000000925
000000039000000039000000696
000000029000000042000000914
000000014000000008000000614
000000026000000022000000318
000000010000000016000000951
000000010000000011000000344
000000040000000042000000807
000000041000000009000000341
000000040000000011000000501
000000022000000046000000999
000000021000000031000000449
000000005000000004000000623
000000039000000035000000034
000000028000000038000000967
000000023000000041000000213
000000047000000019000000692
000000037000000006000000443
000000012000000043000000207
000000005000000047000000598
000000017000000039000000620
000000020000000042000000249
000000030000000004000000833
000000043000000004000000243
000000016000000021000000506
000000015000000012000000069
000000042000000018000000379
000000006000000042000000841
000000040000000034000000798
000000027000000009000000743
000000012000000049000000128
000000001000000021000000926
000000020000000007000000925
000000035000000042000000727
000000018000000003000000295
000000022000000020000000702
000000046000000046000000631
000000006000000013000000590
000000010000000011000000937
000000038000000030000000156
000000022000000002000000897
000000004000000031000000100
000000005000000015000000996
000000028000000044000000095
000000007000000006000000515
000000032000000037000000779
000000027000000018000000285
000000004000000030000000262
000000005000000005000000715
000000026000000040000000201
000000049000000031000000548
000000038000000013000000794
000000041000000014000000451
000000009000000016000000112
000000035000000017000000037
000000026000000049000000155
000000003000000028000000479
000000007000000011000000243
000000043000000017000000438
000000031000000048000000523
000000019000000028000000496
000000039000000029000000265
000000027000000018000000854
000000036000000041000000458
000000016000000017000000027
000000008000000019000000261
000000011000000028000000108
000000028000000023000000239
000000036000000041000000401
000000015000000044000000914
000000017000000009000000313
000000046000000040000000755
000000030000000045000000769
000000038000000049000000622
000000015000000017000000746
000000001000000041000000881
000000010000000034000000962
000000008000000020000000402
000000020000000041000000116
000000012000000003000000757
000000043000000012000000473
000000046000000018000000628
000000007000000020000000542
000000013000000027000000482
000000024000000022000000586
000000024000000013000000109
000000024000000035000000003
000000025000000004000000203
000000047000000008000000782
000000045000000025000000985
000000032000000017000000834
000000000000000045000000746
000000007000000018000000989
000000005000000043000000428
000000016000000047000000139
000000024000000034000000957
000000040000000046000000564
000000000000000038000000373
000000037000000017000000155
000000013000000049000000186
000000042000000011000000889
000000027000000031000000200
000000032000000024000000546
000000041000000016000000899
000000005000000018000000826
000000028000000009000000142
000000003000000023000000493
000000041000000004000000582
000000021000000031000000594
000000023000000012000000564
000000029000000043000000374
000000040000000013000000640
000000026000000039000000315
000000046000000041000000205
000000020000000048000000594
000000033000000044000000390
000000027000000009000000164
000000000000000010000000516
000000034000000001000000140
000000015000000006000000997
000000030000000009000000225
000000049000000012000000456
000000026000000015000000102
