000000031000000035000000037
000000017000000016000000601
000000011000000000000000546
000000013000000006000000644
000000006000000035000000386
000000038000000026000000824
000000033000000000000000034
000000043000000045000000619
000000038000000046000000732
000000002000000048000000646
000000024000000028000000139
000000031000000017000000003
000000041000000040000000822
000000026000000019000000709
000000000000000043000000574
000000030000000049000000962
000000029000000005000000362
000000047000000046000000130
000000033000000038000000796
000000020000000028000000412
000000043000000008000000044
000000045000000038000000557
000000025000000024000000362
000000019000000047000000720
000000000000000007000000605
000000016000000042000000032
000000002000000007000000930
000000038000000023000000858
000000014000000026000000647
000000000000000047000000585
000000010000000020000000235
000000020000000032000000220
000000033000000005000000097
000000000000000005000000504
000000030000000009000000168
000000032000000047000000773
000000026000000017000000911
000000038000000018000000421
000000024000000004000000708
000000009000000030000000235
000000045000000024000000537
000000038000000008000000521
000000024000000029000000488
000000019000000032000000743
000000046000000001000000053
000000021000000008000000270
000000034000000032000000588
000000043000000024000000607
000000033000000022000000049
000000040000000046000000560
000000025000000023000000496
000000043000000005000000608
000000048000000041000000021
000000032000000007000000360
000000014000000006000000691
000000008000000041000000342
000000018000000002000000930
000000021000000024000000975
000000032000000001000000013
000000046000000005000000736
000000023000000033000000662
000000046000000043000000179
000000012000000003000000922
000000022000000022000000345
000000012000000002000000485
000000011000000029000000346
000000045000000025000000611
000000035000000022000000874
000000031000000003000000985
000000026000000010000000072
000000029000000001000000720
000000014000000008000000485
000000034000000017000000265
000000025000000046000000756
000000020000000046000000597
000000029000000009000000450
000000024000000020000000447
000000033000000000000000599
000000006000000038000000226
000000039000000014000000800
000000009000000036000000859
000000042000000042000000420
000000031000000048000000870
000000049000000026000000232
000000004000000020000000583
000000042000000014000000522
000000013000000002000000884
000000026000000001000000795
000000031000000046000000026
000000006000000007000000409
000000012000000045000000058
000000023000000015000000196
000000044000000028000000077
000000008000000048000000223
000000029000000024000000889
000000010000000029000000610
000000000000000013000000478
000000035000000025000000256
000000045000000032000000696
000000003000000011000000918
000000019000000025000000807
000000023000000036000000621
000000008000000030000000084
000000019000000047000000718
000000022000000005000000083
000000033000000047000000538
000000045000000020000000344
000000020000000005000000887
000000046000000027000000399
000000040000000027000000661
000000024000000041000000342
000000007000000039000000458
000000020000000005000000752
000000013000000002000000969
000000026000000031000000314
000000037000000012000000410
000000008000000012000000704
000000007000000007000000818
000000028000000048000000398
000000046000000026000000184
000000011000000018000000067
000000021000000044000000124
000000018000000014000000318
000000031000000012000000835
000000039000000031000000367
000000018000000044000000477
000000028000000008000000298
000000049000000031000000296
000000047000000017000000675
000000026000000029000000803
000000003000000024000000589
000000028000000002000000670
000000045000000005000000740
000000009000000019000000970
000000004000000027000000008
000000043000000018000000521
000000022000000009000000090
000000046000000017000000359
000000044000000011000000741
000000038000000023000000547
000000022000000042000000703
000000025000000028000000751
000000012000000010000000591
000000034000000023000000786
000000036000000019000000787
000000016000000044000000083
000000014000000004000000968
000000007000000003000000385
000000035000000006000000148
000000011000000034000000812
000000046000000006000000639
000000009000000037000000532
000000013000000028000000982
000000012000000031000000155
000000046000000037000000728
000000015000000009000000964
000000028000000027000000339
000000032000000024000000376
000000028000000014000000780
000000015000000039000000425
000000030000000000000000535
000000038000000038000000338
000000007000000027000000641
000000012000000002000000318
000000005000000001000000466
000000040000000011000000316
000000032000000020000000954
000000009000000032000000124
000000023000000013000000650
000000013000000030000000448
000000037000000047000000779
000000027000000032000000607
000000031000000007000000989
000000019000000007000000642
000000016000000015000000500
000000001000000027000000450
000000045000000038000000069
000000023000000033000000388
000000023000000021000000357
000000020000000015000000496
000000034000000044000000928
000000009000000025000000109
000000026000000027000000382
000000042000000009000000077
000000016000000013000000256
000000015000000042000000343
000000031000000022000000712
000000010000000017000000848
000000018000000014000000290
000000019000000004000000230
000000012000000010000000843
000000024000000035000000273
000000035000000006000000812
000000019000000024000000016
000000003000000002000000572
000000049000000006000000394
000000006000000007000000564
000000000000000039000000853
000000039000000024000000530
000000003000000040000000218
