000000045000000046000000993
000000013000000020000000142
000000048000000049000000659
000000035000000021000000223
000000008000000030000000793
000000028000000030000000455
000000016000000023000000689
000000009000000049000000992
000000014000000016000000167
000000011000000028000000722
000000036000000018000000694
000000031000000012000000482
000000005000000019000000356
000000033000000043000000932
000000046000000030000000549
000000028000000020000000269
000000002000000026000000286
000000010000000032000000703
000000045000000035000000927
000000000000000049000000073
000000048000000036000000426
000000046000000048000000061
000000026000000027000000344
000000015000000023000000228
000000004000000032000000609
000000037000000013000000388
000000022000000036000000931
000000044000000008000000047
000000021000000026000000711
000000049000000036000000547
000000027000000005000000405
000000014000000034000000128
000000025000000049000000632
000000024000000001000000863
000000046000000037000000063
000000002000000005000000013
000000004000000007000000451
000000027000000027000000258
000000007000000003000000559
000000018000000024000000452
000000017000000026000000807
000000039000000037000000347
000000041000000040000000947
000000024000000012000000270
000000037000000047000000691
000000003000000048000000431
000000049000000018000000413
000000034000000044000000584
000000004000000000000000557
000000007000000007000000621
000000028000000006000000492
000000009000000006000000496
000000002000000006000000990
000000035000000011000000297
000000003000000030000000897
000000009000000039000000603
000000028000000003000000105
000000006000000019000000122
000000001000000032000000639
000000011000000035000000744
000000039000000033000000671
000000016000000045000000125
000000038000000028000000817
000000009000000000000000844
000000021000000013000000142
000000005000000031000000285
000000034000000045000000228
000000047000000029000000072
000000025000000022000000729
000000018000000007000000486
000000042000000041000000428
000000012000000046000000561
000000031000000036000000700
000000038000000020000000211
000000039000000018000000061
000000013000000034000000130
000000048000000046000000019
000000017000000026000000785
000000025000000041000000095
000000029000000040000000472
000000019000000020000000434
000000016000000016000000180
000000020000000009000000341
000000029000000024000000894
000000029000000045000000512
000000000000000008000000208
000000000000000012000000752
000000030000000019000000218
000000023000000025000000296
000000032000000036000000092
000000023000000001000000928
000000011000000018000000995
000000038000000022000000033
000000044000000042000000495
000000039000000019000000433
000000006000000038000000622
000000013000000024000000665
000000044000000029000000554
000000036000000039000000018
000000010000000043000000837
000000044000000038000000462
000000012000000005000000464
000000048000000017000000537
000000025000000012000000715
000000008000000006000000413
000000012000000040000000991
000000039000000017000000732
000000033000000018000000233
000000021000000029000000437
000000018000000025000000583
000000048000000028000000590
000000009000000049000000070
000000001000000026000000286
000000048000000007000000413
000000004000000037000000258
000000047000000035000000458
000000007000000023000000982
000000001000000021000000519
000000005000000010000000404
000000011000000041000000533
000000001000000029000000848
000000047000000026000000679
000000006000000048000000134
000000017000000011000000272
000000035000000040000000187
000000015000000029000000613
000000048000000023000000869
000000048000000011000000045
000000030000000047000000130
000000003000000004000000785
000000033000000040000000718
000000037000000047000000566
000000028000000006000000220
000000028000000041000000732
000000016000000039000000240
000000035000000015000000615
000000016000000039000000623
000000039000000012000000344
000000033000000002000000358
000000040000000017000000584
000000027000000002000000887
000000017000000033000000420
000000027000000047000000874
000000031000000037000000456
000000019000000019000000653
000000006000000032000000435
000000040000000044000000633
000000025000000036000000306
000000008000000043000000550
000000018000000004000000893
000000010000000038000000778
000000031000000001000000771
000000042000000048000000122
000000041000000007000000366
000000037000000035000000032
000000008000000019000000857
000000034000000026000000394
000000046000000049000000464
000000047000000001000000314
000000029000000009000000802
000000043000000009000000866
000000049000000020000000993
000000033000000037000000369
000000044000000014000000678
000000015000000049000000734
000000013000000038000000029
000000013000000049000000476
000000034000000034000000560
000000024000000014000000761
000000015000000034000000993
000000022000000013000000790
000000015000000047000000975
000000024000000037000000298
000000001000000024000000641
000000024000000040000000236
000000035000000030000000015
000000036000000034000000260
000000014000000015000000190
000000016000000008000000497
000000015000000024000000128
000000011000000018000000073
000000018000000021000000030
000000044000000049000000035
000000037000000038000000017
000000036000000011000000507
000000041000000010000000874
000000016000000039000000675
000000037000000029000000002
000000036000000008000000954
000000030000000049000000772
000000023000000009000000276
000000008000000040000000126
000000028000000005000000383
000000010000000041000000617
000000048000000048000000915
000000012000000027000000072
000000034000000024000000974
000000031000000049000000698
000000022000000024000000778
000000003000000032000000254
