000000041000000023000000022
000000047000000039000000024
000000006000000014000000376
000000005000000030000000663
000000041000000009000000083
000000026000000003000000776
000000042000000015000000292
000000028000000043000000046
000000011000000036000000340
000000019000000022000000319
000000002000000048000000039
000000022000000012000000766
000000020000000039000000682
000000005000000014000000556
000000042000000043000000972
000000008000000046000000437
000000017000000006000000653
000000028000000019000000128
000000007000000012000000614
000000048000000036000000058
000000034000000036000000843
000000002000000003000000656
000000031000000019000000939
000000015000000006000000280
000000004000000037000000017
000000036000000035000000999
000000003000000002000000792
000000045000000002000000320
000000033000000023000000562
000000045000000014000000002
000000007000000021000000056
000000031000000021000000558
000000035000000040000000801
000000015000000027000000542
000000024000000001000000009
000000018000000023000000659
000000005000000021000000527
000000030000000045000000668
000000013000000039000000686
000000026000000019000000592
000000004000000035000000109
000000046000000008000000695
000000011000000023000000308
000000022000000001000000916
000000009000000037000000514
000000012000000020000000009
000000015000000014000000990
000000045000000040000000863
000000023000000026000000526
000000019000000017000000652
000000043000000009000000413
000000010000000011000000831
000000021000000027000000873
000000015000000007000000010
000000017000000032000000401
000000030000000020000000147
000000007000000000000000375
000000033000000010000000098
000000030000000009000000913
000000012000000023000000626
000000008000000041000000112
000000032000000029000000832
000000025000000049000000534
000000034000000040000000846
000000006000000049000000145
000000049000000027000000148
000000023000000043000000121
000000019000000011000000344
000000013000000009000000977
000000015000000030000000032
000000045000000009000000096
000000012000000007000000310
000000044000000034000000066
000000028000000005000000428
000000030000000023000000199
000000026000000027000000214
000000047000000031000000639
000000038000000039000000600
000000025000000039000000605
000000038000000018000000392
000000042000000009000000381
000000025000000038000000628
000000037000000044000000853
000000041000000004000000857
000000004000000044000000755
000000034000000038000000762
000000007000000037000000652
000000038000000018000000987
000000019000000007000000406
000000024000000037000000356
000000035000000006000000317
000000033000000035000000920
000000002000000005000000705
000000028000000038000000655
000000018000000005000000539
000000039000000034000000888
000000042000000040000000021
000000042000000031000000629
000000037000000004000000824
000000019000000005000000613
000000011000000012000000146
000000024000000006000000951
000000026000000020000000179
000000041000000032000000658
000000002000000028000000970
000000049000000020000000247
000000022000000030000000469
000000025000000032000000929
000000016000000043000000508
000000034000000046000000625
000000004000000032000000998
000000004000000017000000523
000000025000000043000000987
000000029000000012000000276
000000035000000000000000167
000000018000000039000000048
000000032000000037000000687
000000028000000047000000501
000000007000000035000000605
000000010000000008000000267
000000022000000042000000475
000000027000000036000000992
000000032000000048000000228
000000022000000024000000540
000000012000000043000000367
000000009000000040000000640
000000038000000048000000077
000000023000000001000000191
000000046000000025000000707
000000024000000047000000643
000000045000000014000000702
000000036000000007000000392
000000040000000007000000271
000000008000000035000000821
000000040000000010000000255
000000007000000015000000085
000000006000000047000000895
000000048000000022000000188
000000009000000049000000821
000000014000000030000000221
000000014000000008000000017
000000029000000026000000196
000000041000000026000000717
000000048000000019000000654
000000018000000029000000271
000000012000000032000000819
000000046000000039000000200
000000031000000018000000997
000000037000000047000000838
000000025000000026000000162
000000028000000025000000538
000000002000000044000000541
000000040000000011000000680
000000002000000015000000781
000000018000000007000000558
000000012000000029000000866
000000045000000046000000341
000000000000000017000000825
000000001000000033000000798
000000000000000041000000578
000000017000000016000000008
000000027000000020000000876
000000005000000015000000698
000000036000000022000000407
000000006000000043000000482
000000020000000012000000203
000000021000000025000000357
000000048000000029000000596
000000041000000028000000168
000000035000000001000000228
000000037000000039000000398
000000005000000035000000985
000000038000000040000000755
000000034000000006000000276
000000008000000009000000485
000000046000000043000000472
000000017000000030000000405
000000029000000029000000329
000000011000000019000000727
000000020000000036000000836
000000035000000020000000291
000000023000000049000000663
000000000000000001000000175
000000024000000032000000446
000000022000000037000000383
000000004000000040000000408
000000005000000044000000706
000000034000000018000000426
000000041000000007000000206
000000003000000044000000316
000000012000000018000000077
000000045000000048000000721
000000049000000034000000203
000000041000000046000000825
000000014000000042000000958
000000047000000007000000824
000000047000000006000000583
000000015000000015000000846
000000006000000000000000036
000000043000000032000000839
