000000012000000007000000114
000000013000000034000000167
000000029000000000000000874
000000038000000003000000924
000000042000000019000000859
000000047000000048000000013
000000027000000020000000335
000000037000000008000000484
000000046000000026000000090
000000009000000029000000057
000000036000000034000000311
000000027000000033000000074
000000039000000008000000680
000000009000000022000000838
000000015000000026000000508
000000026000000028000000764
000000045000000032000000709
000000017000000036000000502
000000039000000025000000988
000000031000000016000000149
000000003000000019000000421
000000040000000001000000385
000000030000000015000000725
000000039000000008000000802
000000016000000017000000963
000000024000000022000000644
000000048000000020000000960
000000016000000014000000948
000000017000000019000000969
000000040000000037000000156
000000004000000007000000826
000000026000000006000000059
000000020000000024000000491
000000006000000045000000272
000000001000000005000000489
000000045000000001000000378
000000026000000014000000064
000000017000000032000000932
000000009000000037000000090
000000023000000023000000645
000000020000000040000000554
000000028000000034000000007
000000048000000039000000225
000000045000000003000000955
000000007000000042000000485
000000034000000014000000179
000000022000000022000000365
000000029000000013000000457
000000004000000037000000500
000000044000000017000000370
000000048000000047000000019
000000042000000035000000116
000000035000000023000000417
000000024000000046000000221
000000007000000031000000218
000000005000000009000000802
000000022000000024000000464
000000045000000000000000031
000000013000000041000000533
000000004000000023000000958
000000025000000004000000455
000000042000000046000000134
000000046000000015000000145
000000018000000048000000816
000000038000000048000000510
000000007000000021000000639
000000011000000049000000549
000000034000000022000000846
000000045000000002000000933
000000049000000028000000883
000000029000000031000000992
000000022000000048000000849
000000038000000014000000697
000000004000000008000000884
000000032000000003000000526
000000032000000007000000035
000000026000000006000000386
000000044000000042000000493
000000020000000040000000634
000000030000000047000000876
000000010000000047000000741
000000013000000039000000351
000000041000000015000000001
000000032000000018000000141
000000047000000007000000814
000000033000000001000000370
000000015000000012000000910
000000044000000023000000430
000000024000000034000000764
000000024000000002000000168
000000010000000007000000348
000000041000000044000000222
000000007000000019000000290
000000008000000041000000844
000000001000000043000000758
000000012000000047000000700
000000033000000037000000769
000000013000000014000000691
000000048000000015000000481
000000015000000038000000100
000000029000000016000000256
000000041000000022000000221
000000039000000006000000273
000000029000000026000000643
000000003000000007000000435
000000003000000043000000607
000000033000000012000000735
000000003000000041000000304
000000019000000047000000868
000000032000000042000000581
000000037000000041000000633
000000009000000029000000498
000000029000000010000000417
000000026000000022000000832
000000021000000004000000224
000000006000000009000000145
000000012000000044000000438
000000043000000031000000511
000000018000000026000000504
000000047000000021000000492
000000017000000006000000266
000000034000000042000000687
000000000000000044000000555
000000046000000023000000664
000000009000000006000000800
000000045000000031000000733
000000003000000013000000767
000000036000000020000000955
000000007000000043000000196
000000006000000041000000067
000000049000000031000000764
000000046000000009000000316
000000028000000036000000237
000000026000000005000000295
000000029000000015000000422
000000038000000034000000503
000000035000000023000000886
000000038000000043000000164
000000036000000031000000735
000000015000000027000000983
000000024000000044000000065
000000024000000047000000841
000000044000000013000000950
000000024000000016000000901
000000024000000027000000157
000000023000000006000000082
000000026000000018000000183
000000034000000020000000363
000000009000000011000000764
000000030000000009000000555
000000029000000012000000187
000000012000000002000000227
000000011000000005000000377
000000029000000043000000419
000000027000000011000000126
000000049000000013000000330
000000000000000012000000497
000000032000000038000000179
000000040000000039000000477
000000035000000015000000718
000000003000000014000000066
000000019000000045000000083
000000035000000012000000497
000000046000000012000000032
000000035000000047000000496
000000038000000007000000187
000000011000000009000000950
000000021000000029000000947
000000002000000046000000477
000000000000000022000000247
000000037000000026000000793
000000032000000025000000575
000000017000000007000000321
000000002000000013000000029
000000041000000003000000011
000000023000000047000000826
000000034000000001000000659
000000014000000023000000114
000000038000000032000000705
000000005000000016000000978
000000030000000035000000794
000000012000000008000000713
000000011000000002000000448
000000046000000020000000984
000000043000000009000000923
000000046000000030000000516
000000046000000029000000977
000000032000000016000000414
000000029000000022000000065
000000033000000044000000861
000000043000000011000000818
000000017000000021000000566
000000011000000029000000897
000000014000000011000000902
000000018000000038000000626
000000033000000021000000270
000000009000000042000000043
000000009000000009000000744
000000000000000047000000378
000000018000000033000000721
