000000016000000043000000256
000000010000000040000000136
000000017000000015000000865
000000018000000029000000219
000000005000000037000000410
000000000000000037000000029
000000033000000030000000171
000000015000000045000000627
000000004000000030000000480
000000047000000013000000484
000000031000000022000000868
000000035000000013000000781
000000024000000021000000699
000000037000000001000000326
000000030000000013000000358
000000040000000048000000255
000000012000000036000000357
000000040000000014000000528
000000035000000001000000952
000000031000000005000000204
000000032000000020000000037
000000019000000036000000135
000000017000000019000000480
000000031000000025000000318
000000016000000045000000583
000000042000000034000000636
000000013000000014000000643
000000011000000034000000534
000000006000000041000000162
000000017000000000000000251
000000041000000043000000322
000000024000000005000000627
000000014000000011000000545
000000011000000022000000570
000000038000000031000000216
000000001000000023000000376
000000047000000042000000328
000000015000000017000000821
000000028000000021000000712
000000025000000012000000907
000000048000000000000000382
000000011000000039000000654
000000049000000041000000809
000000047000000027000000463
000000004000000002000000833
000000003000000022000000063
000000015000000004000000347
000000039000000019000000153
000000046000000025000000501
000000025000000046000000672
000000045000000039000000975
000000031000000012000000449
000000009000000027000000829
000000028000000002000000643
000000028000000049000000302
000000043000000011000000313
000000049000000024000000982
000000032000000009000000166
000000028000000009000000614
000000011000000015000000287
000000007000000024000000898
000000006000000002000000769
000000024000000022000000795
000000019000000044000000902
000000011000000037000000045
000000035000000010000000407
000000042000000002000000288
000000009000000025000000449
000000034000000013000000601
000000040000000003000000064
000000041000000047000000242
000000027000000020000000549
000000037000000021000000947
000000026000000018000000772
000000025000000030000000601
000000004000000020000000428
000000006000000042000000968
000000010000000018000000248
000000049000000048000000980
000000022000000022000000775
000000008000000033000000377
000000036000000027000000926
000000033000000034000000347
000000024000000047000000788
000000022000000015000000681
000000025000000033000000910
000000042000000030000000849
000000008000000034000000220
000000004000000031000000580
000000049000000027000000446
000000028000000014000000982
000000008000000018000000698
000000019000000039000000053
000000033000000021000000726
000000004000000031000000899
000000008000000037000000061
000000028000000024000000294
000000003000000030000000839
000000046000000049000000989
000000007000000031000000921
000000017000000033000000147
000000045000000046000000661
000000040000000014000000953
000000049000000006000000885
000000042000000008000000189
000000006000000004000000064
000000016000000045000000881
000000026000000021000000061
000000007000000024000000695
000000007000000012000000370
000000035000000011000000149
000000006000000016000000753
000000028000000008000000698
000000011000000018000000460
000000005000000029000000363
000000020000000010000000429
000000032000000040000000902
000000046000000041000000722
000000002000000041000000240
000000004000000037000000430
000000048000000033000000042
000000029000000013000000882
000000036000000036000000843
000000021000000027000000912
000000018000000004000000541
000000021000000020000000843
000000034000000037000000286
000000013000000024000000442
000000023000000039000000402
000000021000000004000000503
000000025000000024000000431
000000013000000013000000710
000000020000000026000000310
000000024000000033000000486
000000029000000010000000260
000000049000000028000000754
000000009000000030000000412
000000019000000019000000005
000000007000000034000000171
000000029000000005000000492
000000023000000015000000636
000000017000000046000000049
000000024000000004000000809
000000041000000000000000891
000000026000000010000000073
000000040000000034000000278
000000009000000023000000221
000000032000000012000000471
000000004000000005000000108
000000021000000006000000574
000000026000000040000000407
000000040000000000000000360
000000042000000012000000293
000000010000000025000000464
000000047000000017000000618
000000026000000043000000170
000000046000000017000000017
000000044000000020000000638
000000013000000041000000067
000000008000000012000000805
000000047000000002000000972
000000011000000014000000182
000000024000000035000000217
000000035000000047000000438
000000049000000048000000969
000000037000000035000000895
000000042000000028000000254
000000046000000024000000781
000000027000000032000000403
000000038000000027000000170
000000014000000034000000995
000000024000000013000000453
000000024000000035000000058
000000021000000001000000147
000000047000000010000000394
000000028000000045000000447
000000033000000025000000127
000000008000000015000000678
000000027000000000000000561
000000009000000033000000645
000000038000000035000000171
000000002000000020000000265
000000022000000024000000701
000000025000000013000000995
000000041000000020000000534
000000005000000049000000276
000000019000000048000000738
000000047000000005000000033
000000002000000006000000373
000000015000000046000000266
000000044000000015000000032
000000020000000032000000320
000000048000000045000000800
000000006000000006000000411
000000037000000007000000248
000000006000000016000000896
000000007000000022000000019
000000014000000040000000697
000000045000000041000000615
000000006000000000000000296
