000000010000000021000000063
000000040000000037000000898
000000002000000026000000197
000000014000000044000000463
000000019000000016000000658
000000015000000041000000952
000000048000000040000000507
000000026000000045000000082
000000008000000030000000534
000000048000000045000000181
000000040000000027000000044
000000033000000026000000581
000000049000000024000000984
000000015000000043000000498
000000020000000033000000126
000000046000000012000000193
000000049000000005000000724
000000021000000011000000050
000000013000000034000000514
000000049000000031000000148
000000018000000004000000621
000000000000000024000000352
000000021000000036000000805
000000003000000016000000334
000000048000000032000000949
000000000000000005000000252
000000047000000012000000360
000000017000000048000000787
000000022000000019000000319
000000049000000020000000851
000000003000000000000000858
000000041000000047000000788
000000043000000020000000179
000000038000000025000000524
000000019000000045000000797
000000019000000022000000568
000000004000000012000000573
000000013000000001000000392
000000039000000001000000109
000000041000000027000000097
000000001000000021000000318
000000047000000000000000309
000000023000000006000000707
000000008000000006000000705
000000003000000009000000734
000000041000000047000000055
000000049000000003000000928
000000037000000044000000150
000000013000000040000000987
000000023000000002000000923
000000034000000002000000844
000000004000000037000000085
000000010000000021000000906
000000024000000045000000326
000000043000000046000000122
000000043000000009000000842
000000032000000047000000071
000000002000000042000000494
000000008000000014000000531
000000008000000033000000207
000000016000000000000000083
000000039000000024000000090
000000043000000049000000442
000000032000000031000000521
000000007000000025000000150
000000030000000044000000956
000000001000000020000000615
000000007000000040000000097
000000042000000031000000199
000000017000000045000000459
000000027000000001000000755
000000034000000008000000906
000000012000000003000000458
000000001000000000000000199
000000020000000000000000323
000000027000000045000000344
000000017000000028000000393
000000028000000007000000268
000000029000000008000000200
000000049000000046000000854
000000044000000025000000078
000000049000000004000000591
000000038000000022000000334
000000012000000017000000812
000000024000000049000000402
000000020000000037000000801
000000038000000015000000720
000000042000000000000000347
000000003000000048000000898
000000024000000005000000990
000000035000000012000000148
000000030000000007000000496
000000006000000020000000910
000000036000000039000000457
000000000000000005000000208
000000029000000003000000145
000000043000000008000000431
000000019000000010000000625
000000006000000001000000505
000000036000000045000000119
000000034000000013000000342
000000017000000026000000102
000000033000000044000000853
000000045000000014000000329
000000044000000002000000523
000000013000000042000000906
000000006000000024000000903
000000037000000031000000931
000000027000000015000000046
000000026000000023000000106
000000049000000019000000499
000000039000000001000000503
000000005000000033000000563
000000005000000045000000180
000000014000000047000000879
000000005000000025000000171
000000005000000043000000191
000000029000000029000000432
000000010000000046000000658
000000020000000039000000229
000000002000000007000000426
000000037000000045000000905
000000041000000004000000003
000000000000000007000000179
000000017000000001000000569
000000036000000023000000661
000000002000000022000000801
000000043000000021000000600
000000045000000019000000799
000000003000000028000000099
000000042000000035000000882
000000016000000002000000775
000000037000000027000000046
000000048000000013000000409
000000008000000004000000722
000000000000000012000000558
000000043000000024000000478
000000049000000017000000328
000000021000000009000000720
000000041000000041000000522
000000005000000038000000520
000000045000000008000000443
000000014000000000000000983
000000039000000048000000918
000000030000000003000000183
000000019000000035000000338
000000043000000045000000139
000000012000000010000000087
000000031000000042000000348
000000027000000045000000868
000000002000000046000000710
000000026000000043000000511
000000044000000013000000907
000000013000000035000000246
000000028000000003000000520
000000027000000019000000280
000000007000000001000000475
000000019000000047000000931
000000019000000043000000558
000000021000000014000000327
000000004000000037000000103
000000005000000036000000045
000000010000000004000000210
000000033000000025000000443
000000021000000029000000186
000000044000000033000000135
000000028000000003000000467
000000003000000020000000872
000000019000000033000000977
000000038000000007000000005
000000047000000022000000980
000000029000000009000000976
000000007000000023000000330
000000023000000017000000288
000000003000000023000000531
000000001000000047000000350
000000037000000024000000197
000000021000000043000000222
000000042000000001000000330
000000011000000036000000068
000000003000000021000000952
000000010000000035000000049
000000023000000042000000415
000000010000000037000000208
000000040000000004000000710
000000008000000049000000936
000000017000000018000000720
000000031000000001000000650
000000040000000026000000589
000000037000000036000000157
000000032000000045000000739
000000013000000020000000921
000000016000000043000000755
000000024000000028000000102
000000046000000026000000740
000000049000000030000000776
000000025000000034000000030
000000019000000044000000360
000000017000000021000000397
000000015000000019000000189
