000000043000000021000000726
000000041000000029000000781
000000022000000036000000836
000000024000000005000000678
000000030000000023000000753
000000020000000014000000079
000000009000000026000000123
000000021000000000000000668
000000021000000030000000260
000000000000000041000000897
000000026000000032000000834
000000010000000032000000810
000000047000000037000000975
000000034000000023000000681
000000033000000047000000178
000000024000000020000000850
000000008000000031000000929
000000018000000002000000191
000000006000000021000000420
000000002000000019000000975
000000026000000022000000906
000000046000000048000000457
000000042000000019000000831
000000047000000022000000542
000000005000000025000000072
000000022000000038000000069
000000024000000047000000205
000000020000000041000000203
000000048000000008000000614
000000032000000004000000209
000000019000000044000000354
000000049000000008000000016
000000038000000036000000984
000000036000000032000000019
000000000000000011000000175
000000019000000012000000539
000000005000000034000000671
000000017000000028000000454
000000038000000005000000610
000000035000000048000000799
000000042000000010000000301
000000031000000027000000565
000000009000000005000000342
000000002000000033000000042
000000004000000038000000299
000000009000000019000000598
000000001000000029000000910
000000003000000026000000401
000000026000000002000000323
000000044000000011000000050
000000020000000003000000754
000000009000000043000000447
000000035000000019000000685
000000030000000009000000153
000000009000000003000000022
000000031000000013000000798
000000007000000029000000724
000000000000000033000000389
000000044000000038000000675
000000045000000004000000511
000000012000000014000000875
000000014000000032000000593
000000014000000044000000890
000000042000000023000000992
000000045000000020000000383
000000037000000043000000461
000000018000000045000000774
000000026000000037000000645
000000016000000019000000398
000000018000000014000000111
000000038000000040000000312
000000008000000018000000909
000000013000000045000000413
000000021000000017000000367
000000045000000015000000114
000000036000000005000000256
000000000000000006000000891
000000010000000026000000178
000000036000000035000000545
000000011000000048000000258
000000009000000046000000603
000000038000000003000000653
000000034000000036000000053
000000023000000024000000971
000000002000000047000000565
000000020000000030000000440
000000026000000029000000293
000000007000000017000000166
000000010000000027000000297
000000006000000021000000649
000000018000000002000000938
000000007000000011000000420
000000038000000006000000225
000000023000000002000000363
000000010000000026000000650
000000045000000008000000568
000000030000000016000000101
000000005000000034000000373
000000048000000002000000564
000000021000000028000000522
000000017000000027000000300
000000020000000005000000433
000000001000000044000000719
000000007000000032000000490
000000010000000003000000543
000000046000000046000000824
000000025000000014000000392
000000036000000026000000110
000000027000000012000000349
000000028000000009000000180
000000042000000016000000567
000000035000000005000000504
000000003000000040000000426
000000010000000044000000272
000000042000000023000000684
000000030000000044000000628
000000041000000001000000113
000000037000000046000000261
000000006000000031000000027
000000009000000042000000850
000000004000000023000000703
000000026000000014000000317
000000046000000025000000965
000000001000000043000000140
000000019000000014000000412
000000006000000043000000053
000000021000000046000000368
000000036000000036000000155
000000003000000005000000406
000000015000000028000000477
000000023000000043000000945
000000028000000006000000421
000000028000000015000000180
000000018000000034000000378
000000033000000039000000169
000000048000000017000000623
000000042000000000000000749
000000048000000038000000917
000000024000000018000000730
000000027000000023000000173
000000045000000030000000940
000000024000000028000000994
000000009000000041000000165
000000049000000027000000570
000000043000000002000000249
000000049000000002000000945
000000049000000004000000774
000000039000000022000000563
000000036000000025000000109
000000001000000004000000770
000000034000000000000000837
000000000000000022000000073
000000021000000008000000229
000000008000000038000000519
000000022000000042000000457
000000008000000005000000706
000000033000000024000000305
000000039000000028000000378
000000019000000006000000159
000000018000000038000000059
000000044000000008000000729
000000019000000014000000533
000000036000000043000000601
000000008000000027000000884
000000035000000040000000316
000000012000000016000000599
000000005000000027000000401
000000020000000017000000601
000000023000000045000000456
000000022000000030000000329
000000045000000003000000412
000000008000000014000000613
000000039000000003000000559
000000046000000022000000236
000000005000000024000000939
000000020000000003000000750
000000003000000007000000802
000000027000000013000000214
000000032000000024000000806
000000006000000046000000392
000000003000000013000000259
000000013000000013000000492
000000023000000027000000524
000000035000000023000000262
000000002000000009000000101
000000008000000014000000867
000000033000000002000000839
000000035000000019000000464
000000026000000017000000789
000000009000000025000000804
000000040000000033000000135
000000008000000042000000174
000000048000000041000000230
000000022000000047000000521
000000011000000017000000679
000000027000000025000000090
000000005000000024000000187
000000046000000023000000883
000000027000000018000000876
000000039000000037000000908
