000000025000000010000000845
000000010000000008000000107
000000023000000030000000490
000000028000000029000000858
000000021000000001000000897
000000020000000027000000771
000000018000000017000000572
000000040000000032000000753
000000027000000016000000779
000000028000000046000000677
000000019000000028000000694
000000017000000010000000300
000000010000000007000000422
000000015000000014000000496
000000039000000002000000068
000000032000000034000000815
000000031000000011000000477
000000044000000027000000390
000000028000000034000000562
000000004000000032000000838
000000016000000044000000675
000000040000000009000000023
000000008000000003000000827
000000029000000010000000401
000000017000000002000000061
000000003000000001000000601
000000034000000045000000643
000000048000000047000000700
000000009000000025000000021
000000015000000039000000514
000000036000000005000000490
000000029000000049000000399
000000041000000048000000857
000000002000000023000000616
000000049000000001000000021
000000003000000026000000499
000000016000000024000000667
000000048000000020000000743
000000009000000018000000923
000000048000000030000000683
000000000000000043000000290
000000015000000043000000097
000000045000000038000000069
000000033000000012000000055
000000037000000032000000437
000000001000000048000000935
000000033000000006000000972
000000026000000048000000295
000000042000000038000000703
000000037000000019000000626
000000023000000042000000358
000000008000000002000000616
000000016000000033000000163
000000046000000008000000765
000000021000000033000000233
000000030000000010000000764
000000015000000008000000387
000000049000000014000000491
000000035000000023000000886
000000049000000023000000085
000000019000000008000000376
000000022000000009000000409
000000034000000028000000597
000000041000000035000000303
000000038000000037000000957
000000010000000004000000305
000000003000000011000000559
000000046000000022000000222
000000011000000024000000551
000000043000000023000000564
000000036000000016000000207
000000003000000026000000003
000000019000000049000000483
000000041000000045000000647
000000008000000024000000467
000000004000000010000000539
000000026000000025000000387
000000029000000046000000235
000000026000000022000000722
000000007000000010000000699
000000042000000041000000107
000000001000000004000000370
000000004000000034000000227
000000047000000040000000105
000000041000000011000000316
000000045000000038000000956
000000037000000007000000271
000000000000000016000000960
000000008000000007000000398
000000048000000027000000074
000000014000000011000000784
000000039000000048000000088
000000027000000006000000395
000000004000000049000000521
000000015000000028000000685
000000014000000037000000695
000000045000000030000000685
000000038000000020000000050
000000021000000042000000496
000000007000000042000000941
000000048000000006000000142
000000007000000033000000584
000000016000000001000000272
000000011000000018000000637
000000028000000032000000167
000000037000000034000000754
000000013000000044000000391
000000035000000002000000938
000000019000000025000000834
000000036000000017000000121
000000029000000019000000277
000000022000000006000000864
000000019000000007000000906
000000005000000048000000720
000000021000000034000000244
000000002000000010000000743
000000044000000033000000147
000000037000000043000000963
000000027000000013000000070
000000010000000038000000158
000000037000000029000000682
000000007000000031000000974
000000018000000005000000532
000000015000000018000000540
000000042000000008000000930
000000033000000013000000364
000000034000000017000000313
000000004000000042000000678
000000048000000042000000526
000000015000000045000000855
000000039000000008000000396
000000037000000017000000378
000000001000000013000000055
000000013000000034000000094
000000010000000029000000309
000000030000000044000000694
000000001000000044000000990
000000035000000025000000423
000000042000000032000000733
000000000000000008000000785
000000022000000002000000207
000000033000000025000000192
000000007000000004000000823
000000027000000031000000007
000000015000000021000000654
000000010000000044000000271
000000018000000018000000957
000000041000000014000000023
000000043000000004000000670
000000048000000045000000693
000000032000000001000000096
000000013000000041000000641
000000044000000026000000074
000000005000000023000000793
000000043000000023000000248
000000049000000019000000082
000000038000000031000000778
000000023000000031000000809
000000041000000030000000764
000000009000000040000000419
000000026000000008000000197
000000006000000045000000598
000000045000000001000000604
000000000000000016000000347
000000009000000012000000904
000000008000000048000000802
000000038000000044000000691
000000029000000010000000277
000000045000000009000000400
000000014000000022000000205
000000043000000035000000722
000000032000000029000000293
000000029000000037000000570
000000032000000003000000358
000000023000000037000000295
000000021000000013000000380
000000045000000033000000656
000000048000000020000000931
000000036000000046000000966
000000045000000010000000728
000000009000000031000000598
000000019000000006000000629
000000031000000027000000659
000000030000000028000000220
000000011000000006000000805
000000016000000005000000448
000000049000000024000000914
000000000000000019000000777
000000027000000045000000292
000000039000000046000000660
000000016000000033000000525
000000042000000022000000451
000000037000000003000000621
000000033000000040000000724
000000036000000014000000099
000000021000000036000000286
000000006000000019000000823
000000025000000046000000732
000000040000000008000000241
000000041000000042000000220
