000000011000000037000000166
000000036000000016000000744
000000034000000028000000573
000000019000000021000000671
000000014000000031000000562
000000006000000045000000401
000000048000000035000000689
000000049000000047000000182
000000030000000042000000401
000000020000000006000000801
000000035000000012000000682
000000026000000004000000069
000000034000000043000000823
000000039000000032000000419
000000047000000033000000013
000000030000000046000000172
000000003000000009000000301
000000017000000034000000530
000000037000000012000000795
000000049000000006000000467
000000017000000014000000434
000000038000000033000000179
000000049000000037000000539
000000024000000022000000026
000000028000000008000000068
000000013000000001000000285
000000008000000049000000935
000000011000000017000000946
000000025000000017000000560
000000007000000039000000855
000000013000000035000000742
000000017000000022000000369
000000049000000009000000002
000000041000000031000000167
000000031000000028000000744
000000013000000039000000520
000000023000000024000000207
000000025000000040000000147
000000026000000005000000942
000000024000000013000000319
000000030000000041000000972
000000034000000011000000728
000000014000000011000000724
000000034000000014000000853
000000014000000016000000357
000000038000000029000000762
000000010000000011000000573
000000002000000034000000298
000000032000000038000000897
000000029000000041000000340
000000021000000024000000908
000000034000000010000000792
000000009000000047000000358
000000000000000049000000559
000000039000000038000000201
000000017000000011000000480
000000039000000038000000517
000000009000000014000000048
000000037000000028000000148
000000033000000001000000459
000000041000000034000000399
000000019000000013000000787
000000047000000029000000121
000000028000000028000000648
000000020000000009000000234
000000000000000012000000925
000000004000000014000000534
000000020000000040000000060
000000041000000012000000213
000000043000000046000000637
000000032000000025000000913
000000044000000009000000304
000000008000000020000000491
000000020000000020000000628
000000017000000011000000189
000000043000000038000000098
000000040000000036000000334
000000011000000028000000739
000000046000000020000000881
000000016000000028000000027
000000028000000004000000662
000000024000000046000000057
000000036000000025000000002
000000046000000042000000832
000000021000000034000000888
000000045000000002000000580
000000043000000047000000471
000000005000000002000000207
000000015000000021000000940
000000008000000048000000773
000000021000000041000000851
000000023000000041000000323
000000048000000043000000305
000000006000000006000000269
000000004000000044000000876
000000025000000039000000895
000000042000000000000000353
000000015000000023000000607
000000027000000022000000039
000000022000000009000000498
000000005000000028000000533
000000011000000025000000034
000000049000000048000000843
000000028000000046000000185
000000013000000036000000819
000000010000000001000000162
000000016000000040000000635
000000002000000016000000954
000000021000000006000000353
000000012000000045000000382
000000014000000025000000693
000000040000000000000000574
000000036000000043000000379
000000042000000026000000815
000000002000000014000000080
000000008000000001000000730
000000039000000017000000438
000000043000000006000000381
000000043000000003000000238
000000028000000040000000385
000000034000000036000000065
000000023000000014000000428
000000024000000023000000722
000000012000000023000000153
000000039000000024000000279
000000041000000049000000037
000000043000000012000000095
000000031000000022000000553
000000047000000020000000387
000000015000000047000000944
000000016000000007000000060
000000049000000008000000785
000000037000000029000000005
000000032000000033000000558
000000000000000027000000888
000000014000000004000000638
000000005000000002000000079
000000010000000035000000557
000000014000000002000000281
000000025000000025000000873
000000002000000008000000524
000000038000000045000000308
000000004000000039000000324
000000024000000003000000403
000000001000000011000000573
000000026000000030000000913
000000033000000032000000314
000000037000000010000000901
000000043000000006000000454
000000025000000035000000106
000000025000000011000000073
000000006000000030000000500
000000001000000011000000633
000000029000000009000000304
000000015000000030000000973
000000033000000008000000481
000000049000000037000000442
000000018000000042000000859
000000027000000014000000966
000000031000000045000000775
000000042000000029000000088
000000010000000049000000830
000000016000000045000000613
000000003000000025000000384
000000013000000004000000466
000000000000000021000000605
000000046000000009000000965
000000048000000025000000948
000000033000000006000000393
000000010000000028000000317
000000026000000020000000320
000000042000000036000000602
000000010000000004000000617
000000007000000017000000267
000000043000000045000000252
000000002000000004000000762
000000019000000027000000859
000000018000000034000000722
000000040000000043000000071
000000006000000027000000852
000000021000000005000000331
000000014000000026000000091
000000003000000021000000358
000000043000000039000000337
000000049000000039000000842
000000034000000005000000609
000000034000000030000000050
000000031000000041000000023
000000022000000008000000715
000000029000000002000000846
000000026000000003000000544
000000038000000035000000230
000000046000000028000000371
000000008000000049000000666
000000020000000026000000754
000000026000000018000000911
000000043000000005000000773
000000023000000022000000948
000000040000000040000000297
000000015000000041000000366
