000000036000000041000000422
000000022000000045000000283
000000048000000024000000628
000000017000000036000000259
000000025000000048000000821
000000009000000014000000153
000000019000000008000000292
000000044000000039000000281
000000037000000021000000109
000000027000000005000000506
000000031000000015000000864
000000048000000033000000488
000000016000000013000000462
000000032000000000000000990
000000041000000000000000161
000000011000000005000000034
000000032000000028000000061
000000018000000029000000406
000000037000000042000000038
000000007000000034000000480
000000008000000020000000380
000000006000000035000000412
000000019000000026000000293
000000016000000042000000020
000000034000000036000000169
000000015000000002000000783
000000006000000026000000335
000000003000000045000000547
000000022000000013000000716
000000022000000010000000826
000000022000000009000000583
000000049000000024000000587
000000030000000035000000287
000000037000000041000000569
000000037000000015000000715
000000002000000033000000871
000000011000000022000000803
000000012000000001000000157
000000007000000005000000513
000000041000000033000000450
000000034000000046000000318
000000023000000044000000656
000000021000000035000000244
000000029000000034000000328
000000024000000018000000693
000000038000000016000000585
000000041000000020000000591
000000042000000011000000755
000000001000000009000000175
000000021000000041000000385
000000003000000038000000040
000000041000000002000000898
000000012000000013000000436
000000002000000030000000968
000000031000000032000000769
000000023000000037000000650
000000023000000018000000766
000000046000000000000000273
000000042000000042000000716
000000028000000022000000686
000000024000000000000000871
000000042000000025000000912
000000014000000032000000317
000000039000000025000000061
000000007000000038000000799
000000031000000010000000564
000000049000000027000000439
000000026000000048000000457
000000030000000007000000776
000000038000000048000000204
000000009000000034000000830
000000037000000028000000595
000000004000000038000000151
000000042000000009000000098
000000016000000033000000866
000000035000000038000000230
000000023000000011000000633
000000007000000028000000895
000000012000000047000000049
000000020000000012000000359
000000006000000026000000681
000000005000000030000000824
000000011000000019000000195
000000010000000026000000449
000000020000000006000000361
000000017000000009000000293
000000029000000045000000368
000000027000000014000000741
000000028000000001000000113
000000046000000025000000620
000000027000000034000000528
000000039000000035000000666
000000020000000011000000058
000000002000000023000000379
000000001000000013000000711
000000009000000036000000447
000000026000000045000000766
000000037000000041000000328
000000049000000029000000228
000000046000000027000000582
000000035000000014000000897
000000028000000032000000843
000000046000000031000000410
000000034000000046000000970
000000011000000027000000438
000000049000000025000000024
000000001000000019000000291
000000033000000019000000595
000000042000000039000000857
000000010000000040000000129
000000021000000023000000678
000000023000000016000000180
000000024000000023000000612
000000043000000013000000117
000000001000000041000000983
000000039000000026000000276
000000044000000000000000081
000000010000000045000000155
000000014000000002000000896
000000015000000036000000867
000000049000000036000000821
000000014000000012000000448
000000014000000038000000220
000000012000000025000000050
000000020000000008000000123
000000008000000031000000560
000000030000000002000000270
000000029000000015000000799
000000002000000011000000567
000000026000000009000000282
000000014000000008000000740
000000037000000044000000543
000000014000000037000000583
000000026000000025000000760
000000002000000031000000494
000000001000000039000000745
000000001000000005000000419
000000016000000034000000663
000000029000000020000000410
000000001000000011000000025
000000044000000038000000577
000000046000000048000000329
000000015000000033000000283
000000028000000043000000872
000000048000000003000000555
000000025000000026000000679
000000015000000000000000440
000000041000000024000000067
000000043000000047000000487
000000003000000007000000478
000000006000000013000000524
000000027000000032000000734
000000009000000005000000655
000000008000000036000000125
000000023000000022000000239
000000027000000017000000615
000000005000000004000000876
000000036000000035000000215
000000029000000002000000279
000000025000000003000000030
000000042000000011000000522
000000040000000022000000605
000000017000000020000000421
000000041000000016000000410
000000001000000006000000295
000000015000000017000000039
000000041000000015000000586
000000043000000048000000059
000000030000000020000000556
000000015000000048000000597
000000022000000033000000042
000000031000000016000000492
000000030000000032000000007
000000031000000009000000941
000000009000000014000000761
000000023000000035000000578
000000045000000013000000699
000000011000000034000000760
000000022000000048000000261
000000023000000010000000046
000000002000000001000000444
000000041000000018000000653
000000018000000019000000815
000000040000000035000000701
000000001000000009000000117
000000032000000033000000683
000000014000000006000000693
000000048000000019000000706
000000044000000010000000991
000000014000000009000000355
000000011000000007000000455
000000048000000029000000160
000000024000000018000000921
000000005000000004000000311
000000038000000005000000557
000000049000000010000000486
000000032000000039000000291
000000028000000008000000069
000000017000000003000000649
000000036000000046000000150
