000000002000000012000000533
000000039000000043000000230
000000021000000009000000458
000000041000000011000000161
000000003000000019000000271
000000012000000024000000281
000000032000000016000000190
000000025000000045000000565
000000009000000027000000229
000000042000000014000000272
000000026000000022000000998
000000036000000002000000954
000000021000000011000000824
000000010000000005000000154
000000007000000047000000249
000000002000000025000000573
000000002000000030000000476
000000014000000030000000084
000000013000000026000000342
000000048000000029000000325
000000000000000029000000899
000000009000000015000000774
000000008000000016000000352
000000015000000040000000266
000000022000000022000000234
000000001000000017000000966
000000015000000006000000032
000000032000000040000000686
000000039000000011000000856
000000045000000023000000503
000000030000000023000000625
000000024000000010000000523
000000012000000048000000644
000000023000000044000000190
000000011000000036000000790
000000010000000042000000156
000000042000000012000000180
000000018000000032000000462
000000014000000017000000778
000000010000000019000000072
000000045000000012000000863
000000042000000035000000343
000000032000000047000000233
000000035000000039000000394
000000016000000042000000255
000000042000000021000000074
000000044000000029000000393
000000035000000003000000221
000000016000000011000000818
000000008000000010000000866
000000037000000002000000573
000000028000000027000000636
000000016000000018000000026
000000022000000028000000882
000000046000000006000000461
000000039000000002000000811
000000010000000022000000912
000000035000000015000000805
000000033000000010000000184
000000032000000026000000465
000000026000000023000000751
000000018000000048000000739
000000041000000037000000283
000000030000000025000000061
000000002000000022000000016
000000025000000038000000924
000000037000000026000000185
000000000000000047000000755
000000047000000001000000724
000000038000000044000000342
000000022000000034000000848
000000028000000046000000092
000000006000000027000000174
000000036000000048000000304
000000026000000029000000935
000000042000000032000000869
000000039000000008000000439
000000012000000044000000986
000000013000000025000000522
000000049000000020000000926
000000000000000002000000855
000000047000000008000000831
000000010000000024000000525
000000046000000018000000221
000000037000000001000000574
000000044000000023000000367
000000040000000005000000383
000000042000000048000000726
000000045000000009000000801
000000043000000014000000406
000000028000000006000000146
000000012000000035000000910
000000022000000029000000424
000000005000000031000000170
000000017000000043000000789
000000010000000025000000845
000000020000000019000000040
000000007000000008000000308
000000027000000008000000077
000000006000000001000000971
000000001000000017000000206
000000005000000017000000244
000000003000000025000000332
000000033000000021000000889
000000047000000035000000464
000000010000000025000000112
000000046000000034000000686
000000047000000022000000882
000000018000000020000000957
000000041000000035000000546
000000041000000015000000550
000000022000000003000000288
000000048000000011000000512
000000027000000007000000005
000000025000000037000000965
000000007000000010000000463
000000042000000016000000649
000000048000000009000000353
000000014000000003000000902
000000016000000037000000939
000000014000000011000000799
000000039000000041000000114
000000016000000024000000640
000000008000000012000000288
000000029000000019000000541
000000034000000022000000700
000000045000000010000000203
000000024000000049000000375
000000044000000043000000128
000000009000000008000000002
000000019000000031000000471
000000028000000012000000906
000000010000000036000000918
000000042000000040000000721
000000041000000033000000080
000000018000000018000000800
000000040000000030000000630
000000010000000020000000535
000000036000000039000000244
000000021000000044000000962
000000049000000007000000325
000000031000000039000000610
000000040000000001000000134
000000031000000023000000715
000000039000000003000000407
000000024000000033000000325
000000014000000026000000503
000000016000000019000000563
000000018000000009000000234
000000046000000041000000466
000000033000000038000000838
000000047000000043000000668
000000019000000009000000878
000000023000000027000000338
000000033000000008000000127
000000045000000021000000340
000000006000000012000000120
000000045000000006000000353
000000022000000032000000756
000000038000000013000000607
000000018000000044000000191
000000033000000048000000697
000000043000000041000000202
000000036000000004000000489
000000022000000041000000991
000000008000000033000000210
000000021000000022000000761
000000044000000040000000581
000000017000000037000000649
000000024000000024000000206
000000045000000031000000915
000000013000000004000000664
000000007000000049000000205
000000021000000001000000595
000000006000000019000000170
000000031000000023000000306
000000018000000014000000997
000000027000000016000000811
000000042000000024000000073
000000030000000016000000228
000000002000000019000000328
000000049000000041000000451
000000028000000008000000731
000000016000000000000000662
000000000000000000000000418
000000008000000037000000418
000000020000000035000000273
000000017000000006000000205
000000010000000018000000310
000000005000000021000000612
000000029000000026000000677
000000048000000019000000647
000000013000000007000000564
000000035000000002000000296
000000028000000001000000276
000000016000000027000000318
000000019000000033000000725
000000032000000009000000607
000000047000000035000000267
000000006000000039000000460
