000000033000000039000000558
000000006000000016000000304
000000046000000049000000255
000000047000000014000000966
000000014000000041000000197
000000025000000011000000712
000000030000000019000000798
000000049000000003000000821
000000042000000024000000943
000000037000000020000000895
000000024000000031000000295
000000003000000005000000623
000000042000000007000000065
000000037000000004000000931
000000036000000021000000442
000000017000000010000000479
000000044000000029000000361
000000029000000014000000295
000000048000000034000000719
000000036000000013000000849
000000018000000009000000569
000000017000000022000000661
000000033000000011000000719
000000028000000033000000083
000000032000000042000000305
000000043000000013000000645
000000018000000025000000274
000000023000000042000000835
000000026000000044000000342
000000049000000004000000409
000000045000000005000000887
000000010000000019000000907
000000018000000018000000975
000000039000000034000000973
000000037000000015000000915
000000013000000047000000436
000000049000000005000000424
000000003000000017000000757
000000028000000044000000322
000000036000000041000000547
000000015000000033000000148
000000015000000033000000559
000000009000000021000000476
000000019000000025000000906
000000033000000029000000823
000000015000000035000000546
000000046000000012000000947
000000045000000000000000986
000000049000000041000000751
000000006000000031000000485
000000029000000031000000536
000000021000000023000000010
000000041000000022000000642
000000017000000004000000517
000000047000000029000000598
000000025000000020000000758
000000046000000013000000191
000000038000000040000000569
000000029000000020000000663
000000008000000016000000841
000000040000000003000000794
000000049000000040000000877
000000018000000012000000138
000000040000000023000000257
000000045000000028000000173
000000021000000047000000417
000000019000000023000000425
000000049000000009000000365
000000014000000040000000814
000000048000000041000000047
000000017000000033000000125
000000040000000027000000018
000000036000000048000000781
000000036000000007000000162
000000031000000005000000799
000000046000000043000000250
000000019000000008000000468
000000012000000038000000856
000000020000000040000000869
000000021000000034000000002
000000003000000020000000414
000000004000000023000000809
000000006000000005000000017
000000007000000035000000977
000000031000000033000000323
000000013000000018000000076
000000028000000017000000936
000000028000000028000000658
000000028000000005000000893
000000013000000019000000732
000000007000000014000000271
000000038000000032000000741
000000037000000026000000652
000000049000000040000000770
000000011000000012000000463
000000024000000030000000105
000000026000000007000000444
000000039000000043000000338
000000003000000024000000835
000000037000000025000000368
000000045000000043000000719
000000014000000000000000413
000000035000000042000000009
000000029000000025000000842
000000021000000028000000557
000000008000000016000000329
000000009000000004000000490
000000039000000036000000229
000000014000000017000000432
000000046000000035000000162
000000045000000049000000017
000000014000000003000000937
000000002000000047000000233
000000002000000039000000754
000000004000000047000000640
000000030000000018000000286
000000039000000044000000165
000000025000000028000000425
000000043000000006000000131
000000024000000049000000654
000000049000000038000000142
000000042000000033000000523
000000041000000006000000504
000000030000000005000000383
000000004000000007000000304
000000036000000034000000781
000000029000000034000000983
000000007000000007000000816
000000049000000019000000431
000000029000000020000000944
000000040000000028000000954
000000028000000003000000012
000000030000000012000000277
000000005000000038000000231
000000039000000008000000783
000000039000000020000000417
000000006000000007000000437
000000017000000045000000307
000000033000000041000000619
000000016000000042000000277
000000004000000011000000732
000000027000000040000000554
000000021000000025000000075
000000014000000006000000441
000000025000000023000000913
000000037000000018000000992
000000001000000010000000988
000000000000000023000000266
000000025000000022000000660
000000032000000045000000235
000000019000000014000000401
000000000000000001000000540
000000024000000011000000348
000000011000000017000000893
000000017000000041000000018
000000049000000042000000429
000000019000000045000000471
000000031000000014000000634
000000014000000003000000764
000000023000000002000000355
000000044000000039000000611
000000041000000044000000837
000000001000000025000000446
000000018000000012000000142
000000032000000040000000862
000000004000000033000000640
000000012000000025000000612
000000011000000012000000988
000000038000000038000000993
000000038000000035000000948
000000038000000001000000170
000000049000000016000000571
000000014000000025000000931
000000008000000047000000341
000000049000000000000000664
000000016000000049000000488
000000038000000009000000405
000000006000000010000000542
000000037000000033000000527
000000031000000003000000133
000000042000000013000000793
000000024000000029000000222
000000048000000032000000469
000000014000000040000000169
000000035000000003000000553
000000013000000012000000235
000000016000000021000000785
000000025000000049000000518
000000027000000032000000814
000000031000000012000000673
000000002000000033000000427
000000039000000016000000685
000000027000000024000000422
000000022000000017000000329
000000000000000024000000381
000000011000000020000000150
000000049000000023000000414
000000014000000014000000642
000000017000000016000000276
000000013000000047000000945
