000000046000000042000000001
000000049000000001000000788
000000047000000038000000706
000000000000000023000000936
000000030000000030000000401
000000018000000039000000277
000000000000000012000000343
000000024000000047000000398
000000024000000015000000302
000000049000000011000000687
000000044000000004000000757
000000042000000016000000924
000000002000000012000000880
000000044000000037000000831
000000002000000010000000448
000000024000000019000000656
000000035000000020000000414
000000043000000023000000628
000000015000000022000000902
000000030000000025000000722
000000024000000048000000542
000000000000000006000000377
000000008000000038000000282
000000023000000015000000550
000000019000000006000000502
000000025000000021000000744
000000047000000049000000922
000000032000000013000000816
000000013000000000000000607
000000006000000026000000884
000000001000000022000000739
000000007000000019000000795
000000014000000001000000087
000000003000000015000000623
000000018000000011000000098
000000043000000024000000347
000000006000000040000000012
000000007000000032000000502
000000039000000042000000685
000000036000000037000000118
000000038000000002000000244
000000019000000022000000875
000000040000000011000000734
000000035000000011000000409
000000032000000043000000692
000000014000000013000000045
000000035000000020000000525
000000013000000000000000722
000000043000000043000000789
000000011000000017000000555
000000005000000028000000283
000000048000000015000000257
000000018000000048000000776
000000011000000002000000242
000000030000000021000000582
000000030000000024000000775
000000040000000025000000571
000000032000000000000000336
000000029000000025000000048
000000026000000026000000590
000000004000000028000000880
000000008000000029000000659
000000006000000034000000577
000000021000000045000000294
000000013000000024000000358
000000014000000032000000582
000000006000000013000000365
000000000000000021000000858
000000049000000023000000556
000000047000000018000000792
000000010000000042000000452
000000009000000006000000478
000000018000000021000000825
000000046000000023000000809
000000009000000018000000581
000000013000000018000000511
000000048000000015000000861
000000023000000019000000255
000000011000000003000000148
000000001000000009000000127
000000005000000008000000315
000000039000000011000000063
000000042000000004000000360
000000043000000046000000215
000000037000000010000000794
000000027000000040000000052
000000013000000035000000097
000000002000000048000000066
000000046000000037000000475
000000009000000048000000065
000000016000000017000000239
000000034000000041000000297
000000024000000020000000149
000000025000000021000000291
000000007000000004000000389
000000032000000035000000166
000000023000000033000000256
000000004000000037000000487
000000001000000002000000211
000000012000000042000000483
000000029000000032000000122
000000014000000027000000580
000000048000000002000000396
000000024000000003000000403
000000045000000037000000272
000000040000000044000000870
000000033000000014000000035
000000015000000036000000292
000000040000000011000000597
000000037000000033000000762
000000004000000012000000559
000000033000000046000000792
000000008000000042000000548
000000040000000033000000650
000000038000000048000000608
000000042000000009000000984
000000010000000011000000165
000000017000000028000000570
000000022000000013000000906
000000041000000024000000317
000000049000000011000000390
000000031000000020000000814
000000042000000011000000827
000000023000000031000000039
000000016000000043000000613
000000019000000026000000775
000000034000000047000000040
000000030000000026000000444
000000029000000037000000674
000000049000000010000000654
000000044000000016000000369
000000011000000041000000447
000000013000000006000000550
000000039000000000000000957
000000007000000036000000589
000000006000000000000000704
000000047000000003000000739
000000006000000007000000531
000000013000000018000000687
000000047000000001000000667
000000007000000042000000019
000000008000000029000000296
000000033000000004000000044
000000008000000006000000402
000000011000000044000000945
000000004000000022000000801
000000042000000023000000727
000000048000000001000000155
000000045000000037000000193
000000041000000047000000453
000000037000000015000000101
000000044000000032000000155
000000046000000049000000143
000000014000000022000000927
000000033000000039000000938
000000016000000045000000258
000000029000000009000000917
000000044000000004000000564
000000046000000008000000822
000000043000000012000000837
000000005000000041000000138
000000029000000020000000810
000000015000000017000000236
000000039000000007000000470
000000032000000028000000015
000000040000000015000000243
000000010000000028000000850
000000046000000012000000757
000000026000000043000000223
000000026000000047000000483
000000016000000003000000725
000000015000000009000000626
000000039000000003000000383
000000006000000001000000562
000000001000000039000000055
000000022000000011000000530
000000027000000006000000860
000000028000000032000000681
000000049000000008000000578
000000019000000002000000532
000000029000000038000000399
000000037000000022000000066
000000037000000017000000370
000000019000000000000000240
000000043000000004000000541
000000014000000045000000458
000000035000000004000000648
000000034000000049000000803
000000031000000037000000429
000000002000000015000000024
000000002000000020000000016
000000042000000027000000272
000000008000000013000000336
000000049000000035000000872
000000007000000008000000129
000000031000000035000000560
000000007000000034000000255
000000006000000033000000966
000000044000000044000000778
000000029000000006000000706
