000000017000000041000000139
000000017000000035000000728
000000013000000002000000537
000000031000000009000000290
000000008000000002000000681
000000011000000041000000691
000000005000000042000000357
000000034000000018000000778
000000029000000000000000638
000000043000000012000000767
000000044000000013000000626
000000031000000002000000192
000000030000000025000000798
000000035000000016000000455
000000006000000025000000711
000000019000000043000000974
000000023000000039000000104
000000042000000018000000990
000000038000000033000000463
000000018000000037000000690
000000004000000019000000807
000000038000000037000000916
000000033000000027000000991
000000024000000030000000314
000000044000000019000000519
000000045000000028000000844
000000003000000010000000149
000000033000000020000000448
000000033000000001000000911
000000031000000042000000380
000000036000000012000000757
000000005000000031000000947
000000032000000017000000776
000000039000000035000000313
000000049000000048000000175
000000039000000047000000970
000000023000000043000000104
000000030000000014000000555
000000027000000021000000985
000000017000000005000000706
000000000000000001000000694
000000030000000038000000377
000000027000000039000000769
000000028000000012000000217
000000003000000013000000484
000000041000000034000000424
000000013000000043000000084
000000047000000008000000989
000000013000000005000000946
000000010000000028000000199
000000048000000014000000244
000000003000000039000000690
000000030000000018000000220
000000039000000011000000169
000000010000000044000000611
000000044000000027000000023
000000003000000035000000747
000000028000000004000000234
000000031000000003000000863
000000035000000016000000651
000000021000000017000000217
000000028000000030000000967
000000048000000049000000481
000000039000000010000000310
000000010000000023000000641
000000045000000036000000266
000000018000000019000000558
000000046000000006000000861
000000022000000020000000201
000000000000000022000000726
000000041000000045000000035
000000028000000018000000877
000000047000000031000000290
000000032000000045000000554
000000027000000013000000488
000000021000000017000000612
000000029000000035000000325
000000029000000016000000947
000000004000000025000000224
000000017000000005000000209
000000038000000048000000551
000000037000000048000000304
000000013000000031000000107
000000038000000048000000108
000000048000000036000000474
000000000000000019000000855
000000018000000000000000044
000000029000000020000000738
000000020000000011000000588
000000004000000023000000861
000000032000000029000000512
000000004000000043000000951
000000000000000039000000308
000000009000000008000000721
000000025000000041000000745
000000010000000031000000591
000000023000000004000000125
000000018000000049000000107
000000008000000008000000546
000000040000000017000000738
000000035000000009000000161
000000012000000005000000368
000000029000000044000000858
000000026000000000000000596
000000027000000009000000850
000000016000000004000000588
000000049000000009000000609
000000049000000030000000388
000000036000000014000000613
000000020000000045000000699
000000020000000009000000432
000000028000000023000000974
000000028000000012000000720
000000018000000031000000724
000000036000000047000000087
000000026000000041000000793
000000012000000042000000095
000000047000000040000000172
000000006000000035000000575
000000038000000025000000823
000000037000000009000000981
000000007000000005000000811
000000008000000048000000721
000000043000000038000000824
000000043000000030000000560
000000044000000013000000663
000000015000000010000000466
000000040000000007000000073
000000030000000022000000371
000000013000000022000000749
000000019000000039000000749
000000044000000031000000432
000000037000000028000000832
000000013000000018000000842
000000003000000019000000081
000000013000000004000000204
000000030000000012000000454
000000045000000023000000301
000000017000000046000000042
000000045000000027000000670
000000022000000045000000535
000000048000000023000000974
000000003000000048000000992
000000006000000007000000691
000000041000000001000000845
000000031000000037000000768
000000049000000016000000357
000000008000000032000000200
000000014000000024000000317
000000022000000026000000688
000000019000000041000000019
000000008000000041000000460
000000015000000004000000904
000000005000000009000000120
000000010000000024000000100
000000038000000004000000445
000000022000000036000000187
000000013000000045000000221
000000015000000013000000254
000000016000000033000000987
000000032000000031000000432
000000015000000036000000310
000000033000000033000000192
000000019000000015000000648
000000043000000044000000138
000000011000000047000000167
000000004000000026000000408
000000043000000049000000804
000000025000000005000000915
000000039000000042000000562
000000010000000048000000422
000000045000000022000000571
000000034000000045000000745
000000039000000004000000413
000000012000000003000000419
000000026000000020000000031
000000004000000003000000317
000000004000000011000000146
000000028000000039000000632
000000031000000040000000619
000000019000000043000000819
000000031000000008000000345
000000011000000047000000439
000000028000000027000000049
000000021000000015000000442
000000049000000030000000922
000000019000000048000000709
000000044000000035000000772
000000012000000005000000734
000000013000000016000000662
000000046000000003000000104
000000006000000019000000215
000000029000000031000000891
000000003000000015000000463
000000029000000025000000527
000000013000000033000000925
000000035000000029000000167
000000035000000012000000841
000000045000000025000000161
000000002000000019000000061
