000000002000000014000000753
000000012000000043000000639
000000031000000009000000827
000000043000000018000000315
000000012000000038000000695
000000031000000034000000763
000000029000000013000000651
000000033000000016000000956
000000024000000007000000040
000000041000000041000000482
000000023000000018000000711
000000035000000039000000873
000000049000000012000000726
000000006000000031000000783
000000006000000041000000761
000000028000000033000000610
000000007000000044000000726
000000004000000020000000514
000000012000000019000000966
000000039000000038000000730
000000029000000039000000354
000000017000000019000000991
000000030000000027000000985
000000041000000031000000434
000000001000000023000000652
000000043000000026000000496
000000009000000046000000476
000000021000000033000000935
000000037000000019000000967
000000009000000022000000406
000000045000000010000000486
000000049000000026000000827
000000021000000039000000441
000000038000000048000000126
000000031000000016000000272
000000014000000002000000933
000000043000000019000000852
000000023000000030000000840
000000012000000008000000135
000000020000000029000000004
000000001000000020000000085
000000028000000045000000422
000000047000000002000000952
000000041000000021000000748
000000002000000021000000962
000000017000000040000000329
000000033000000023000000346
000000001000000016000000074
000000027000000021000000598
000000032000000037000000352
000000034000000000000000197
000000021000000037000000555
000000002000000002000000422
000000042000000017000000003
000000049000000001000000948
000000005000000020000000180
000000043000000045000000367
000000040000000037000000126
000000032000000049000000071
000000000000000001000000478
000000041000000015000000300
000000030000000006000000426
000000027000000030000000676
000000020000000015000000758
000000045000000040000000119
000000017000000002000000298
000000006000000022000000021
000000020000000038000000835
000000049000000044000000257
000000003000000039000000758
000000024000000001000000021
000000047000000001000000043
000000035000000019000000906
000000026000000027000000799
000000025000000023000000597
000000030000000044000000942
000000000000000015000000934
000000038000000044000000576
000000022000000020000000535
000000023000000030000000245
000000008000000024000000835
000000045000000046000000278
000000036000000048000000787
000000003000000032000000673
000000019000000030000000896
000000011000000045000000296
000000011000000018000000988
000000015000000003000000466
000000041000000035000000146
000000022000000024000000621
000000025000000011000000765
000000033000000017000000073
000000048000000029000000548
000000015000000043000000935
000000007000000046000000673
000000013000000019000000281
000000033000000011000000490
000000011000000011000000239
000000012000000042000000416
000000018000000004000000212
000000006000000014000000476
000000008000000028000000403
000000045000000036000000250
000000041000000012000000330
000000037000000046000000504
000000002000000007000000134
000000039000000028000000330
000000043000000038000000252
000000006000000013000000013
000000026000000020000000499
000000032000000029000000492
000000016000000009000000578
000000022000000049000000363
000000013000000017000000651
000000001000000042000000978
000000007000000024000000305
000000036000000010000000695
000000014000000028000000530
000000044000000013000000530
000000011000000001000000299
000000019000000019000000325
000000037000000008000000662
000000041000000020000000734
000000046000000029000000171
000000038000000026000000210
000000033000000041000000908
000000013000000048000000778
000000035000000039000000204
000000040000000018000000019
000000048000000022000000918
000000002000000011000000953
000000003000000043000000971
000000016000000014000000688
000000015000000016000000079
000000028000000040000000608
000000026000000025000000054
000000016000000010000000434
000000031000000047000000064
000000026000000034000000590
000000006000000047000000793
000000032000000043000000956
000000040000000043000000359
000000010000000035000000643
000000011000000017000000553
000000011000000047000000651
000000034000000006000000983
000000029000000014000000864
000000048000000032000000252
000000024000000021000000284
000000044000000027000000196
000000019000000010000000334
000000044000000033000000444
000000006000000037000000929
000000012000000015000000802
000000020000000004000000851
000000044000000020000000994
000000020000000041000000547
000000030000000026000000666
000000046000000033000000236
000000035000000016000000454
000000003000000016000000165
000000022000000042000000146
000000010000000016000000284
000000010000000028000000381
000000002000000017000000974
000000003000000027000000559
000000020000000030000000025
000000014000000023000000721
000000032000000038000000679
000000033000000048000000993
000000010000000020000000425
000000023000000008000000977
000000031000000048000000226
000000035000000033000000076
000000035000000010000000244
000000008000000027000000181
000000034000000043000000125
000000033000000015000000726
000000021000000039000000851
000000022000000039000000081
000000023000000027000000359
000000014000000049000000159
000000047000000028000000172
000000049000000021000000592
000000016000000034000000943
000000047000000028000000272
000000023000000024000000225
000000024000000048000000101
000000043000000026000000115
000000034000000002000000389
000000006000000009000000164
000000007000000011000000108
000000035000000020000000207
000000004000000010000000972
000000000000000034000000442
000000026000000017000000607
000000039000000024000000206
000000028000000048000000316
000000042000000048000000577
000000012000000021000000467
