000000045000000006000000797
000000016000000035000000722
000000033000000014000000959
000000028000000022000000346
000000024000000002000000652
000000028000000049000000656
000000005000000004000000492
000000043000000026000000516
000000042000000036000000132
000000002000000042000000282
000000047000000017000000079
000000010000000011000000568
000000049000000005000000731
000000007000000035000000307
000000037000000024000000474
000000006000000018000000879
000000021000000022000000604
000000022000000005000000517
000000038000000001000000593
000000014000000024000000970
000000029000000030000000449
000000033000000031000000109
000000013000000014000000830
000000004000000029000000883
000000046000000047000000374
000000009000000005000000047
000000002000000035000000369
000000012000000031000000389
000000033000000024000000232
000000028000000022000000194
000000048000000035000000629
000000038000000027000000095
000000042000000003000000859
000000018000000043000000077
000000002000000017000000869
000000036000000026000000152
000000007000000028000000916
000000027000000011000000764
000000030000000016000000992
000000002000000000000000132
000000043000000035000000844
000000031000000005000000888
000000012000000008000000401
000000013000000016000000036
000000009000000033000000845
000000014000000010000000278
000000026000000047000000977
000000003000000020000000864
000000013000000021000000461
000000043000000007000000221
000000005000000039000000079
000000036000000024000000166
000000011000000020000000241
000000049000000023000000358
000000037000000043000000248
000000044000000017000000563
000000045000000015000000136
000000035000000026000000045
000000007000000039000000287
000000048000000017000000678
000000021000000019000000005
000000009000000008000000530
000000047000000022000000188
000000034000000002000000788
000000001000000026000000488
000000030000000016000000555
000000030000000019000000071
000000044000000047000000850
000000004000000019000000258
000000001000000028000000692
000000043000000012000000055
000000028000000027000000080
000000017000000028000000686
000000035000000046000000899
000000018000000011000000250
000000017000000033000000001
000000027000000026000000469
000000036000000018000000963
000000030000000026000000441
000000007000000004000000790
000000013000000046000000885
000000024000000040000000806
000000036000000023000000986
000000020000000013000000757
000000043000000044000000472
000000008000000026000000709
000000030000000036000000710
000000012000000023000000040
000000011000000007000000890
000000004000000047000000024
000000031000000009000000476
000000044000000022000000002
000000000000000043000000436
000000022000000030000000202
000000000000000007000000268
000000035000000043000000464
000000024000000021000000008
000000036000000027000000357
000000004000000000000000445
000000042000000013000000655
000000045000000032000000521
000000048000000038000000069
000000014000000048000000453
000000023000000007000000643
000000013000000007000000125
000000025000000012000000329
000000038000000025000000283
000000021000000030000000516
000000000000000045000000645
000000005000000040000000431
000000027000000008000000606
000000039000000026000000970
000000034000000002000000379
000000009000000021000000890
000000000000000001000000281
000000018000000022000000395
000000011000000028000000770
000000005000000003000000761
000000018000000024000000043
000000000000000047000000862
000000021000000008000000158
000000001000000045000000989
000000001000000024000000632
000000007000000041000000193
000000047000000028000000081
000000019000000020000000580
000000011000000032000000448
000000012000000044000000243
000000033000000021000000093
000000042000000020000000037
000000046000000033000000105
000000025000000038000000269
000000036000000049000000106
000000014000000016000000966
000000038000000003000000746
000000028000000008000000502
000000034000000048000000076
000000023000000038000000295
000000020000000008000000276
000000045000000018000000475
000000044000000009000000085
000000029000000011000000150
000000004000000021000000796
000000040000000032000000425
000000023000000047000000323
000000024000000024000000809
000000024000000004000000274
000000029000000008000000428
000000048000000023000000907
000000040000000005000000604
000000049000000040000000628
000000031000000019000000137
000000044000000008000000850
000000029000000024000000733
000000035000000043000000320
000000032000000049000000825
000000048000000046000000684
000000023000000020000000279
000000010000000015000000028
000000032000000031000000762
000000012000000013000000330
000000009000000040000000842
000000039000000042000000548
000000009000000029000000321
000000047000000044000000593
000000027000000044000000296
000000005000000015000000477
000000004000000041000000171
000000045000000026000000398
000000017000000021000000091
000000005000000011000000532
000000004000000017000000212
000000020000000025000000049
000000023000000042000000143
000000013000000039000000333
000000018000000025000000520
000000034000000033000000420
000000036000000027000000325
000000014000000007000000439
000000008000000013000000292
000000022000000022000000416
000000022000000003000000374
000000039000000043000000544
000000019000000006000000371
000000012000000031000000458
000000016000000040000000054
000000041000000027000000022
000000043000000033000000768
000000033000000018000000678
000000010000000040000000196
000000038000000012000000242
000000037000000001000000405
000000036000000041000000708
000000047000000028000000634
000000048000000015000000522
000000002000000024000000917
000000043000000047000000355
000000019000000016000000716
000000013000000028000000784
000000032000000039000000698
