000000007000000023000000750
000000005000000036000000480
000000049000000001000000625
000000038000000044000000615
000000042000000034000000656
000000048000000038000000090
000000046000000043000000824
000000049000000035000000746
000000044000000046000000338
000000003000000001000000678
000000019000000007000000353
000000005000000028000000590
000000027000000022000000298
000000039000000017000000512
000000034000000031000000781
000000005000000040000000508
000000047000000048000000934
000000008000000009000000915
000000031000000007000000758
000000000000000011000000801
000000007000000045000000009
000000047000000019000000754
000000013000000037000000113
000000003000000021000000315
000000039000000006000000523
000000015000000014000000088
000000048000000038000000135
000000041000000005000000042
000000037000000010000000949
000000021000000023000000429
000000041000000027000000222
000000024000000032000000433
000000025000000037000000232
000000001000000042000000051
000000019000000044000000548
000000030000000019000000061
000000019000000016000000851
000000033000000001000000458
000000033000000015000000798
000000048000000010000000188
000000040000000041000000281
000000034000000011000000889
000000004000000014000000482
000000004000000040000000551
000000042000000046000000926
000000004000000021000000232
000000024000000006000000818
000000044000000002000000147
000000028000000008000000503
000000038000000041000000341
000000031000000026000000545
000000002000000011000000025
000000038000000035000000651
000000032000000026000000090
000000028000000015000000514
000000015000000040000000100
000000026000000029000000876
000000028000000023000000077
000000018000000045000000780
000000006000000005000000074
000000019000000016000000465
000000007000000022000000272
000000000000000040000000718
000000045000000015000000725
000000029000000041000000600
000000036000000015000000742
000000031000000013000000345
000000020000000011000000248
000000023000000003000000064
000000023000000033000000305
000000012000000031000000603
000000028000000013000000196
000000031000000021000000846
000000012000000014000000005
000000019000000031000000269
000000007000000049000000639
000000023000000031000000606
000000001000000025000000830
000000036000000049000000098
000000010000000033000000389
000000010000000026000000135
000000020000000032000000678
000000006000000000000000564
000000020000000005000000872
000000044000000019000000982
000000017000000001000000604
000000048000000015000000082
000000021000000049000000038
000000034000000010000000133
000000038000000042000000287
000000004000000020000000760
000000022000000001000000757
000000043000000048000000969
000000029000000001000000982
000000003000000003000000533
000000036000000007000000113
000000042000000019000000963
000000024000000011000000366
000000015000000039000000544
000000004000000035000000453
000000027000000017000000155
000000013000000015000000699
000000005000000021000000357
000000011000000023000000052
000000031000000019000000282
000000004000000017000000919
000000025000000048000000065
000000001000000046000000460
000000016000000030000000168
000000019000000007000000249
000000010000000038000000256
000000025000000002000000680
000000041000000039000000768
000000041000000031000000702
000000037000000031000000918
000000045000000042000000851
000000004000000010000000435
000000031000000029000000748
000000019000000026000000425
000000034000000047000000699
000000026000000035000000291
000000005000000000000000696
000000039000000005000000343
000000030000000013000000550
000000007000000033000000343
000000018000000013000000302
000000027000000020000000748
000000015000000015000000940
000000040000000029000000182
000000025000000006000000520
000000012000000006000000846
000000003000000015000000905
000000020000000032000000610
000000011000000005000000738
000000025000000024000000937
000000044000000023000000922
000000020000000001000000261
000000006000000007000000542
000000047000000010000000406
000000017000000014000000423
000000025000000014000000990
000000041000000017000000139
000000035000000004000000367
000000021000000047000000616
000000034000000015000000294
000000000000000040000000829
000000000000000046000000117
000000012000000005000000104
000000012000000006000000979
000000015000000005000000090
000000024000000003000000356
000000009000000035000000830
000000037000000034000000137
000000039000000009000000389
000000027000000048000000074
000000032000000021000000833
000000012000000047000000406
000000028000000017000000364
000000015000000012000000186
000000044000000028000000212
000000007000000020000000964
000000013000000046000000890
000000013000000025000000612
000000023000000013000000124
000000034000000010000000749
000000036000000035000000135
000000001000000030000000703
000000007000000002000000179
000000034000000046000000714
000000049000000044000000451
000000032000000043000000121
000000046000000031000000779
000000021000000013000000030
000000009000000019000000926
000000011000000039000000677
000000014000000044000000143
000000030000000028000000553
000000002000000042000000949
000000025000000000000000344
000000039000000029000000016
000000008000000013000000624
000000008000000040000000403
000000000000000038000000564
000000048000000015000000424
000000005000000042000000231
000000038000000046000000272
000000025000000020000000039
000000028000000018000000301
000000044000000029000000004
000000008000000020000000628
000000021000000031000000685
000000000000000000000000116
000000015000000002000000965
000000013000000013000000115
000000028000000032000000277
000000006000000047000000010
000000035000000036000000085
000000003000000014000000192
000000048000000030000000891
000000016000000013000000225
