000000047000000003000000014
000000048000000003000000554
000000002000000014000000077
000000016000000009000000673
000000015000000013000000286
000000037000000043000000142
000000049000000044000000518
000000005000000047000000687
000000013000000033000000375
000000004000000023000000382
000000006000000024000000256
000000006000000033000000713
000000044000000009000000122
000000033000000040000000538
000000024000000035000000014
000000024000000025000000976
000000027000000037000000590
000000009000000014000000196
000000017000000041000000108
000000016000000035000000399
000000008000000048000000829
000000034000000010000000686
000000020000000008000000603
000000028000000043000000683
000000001000000015000000090
000000048000000031000000252
000000033000000038000000158
000000019000000026000000705
000000039000000046000000208
000000003000000038000000850
000000030000000027000000488
000000036000000024000000836
000000035000000039000000503
000000016000000004000000330
000000018000000049000000892
000000045000000008000000986
000000005000000018000000187
000000042000000032000000939
000000012000000039000000447
000000006000000045000000262
000000023000000017000000403
000000037000000048000000307
000000009000000014000000803
000000012000000013000000849
000000037000000017000000684
000000041000000001000000541
000000040000000044000000768
000000011000000047000000400
000000033000000037000000905
000000027000000024000000719
000000019000000029000000886
000000012000000042000000725
000000046000000031000000019
000000029000000035000000873
000000009000000042000000102
000000016000000005000000306
000000012000000020000000755
000000045000000015000000016
000000024000000012000000403
000000000000000004000000217
000000020000000032000000815
000000004000000043000000686
000000048000000025000000498
000000047000000045000000404
000000026000000011000000175
000000044000000001000000101
000000014000000016000000643
000000029000000014000000070
000000048000000024000000274
000000043000000037000000592
000000016000000046000000533
000000040000000009000000066
000000002000000004000000990
000000020000000018000000599
000000040000000014000000510
000000017000000019000000085
000000042000000029000000219
000000015000000035000000761
000000028000000040000000351
000000037000000006000000379
000000020000000004000000760
000000045000000031000000978
000000043000000036000000043
000000005000000041000000938
000000005000000044000000951
000000002000000039000000998
000000027000000030000000102
000000009000000001000000149
000000018000000001000000218
000000038000000011000000382
000000035000000015000000979
000000030000000000000000284
000000041000000045000000660
000000026000000024000000660
000000002000000036000000762
000000013000000009000000823
000000040000000026000000012
000000017000000009000000507
000000013000000011000000061
000000030000000026000000616
000000038000000004000000494
000000033000000019000000524
000000047000000024000000879
000000033000000010000000890
000000016000000001000000133
000000022000000007000000298
000000019000000004000000827
000000019000000048000000697
000000018000000018000000127
000000023000000016000000779
000000011000000011000000367
000000002000000038000000381
000000008000000019000000339
000000011000000016000000694
000000047000000007000000327
000000006000000000000000159
000000018000000041000000077
000000038000000011000000440
000000039000000018000000138
000000039000000014000000032
000000019000000024000000165
000000005000000022000000975
000000026000000014000000257
000000037000000013000000766
000000047000000007000000773
000000006000000022000000819
000000018000000012000000347
000000048000000004000000497
000000035000000022000000005
000000046000000012000000404
000000012000000018000000091
000000015000000042000000833
000000026000000042000000697
000000017000000029000000720
000000045000000031000000561
000000015000000040000000077
000000033000000032000000915
000000015000000021000000041
000000034000000021000000391
000000033000000019000000985
000000048000000029000000040
000000042000000025000000907
000000033000000032000000307
000000047000000030000000608
000000006000000000000000652
000000031000000003000000473
000000046000000019000000655
000000046000000012000000599
000000024000000046000000941
000000002000000031000000411
000000022000000043000000444
000000035000000019000000002
000000034000000002000000117
000000032000000031000000152
000000038000000036000000053
000000015000000009000000409
000000019000000002000000364
000000045000000036000000006
000000016000000002000000337
000000022000000018000000582
000000048000000031000000031
000000044000000024000000742
000000008000000020000000637
000000032000000047000000017
000000017000000014000000758
000000025000000007000000532
000000027000000009000000730
000000026000000033000000563
000000002000000026000000130
000000021000000019000000338
000000033000000012000000686
000000026000000034000000010
000000006000000043000000230
000000015000000007000000783
000000038000000036000000114
000000017000000028000000449
000000012000000041000000884
000000040000000044000000182
000000042000000021000000962
000000023000000042000000974
000000030000000036000000031
000000014000000049000000705
000000016000000041000000595
000000037000000019000000286
000000015000000011000000040
000000047000000038000000925
000000022000000034000000961
000000034000000009000000554
000000022000000042000000347
000000025000000034000000255
000000002000000032000000024
000000012000000034000000417
000000037000000023000000751
000000020000000000000000741
000000042000000024000000444
000000029000000025000000658
000000007000000045000000671
000000001000000000000000151
000000000000000046000000536
000000023000000042000000127
