000000033000000015000000648
000000011000000011000000750
000000014000000030000000573
000000032000000026000000499
000000044000000012000000651
000000038000000012000000253
000000002000000040000000956
000000011000000041000000144
000000037000000035000000306
000000007000000004000000439
000000019000000029000000498
000000027000000027000000562
000000032000000021000000060
000000035000000014000000761
000000031000000005000000150
000000023000000021000000864
000000047000000003000000224
000000031000000026000000068
000000035000000021000000491
000000025000000023000000508
000000022000000006000000527
000000006000000013000000947
000000000000000016000000704
000000004000000006000000827
000000009000000017000000501
000000009000000030000000708
000000049000000013000000295
000000022000000009000000020
000000010000000037000000056
000000021000000042000000117
000000003000000007000000949
000000027000000012000000163
000000011000000024000000856
000000010000000023000000087
000000007000000043000000935
000000019000000021000000177
000000028000000025000000833
000000039000000025000000199
000000010000000000000000947
000000025000000045000000508
000000044000000028000000488
000000029000000000000000979
000000043000000032000000096
000000016000000048000000106
000000042000000039000000801
000000010000000014000000323
000000004000000040000000318
000000043000000043000000340
000000014000000014000000637
000000037000000016000000257
000000010000000036000000581
000000017000000015000000902
000000029000000028000000847
000000047000000025000000793
000000004000000011000000548
000000036000000046000000718
000000019000000000000000719
000000031000000021000000099
000000009000000000000000707
000000007000000015000000730
000000017000000006000000304
000000041000000006000000232
000000026000000025000000482
000000044000000030000000710
000000023000000006000000301
000000026000000039000000636
000000039000000027000000358
000000045000000017000000335
000000026000000029000000305
000000024000000007000000297
000000009000000022000000267
000000005000000030000000391
000000024000000012000000105
000000015000000010000000427
000000011000000024000000394
000000000000000007000000295
000000039000000033000000216
000000003000000017000000749
000000018000000021000000774
000000048000000014000000533
000000046000000002000000346
000000009000000035000000161
000000022000000017000000515
000000045000000001000000554
000000026000000023000000353
000000046000000034000000854
000000047000000026000000441
000000000000000034000000492
000000004000000006000000093
000000025000000037000000190
000000030000000026000000943
000000028000000019000000162
000000004000000002000000795
000000011000000028000000791
000000038000000044000000632
000000033000000026000000882
000000019000000022000000740
000000045000000001000000770
000000004000000045000000356
000000042000000005000000580
000000003000000046000000614
000000016000000014000000512
000000030000000048000000087
000000009000000042000000632
000000002000000035000000964
000000032000000011000000798
000000042000000020000000583
000000010000000006000000303
000000022000000034000000494
000000008000000023000000471
000000040000000011000000946
000000010000000008000000639
000000008000000022000000594
000000006000000002000000579
000000039000000010000000591
000000005000000043000000320
000000040000000022000000688
000000027000000049000000686
000000049000000042000000805
000000015000000043000000595
000000000000000021000000482
000000030000000019000000622
000000034000000042000000543
000000016000000023000000775
000000010000000036000000366
000000000000000020000000914
000000035000000017000000836
000000008000000018000000036
000000039000000012000000234
000000012000000010000000309
000000041000000043000000580
000000049000000005000000616
000000004000000009000000819
000000048000000021000000018
000000038000000024000000972
000000045000000017000000255
000000016000000049000000441
000000044000000029000000534
000000037000000042000000070
000000022000000041000000139
000000019000000021000000625
000000011000000024000000604
000000009000000010000000636
000000037000000045000000236
000000004000000037000000918
000000040000000019000000886
000000003000000043000000892
000000048000000046000000225
000000043000000047000000268
000000002000000012000000259
000000027000000032000000348
000000034000000029000000997
000000019000000027000000988
000000018000000035000000151
000000030000000028000000087
000000010000000039000000857
000000030000000046000000445
000000009000000019000000961
000000012000000020000000486
000000020000000018000000550
000000016000000007000000963
000000018000000010000000256
000000044000000020000000161
000000046000000021000000857
000000044000000034000000154
000000037000000018000000368
000000006000000033000000146
000000020000000021000000302
000000040000000018000000267
000000019000000021000000173
000000025000000049000000174
000000021000000001000000568
000000009000000012000000368
000000041000000015000000383
000000034000000034000000512
000000029000000014000000689
000000040000000025000000049
000000005000000013000000705
000000020000000046000000720
000000033000000028000000838
000000049000000024000000979
000000049000000020000000435
000000034000000023000000664
000000029000000027000000119
000000049000000015000000343
000000038000000035000000734
000000039000000011000000081
000000028000000028000000929
000000006000000019000000730
000000023000000001000000104
000000042000000026000000678
000000026000000042000000819
000000020000000035000000286
000000003000000045000000823
000000001000000011000000949
000000046000000005000000954
000000018000000032000000215
000000049000000043000000338
000000037000000020000000920
000000002000000043000000017
