000000024000000016000000880
000000040000000003000000706
000000034000000038000000074
000000035000000027000000903
000000023000000029000000288
000000034000000049000000771
000000006000000037000000492
000000000000000019000000725
000000016000000017000000924
000000046000000046000000475
000000013000000005000000638
000000025000000011000000007
000000017000000033000000890
000000032000000011000000808
000000043000000045000000045
000000015000000037000000211
000000007000000028000000698
000000011000000011000000970
000000014000000024000000928
000000007000000024000000729
000000039000000038000000839
000000029000000022000000427
000000013000000048000000371
000000014000000017000000329
000000044000000024000000539
000000034000000006000000490
000000034000000000000000599
000000035000000039000000356
000000038000000002000000893
000000033000000010000000726
000000003000000009000000179
000000008000000043000000455
000000048000000014000000463
000000030000000002000000775
000000041000000043000000223
000000018000000017000000731
000000021000000030000000375
000000021000000023000000469
000000006000000003000000979
000000024000000041000000403
000000026000000029000000753
000000032000000010000000168
000000007000000035000000622
000000004000000035000000843
000000001000000003000000962
000000041000000043000000923
000000006000000020000000694
000000008000000011000000604
000000017000000031000000712
000000035000000001000000798
000000023000000024000000459
000000003000000004000000456
000000001000000009000000659
000000002000000011000000628
000000005000000017000000894
000000026000000020000000410
000000025000000015000000195
000000002000000017000000414
000000035000000018000000361
000000007000000014000000564
000000022000000021000000689
000000041000000030000000230
000000019000000048000000978
000000025000000040000000679
000000013000000003000000187
000000003000000002000000889
000000035000000040000000227
000000015000000010000000725
000000030000000020000000137
000000002000000017000000714
000000004000000043000000901
000000004000000030000000780
000000046000000014000000739
000000033000000007000000446
000000021000000000000000505
000000025000000039000000273
000000011000000032000000318
000000023000000021000000474
000000016000000007000000237
000000048000000011000000189
000000004000000016000000613
000000013000000020000000928
000000038000000008000000476
000000020000000006000000768
000000007000000002000000671
000000039000000043000000202
000000011000000004000000628
000000043000000040000000711
000000019000000031000000433
000000021000000037000000448
000000027000000048000000064
000000027000000028000000809
000000041000000008000000590
000000028000000036000000623
000000039000000041000000514
000000027000000016000000396
000000040000000027000000283
000000001000000037000000135
000000028000000011000000520
000000045000000043000000788
000000024000000017000000409
000000001000000043000000153
000000035000000030000000473
000000043000000047000000703
000000030000000032000000347
000000000000000003000000997
000000009000000042000000301
000000001000000031000000203
000000008000000025000000231
000000046000000049000000342
000000014000000046000000300
000000040000000004000000389
000000010000000038000000958
000000018000000042000000722
000000046000000047000000609
000000028000000021000000101
000000039000000027000000162
000000026000000035000000021
000000024000000022000000725
000000010000000043000000354
000000046000000038000000610
000000006000000028000000016
000000020000000040000000563
000000047000000039000000300
000000001000000041000000004
000000028000000005000000684
000000029000000029000000085
000000006000000007000000435
000000008000000038000000228
000000013000000015000000622
000000033000000000000000904
000000030000000021000000067
000000005000000039000000368
000000029000000008000000613
000000026000000041000000762
000000043000000024000000867
000000000000000045000000344
000000002000000030000000278
000000013000000039000000637
000000008000000047000000806
000000039000000006000000496
000000047000000014000000785
000000019000000021000000397
000000046000000023000000323
000000015000000000000000410
000000023000000029000000311
000000033000000015000000282
000000018000000013000000406
000000013000000031000000395
000000031000000016000000648
000000021000000046000000840
000000028000000040000000052
000000005000000029000000535
000000048000000023000000051
000000023000000003000000441
000000001000000036000000612
000000043000000039000000198
000000016000000025000000633
000000026000000021000000861
000000004000000033000000673
000000019000000038000000099
000000037000000025000000532
000000024000000037000000194
000000017000000017000000997
000000038000000034000000851
000000011000000044000000184
000000048000000012000000895
000000039000000037000000537
000000022000000005000000432
000000010000000001000000381
000000009000000001000000934
000000043000000029000000695
000000047000000036000000571
000000045000000026000000972
000000020000000025000000444
000000010000000027000000809
000000039000000014000000536
000000033000000006000000405
000000038000000030000000013
000000028000000014000000404
000000005000000013000000716
000000040000000008000000328
000000003000000045000000108
000000007000000013000000169
000000030000000002000000718
000000046000000018000000248
000000004000000012000000554
000000031000000021000000744
000000042000000025000000901
000000026000000004000000979
000000034000000019000000423
000000008000000040000000265
000000012000000030000000342
000000005000000006000000635
000000035000000031000000014
000000018000000003000000069
000000034000000042000000243
000000038000000023000000050
000000042000000023000000849
000000048000000048000000656
