000000035000000010000000428
000000028000000036000000029
000000022000000023000000464
000000026000000018000000004
000000022000000035000000321
000000012000000027000000357
000000048000000009000000274
000000038000000005000000392
000000044000000043000000654
000000017000000038000000432
000000044000000017000000846
000000013000000018000000690
000000019000000023000000485
000000046000000024000000649
000000024000000041000000281
000000010000000026000000158
000000000000000024000000858
000000028000000003000000668
000000037000000046000000109
000000001000000033000000876
000000018000000005000000697
000000001000000031000000008
000000007000000008000000342
000000031000000043000000088
000000043000000002000000706
000000031000000014000000267
000000005000000033000000325
000000024000000016000000273
000000028000000016000000283
000000008000000026000000441
000000029000000017000000792
000000030000000027000000388
000000047000000022000000213
000000013000000002000000359
000000040000000019000000637
000000038000000034000000011
000000048000000005000000646
000000042000000046000000994
000000027000000043000000777
000000021000000022000000292
000000036000000048000000651
000000045000000002000000503
000000014000000013000000512
000000015000000033000000824
000000002000000041000000623
000000048000000034000000938
000000031000000040000000642
000000013000000010000000410
000000039000000036000000434
000000039000000002000000669
000000030000000026000000002
000000046000000027000000075
000000035000000045000000336
000000006000000023000000429
000000024000000032000000443
000000041000000039000000090
000000018000000029000000197
000000041000000039000000654
000000032000000022000000764
000000012000000005000000311
000000003000000024000000207
000000042000000035000000147
000000041000000006000000288
000000027000000012000000766
000000030000000025000000329
000000010000000038000000573
000000048000000048000000951
000000017000000021000000471
000000023000000038000000739
000000017000000013000000097
000000015000000023000000809
000000001000000003000000977
000000011000000032000000934
000000014000000049000000653
000000040000000041000000328
000000021000000011000000285
000000016000000021000000679
000000009000000013000000132
000000017000000036000000073
000000036000000018000000935
000000020000000023000000864
000000009000000011000000791
000000047000000028000000439
000000017000000049000000117
000000031000000033000000975
000000014000000027000000601
000000007000000002000000536
000000022000000001000000832
000000020000000005000000192
000000033000000033000000339
000000045000000024000000288
000000049000000044000000522
000000039000000030000000587
000000026000000023000000659
000000042000000048000000447
000000028000000027000000604
000000007000000003000000183
000000023000000029000000325
000000019000000047000000454
000000001000000038000000118
000000029000000014000000912
000000005000000022000000503
000000041000000031000000781
000000022000000025000000932
000000000000000030000000572
000000043000000030000000049
000000019000000042000000566
000000029000000026000000603
000000007000000021000000894
000000048000000029000000936
000000003000000037000000837
000000023000000046000000192
000000037000000037000000527
000000047000000036000000914
000000041000000035000000553
000000012000000022000000986
000000037000000026000000345
000000020000000032000000920
000000027000000000000000759
000000015000000047000000013
000000030000000043000000040
000000042000000019000000752
000000004000000027000000670
000000019000000006000000862
000000026000000022000000119
000000032000000038000000818
000000002000000045000000977
000000045000000010000000078
000000029000000033000000110
000000045000000045000000924
000000021000000021000000801
000000025000000016000000869
000000043000000048000000318
000000040000000007000000912
000000015000000018000000391
000000024000000044000000206
000000040000000044000000247
000000047000000012000000039
000000001000000035000000656
000000048000000012000000720
000000032000000008000000625
000000037000000047000000693
000000003000000000000000107
000000012000000038000000787
000000025000000012000000750
000000003000000029000000836
000000034000000005000000780
000000045000000005000000021
000000033000000024000000180
000000038000000023000000634
000000010000000045000000725
000000029000000007000000977
000000014000000028000000425
000000034000000021000000875
000000004000000027000000123
000000022000000022000000010
000000014000000048000000109
000000041000000013000000146
000000047000000036000000063
000000030000000003000000458
000000025000000014000000530
000000023000000001000000863
000000003000000045000000091
000000038000000038000000022
000000020000000049000000685
000000045000000040000000565
000000044000000010000000050
000000008000000023000000508
000000026000000019000000637
000000028000000032000000420
000000045000000034000000505
000000048000000009000000125
000000017000000031000000514
000000012000000019000000539
000000045000000025000000193
000000004000000020000000289
000000023000000001000000935
000000024000000035000000847
000000020000000017000000822
000000001000000047000000644
000000011000000024000000245
000000033000000042000000096
000000025000000022000000802
000000028000000027000000177
000000002000000031000000821
000000025000000012000000961
000000015000000021000000983
000000017000000005000000622
000000024000000020000000974
000000032000000027000000843
000000015000000016000000680
000000043000000001000000915
000000014000000012000000655
000000004000000028000000964
000000024000000045000000477
000000037000000022000000069
000000001000000044000000091
000000043000000035000000507
000000033000000043000000364
000000031000000009000000442
