000000003000000044000000616
000000045000000012000000384
000000018000000009000000641
000000002000000026000000294
000000021000000023000000625
000000045000000008000000969
000000049000000032000000439
000000043000000017000000674
000000013000000035000000724
000000020000000039000000772
000000040000000045000000046
000000049000000033000000795
000000047000000004000000958
000000041000000035000000223
000000038000000048000000510
000000049000000036000000378
000000009000000025000000493
000000003000000019000000647
000000017000000010000000554
000000047000000032000000559
000000032000000048000000408
000000043000000011000000633
000000012000000021000000802
000000041000000048000000084
000000000000000008000000942
000000010000000004000000366
000000008000000013000000971
000000017000000010000000283
000000013000000036000000503
000000019000000031000000470
000000012000000000000000450
000000019000000008000000736
000000040000000045000000735
000000043000000036000000298
000000028000000018000000538
000000020000000003000000226
000000035000000007000000118
000000009000000038000000361
000000029000000015000000768
000000006000000029000000512
000000006000000042000000797
000000016000000029000000965
000000031000000030000000010
000000010000000020000000177
000000031000000014000000546
000000033000000038000000840
000000037000000043000000659
000000013000000034000000492
000000017000000002000000225
000000004000000040000000850
000000048000000034000000321
000000011000000037000000883
000000025000000012000000778
000000028000000038000000458
000000010000000024000000740
000000047000000027000000490
000000040000000045000000541
000000046000000019000000720
000000042000000042000000158
000000015000000049000000536
000000037000000027000000799
000000007000000011000000711
000000042000000020000000540
000000033000000008000000528
000000003000000008000000092
000000010000000003000000193
000000037000000020000000494
000000036000000013000000898
000000015000000001000000309
000000030000000018000000894
000000036000000009000000263
000000012000000041000000233
000000032000000002000000261
000000001000000004000000152
000000047000000007000000739
000000000000000043000000209
000000031000000032000000791
000000048000000027000000569
000000002000000000000000271
000000045000000042000000200
000000020000000012000000036
000000032000000046000000979
000000013000000040000000341
000000042000000027000000004
000000046000000036000000324
000000017000000039000000120
000000007000000014000000172
000000005000000048000000720
000000005000000038000000639
000000034000000010000000825
000000048000000037000000209
000000003000000031000000833
000000005000000015000000217
000000037000000037000000048
000000043000000038000000108
000000039000000001000000832
000000012000000034000000221
000000007000000037000000552
000000001000000015000000280
000000015000000027000000176
000000017000000028000000619
000000025000000044000000786
000000039000000043000000096
000000024000000011000000481
000000045000000019000000550
000000006000000011000000205
000000030000000015000000727
000000040000000022000000501
000000030000000040000000017
000000032000000001000000325
000000027000000040000000761
000000002000000020000000176
000000021000000017000000871
000000016000000049000000163
000000036000000037000000475
000000036000000012000000342
000000000000000045000000069
000000003000000035000000228
000000022000000026000000124
000000005000000045000000087
000000038000000006000000836
000000038000000046000000424
000000036000000043000000980
000000018000000034000000881
000000016000000014000000323
000000028000000003000000694
000000001000000043000000562
000000033000000032000000131
000000012000000023000000099
000000026000000029000000886
000000002000000015000000440
000000039000000027000000854
000000016000000048000000816
000000002000000000000000387
000000018000000031000000207
000000009000000037000000412
000000045000000044000000464
000000021000000004000000047
000000026000000004000000485
000000035000000025000000460
000000016000000009000000271
000000004000000016000000386
000000022000000027000000739
000000023000000011000000105
000000043000000048000000845
000000008000000015000000025
000000046000000003000000736
000000034000000031000000707
000000021000000031000000218
000000019000000013000000456
000000018000000031000000450
000000017000000036000000833
000000005000000013000000308
000000041000000037000000194
000000033000000021000000647
000000017000000027000000117
000000010000000017000000782
000000023000000039000000446
000000036000000031000000558
000000028000000033000000698
000000008000000002000000288
000000014000000004000000617
000000032000000026000000250
000000000000000002000000047
000000035000000005000000324
000000027000000000000000192
000000002000000003000000073
000000005000000009000000910
000000033000000045000000838
000000000000000031000000088
000000013000000027000000594
000000030000000032000000698
000000045000000019000000337
000000001000000035000000029
000000043000000009000000291
000000036000000037000000679
000000006000000009000000623
000000018000000025000000609
000000031000000003000000855
000000018000000030000000192
000000038000000032000000890
000000008000000036000000507
000000022000000005000000449
000000031000000031000000624
000000042000000001000000358
000000002000000011000000004
000000030000000046000000166
000000007000000044000000450
000000023000000045000000049
000000049000000049000000587
000000042000000026000000782
000000007000000012000000055
000000006000000035000000451
000000039000000014000000635
000000011000000024000000546
000000049000000025000000476
000000012000000029000000831
000000042000000037000000668
000000001000000030000000769
000000022000000034000000828
