0 INF 631 INF INF 487 INF 273 699 INF INF INF 135 567 493 171 INF 317 255 344 172 670 INF 451 253 728 386 INF INF INF 491 417 INF INF 384 407 330 247 352 625 729 136 226 474 INF INF 180 433 293 623 667 275 646 513 INF 460 INF 333 649 INF 790 94 679 196 163 INF 390 544 143 721 346 89 193 174 132 470
507 0 710 187 724 INF 299 573 585 129 606 389 647 419 558 INF 694 INF 748 572 174 INF INF INF 608 INF 385 INF 567 INF 530 439 INF INF 731 INF INF 329 593 388 180 90 233 434 630 616 564 347 660 INF 631 439 413 314 323 432 462 INF 220 INF 554 717 INF INF 73 INF INF 548 416 INF INF INF 234 272 109 INF
572 INF 0 INF 81 640 262 306 INF 334 751 INF 540 618 684 197 481 INF INF 498 INF INF 171 223 738 338 104 308 INF 422 INF INF 160 257 740 563 716 174 INF 541 INF 418 777 INF 313 326 INF 715 680 606 723 420 783 657 196 336 407 516 429 INF INF 143 INF 421 INF 158 INF 428 765 615 INF 462 145 678 646 470
681 177 161 0 INF 286 722 INF INF INF INF INF INF 590 537 751 INF 375 INF 544 INF 757 465 INF 223 INF INF 765 188 641 535 396 278 89 731 INF 509 INF INF 497 INF 708 393 INF 88 678 INF 271 82 INF INF INF 342 466 541 INF 466 654 373 742 612 710 175 288 INF 63 163 89 INF 537 482 328 172 116 INF 539
298 INF 164 INF 0 INF 763 INF 283 411 497 282 142 INF 719 89 113 533 141 311 333 INF INF 346 329 INF 477 INF INF 529 513 691 57 164 176 278 473 191 279 756 INF 81 782 INF 775 167 INF INF 108 INF 347 163 333 135 481 347 163 468 535 685 294 INF 374 757 INF 386 INF 204 INF 514 INF INF 579 248 INF 763
INF 703 601 INF 480 0 424 298 442 INF INF 385 632 115 INF 276 INF 668 752 490 INF INF 152 INF 580 INF 663 425 INF 732 173 248 478 112 368 INF INF INF 590 464 374 110 621 85 687 INF INF 497 681 282 121 555 460 787 207 237 INF INF INF 410 595 61 465 278 452 514 132 498 234 721 746 356 593 766 235 INF
INF 192 INF INF 673 INF 0 639 653 776 499 705 358 218 INF 171 INF 91 372 103 INF 171 574 INF INF 246 230 INF 249 INF 652 INF 84 271 INF 296 167 282 INF 205 436 INF 196 68 357 178 INF 619 INF 226 87 318 567 608 INF INF 266 INF 279 INF 158 336 753 357 259 INF INF INF INF 673 INF 540 390 690 526 367
419 600 639 623 291 INF 434 0 108 356 66 716 INF INF 348 347 INF INF INF 501 646 350 INF INF 414 519 207 119 INF 709 71 INF INF 306 666 515 INF INF 249 656 588 439 665 521 INF 408 376 231 INF 765 INF 243 INF 695 INF 673 606 542 435 INF 573 183 381 314 INF INF 764 623 573 65 INF 471 411 INF 286 357
197 INF 462 542 385 387 401 196 0 753 697 INF 215 283 145 507 596 INF INF INF INF 130 555 356 INF 137 131 704 147 177 663 364 250 INF 140 697 INF 493 256 501 654 371 440 INF INF 351 610 450 INF 259 209 525 INF 191 567 INF INF 424 544 761 187 403 242 627 216 428 INF 239 126 302 201 83 INF 554 673 467
618 INF 359 348 INF 343 157 485 96 0 594 INF 449 743 77 INF 519 623 600 310 379 335 223 657 95 INF INF 462 146 621 INF 571 INF INF 609 380 733 190 INF 312 INF 109 233 INF INF 420 428 629 764 INF INF INF 417 146 379 564 262 INF 686 562 533 687 645 568 637 INF 664 72 114 91 INF 278 INF 308 INF 340
163 761 615 423 234 INF 283 INF INF 555 0 296 436 586 579 INF 620 554 INF 766 234 INF 279 INF INF 475 INF 104 550 INF 86 INF INF INF INF 323 107 INF 97 INF 622 INF 169 121 417 145 254 INF 781 284 500 752 750 INF 754 611 744 542 320 534 667 INF 663 426 566 754 721 624 446 394 582 INF 566 INF INF 462
INF INF INF INF 764 498 648 211 167 257 54 0 INF INF INF 374 209 439 97 332 403 490 299 INF 320 727 599 462 615 134 340 472 258 243 INF 70 726 264 162 INF 722 72 INF 546 709 100 INF 744 INF 416 105 595 261 INF 599 263 INF 616 INF 490 INF 706 548 722 584 570 119 109 405 INF INF 724 759 604 INF 467
702 381 619 121 641 INF 751 INF INF 708 611 309 0 INF INF 128 581 721 692 88 102 234 654 INF 410 764 INF 476 290 733 133 INF 243 INF 132 775 54 486 152 343 149 INF 67 354 INF 128 487 INF INF INF INF 502 238 739 INF 119 494 766 212 513 166 INF 434 675 725 INF 234 303 669 347 INF 326 85 334 402 233
256 INF INF 616 260 561 INF INF 761 213 346 INF INF 0 INF 371 124 INF 625 667 118 407 763 INF 410 INF INF 619 INF 360 543 INF 161 746 781 97 481 376 379 314 INF 618 692 479 INF 542 INF 117 485 739 519 755 INF INF 691 563 621 340 682 380 INF 139 INF 707 428 INF 725 INF 395 INF 341 359 264 452 461 INF
132 INF INF 354 103 556 73 576 INF INF 625 172 574 INF 0 668 317 INF 366 INF 498 362 742 180 INF 348 259 259 348 669 100 602 INF 342 454 INF 675 689 410 82 112 INF INF INF 639 INF 599 INF 420 684 618 716 INF 602 501 INF 273 INF 271 770 360 270 184 INF 233 642 211 INF INF INF 138 INF INF 679 INF 598
INF 332 695 INF 624 INF 420 INF 715 368 447 INF 512 476 621 0 82 INF 99 215 INF 590 INF INF INF INF 466 362 INF 518 699 INF 67 759 INF 234 596 474 INF 557 548 746 INF INF 653 721 371 435 691 509 531 317 360 388 82 442 349 320 259 678 INF 722 INF 288 INF 506 308 INF 488 INF 489 INF 719 INF INF 109
767 306 INF 567 263 437 100 INF 321 507 643 720 279 100 607 259 0 271 483 INF 695 INF 391 INF 485 230 INF 529 INF 157 133 INF 226 INF INF 280 358 INF 627 492 713 INF 293 416 400 631 648 INF 338 273 665 464 457 164 439 585 301 156 431 519 INF 413 375 INF 287 INF INF 653 345 171 509 392 162 146 191 INF
195 620 676 481 INF 719 87 88 137 599 115 INF 540 INF 317 195 INF 0 391 378 412 759 172 INF 175 INF 534 384 411 INF 373 INF 344 419 782 678 260 549 93 596 595 709 INF 565 145 760 607 INF 210 INF INF 82 INF 202 262 775 514 INF 95 370 721 409 81 INF 494 706 109 774 INF 289 304 531 303 79 680 INF
402 350 416 INF 532 INF 88 621 344 427 INF INF 203 189 80 150 628 725 0 INF INF 621 INF INF 204 569 INF 162 106 689 598 730 INF 537 644 361 146 280 256 230 140 658 INF INF INF 565 INF INF 550 INF 429 293 INF INF INF INF 136 421 393 INF 614 INF INF INF INF 697 507 INF INF 112 299 97 401 704 INF 235
464 INF 431 INF 446 231 INF 219 575 INF INF 394 INF 630 INF 192 505 343 336 0 510 135 INF 784 721 254 207 INF 690 592 776 300 INF INF 185 255 516 INF INF 140 736 INF 397 182 573 480 INF 554 INF 235 665 421 577 210 402 467 518 INF 589 673 INF 704 INF 302 143 INF 376 754 117 INF INF 607 397 662 INF 128
INF 296 498 364 192 78 INF INF INF 496 489 599 535 INF 265 169 702 618 INF 610 0 312 371 175 INF 515 643 392 INF INF INF 237 89 INF 214 INF 427 INF 607 453 INF 384 INF 513 546 696 592 INF 533 686 INF 416 401 INF INF INF INF 678 131 687 735 353 INF INF INF 440 INF 531 INF INF 129 INF 302 600 748 518
INF INF INF 596 611 INF INF INF 374 INF 362 INF 601 391 INF INF 429 613 228 731 INF 0 INF 502 733 INF INF 615 510 INF INF 495 53 431 656 638 245 545 INF 510 760 521 463 661 794 574 510 385 727 INF INF 199 609 163 INF 336 459 742 718 INF 286 88 424 521 497 INF 178 525 INF 378 226 679 INF 494 694 133
INF 348 757 INF 168 413 344 576 617 631 400 732 584 488 184 676 INF 620 185 116 276 INF 0 INF 318 449 411 INF 519 INF 202 INF 507 644 INF 713 344 670 INF 631 695 INF INF INF 702 INF 429 INF INF INF 114 INF 760 433 INF 405 INF 100 INF 669 162 650 148 INF 227 542 409 769 INF 463 INF 721 212 INF 682 INF
578 135 INF 188 724 INF 227 INF INF 218 INF 665 646 675 INF 284 781 INF 723 INF INF 580 INF 0 INF 592 INF INF 417 445 54 341 294 INF 70 INF INF 463 707 89 366 INF INF 628 INF INF 153 INF INF 174 406 135 639 531 712 156 568 715 509 303 188 759 466 477 INF 598 357 417 326 477 INF 233 INF 245 488 344
474 301 68 INF INF 181 438 217 434 439 INF 743 262 426 179 INF 356 446 INF 773 332 INF 523 95 0 INF 137 INF INF 539 203 INF 88 666 657 INF INF 346 625 526 458 169 INF 567 754 271 INF 107 INF INF INF 690 447 96 428 327 436 INF INF INF 108 292 404 INF 188 100 705 INF 500 INF INF 270 474 INF 336 229
443 104 104 206 158 741 158 734 INF INF 280 477 482 INF INF 438 698 478 INF 679 442 330 INF 604 313 0 323 651 477 INF 431 434 76 375 479 692 141 87 143 680 499 INF 323 518 INF 410 111 499 INF INF 713 475 548 750 552 416 689 160 595 INF INF 385 INF 592 361 509 101 731 428 INF INF 482 INF INF 291 INF
387 764 446 INF 415 INF 214 INF INF 431 56 INF INF INF 513 457 523 287 312 INF INF INF 263 303 275 INF 0 109 735 INF INF 258 428 325 216 506 374 494 200 566 INF 422 INF INF 80 339 INF 324 INF INF 438 228 127 745 INF 232 685 INF 532 INF 137 263 INF INF 610 694 485 INF 575 601 592 457 INF 667 480 INF
742 409 287 292 INF 599 414 340 284 305 360 INF 197 169 INF 161 INF 551 767 INF 681 INF 232 INF INF 559 INF 0 530 456 INF 135 463 687 106 INF INF INF 197 INF 469 757 INF INF 454 INF 423 INF 113 INF 485 405 INF INF INF INF INF INF 74 665 148 INF 190 375 INF INF 373 INF 489 586 209 298 651 768 275 323
119 86 658 194 90 INF 120 528 676 497 773 303 INF 509 552 681 393 INF 653 217 INF 372 186 265 INF INF 753 INF 0 510 534 INF 429 733 424 INF 386 751 754 564 491 667 730 460 112 779 580 228 INF INF 347 734 774 183 387 INF 453 346 INF 133 73 175 444 244 INF 750 337 250 INF 449 203 INF 431 524 110 INF
333 97 68 340 330 579 69 360 400 338 248 169 INF 224 647 555 667 630 INF INF 559 176 209 INF INF 145 INF 244 370 0 520 INF INF 749 INF INF 202 232 450 152 135 384 438 719 541 INF INF INF INF 212 434 INF INF 338 INF 166 INF 179 749 485 390 INF 330 499 683 720 INF 286 INF 389 INF INF 448 INF INF 753
INF 438 INF 398 INF 598 INF 381 INF INF INF 551 92 280 297 INF 532 256 788 759 53 123 700 74 359 274 708 257 353 430 0 INF 160 503 571 513 675 227 633 331 INF INF 441 INF 232 382 INF 765 INF INF INF INF 776 192 261 INF 222 496 723 INF 187 INF 498 645 INF 695 371 INF 320 INF 458 INF 743 238 741 284
606 163 511 699 62 657 INF INF 160 505 733 621 INF INF INF 304 281 671 INF 682 290 755 289 INF 722 713 INF INF 200 433 INF 0 305 INF INF 193 528 195 553 185 105 INF INF 543 610 721 112 INF 393 200 712 INF 425 626 718 627 232 680 632 458 INF 160 134 441 465 INF 514 INF 516 324 665 176 INF 81 770 556
246 211 INF 79 328 487 INF INF 484 698 158 596 591 273 671 631 442 639 337 354 329 INF 483 INF 616 103 420 350 213 673 503 513 0 729 INF 675 230 768 160 204 204 699 386 42 423 INF INF 452 773 752 621 INF INF 281 621 321 INF 379 86 174 INF 477 404 555 718 INF 682 501 471 INF 144 296 330 INF INF 590
INF INF 577 INF 264 INF INF 101 INF INF INF 248 699 334 699 INF 362 INF INF INF 597 INF 599 670 108 177 390 500 528 575 691 751 584 0 434 731 335 755 INF 659 217 460 72 460 INF 120 505 713 INF 755 INF INF 640 178 598 647 475 538 290 643 454 711 727 INF 652 116 681 364 770 660 288 755 INF 533 535 454
INF INF 187 763 748 605 INF 367 274 761 INF INF 742 278 INF 656 INF 505 INF 156 538 INF 484 410 296 426 550 INF INF 744 774 577 INF INF 0 300 INF 80 INF 639 INF 342 INF 235 381 114 INF 750 INF INF 433 616 416 INF 500 518 INF INF 638 273 232 597 744 INF INF 661 75 187 443 INF 145 525 403 513 490 275
INF 619 INF 689 116 INF INF INF 157 64 706 610 293 512 672 INF 519 93 205 500 178 INF INF INF 97 265 INF 189 588 506 388 125 INF 326 INF 0 507 545 INF 298 389 84 INF INF INF 435 285 649 INF 393 716 283 INF 253 609 230 INF 491 INF 480 INF INF 767 INF INF 475 752 INF 427 743 INF INF INF 720 318 444
INF INF 241 INF 287 363 167 INF INF 685 94 INF 643 619 122 488 342 733 602 INF 199 696 343 639 391 546 513 INF 456 98 578 INF 599 335 112 INF 0 INF 582 147 99 136 309 419 236 650 INF 341 180 180 712 644 INF 697 INF 629 114 INF 87 679 INF 476 97 448 218 606 338 542 361 139 541 INF 86 426 153 INF
INF 204 390 342 632 148 697 405 INF 522 INF 146 296 652 INF 663 INF 489 189 119 428 611 INF 532 351 496 290 INF 657 INF 628 INF 89 131 710 192 173 0 INF 376 INF 85 504 INF INF 186 144 298 250 66 125 243 439 282 759 INF 597 248 769 578 86 604 485 641 330 772 111 704 INF 407 INF 166 INF 358 506 759
582 INF 283 427 280 176 741 129 INF INF 712 437 INF INF 443 INF 564 188 557 164 676 600 396 599 190 621 INF INF 671 473 676 185 392 INF 331 INF 401 INF 0 285 INF 290 733 344 648 INF INF 735 422 INF INF 243 77 INF 219 79 336 INF 109 504 412 410 INF 383 364 365 379 546 INF INF 127 260 679 394 176 INF
145 161 306 557 INF 417 104 115 INF 385 547 369 71 INF 334 INF INF 149 322 105 INF 625 INF INF INF INF 678 INF 630 509 509 718 INF 685 375 152 87 386 717 0 663 INF INF 552 INF 710 INF 713 INF 763 621 422 706 390 86 INF 573 360 INF INF INF INF 672 603 INF 661 506 INF 470 INF 612 544 426 INF 356 177
300 210 524 333 412 693 328 581 177 INF 142 580 253 124 INF 544 357 INF 578 396 398 INF 201 299 130 140 501 330 INF 263 585 616 634 93 INF 513 622 705 276 INF 0 INF 604 INF INF INF 728 93 692 531 749 92 335 INF 712 INF 699 INF INF 143 INF INF 157 306 102 362 INF 717 528 528 INF INF 283 152 566 INF
144 169 626 INF 351 INF 319 204 637 709 INF 120 709 INF 726 268 525 571 467 557 682 INF INF 736 546 583 INF 609 595 103 519 780 436 493 269 556 197 111 INF 96 INF 0 732 570 351 273 728 INF INF INF 236 216 179 INF INF 184 INF 495 INF 246 425 348 286 INF 218 117 625 251 737 722 243 117 INF 638 704 102
INF 581 INF 232 384 416 INF 80 457 460 429 INF 753 674 718 184 369 125 INF INF 672 743 INF INF INF INF INF 589 INF INF INF 425 135 93 577 INF 741 714 414 566 120 INF 0 225 498 127 658 INF 396 INF INF 695 530 405 237 INF INF 748 INF 401 297 INF 501 192 287 INF 503 INF INF 131 222 160 176 INF 699 INF
INF 82 146 459 INF 573 176 86 396 749 200 INF 268 209 782 694 701 148 602 545 151 86 437 INF 393 424 426 413 148 INF 359 137 423 219 312 478 408 256 561 304 732 274 581 0 299 INF INF 145 132 610 90 503 491 191 494 94 125 INF INF INF 192 INF INF INF INF INF 153 611 722 73 646 INF INF 121 83 714
233 230 561 514 589 INF INF 580 INF 324 618 INF 248 165 535 688 782 INF 684 INF 405 226 64 INF INF INF 587 INF INF INF 121 684 716 527 566 590 766 278 237 628 181 546 542 98 0 166 701 302 INF 730 222 679 INF INF 382 166 358 INF 539 110 770 191 INF 363 338 INF 376 748 639 INF INF INF 149 INF 363 198
INF INF 625 INF 189 INF 550 INF INF 383 INF 519 570 197 INF 467 162 INF 678 591 INF 192 748 INF 374 302 270 640 278 195 668 INF 282 INF 725 244 591 579 496 INF INF 242 689 170 576 0 169 405 244 105 117 744 INF INF 763 535 INF 281 321 385 135 75 721 704 INF 506 116 154 480 356 383 757 250 INF 322 INF
679 644 343 377 138 INF 513 679 INF 777 726 739 INF 194 465 365 705 INF 101 INF INF INF 76 557 238 252 96 INF INF 454 710 90 761 588 INF 201 INF 220 594 691 124 127 391 473 701 668 0 INF 214 INF 64 INF 476 INF 355 588 INF 142 745 INF 694 INF 303 712 725 243 730 276 206 136 786 279 183 INF 150 INF
161 INF 761 80 INF 535 81 458 226 162 INF INF 540 INF 276 307 576 255 INF 466 INF INF 262 INF 200 776 236 132 595 770 246 INF INF 664 512 INF 234 275 288 INF 517 459 337 66 289 INF INF 0 133 INF 236 468 INF INF INF 66 393 119 INF 260 148 228 268 INF 228 174 774 INF 198 368 INF 70 INF 650 656 INF
303 133 503 INF INF 498 417 718 208 INF 339 769 462 251 243 INF 569 INF 422 382 450 266 INF INF 434 152 86 763 441 408 376 237 INF 119 601 323 689 139 INF 171 INF INF INF 700 201 737 INF INF 0 90 INF 291 741 INF INF 659 581 731 131 INF 361 598 641 238 INF 597 INF 474 782 375 574 491 661 537 653 92
268 493 661 367 INF 677 INF 710 130 INF INF INF 128 INF 619 531 345 INF 443 73 674 718 INF INF 595 608 INF 372 379 INF 262 678 378 446 463 115 354 143 714 89 INF 586 INF 159 445 247 120 170 173 0 128 258 INF 171 INF 274 588 675 706 771 INF 113 167 738 115 254 114 INF 291 140 110 552 INF 443 406 336
121 INF INF INF 566 617 472 INF 635 539 105 INF INF 134 526 INF 733 235 225 599 INF 489 636 96 517 161 132 555 222 136 766 676 689 INF 607 654 175 434 588 INF 163 721 275 INF INF INF 280 571 169 INF 0 87 398 INF 262 514 329 INF 675 568 68 121 190 436 92 INF 149 165 416 597 152 412 INF INF 633 INF
784 679 637 103 INF 756 284 660 424 INF INF 158 168 INF 130 347 234 INF 228 INF 308 463 629 272 558 172 INF INF INF INF 392 158 399 113 INF 759 660 443 INF 769 211 INF 166 INF INF 304 697 657 665 INF INF 0 302 643 699 619 453 156 INF 563 INF INF 164 679 INF 369 712 239 INF INF 274 INF 335 INF 284 83
INF 82 560 323 347 INF 630 451 328 INF 171 260 250 INF 703 551 213 476 218 INF INF 451 461 215 INF 207 542 INF 570 INF INF INF 561 750 763 451 697 216 373 INF INF 351 477 INF INF 108 462 202 666 762 568 INF 0 764 597 688 208 406 537 756 318 INF INF 224 INF 652 351 INF 422 709 INF 611 INF 688 INF 627
INF 204 185 173 INF 480 INF INF 705 769 149 464 INF 180 INF INF 424 321 179 615 297 266 521 512 77 756 450 108 706 660 INF 429 454 INF 561 INF INF INF 703 INF 262 161 416 INF 91 157 481 INF 225 228 INF INF 192 0 549 460 INF 385 597 227 270 315 INF 503 319 668 369 INF 467 301 719 INF 77 194 734 INF
INF 130 566 179 388 464 685 508 419 INF 477 494 100 589 229 INF 558 INF 351 198 357 713 582 670 145 245 778 INF 622 INF 734 309 563 INF 258 517 243 INF 586 233 95 730 197 523 INF 81 657 409 288 INF 587 491 204 INF 0 661 687 INF 410 371 71 710 INF 342 INF 596 357 391 INF 148 697 495 INF 120 76 578
550 577 264 INF INF INF INF INF 522 INF 520 422 324 358 634 291 550 INF 145 INF INF 509 498 INF 763 438 INF INF 660 535 690 332 615 INF 381 483 INF 605 400 INF INF INF INF INF INF 210 213 506 376 INF 202 INF 618 770 663 0 INF 658 531 133 130 501 599 343 460 509 687 INF INF INF INF 221 341 186 INF INF
370 539 105 390 513 192 557 INF INF 237 506 INF 487 324 465 232 197 458 INF 348 401 INF 512 INF 203 521 INF 434 230 254 503 184 699 645 678 463 INF 349 579 INF INF INF 705 INF INF 706 300 INF 511 484 369 INF INF 67 INF 157 0 239 424 256 461 693 665 INF INF 311 215 741 311 187 703 INF 167 185 513 454
90 446 362 INF 636 640 473 674 INF 628 448 190 106 480 710 INF 721 445 62 INF 103 181 321 506 157 152 744 316 INF INF INF 353 90 212 INF INF INF INF 687 614 321 517 569 419 639 186 INF 105 INF 416 356 442 461 INF 581 INF 140 0 330 608 654 590 578 481 614 658 713 256 631 INF 93 70 INF INF 432 165
489 INF 174 INF 565 INF 387 157 168 116 359 INF 330 346 INF 100 325 143 489 356 192 744 INF 702 57 533 222 134 577 430 527 137 INF 467 332 INF INF INF 245 INF 606 INF INF 145 INF 668 63 752 98 751 386 INF 567 242 360 348 260 INF 0 633 INF 312 470 INF 552 279 372 625 INF 316 729 382 560 754 753 432
470 600 102 INF 318 INF 279 704 112 213 275 574 217 388 INF 434 INF 712 436 309 717 INF INF 604 394 509 INF INF 417 255 525 INF 167 INF 514 574 296 537 230 109 INF 366 421 INF 380 255 622 442 316 240 293 INF 258 478 411 673 658 703 409 0 370 470 590 700 224 402 725 717 717 126 117 418 730 758 356 692
INF INF 279 468 228 676 162 426 590 403 234 519 INF 297 455 618 71 596 INF 135 345 INF INF 675 145 262 INF 192 468 367 247 INF INF 693 621 INF 737 403 663 INF 141 228 INF INF INF 482 229 INF INF 192 123 INF 222 242 300 431 INF INF 410 55 0 73 479 502 INF INF 387 534 528 651 654 INF INF INF INF 648
762 INF 278 INF 369 572 94 422 INF 412 386 504 333 128 619 318 305 511 645 610 150 697 568 323 406 INF 349 INF 589 708 556 579 361 761 724 728 191 151 547 441 128 542 629 155 616 INF 571 146 518 189 346 INF 199 362 128 INF INF INF 529 752 724 0 343 237 INF 676 444 281 735 305 452 INF 766 103 INF INF
105 640 241 191 580 INF INF 524 INF 216 478 312 217 INF 547 INF 102 INF 117 INF 315 681 116 638 INF INF 324 693 570 52 INF 420 274 407 INF 210 109 INF 326 198 552 58 INF 745 283 464 669 INF INF 505 INF 609 676 143 649 408 INF 119 INF 378 709 377 0 656 283 529 212 INF 623 356 174 508 INF INF INF INF
INF INF INF 235 125 731 INF 293 716 188 530 INF 311 374 502 385 INF 588 152 613 202 INF INF INF INF 701 INF 567 238 617 160 357 357 298 388 527 84 581 110 231 651 479 INF 235 418 85 INF 463 INF 419 558 INF 64 INF 593 687 214 584 417 INF INF 444 659 0 INF INF 359 415 INF 300 101 INF INF INF INF INF
186 202 381 INF INF 51 451 160 285 543 577 313 414 INF 191 185 INF INF 225 187 143 151 INF 54 INF 477 INF INF 465 536 171 INF INF 524 INF 419 616 608 676 INF 324 128 INF 682 INF INF INF 576 INF 515 701 INF 389 INF 345 84 77 255 INF 630 389 204 66 INF 0 366 307 INF 462 512 467 88 646 INF INF 261
664 731 606 327 548 206 INF 549 263 INF 417 168 INF 226 106 583 410 303 652 157 INF INF 298 160 563 466 INF 620 669 114 72 191 629 INF 657 290 765 INF INF 726 717 113 285 442 757 361 149 INF 367 145 558 695 66 519 INF 320 575 472 280 625 INF 335 474 265 INF 0 117 239 167 467 77 INF 675 213 262 155
110 INF INF 97 317 234 563 114 548 560 INF 469 565 INF INF INF 551 145 193 476 278 137 153 INF 162 292 INF 352 332 INF 706 521 INF INF 381 108 INF INF 241 548 694 516 468 INF 774 497 47 400 616 599 508 560 INF INF INF 650 INF INF INF 705 70 INF 351 722 747 554 0 546 226 429 606 587 416 INF 161 763
632 423 645 136 729 749 704 701 INF 195 385 INF 166 INF 735 65 419 769 INF 556 196 197 427 142 371 731 INF INF INF 171 585 169 INF 311 480 617 INF 654 INF 305 INF 449 392 194 183 218 472 233 286 536 396 397 INF 142 265 758 126 80 127 INF 78 343 267 INF 133 469 720 0 523 694 780 INF INF 578 INF INF
633 457 INF 257 INF 253 119 282 333 INF INF 241 638 427 92 INF 699 INF 350 INF INF 506 470 INF INF 465 690 301 741 INF 405 INF INF 282 INF 297 INF 719 731 98 663 161 201 521 INF 482 709 INF 684 590 INF 422 INF 336 657 489 677 670 116 223 528 INF INF 312 163 INF 171 449 0 417 INF 678 129 234 INF 423
INF INF 393 134 180 677 53 INF 734 664 INF 616 767 155 586 354 INF 482 INF 676 477 INF 587 440 INF 108 226 526 45 64 589 754 INF 162 INF INF INF INF 322 734 746 225 92 569 587 689 452 615 212 528 145 INF 268 442 340 578 607 282 INF INF INF 93 INF 168 INF 102 INF 239 262 0 207 415 524 577 579 601
663 211 87 INF 135 77 INF 364 103 130 759 196 326 250 355 439 113 571 113 INF INF 313 INF 87 203 742 638 INF INF 249 119 307 473 337 465 541 236 481 582 73 309 INF 184 417 163 248 369 117 653 INF 659 375 354 INF INF 266 212 774 652 INF INF 580 236 INF 611 569 688 482 347 INF 0 566 742 741 692 INF
INF 522 240 266 414 INF 406 INF 58 INF INF INF 445 INF INF 75 463 282 680 722 530 140 INF INF 339 474 570 INF 685 299 INF 494 593 214 610 INF 277 131 INF 184 665 731 INF 628 INF 376 INF INF INF 410 567 706 436 307 269 INF 522 239 INF INF 775 131 707 700 INF 455 INF 712 673 524 123 0 INF INF 294 222
INF 388 INF 482 INF 582 132 225 INF 395 151 242 715 177 638 626 704 185 INF 520 64 324 INF 695 INF INF 578 INF INF INF 582 INF INF 434 107 INF 688 692 210 526 248 281 129 INF INF 664 268 522 415 INF 146 552 INF INF INF 363 INF INF INF 662 INF 173 295 455 122 INF 614 434 193 344 585 514 0 428 75 200
540 INF 686 499 532 INF 234 575 210 709 255 524 324 INF INF 727 398 INF INF 436 348 INF 406 INF 546 562 INF 419 29 INF 58 262 451 INF 110 INF 183 INF 174 570 564 INF 595 191 586 INF INF 134 723 249 67 INF 323 INF 520 INF 230 507 267 623 INF INF 662 222 599 186 104 INF INF 439 INF 166 191 0 INF INF
491 562 228 INF 305 99 257 304 651 231 268 INF 206 738 688 568 253 73 INF INF 171 155 402 INF INF INF 441 631 104 INF INF 508 609 655 INF 148 449 251 INF 341 354 INF 739 288 197 INF 403 INF 338 117 INF 69 433 350 709 707 INF 179 INF 357 181 497 INF 654 339 596 537 746 INF 611 INF INF 53 INF 0 101
INF 244 INF INF INF 403 167 354 218 INF INF INF 288 176 518 705 593 263 61 120 190 168 345 INF 513 213 356 140 626 INF 573 INF INF INF INF 546 INF INF 601 195 INF 383 INF 612 549 331 527 639 717 270 142 170 466 172 75 100 91 201 196 627 600 479 445 138 INF 159 INF 367 343 740 404 515 INF 660 INF 0
