0 234 INF 116 435 499 INF 391 421 INF 68 382 741 172 194 320 INF INF 86 222 737 365 INF 517 INF 264 INF 770 247 601 463 INF 181 INF INF 280 677 646 716 638 INF INF 660 223 237 INF 583 735 INF 383 731 INF 420 419 621 716 293 423 673 495 159 INF 574 294 INF INF INF 628 129 624 572
INF 0 585 INF 623 350 369 505 INF INF 505 INF 344 INF 705 INF INF 205 INF INF INF 272 157 INF 685 INF INF 725 498 411 INF 127 675 788 INF 78 INF INF 599 468 INF 75 158 345 INF 533 253 396 186 674 INF 208 751 593 606 481 418 INF INF 112 138 INF 602 304 658 212 INF 301 61 INF 489
INF 223 0 194 402 617 INF INF 98 421 392 416 INF 476 INF INF INF 378 327 683 592 273 706 INF 273 370 110 INF INF 103 INF 178 77 619 INF 491 511 225 INF INF 239 256 151 580 114 175 545 104 91 663 355 366 233 638 INF 485 700 83 418 460 389 599 630 154 603 759 727 267 INF 780 INF
INF INF 766 0 INF 217 748 622 501 735 724 258 362 701 260 INF INF INF 196 INF 401 371 INF 381 INF 264 INF 641 782 220 INF 336 552 INF 565 165 INF INF 433 INF 83 407 INF 265 349 INF INF 309 338 311 671 310 513 554 95 106 INF 397 511 674 INF INF 146 124 INF 83 INF 249 650 INF 705
INF 199 INF 559 0 INF 361 667 183 643 185 INF 244 400 75 INF 203 INF 739 454 763 202 520 INF 236 503 INF 364 778 223 742 154 145 379 252 427 185 764 426 745 INF 123 INF 788 509 231 INF 603 742 INF 399 503 232 261 692 502 220 INF 425 648 INF 730 89 449 769 INF 129 307 651 560 541
319 666 INF 624 297 0 67 241 276 346 INF INF INF INF INF INF INF INF INF 420 504 466 INF 666 298 593 686 146 162 282 635 106 524 255 582 INF 287 322 341 660 754 INF 538 207 INF 388 161 293 258 568 INF 250 568 270 INF 111 INF 737 INF 313 474 INF 480 212 INF 649 336 528 INF INF INF
194 436 INF 396 662 133 0 591 INF 589 556 INF 138 INF 198 INF INF 791 554 764 483 507 590 INF INF INF 699 396 554 INF 152 INF 649 774 513 INF 640 633 89 123 INF INF INF 561 132 477 340 INF 274 249 380 264 INF 569 INF INF 534 INF 369 INF 696 186 445 700 466 690 INF 110 768 441 735
INF 322 646 104 409 321 615 0 INF INF 629 404 INF INF 557 739 185 503 580 INF 764 160 INF 305 INF 421 INF 297 INF 402 201 420 542 535 575 283 INF 258 INF 522 480 484 483 INF 441 116 642 INF 612 631 459 435 746 INF 507 386 254 93 INF 640 504 INF 98 612 414 145 INF 443 347 547 INF
INF 346 503 INF 411 300 251 313 0 526 462 458 135 INF 536 483 60 121 INF INF 131 466 754 528 610 INF INF INF 624 INF 102 325 250 INF 563 774 223 419 779 128 INF INF INF 536 373 297 353 719 369 645 682 358 109 506 709 615 194 440 INF 130 475 722 177 266 INF 275 358 INF 745 INF 620
760 58 INF INF 442 714 339 INF 528 0 INF 182 139 455 725 100 INF INF 534 232 314 313 541 642 716 61 315 488 INF INF 368 532 709 INF 722 INF 141 741 621 151 548 121 274 744 732 346 571 746 100 691 479 417 675 650 222 682 425 671 351 80 INF INF 161 298 INF 494 INF 641 215 784 INF
511 INF 360 197 223 175 INF 252 265 161 0 184 714 127 643 INF 604 496 194 619 210 279 688 INF 548 INF 243 155 INF 158 INF 571 224 INF 112 507 194 267 431 INF 628 INF 463 INF 682 INF 165 405 592 605 732 665 INF 720 278 230 227 699 INF 671 232 319 INF INF 504 108 760 423 723 INF 741
217 648 129 676 753 INF 628 728 375 423 567 0 361 182 695 255 INF 757 402 332 340 516 INF INF 352 INF 620 367 INF 371 174 113 INF INF 356 233 488 INF INF INF 172 407 672 INF INF INF 485 638 INF INF INF 66 76 INF 765 INF 401 733 495 739 69 766 441 333 658 INF 618 358 675 635 536
INF 82 INF 481 692 626 439 569 186 108 657 497 0 INF 205 567 INF 245 78 INF 587 INF 308 63 492 INF 284 396 501 632 INF INF 489 747 133 INF 287 INF 294 405 INF 167 INF 309 450 293 675 253 376 INF 292 207 126 INF 572 464 145 INF 696 366 517 762 307 INF 415 538 282 INF INF 329 INF
INF 353 INF INF INF 142 395 254 716 771 INF 359 INF 0 INF 117 INF 508 636 532 518 359 234 INF INF 461 234 96 INF 660 INF 487 607 INF INF INF INF 413 651 559 111 87 611 470 INF 541 573 575 INF INF 770 INF INF INF 228 182 488 749 339 522 INF INF INF 696 INF 447 259 97 711 614 INF
392 477 324 58 INF INF 140 INF 467 317 742 INF INF 499 0 761 781 284 560 471 721 INF 444 677 519 711 157 413 700 227 202 INF 573 INF 225 INF INF INF 325 173 502 INF INF 530 202 INF 291 INF INF INF 639 436 432 377 INF 647 161 INF 731 267 403 228 INF INF 83 256 681 313 INF 660 INF
163 INF 341 132 590 INF 236 82 101 247 593 492 85 498 584 0 592 INF INF 434 INF INF 146 773 572 672 409 521 481 609 INF INF 125 INF 179 243 158 716 337 233 150 178 649 356 233 520 266 INF 102 165 143 297 565 236 717 INF 587 574 INF 573 449 654 INF 258 200 189 77 328 210 INF INF
INF 688 586 340 536 185 425 616 498 330 INF 96 304 INF INF INF 0 554 INF 752 145 314 670 INF INF 165 740 INF INF 162 252 573 161 INF 214 327 INF INF INF INF 200 INF 515 INF INF INF 637 INF 635 INF INF 690 81 252 221 INF 699 527 252 INF INF 164 657 730 717 205 INF 439 INF 219 639
228 393 311 INF 474 INF INF INF INF INF 359 540 INF 459 634 707 INF 0 199 572 197 279 472 INF INF 304 628 741 INF 671 540 773 723 INF 414 622 606 104 483 INF INF 691 282 INF INF 677 INF 578 119 INF 691 435 647 104 214 524 629 INF 218 331 551 INF INF 589 INF INF 342 696 INF 284 335
INF INF 329 INF INF 435 INF INF 353 295 240 INF 581 INF INF 766 INF INF 0 737 261 300 INF INF 508 511 INF 413 62 632 547 612 652 782 571 458 714 55 551 63 203 475 145 154 INF 82 477 INF 154 444 443 INF INF 149 557 INF INF INF 199 340 453 176 694 171 495 453 INF 233 330 524 469
65 363 757 673 707 INF INF INF INF 678 731 INF 266 330 INF INF 687 INF 510 0 82 INF 758 545 281 461 131 INF 285 539 364 613 710 INF 122 142 414 512 216 367 315 276 INF 370 INF 393 INF 200 INF INF 680 769 696 239 109 334 770 INF 581 111 96 637 688 362 581 INF 311 160 607 136 INF
389 206 INF 257 361 305 INF 478 INF INF 379 88 740 76 INF 190 411 INF 598 INF 0 592 383 213 368 567 561 INF 79 528 INF 659 664 214 408 234 INF INF INF INF 300 384 INF 647 614 INF INF 661 162 443 739 322 421 INF 751 119 498 505 INF 47 268 525 INF INF 507 INF 743 435 INF INF 681
INF 700 364 INF 734 INF INF INF 389 60 INF 45 577 INF 589 170 533 INF INF 651 268 0 INF 382 INF 659 318 INF INF INF 529 INF 737 179 INF INF 146 198 519 481 292 426 INF 506 279 INF INF 285 671 INF INF 667 460 741 INF 97 614 727 INF 586 INF 143 417 INF INF INF 342 INF INF INF 736
INF 756 327 187 158 582 693 INF INF 244 615 777 257 653 INF 239 658 459 393 157 627 599 0 180 161 408 INF 301 738 INF 71 INF 478 274 455 INF 401 551 140 458 316 531 INF 200 246 INF 538 577 437 274 695 145 766 151 252 143 195 547 INF 319 444 INF 389 407 749 INF 727 112 514 519 457
430 572 75 569 208 INF INF 511 INF 749 543 667 657 318 110 746 INF 142 614 513 475 769 238 0 INF 453 185 INF 479 164 541 498 577 703 INF INF 551 INF 115 INF 246 310 258 INF INF INF 210 795 360 200 440 INF INF 364 INF 656 INF 184 INF 647 600 217 INF 152 INF 149 140 324 500 185 INF
INF 666 INF 441 674 566 116 200 INF 415 650 507 732 397 247 167 566 350 316 508 INF 405 334 INF 0 707 186 INF 161 413 INF INF 235 325 INF 397 539 INF 603 INF 195 71 720 653 198 632 INF 465 334 464 597 INF 253 INF INF 215 INF 263 679 147 636 676 440 INF 520 259 513 INF 432 180 539
708 613 INF 140 INF INF 633 64 INF 355 631 431 729 347 INF INF INF INF INF INF INF INF 617 335 655 0 402 330 INF 184 443 INF 591 333 749 678 443 87 732 598 227 162 378 560 477 INF INF 177 103 379 INF 511 INF INF 690 458 291 INF 389 573 232 522 INF 238 58 INF 661 INF INF INF 198
222 90 174 INF 80 INF INF 469 136 440 170 166 520 388 180 INF INF 436 238 478 709 645 559 386 139 630 0 72 INF INF 362 599 INF 643 667 515 INF 500 183 430 731 618 457 72 765 INF INF 604 INF 617 177 733 625 INF INF 81 336 764 131 63 INF 495 INF 369 INF 360 418 270 INF 125 175
601 INF 662 299 358 478 128 INF 752 INF 660 158 478 512 INF 747 INF 399 INF INF 495 420 769 737 441 349 240 0 629 93 297 294 758 698 768 472 301 INF INF 288 590 662 552 589 560 589 INF 146 586 INF 123 INF INF 481 638 588 296 600 437 702 INF 613 INF 298 275 170 290 448 94 INF 274
180 610 INF 480 450 629 438 57 INF INF 280 586 249 268 363 INF 530 INF 671 600 739 312 608 484 204 196 INF INF 0 503 INF 289 460 INF 396 241 389 INF 150 673 551 101 INF 570 106 282 644 92 263 INF 187 455 INF 573 INF 711 INF 292 747 183 320 INF 735 129 INF 216 638 734 505 686 327
INF 705 765 696 118 417 419 INF INF 117 686 419 676 667 INF 521 509 314 INF INF INF 444 INF 670 INF 562 INF INF INF 0 683 691 636 228 INF 279 389 INF 122 INF 144 330 INF 632 INF 451 INF 688 389 257 INF 582 179 732 604 INF 137 167 198 INF 211 128 408 365 250 173 77 INF 746 243 INF
468 411 INF INF 685 756 285 INF 533 570 180 478 767 INF 209 687 414 580 367 INF INF INF 707 INF 301 270 592 485 INF 652 0 INF INF INF 441 INF 610 522 INF INF INF 646 INF INF 596 546 397 595 392 INF INF INF INF 653 61 INF 110 554 631 INF 564 356 INF INF 335 547 163 252 252 INF 624
141 721 329 INF INF 581 INF 75 INF 134 109 228 INF 231 722 365 479 166 INF 594 417 58 543 739 742 154 408 INF 365 INF 268 0 722 INF 186 INF INF 478 194 566 113 222 733 186 INF 107 INF 521 INF 112 346 433 INF 780 INF 171 355 658 INF INF INF 627 143 INF INF 721 255 379 720 105 763
520 673 574 235 303 226 543 551 451 740 640 INF INF 485 162 503 INF INF INF 690 INF INF INF 337 597 743 124 595 603 66 558 777 0 INF 192 553 339 751 INF 426 INF 494 INF 331 509 629 742 564 225 225 695 176 208 511 154 566 771 488 265 723 INF 684 135 598 INF INF 182 79 466 INF 771
706 INF INF INF 150 INF 277 633 379 INF 477 INF 381 736 266 INF 720 INF INF INF 161 INF 553 568 487 INF 438 302 INF 647 703 164 435 0 128 622 INF 762 731 626 284 312 122 77 461 655 159 INF 521 450 778 653 INF 725 INF 728 INF 440 INF 532 INF 393 597 63 581 INF 534 58 INF 547 INF
INF 516 INF 717 76 169 INF 313 INF 732 432 279 287 718 INF INF INF 284 59 323 INF INF INF 227 INF INF INF INF 710 204 INF 780 509 INF 0 424 INF INF 584 311 84 INF 751 306 482 158 INF 431 INF 780 453 525 492 INF 751 INF 514 603 371 698 INF 712 451 785 425 459 761 152 INF INF 188
INF 238 338 409 602 472 521 INF INF 217 425 737 174 397 745 INF INF INF 448 648 732 273 581 298 594 161 687 INF 235 600 INF INF 670 605 INF 0 INF 301 INF INF 289 526 768 INF INF 333 516 74 INF INF 646 INF INF 716 495 INF 185 556 462 INF 538 707 199 497 668 INF INF 606 INF 102 143
541 519 659 319 232 81 186 113 INF INF 385 641 INF 397 451 INF 197 626 231 INF 239 406 669 450 330 INF 422 INF INF 604 447 514 315 270 623 379 0 469 412 INF 706 628 368 628 257 725 INF INF 490 172 INF 327 459 119 INF 564 495 466 364 INF 453 508 INF 144 145 604 645 319 354 582 501
75 468 484 INF INF 251 110 339 INF 510 535 222 339 299 412 404 INF 401 384 104 683 INF 349 99 768 645 INF 724 313 INF INF 286 INF 551 481 248 139 0 310 180 668 189 486 225 690 349 INF 216 440 189 INF 387 INF 262 179 363 INF INF INF INF INF 524 INF 69 682 INF 237 INF INF INF 486
INF 219 272 INF 374 172 INF 400 INF 515 INF 528 INF 423 INF 241 INF 564 88 INF INF INF 578 INF INF 639 306 178 745 400 711 INF 226 672 INF INF INF 139 0 320 45 145 97 195 362 INF 283 INF 183 523 591 104 INF 640 127 311 656 INF INF 462 INF 450 487 462 540 INF 147 365 INF 470 436
318 725 305 567 675 INF INF 75 227 INF 753 608 INF INF INF 751 84 734 332 355 695 INF 72 98 INF 342 INF 728 161 INF 120 658 218 161 293 585 INF 255 INF 0 743 513 INF 242 INF INF 238 420 INF 530 INF 589 644 INF 326 356 214 684 298 INF 703 415 INF 459 662 443 709 531 162 527 336
INF 595 310 INF 716 INF 369 163 INF INF INF 259 754 340 544 201 INF INF INF 143 INF 724 439 INF 743 294 INF INF INF 241 INF 638 478 694 INF 90 377 672 INF INF 0 378 639 770 277 583 625 649 721 633 506 363 271 321 642 646 487 426 348 169 INF 626 121 630 262 702 632 INF INF 728 INF
INF 761 369 416 105 543 138 478 169 364 75 INF 315 INF 409 134 521 INF INF 294 INF 442 INF 224 INF 699 694 636 INF INF INF 317 509 INF 69 INF 213 INF 437 INF 692 0 563 261 INF 458 INF 726 108 252 769 319 326 78 140 INF INF 676 INF INF 631 INF INF 456 613 107 396 452 674 575 135
INF INF 721 INF 403 507 80 488 283 413 238 INF 390 INF 450 540 532 360 244 206 615 INF 508 281 91 INF 425 279 INF 339 INF INF 640 INF 717 616 300 564 743 INF INF 110 0 INF INF INF 483 310 476 INF 757 INF INF 401 319 62 INF 253 713 442 149 INF INF 361 239 234 248 117 336 INF INF
655 440 109 98 318 INF 612 457 INF 156 571 INF 347 453 182 INF 572 196 764 648 328 INF INF INF INF 510 779 549 403 INF 182 660 618 341 INF INF 348 393 453 298 104 606 INF 0 258 766 678 345 673 778 70 INF 428 302 INF 256 157 669 INF INF 181 482 INF 405 INF 260 690 709 247 349 568
362 706 442 257 524 405 523 505 INF INF 69 356 351 INF 760 INF INF INF INF 534 706 462 236 656 489 469 733 302 INF 396 690 395 429 548 209 290 97 79 762 INF INF 666 296 401 0 622 283 414 INF 144 445 212 116 622 370 494 187 213 698 573 INF 616 582 87 641 131 INF INF 82 INF 143
87 INF 708 76 238 109 INF 573 239 694 308 INF 342 INF INF 705 181 INF 67 399 636 437 INF 463 INF INF INF 509 700 667 INF INF INF 681 INF 233 INF 367 INF INF 520 208 675 INF 126 0 480 165 INF 523 INF 679 106 INF 187 INF 354 636 INF INF INF 258 72 590 INF 589 753 564 51 548 INF
692 642 622 92 INF INF INF INF 92 626 293 542 538 INF 638 398 409 487 423 706 666 597 265 INF INF 279 615 INF 766 230 INF 214 419 357 337 INF INF INF 191 INF 84 629 641 93 240 INF 0 574 366 INF 229 INF 183 408 INF 206 INF 144 523 686 INF 208 INF 540 365 593 185 521 INF 213 600
169 204 213 INF 356 159 190 148 564 503 647 INF 572 459 490 INF INF 538 663 489 INF 538 INF INF 279 349 INF 452 567 99 694 579 691 INF INF 219 INF 686 INF 187 INF 588 481 603 474 INF 451 0 673 131 INF INF INF 185 539 INF 732 477 438 475 INF 703 INF 591 INF 101 672 755 276 409 520
706 260 430 394 451 INF 536 752 721 276 558 191 INF 657 581 511 INF INF 100 207 645 376 505 INF 671 456 238 INF 139 50 INF 328 457 359 92 547 463 74 627 449 INF 514 300 169 692 141 428 740 0 INF 505 265 INF 418 390 537 235 769 130 565 443 727 190 INF INF INF 576 INF INF INF 757
INF 332 133 471 425 658 458 379 580 624 INF 610 94 INF 389 168 685 504 373 75 82 695 651 100 253 INF 703 573 INF 767 714 INF 661 488 279 65 INF 397 496 531 INF 81 209 538 INF INF 202 249 556 0 304 93 INF 658 264 624 INF 211 82 759 INF 446 INF INF 125 INF INF 368 755 INF 218
233 INF 269 659 439 INF 647 INF 139 178 271 INF 431 759 378 502 68 74 145 INF INF 598 700 596 201 670 418 692 639 INF INF 399 INF 317 388 399 491 149 605 224 303 INF INF 119 339 128 113 693 579 574 0 INF 254 INF 754 533 324 414 INF 556 542 435 INF 638 INF INF 741 391 478 419 450
340 170 344 INF 423 INF 484 284 135 INF 283 742 255 497 INF 581 689 85 INF 169 619 INF 256 684 689 686 542 376 328 564 INF INF 302 INF 455 688 379 331 INF 583 261 INF INF INF INF INF 563 410 413 675 INF 0 611 INF INF 257 411 598 INF 500 INF 726 INF 605 INF INF 381 322 INF INF 187
INF INF 421 676 686 528 INF INF INF INF 442 731 77 690 660 INF 639 81 97 198 599 INF 145 655 79 334 502 80 452 597 282 436 INF INF INF 303 418 422 INF INF 626 224 503 480 548 INF 504 772 INF 231 485 INF 0 375 372 INF 622 529 INF 670 627 INF 452 241 474 322 INF 288 373 143 714
733 INF 76 151 113 659 INF 479 INF 123 139 418 427 699 541 INF INF 578 INF 317 535 514 106 227 INF INF INF 223 481 351 237 167 595 200 INF 106 281 735 388 INF 732 410 INF 524 461 310 INF INF 703 INF INF 434 529 0 520 463 333 575 586 696 360 137 259 INF 543 INF 320 INF 648 INF 576
448 131 170 576 65 734 413 338 791 758 478 INF 609 337 471 129 594 691 463 589 408 INF 117 343 739 INF INF 407 450 681 552 590 213 INF 723 INF INF 334 INF 546 146 INF INF 595 211 INF INF 251 772 530 761 259 599 INF 0 INF 506 168 123 286 INF 369 454 245 INF 145 INF 635 592 425 434
70 381 470 125 657 202 INF 654 469 325 INF 292 719 INF 263 182 361 67 INF INF 679 406 88 INF 501 INF 298 683 INF 201 616 INF 184 163 684 497 173 439 542 517 INF 502 193 216 INF 123 INF 437 494 248 249 574 483 367 INF 0 674 193 81 745 INF 138 415 540 764 INF 605 107 394 323 309
INF 91 180 249 INF 717 599 225 437 638 641 152 169 523 722 142 405 INF 159 324 275 725 114 733 690 685 283 540 121 INF 403 INF 517 657 622 170 INF 94 624 581 INF INF 420 INF 397 414 INF 247 94 753 INF 498 490 506 INF 575 0 377 INF 623 315 320 INF INF INF 421 759 123 608 140 INF
154 255 220 INF 631 89 148 251 INF INF 476 364 INF 733 112 321 INF 478 66 759 198 INF 137 80 455 495 INF 76 INF 778 INF 585 435 INF 567 377 165 637 73 487 INF 476 556 525 138 640 622 502 INF INF 647 103 INF 710 INF 717 96 0 285 INF INF 218 315 INF 574 714 572 691 INF INF 306
753 INF INF 621 INF 194 101 INF 387 747 434 356 612 331 INF 428 INF 548 INF 464 318 INF 597 726 326 INF 647 466 INF 687 774 155 INF 536 184 207 711 INF INF INF 700 150 INF 208 265 182 746 215 INF 553 INF INF 612 260 64 590 411 301 0 INF 698 265 71 INF 560 285 84 79 INF 589 723
INF 365 670 INF 725 90 612 INF 553 619 73 INF 169 INF 204 441 136 INF 658 INF 464 88 686 244 171 773 INF 498 597 645 570 202 INF 337 132 393 105 325 646 542 365 133 384 INF 300 363 259 INF 593 590 234 516 656 214 INF INF 429 141 118 0 732 495 499 627 728 INF 319 430 603 INF 290
338 432 INF 549 INF 309 INF 656 628 336 247 701 130 272 707 INF 526 457 495 752 INF INF INF 88 280 474 371 712 INF 591 95 245 238 377 INF 675 INF 560 231 430 524 INF INF 124 318 INF 705 96 623 200 619 340 270 744 276 409 292 80 202 INF 0 621 760 INF 502 414 INF 569 INF 549 284
605 70 199 167 589 233 281 463 INF 338 INF INF 120 631 292 INF 503 478 170 602 628 INF INF 298 386 INF 108 533 307 INF INF 524 546 388 682 267 INF 416 INF INF 567 350 561 404 112 743 356 350 INF 166 INF 567 INF 503 75 INF 462 INF INF 634 696 0 INF 405 668 213 471 239 589 INF 73
379 105 INF 459 393 232 744 416 INF INF 554 597 297 595 INF 112 INF 553 INF 77 516 350 82 INF INF 310 INF 127 103 82 521 INF 383 473 388 663 724 239 689 495 82 644 INF 102 363 737 144 INF INF INF 118 741 275 INF 228 733 292 414 274 629 INF 413 0 479 499 459 533 514 INF 468 602
142 INF 384 214 INF 553 346 INF INF 733 285 285 185 INF 704 433 209 667 417 INF INF INF 84 INF 542 648 689 178 INF 235 169 712 740 199 INF INF 616 551 579 INF 419 657 607 INF INF INF 574 INF INF 186 604 INF 582 INF 719 173 753 566 745 148 607 613 722 0 INF 590 INF 80 554 197 INF
708 569 703 INF 579 156 INF 50 126 INF 761 704 245 314 588 683 148 181 INF 546 INF 160 612 648 267 277 300 528 250 543 420 575 INF 164 INF INF INF INF 155 553 758 508 INF 617 142 216 161 514 168 260 634 375 INF INF INF 701 464 462 INF 383 INF 598 INF 728 0 INF 201 INF 647 115 138
72 278 INF INF INF 420 112 INF 310 INF 681 594 INF 433 380 INF 511 138 246 438 489 566 397 483 125 INF 405 INF 87 138 558 184 INF 522 INF INF INF 200 INF 162 INF INF INF 318 432 INF 589 77 106 INF 473 635 627 284 663 602 139 413 INF 384 INF INF INF INF 260 0 738 755 INF 257 692
INF INF INF 162 652 780 335 596 164 INF 156 INF INF 108 554 426 623 INF 286 727 383 575 349 792 INF 333 INF 629 404 81 INF INF 749 INF 274 260 INF 293 181 445 286 75 587 423 760 223 622 INF INF 108 INF 285 INF 125 INF INF 381 INF INF 532 745 542 230 398 INF 731 0 718 INF 687 552
382 387 466 INF 427 78 299 523 151 61 149 422 719 238 182 600 256 INF 93 INF INF INF INF 423 186 672 161 388 96 699 470 146 407 171 INF 375 315 447 197 INF 97 607 560 INF 708 591 492 585 INF INF INF INF 567 INF 176 372 449 INF 395 INF 300 451 581 587 493 375 INF 0 588 742 191
INF 620 354 685 INF INF INF INF 410 107 382 718 INF INF 160 INF 219 675 475 171 704 372 55 269 INF 74 673 625 541 701 755 604 INF INF 53 81 268 371 770 639 INF 549 INF INF 634 365 INF INF 497 INF 762 549 124 INF 573 INF 180 488 INF INF 292 118 INF 676 515 115 281 INF 0 178 INF
76 258 INF INF 513 INF 208 458 468 84 441 555 390 INF INF INF 225 INF 338 INF INF 459 585 93 613 219 428 714 INF 584 297 714 225 INF INF 611 652 741 775 768 510 443 INF INF INF 559 785 425 74 311 244 303 INF INF INF 375 110 591 615 INF 513 563 541 INF 343 INF 788 764 74 0 195
INF INF INF 167 737 539 259 INF INF 419 121 INF INF 321 158 109 284 INF INF 725 240 556 328 364 499 INF 465 INF 329 428 INF INF 744 212 90 470 769 229 INF 83 168 INF 695 INF 341 657 672 INF INF 496 INF INF INF INF 653 613 410 627 145 330 329 688 INF 163 588 583 228 INF INF 123 0
