0 530 175 764 512 785 608 187 559 421 INF INF 745 706 333 INF 610 680 246 147 INF 184 457 720 512 764 444 169 INF INF INF 628 575 599 INF INF INF INF 258 661 218 281 288 INF 763 INF 487 INF INF INF INF INF 220 695 192 502 595 532 INF INF INF 617 560 595 684 333 INF 783 127 INF 368 INF 373 486 84 588 INF 337 INF 197 INF 109 657 INF 121 102 91 617 INF
170 0 683 395 INF 372 412 497 INF INF 340 558 114 366 536 INF 675 331 INF 123 INF 278 129 182 214 339 INF INF 574 621 622 INF 669 69 619 754 507 368 602 INF 605 475 116 685 INF INF 713 241 440 INF INF 286 294 254 240 255 453 INF INF 264 109 402 244 241 INF 91 348 118 616 183 631 646 437 INF INF 387 113 INF 244 INF INF INF 537 171 757 233 451 INF 610
192 INF 0 174 685 227 INF 129 INF 498 671 258 495 INF 468 INF 338 485 489 300 556 307 540 757 157 247 INF 74 545 INF 749 INF 622 272 663 100 219 437 INF INF 195 466 INF 430 542 363 70 724 605 661 528 688 182 312 557 327 165 581 72 326 195 177 109 502 654 88 INF INF 483 747 INF INF 446 366 INF INF INF 397 210 519 INF 380 INF 525 INF 660 INF 140 777
148 258 436 0 INF 683 565 529 328 261 489 353 488 765 63 682 282 745 410 402 465 INF 622 573 664 109 463 199 62 INF 79 613 227 INF 347 730 INF 253 293 704 607 INF INF 713 INF INF INF 476 602 477 588 512 698 388 161 INF 204 235 741 678 730 233 INF INF 139 INF 772 189 561 470 696 675 740 581 INF 579 127 558 121 272 152 240 423 783 690 538 658 770 INF
652 INF INF INF 0 INF 583 627 INF 100 INF 506 INF 216 INF INF INF 370 246 304 730 211 207 389 303 INF 223 142 270 393 647 327 271 107 INF 688 INF 317 529 465 469 315 INF 158 INF INF INF 712 173 335 622 296 99 757 268 721 134 INF 369 557 70 INF INF 478 INF 181 INF 86 330 605 INF 108 202 245 368 593 INF INF 708 INF 534 195 635 444 268 INF INF 492 INF
112 555 144 120 468 0 236 INF 653 INF 81 591 741 INF 346 330 299 283 160 347 283 INF 435 755 515 INF 477 INF 746 441 752 INF 253 INF 223 670 INF 293 INF 626 585 INF 634 221 257 250 INF 471 INF INF INF 270 403 INF 341 INF 236 348 INF INF INF INF 757 602 293 621 784 428 INF INF INF 137 563 INF 211 209 372 INF 721 INF INF 343 INF 89 659 INF INF 544 INF
INF INF 126 INF INF INF 0 105 INF INF 146 525 138 INF 74 166 596 213 367 386 283 533 149 500 699 171 743 437 378 214 630 INF 224 402 399 INF 467 INF 398 INF 240 109 INF 206 INF INF INF 84 INF INF 103 INF 235 168 262 138 408 314 INF 171 INF INF INF INF 191 INF 397 INF 113 629 553 764 381 INF 690 63 INF 775 140 86 712 521 281 420 538 72 410 663 546
489 INF 729 INF INF 358 394 0 INF 364 83 703 502 258 663 510 701 101 99 507 540 INF 625 INF 691 664 702 94 INF 156 502 423 630 166 435 631 101 INF 567 228 84 222 INF INF 321 538 INF INF 285 302 INF 453 INF INF 781 757 INF 521 72 654 INF 191 220 216 INF 700 245 315 310 471 329 INF 155 603 554 INF INF INF 625 INF 75 INF 110 328 INF 402 771 297 INF
INF INF INF 358 INF 589 INF 334 0 678 INF 737 184 INF 734 571 INF 759 679 372 180 313 165 601 394 282 342 269 361 479 463 721 583 366 INF 85 INF 721 INF 521 453 INF INF INF 523 236 INF INF 586 INF INF 174 596 369 INF 114 593 471 INF 221 217 INF 179 486 696 INF 727 INF 427 677 353 156 452 680 INF 633 INF 115 INF 648 109 732 411 INF INF 614 622 542 233
332 140 318 158 305 185 INF 387 INF 0 83 470 323 INF 57 733 200 268 522 INF 570 149 INF 370 519 INF 631 680 INF INF INF INF INF 368 711 253 722 INF 584 380 467 356 130 274 INF 117 551 111 520 334 529 INF 494 INF INF 430 INF 227 INF 413 761 INF 183 305 INF 274 202 INF INF 597 514 594 INF 78 715 INF 244 INF 614 INF INF 219 280 279 643 502 597 154 769
703 114 479 354 INF 102 680 308 150 INF 0 421 195 INF INF 567 290 769 690 780 259 INF 471 395 430 355 587 734 449 66 473 INF 419 517 742 559 352 INF 551 INF 397 604 357 INF INF 738 INF 333 228 616 INF INF INF 392 98 INF 322 234 233 499 INF 571 502 INF 529 INF 93 92 279 693 575 INF 300 752 741 654 INF 218 180 604 INF INF INF INF 715 INF 109 316 122
337 INF 722 307 167 INF 243 650 376 INF 289 0 INF 511 82 INF INF INF 518 INF INF INF 774 INF 263 512 208 289 66 INF 521 562 158 393 314 INF 77 180 INF INF INF INF 486 759 INF INF INF 607 345 118 732 371 INF 334 INF INF 722 158 71 247 729 86 430 644 197 INF 119 132 677 INF 166 265 579 INF INF 333 61 222 612 336 224 309 218 422 536 739 293 577 695
344 INF INF 243 160 707 451 341 INF 719 563 INF 0 333 INF 389 INF INF INF INF 620 628 701 INF INF INF 448 168 591 INF 714 657 INF 625 734 600 INF 218 INF 441 227 76 INF 388 678 83 INF 167 INF 345 392 634 475 INF 456 247 412 187 626 594 INF INF 620 320 INF INF 716 216 INF 413 735 594 INF 384 INF 198 705 744 INF INF 115 INF 179 289 INF 639 726 INF INF
411 760 283 563 285 599 275 752 307 750 544 742 669 0 306 756 261 INF 206 INF 489 INF 581 525 INF 287 75 655 INF INF 575 671 INF 461 653 230 INF INF 521 579 INF 505 385 262 741 251 578 496 INF 761 764 510 590 368 772 INF 382 250 382 253 478 218 555 478 253 274 INF 253 202 555 361 249 440 INF 768 659 104 136 557 668 416 127 78 447 708 211 240 170 598
149 150 466 INF 276 68 INF 731 INF 281 634 781 INF INF 0 293 421 421 758 641 747 159 696 520 INF 647 376 296 201 75 298 303 468 INF INF 502 419 INF INF 589 569 102 INF INF 379 487 633 129 644 753 372 INF INF 443 INF 730 343 373 INF INF INF 755 410 406 299 633 INF 685 250 INF 419 402 496 INF 572 461 758 INF 377 INF 663 INF 120 384 INF 132 415 751 448
INF 287 692 350 171 INF 157 470 INF INF 225 577 677 INF INF 0 INF 157 572 INF 216 420 347 521 INF 511 278 INF 760 203 592 INF 216 84 547 185 INF INF 420 666 INF 277 288 229 193 324 651 INF INF INF INF 60 115 747 692 445 INF INF 473 327 315 INF 317 699 730 614 305 56 INF 350 479 INF 519 INF 494 210 INF 85 492 107 515 INF 779 525 305 535 364 640 721
661 116 234 INF 320 716 674 534 695 94 331 703 439 INF 215 534 0 677 595 INF 537 283 INF 331 277 271 660 503 737 INF INF INF 741 INF 660 77 81 387 152 736 546 377 138 559 308 INF INF 380 INF 634 INF INF INF INF 639 125 486 483 INF 535 INF 231 INF 695 380 732 118 INF INF 662 83 136 112 87 489 693 549 INF 136 257 362 INF INF INF 383 INF 277 509 527
580 642 INF INF 604 243 INF 200 573 188 450 INF 111 685 766 202 755 0 145 116 508 INF INF 156 INF INF INF 771 420 714 INF 284 288 250 293 329 407 433 344 67 626 INF INF 115 INF 337 470 479 INF 188 INF 151 317 INF 591 101 INF 385 INF 664 205 719 391 INF 409 141 INF INF 87 INF 281 228 701 401 INF 339 INF 123 102 413 376 331 493 731 364 385 629 635 519
609 349 66 203 558 435 721 717 INF INF INF 424 530 INF 730 298 INF 691 0 INF INF INF 502 INF 278 729 INF 236 INF INF INF INF 350 118 561 360 413 INF 418 521 479 229 473 INF 679 INF INF 675 708 594 INF INF INF INF 726 112 350 INF INF INF 570 134 204 332 INF 669 567 705 172 636 209 INF 561 68 INF INF INF 246 174 INF INF INF 734 218 454 510 322 512 651
174 353 654 672 298 INF 536 INF 518 359 241 INF 774 525 208 292 INF 302 607 0 INF 399 672 750 616 INF 614 512 INF 221 INF 501 INF 483 INF 286 397 55 315 260 422 457 543 738 INF 420 351 456 INF 314 448 150 INF 77 INF 373 INF 137 289 512 145 INF 768 INF 573 415 71 397 INF 670 602 741 INF 415 346 INF 148 189 576 INF 312 INF INF 703 430 526 INF 768 507
449 678 406 286 INF INF 293 531 274 336 401 476 271 INF 339 INF INF 654 INF 748 0 128 716 119 676 99 INF 491 INF 97 INF 187 INF 407 642 66 267 INF 690 597 INF 304 169 780 INF 666 484 INF 781 184 177 INF INF 725 INF 79 INF 432 92 117 116 INF INF 216 478 INF 556 INF 662 INF INF 286 464 INF 277 582 INF 490 693 332 167 689 381 273 70 495 493 643 INF
INF 554 92 INF INF 569 128 INF 660 478 INF 642 INF INF 387 94 591 INF 292 INF INF 0 INF 571 INF INF INF 334 INF 277 247 161 113 299 459 628 208 593 INF 667 597 INF 445 104 INF INF 633 INF 668 INF 536 INF 724 190 285 633 INF 597 241 INF 522 206 484 234 501 748 691 128 461 489 INF 692 INF INF 486 550 INF 670 318 INF INF 569 INF 645 581 218 252 97 619
INF 634 INF INF 81 150 INF 694 688 183 668 INF 438 562 INF 627 271 346 275 INF INF 128 0 INF INF INF 128 215 771 INF 256 INF INF 689 512 580 INF 259 306 751 INF 591 238 689 90 462 100 223 262 499 584 395 INF 774 INF 213 630 INF 726 INF INF 558 730 INF 274 INF 89 318 171 699 INF 455 367 771 480 INF 667 357 192 271 INF 630 557 502 467 INF 406 432 679
499 544 INF INF 330 69 572 INF INF 222 404 425 298 INF INF INF 251 157 484 196 98 422 INF 0 INF 682 INF INF 324 INF 526 78 INF 209 320 INF 588 85 302 695 INF INF 86 451 639 536 INF INF 398 362 INF 478 777 INF INF INF INF 235 744 448 366 503 INF INF 592 INF INF 609 366 644 163 745 INF 213 241 59 412 520 INF 431 619 INF 501 200 136 493 264 INF 442
649 INF 85 442 392 592 INF 61 765 145 INF INF 77 67 INF 356 146 INF 546 202 206 INF 107 304 0 548 INF 98 114 585 753 265 413 337 166 87 INF 724 64 221 431 198 INF 286 317 94 615 INF INF INF 184 517 66 476 INF 550 INF INF INF 527 295 691 INF 548 783 396 727 INF 542 93 315 559 70 91 INF 714 INF INF 273 685 694 260 206 737 INF 166 538 684 744
635 INF INF 78 117 INF 177 415 511 548 INF 658 540 82 INF 339 INF 502 72 INF 747 555 758 123 INF 0 459 607 126 431 756 363 INF 431 775 618 173 INF 187 INF INF 87 68 659 404 352 396 INF 596 70 INF 609 INF 309 INF 271 78 127 INF 426 722 300 666 INF INF INF 80 682 INF 535 743 INF 143 686 286 454 INF 72 378 283 93 497 200 708 366 710 INF 446 669
659 180 586 720 131 678 209 759 INF 426 183 331 512 375 INF 55 INF 248 173 180 310 581 213 405 INF INF 0 665 637 375 695 627 INF 225 239 199 INF 765 159 INF INF INF INF 574 INF 449 171 INF 236 INF 281 146 INF 749 386 139 INF 389 528 106 553 104 212 INF INF 187 155 INF 497 222 428 156 301 INF 410 INF 496 INF 275 INF 483 INF 335 725 623 INF 545 466 145
533 729 406 INF INF 643 425 769 INF 60 530 660 405 INF INF INF 93 670 240 INF 343 INF INF 79 217 364 INF 0 511 INF INF 666 354 120 INF 471 325 108 INF 680 740 155 197 290 INF 500 632 86 284 425 552 INF 615 634 169 722 INF 254 202 INF 713 744 INF INF INF INF 252 INF 755 653 126 122 540 443 737 474 390 692 424 INF 767 495 197 109 113 353 145 766 300
INF 204 702 749 575 343 243 83 INF INF INF 678 INF 686 243 179 748 578 382 INF 720 313 INF INF 84 INF 125 628 0 108 604 745 INF 174 INF 223 INF INF INF INF 84 212 INF 435 INF 120 INF 713 199 731 514 726 622 274 INF 185 57 INF 617 689 638 192 308 INF INF 407 INF INF 529 138 INF INF INF 322 755 94 591 104 INF INF 191 653 249 707 662 INF 548 723 467
483 381 INF 232 487 716 INF 687 685 INF INF 500 543 119 307 523 INF 248 699 757 80 INF 495 INF 643 INF 450 503 770 0 154 676 INF INF 411 191 98 312 728 INF INF 240 499 467 299 631 179 INF INF INF INF 487 485 484 160 346 INF INF INF 639 500 292 245 557 364 590 INF 72 277 286 INF 315 457 INF 674 281 351 108 200 INF 166 202 774 258 271 721 INF 172 INF
INF 641 106 107 379 INF 224 591 INF 399 INF 443 259 INF 466 INF 402 275 270 INF INF INF 262 137 722 INF INF 482 269 534 0 INF 708 INF 453 INF INF 707 INF 558 548 INF 305 559 INF 767 INF 372 396 403 108 753 INF 618 588 192 INF 690 614 387 706 246 263 758 229 82 627 359 INF INF 620 INF INF 579 INF 285 778 269 683 279 INF INF 70 79 306 376 INF INF 554
367 620 676 473 403 255 INF 301 710 493 111 324 282 262 234 564 340 INF INF 359 426 INF 595 457 65 474 514 74 INF INF INF 0 66 355 494 INF 242 176 INF INF 211 671 477 416 459 246 INF 740 203 206 INF INF INF INF INF 570 538 INF 430 INF 468 343 INF INF 247 467 299 193 702 INF 620 INF 626 INF 157 380 137 INF 527 497 82 136 67 763 638 710 INF 669 INF
612 336 110 574 INF 298 204 227 133 581 244 591 610 73 731 583 INF 527 219 398 INF 507 475 558 INF 356 326 605 711 684 711 566 0 182 320 INF INF 379 INF 122 174 268 243 599 INF INF 294 567 580 INF 710 385 326 110 83 INF 187 93 241 INF 207 INF 721 INF 685 INF 445 722 INF 175 494 108 620 206 700 INF 523 616 333 774 291 INF 255 536 649 465 INF 138 751
472 356 263 INF INF 735 INF INF INF 156 687 492 624 INF 690 INF 615 590 87 278 742 506 622 INF 486 INF INF INF 215 645 176 305 713 0 INF 682 719 716 204 289 112 653 INF 491 624 546 261 408 190 642 598 517 183 INF 266 165 342 451 INF 635 INF 468 INF 732 INF 535 INF 357 INF 410 323 INF 159 170 146 INF 74 209 445 170 592 345 312 INF 340 676 INF INF INF
INF INF INF INF 249 143 320 INF INF 578 327 60 523 177 INF INF 77 697 682 442 INF INF 270 384 591 449 277 355 INF INF 647 374 INF INF 0 INF INF 232 388 594 526 153 392 INF 451 103 INF 299 141 726 INF 435 617 681 INF INF INF 219 524 777 395 INF 592 159 521 INF 388 458 478 537 421 INF 129 419 543 152 251 653 295 607 INF 624 374 INF 458 180 410 279 625
88 317 141 81 INF 380 INF 106 569 78 INF 143 125 154 433 680 313 423 62 636 401 215 477 INF INF 85 476 133 688 562 264 INF 287 494 457 0 620 INF INF 133 INF INF INF 494 764 735 INF 335 379 309 196 721 INF INF 181 INF 562 135 198 100 233 176 120 INF 329 326 606 543 235 INF 236 INF 420 554 INF 591 INF INF INF 75 405 388 INF INF 75 INF INF 100 INF
205 74 INF 575 INF INF INF INF 216 713 590 715 96 INF 264 359 INF 331 INF 268 412 203 689 133 232 365 INF INF INF INF 292 204 INF 357 710 701 0 506 INF INF 387 308 INF 637 611 683 730 751 679 162 INF INF INF 478 107 356 411 241 INF 174 506 INF 668 207 492 136 496 INF 181 INF 248 703 INF 391 107 440 766 573 INF 596 INF 684 230 475 INF 381 INF INF 690
INF 759 724 426 340 749 498 INF 755 497 209 INF 348 INF INF 366 INF 353 292 224 522 INF 564 INF 701 668 555 275 357 653 395 654 INF 653 INF 532 782 0 187 348 402 574 INF 353 523 INF 763 225 684 INF 426 524 604 710 777 757 377 168 471 INF 641 100 219 438 INF 254 INF 710 INF 701 156 140 714 347 INF 395 137 289 INF 737 235 255 265 290 271 713 INF 146 398
INF 663 470 335 52 367 175 359 INF INF 594 INF INF INF 572 694 718 INF 607 124 INF 287 521 138 627 INF INF INF 498 198 91 369 148 654 161 574 INF INF 0 350 91 INF INF 458 76 INF 499 465 533 351 INF 218 263 493 161 92 186 254 323 419 518 INF INF 250 INF 414 367 INF 652 608 INF 655 INF 68 593 153 615 INF INF 451 561 INF 209 INF 668 458 INF 688 743
INF 289 INF 729 712 INF 323 559 INF INF INF 513 161 INF INF INF 592 158 326 629 608 541 369 728 181 INF 113 272 142 564 250 503 486 302 509 INF 599 394 INF 0 535 593 195 491 612 766 252 366 299 330 625 456 268 INF 760 641 INF 389 INF 699 529 624 569 INF 490 278 138 112 138 INF 497 INF INF 631 364 INF INF 239 551 480 INF 380 531 758 INF INF INF 125 520
231 INF INF 455 609 INF 686 740 105 294 INF INF 501 525 625 60 625 INF 590 764 236 706 217 INF 444 376 INF 264 INF INF 306 INF 525 INF 623 125 INF 741 619 428 0 211 178 INF 392 322 484 INF 367 706 580 716 512 67 INF 197 410 272 185 370 INF 638 355 684 259 192 246 213 INF 454 75 627 611 317 638 146 INF 178 INF INF INF INF 727 59 INF 255 INF INF 380
500 560 INF INF 745 616 228 INF 133 INF INF INF INF INF INF INF 495 732 296 318 94 208 239 673 INF INF 708 665 216 524 508 338 773 403 75 INF 609 INF 616 156 775 0 INF 697 INF 375 635 76 377 507 206 215 709 INF INF 486 INF 725 INF INF 390 531 INF 151 299 63 INF 375 278 INF INF 550 INF 436 505 INF 432 666 710 INF INF 188 INF 418 336 415 388 INF 536
INF INF 291 INF 700 758 INF 582 132 288 304 263 758 INF INF INF 247 INF 528 INF INF 103 390 142 232 664 INF 411 527 426 277 INF 652 INF INF INF 167 349 138 INF INF 96 0 161 611 109 INF 764 INF 696 352 623 437 INF 450 248 388 274 183 INF 649 345 374 774 398 103 INF 106 INF 720 115 715 INF 317 99 691 INF INF 602 INF 675 337 INF 399 547 142 INF 203 438
258 77 INF 528 INF 71 758 INF 73 INF 75 171 154 INF INF 190 744 679 66 403 701 421 371 121 491 723 546 788 631 562 INF 289 778 138 630 INF INF INF INF INF 322 INF 753 0 468 75 INF INF 500 INF 253 INF 695 283 INF 725 502 INF 588 INF INF 756 540 164 INF 322 220 666 INF 381 166 291 472 INF 73 INF 273 INF INF INF INF 547 691 INF 300 INF 510 757 INF
INF 265 753 INF 626 INF 501 453 273 444 INF INF 148 INF INF 201 445 123 552 636 INF 748 726 INF INF 639 259 181 67 INF 418 INF INF 280 474 INF INF 550 216 516 747 320 616 230 0 322 96 INF INF 376 256 INF INF 94 99 422 INF 584 341 462 771 138 359 INF 749 223 665 INF INF 219 451 INF 104 INF INF 169 103 INF 676 567 148 INF 700 177 543 INF 742 INF 672
INF INF 206 INF INF INF 599 93 595 248 INF 324 INF INF 196 INF 664 INF 749 743 131 INF INF INF 316 540 623 414 599 INF 331 95 524 481 155 431 INF 406 541 748 INF INF 320 460 571 0 362 399 INF 160 INF 467 548 760 116 664 678 INF INF 369 673 616 312 INF INF 431 336 INF 311 INF 458 752 306 INF 221 405 108 INF 353 224 672 INF INF 363 450 INF 588 472 INF
INF 636 651 INF INF INF 349 154 INF INF 466 INF INF 617 543 72 INF 440 82 268 82 328 INF INF 367 160 INF 60 INF 190 680 224 INF INF INF INF 688 645 708 87 INF 338 490 INF 209 INF 0 320 696 INF INF 556 INF 129 387 INF 683 INF 534 209 633 213 INF 178 700 314 691 INF 333 INF 311 516 409 INF 634 627 511 340 INF INF 493 374 334 INF 90 INF INF 519 INF
INF 70 267 INF INF 505 138 INF INF 303 125 727 369 153 INF 735 564 INF 586 INF 486 575 INF 762 232 381 INF INF INF 446 222 620 INF 513 INF 427 779 715 521 294 275 374 INF 681 416 641 312 0 196 INF INF INF INF 692 574 INF INF 326 INF 386 INF 143 398 733 114 471 460 136 INF 300 458 INF INF 206 130 INF 461 401 INF 370 504 314 INF 687 465 INF INF INF 622
INF 175 INF 311 302 485 INF 200 381 421 INF 421 INF INF 456 INF INF 705 279 369 307 INF INF INF 555 492 525 INF 651 INF 126 501 238 781 286 INF 404 645 298 INF 576 735 375 INF INF 662 INF 351 0 585 406 231 506 256 INF 364 711 234 274 INF 383 INF 766 460 703 445 INF 315 INF 265 594 INF 337 613 480 745 519 340 472 INF INF 435 INF 620 INF 149 544 INF 627
336 203 229 INF 189 202 469 590 INF 498 185 INF INF 188 610 179 415 667 INF 312 INF 719 356 INF 363 459 INF 86 143 402 401 INF 422 692 100 INF 429 201 446 105 INF 682 531 687 223 572 358 396 192 0 139 INF 688 412 INF INF 185 54 INF 57 663 778 748 543 694 310 585 80 319 312 356 627 116 INF 555 INF INF INF 721 517 INF INF 478 468 INF 543 246 INF 93
482 737 INF INF 139 INF 658 INF 755 INF 655 INF 238 INF INF 421 INF 309 187 591 INF 413 INF INF 196 172 73 205 INF 294 599 145 587 177 445 356 412 754 743 532 564 INF 84 INF 261 212 290 167 INF 388 0 INF 404 743 441 199 88 INF INF 772 INF 510 INF 313 INF 520 INF 184 INF 649 INF INF 447 232 731 96 674 153 185 670 164 INF INF 275 399 361 INF 392 741
304 197 703 744 303 166 347 268 480 696 650 766 INF 376 268 418 701 642 467 670 183 464 440 653 INF INF INF 260 629 266 756 INF 701 739 164 INF 424 INF 439 INF 99 694 183 INF 728 131 683 239 116 322 297 0 443 494 619 323 522 527 221 INF 282 477 452 98 INF 351 659 260 145 640 91 69 224 183 303 INF 91 729 681 INF 518 INF 244 INF INF 725 758 432 249
INF 742 721 167 731 552 INF INF INF 260 212 767 629 721 733 110 647 INF 282 475 679 INF INF 257 420 448 188 528 541 INF 266 678 INF 458 627 716 165 60 578 278 606 315 312 283 460 271 596 INF 100 655 65 394 0 INF 198 465 687 552 776 80 574 679 INF 71 581 408 155 317 714 196 INF 148 509 636 INF INF 113 774 145 INF INF 183 482 INF 584 767 752 INF 84
INF 368 468 674 INF 663 694 316 INF INF INF INF 320 757 INF 495 346 INF 325 560 764 INF 152 428 INF INF 235 679 229 101 241 184 407 242 INF 426 636 INF 338 INF 253 INF 722 303 480 277 725 253 583 722 INF 728 INF 0 INF 689 428 117 63 534 INF INF INF 721 INF 336 487 INF INF INF INF INF INF 147 512 337 256 93 640 284 INF INF 267 144 426 435 INF 141 INF
741 169 68 623 310 INF INF 170 245 407 688 INF 158 317 481 INF 129 527 632 156 93 757 544 104 545 305 479 277 615 473 INF 358 609 319 240 133 504 INF 211 684 INF INF 162 240 374 INF 427 282 441 INF 674 666 568 256 0 INF INF 470 437 INF 660 198 179 768 770 103 697 439 553 738 669 434 INF 286 211 528 557 INF 415 473 96 579 INF INF 659 INF INF INF 80
INF 289 509 515 695 496 312 INF INF 353 INF 363 INF 329 263 INF 374 714 INF 373 301 192 217 589 INF 146 INF INF 256 162 233 INF 584 598 234 INF 330 INF INF 239 220 438 398 748 694 518 199 INF INF 257 INF INF 332 564 332 0 626 572 INF 308 196 183 487 378 644 619 397 INF 575 670 694 217 391 INF 111 460 INF 591 694 196 309 118 INF 325 INF 547 INF 321 390
508 119 431 611 INF 138 468 190 INF INF 689 INF INF 650 765 726 INF 117 INF INF 89 INF INF 469 INF 515 431 INF 369 746 603 185 INF INF 323 670 185 189 INF 650 387 314 617 64 404 433 INF 726 528 529 354 INF 564 INF 587 509 0 773 641 628 301 INF 372 441 508 INF 348 461 548 INF 391 265 349 213 528 314 INF 78 110 726 INF INF INF 367 INF INF INF INF 680
484 INF 98 737 340 599 INF INF INF 324 INF 545 759 298 INF INF 319 INF 422 327 353 322 INF 105 706 319 254 761 698 INF INF INF 594 195 741 INF 247 75 INF 537 INF 303 643 INF 435 577 INF 204 453 INF INF INF 219 234 675 177 404 0 INF INF 581 784 INF INF INF INF 474 148 368 341 647 760 112 65 444 64 INF 730 INF INF INF 276 203 722 496 684 528 431 INF
623 337 INF INF 681 499 677 376 INF 755 90 350 INF INF INF 631 481 INF 387 747 323 147 291 619 233 472 INF INF 222 141 767 427 INF INF 706 87 349 233 231 319 661 198 108 147 106 INF 560 591 531 451 753 INF 62 625 INF 372 366 230 0 318 INF 305 INF 649 362 INF 115 384 323 63 397 501 INF 300 629 452 365 INF 594 138 506 112 INF 761 INF INF 762 725 543
196 676 99 192 591 439 467 INF INF 488 INF INF 566 INF 359 331 321 82 558 749 254 762 INF INF 278 320 INF 705 INF 58 INF 272 439 174 722 INF 115 532 270 86 184 INF 120 INF 346 587 INF 187 INF INF INF INF 485 724 INF 285 691 218 INF 0 562 597 INF INF 109 359 405 701 650 508 251 INF 747 300 INF 166 146 INF INF 299 107 183 80 496 349 371 685 70 INF
INF INF 525 INF 222 102 49 500 83 398 INF 669 92 235 INF INF INF 146 623 475 408 528 713 384 349 418 INF INF 386 INF 537 INF 619 INF 697 615 519 223 689 INF 632 INF INF 142 133 660 612 742 405 368 INF 196 INF INF 518 65 INF INF 248 648 0 INF INF 355 149 INF INF 245 235 689 406 589 457 71 702 732 550 422 INF 538 297 INF 337 55 INF INF INF 118 677
INF 643 INF INF 292 INF 570 INF INF 268 530 307 414 INF INF 372 286 70 169 530 722 388 110 INF INF 270 INF 151 285 630 356 766 368 INF 392 509 INF 140 INF 463 532 179 499 INF 91 INF 99 366 593 INF 624 INF 752 753 533 INF 391 INF 448 INF INF 0 454 INF INF 555 INF INF 777 742 183 307 134 INF 266 596 336 732 673 INF INF INF 247 INF 441 646 INF INF 725
509 67 455 344 386 266 INF INF 365 733 420 284 133 422 INF 379 214 INF 436 454 INF 218 599 INF 214 513 INF 250 INF 114 309 309 728 INF INF 549 344 86 738 663 741 461 INF 163 681 INF INF 62 778 616 659 INF 153 623 620 INF INF INF INF 336 359 INF 0 INF 142 196 293 469 599 INF INF INF 521 206 INF 462 125 527 273 718 404 551 INF INF INF 667 INF 638 506
168 121 72 88 456 INF 605 INF 574 80 161 356 629 288 497 INF 286 INF INF 119 INF 509 86 479 INF INF 380 195 438 366 479 INF INF INF INF 555 INF 557 INF 359 370 INF INF 286 INF 290 INF 236 424 410 637 INF 312 629 INF INF 125 297 682 INF 226 187 212 0 460 634 502 INF 466 INF 174 279 573 293 532 356 INF 399 INF 221 737 INF 376 516 382 INF 493 INF 149
603 124 INF INF 544 171 INF 525 INF 684 229 564 472 INF INF 127 653 495 INF 504 408 INF 638 601 INF 470 467 455 625 389 332 INF 537 738 679 INF 459 520 INF 144 INF 552 250 230 INF INF 347 629 INF 533 63 477 592 INF 67 INF 667 INF INF 186 316 354 429 649 0 INF 81 474 727 498 409 687 INF 147 675 545 459 INF 130 675 302 227 529 63 334 624 304 673 530
638 INF 565 INF INF 545 467 437 INF INF INF INF INF 327 INF 727 84 195 226 522 205 87 237 133 592 370 553 457 675 INF 718 393 676 INF INF INF INF INF 415 434 195 671 469 INF 336 725 INF 497 367 272 630 408 639 643 516 251 392 374 125 INF 703 561 128 INF INF 0 495 INF 224 INF 759 INF 300 434 364 591 765 521 472 INF 566 488 303 191 INF 400 INF INF 702
703 INF 129 563 INF 701 518 INF INF 243 715 540 511 662 67 INF 570 511 INF 265 163 INF 617 549 INF 345 268 329 741 171 229 INF 614 364 353 72 INF INF 406 633 716 482 761 496 667 522 433 267 148 64 INF 202 165 585 INF INF 288 99 751 INF 505 INF 127 83 303 674 0 148 688 303 577 370 75 766 INF 413 198 516 312 760 503 INF INF 758 287 640 131 INF 66
100 118 73 362 398 INF 750 639 INF INF INF 557 INF 161 773 359 INF INF INF 185 INF INF 723 616 218 137 616 INF INF 486 INF 90 86 125 583 369 INF INF 262 389 577 INF 636 761 478 260 INF 523 INF 210 655 INF 744 INF 348 302 602 58 145 652 INF INF 482 682 721 297 134 0 180 496 INF INF INF INF 671 333 511 INF 90 519 INF 631 760 71 INF INF 699 INF 511
291 INF 724 745 685 627 INF INF 559 135 558 451 396 123 INF 280 594 157 670 INF 138 319 386 314 483 326 INF INF 342 689 INF 589 INF INF 443 INF INF 515 INF INF 189 INF INF 486 603 INF 668 762 707 691 INF 581 419 487 174 606 INF 742 207 713 INF INF 127 583 INF 425 103 458 0 641 272 INF 733 INF 394 526 INF 738 723 INF 101 INF INF 279 86 INF 199 INF 372
185 128 189 391 152 650 176 174 187 546 609 550 219 INF 540 153 INF INF 760 212 INF 715 INF 177 INF INF INF INF 659 449 663 221 451 INF 414 198 INF INF INF 449 515 INF 76 INF 323 208 473 415 99 INF 431 606 353 386 685 604 INF 586 491 260 172 438 INF INF INF INF INF 721 INF 0 430 INF 364 714 INF INF 696 228 348 INF 361 475 409 INF 630 237 282 113 415
INF INF 62 114 499 427 INF INF INF INF 191 INF 202 139 387 305 547 69 403 232 361 238 INF 476 INF 581 75 629 INF 102 676 93 474 390 345 132 INF 354 600 737 136 INF 340 177 121 232 663 171 144 196 INF 696 INF 296 582 56 703 549 767 395 INF 725 577 733 77 INF 660 156 715 INF 0 416 205 276 INF 173 437 INF 159 306 INF 651 721 161 341 529 254 INF INF
307 INF INF 562 722 600 298 INF 660 INF INF INF 216 INF 105 410 251 569 222 598 INF 650 236 90 INF 444 INF INF 407 314 770 145 226 INF INF INF 667 INF 492 439 188 66 713 631 155 533 346 514 69 INF 243 724 667 209 87 152 383 698 INF 673 240 INF INF 516 INF 270 646 INF INF 353 529 0 310 398 INF 324 102 INF INF 100 INF 175 618 196 720 616 215 INF 427
38 400 666 INF 163 174 63 INF 435 558 193 651 211 INF 206 608 754 482 54 216 INF 348 674 257 198 649 760 671 420 INF 427 635 INF INF 770 630 516 INF 269 154 540 INF INF 161 703 569 279 INF 434 142 712 410 581 172 588 670 656 695 156 INF INF 629 262 INF INF INF 425 585 214 100 496 684 0 INF 653 282 538 INF INF 459 INF 544 337 INF 718 672 549 564 229
374 331 INF 655 503 INF 738 715 483 460 328 678 521 96 729 334 583 617 INF 247 INF 358 685 620 595 343 499 407 136 405 INF INF 99 418 INF 516 557 389 79 420 526 243 650 732 54 263 496 INF 716 INF 218 103 INF 663 561 INF INF 739 INF 431 164 307 643 INF 374 741 INF INF INF INF 618 INF INF 0 246 95 INF 313 367 INF 102 277 139 638 471 643 700 630 589
INF INF INF INF 551 INF INF 117 170 332 197 404 149 236 449 407 INF 105 INF 535 529 167 701 152 113 INF 753 INF 152 INF 520 INF 219 122 544 746 INF 424 474 552 435 48 84 110 655 INF 507 365 675 INF 227 183 306 296 673 574 INF 585 INF INF 739 186 293 632 INF 416 452 446 513 169 INF 214 INF 499 0 245 764 INF INF 743 INF INF 684 383 70 INF 234 121 127
514 INF 305 INF 698 771 636 INF INF 57 652 248 INF 353 700 INF 474 INF 530 INF INF 56 INF 692 INF 414 701 233 533 543 753 604 100 750 INF INF INF 544 521 388 INF 516 INF 334 INF 59 741 INF 675 401 INF 545 673 INF INF 126 264 747 767 634 INF 553 INF INF INF 498 INF 404 302 INF INF INF INF 781 737 0 372 INF INF 244 152 560 608 300 356 INF 656 INF 270
197 254 234 490 570 264 565 122 INF 665 577 219 536 321 INF 786 502 243 INF INF INF 197 735 515 INF INF 630 349 INF 614 322 639 332 452 INF INF 203 INF INF 462 198 147 412 738 INF 293 66 255 715 431 419 137 INF 637 96 INF 283 307 125 622 INF INF 250 80 98 INF INF 761 INF 742 INF 207 123 106 74 686 0 696 INF INF INF 279 INF 152 362 121 566 666 INF
87 231 294 INF 695 571 510 INF 210 INF 332 219 534 INF 437 694 495 644 INF 160 112 284 INF 176 222 394 INF INF 580 INF 617 754 INF 425 300 716 455 219 297 590 INF 120 485 565 INF INF 526 INF INF 423 670 677 INF INF 495 181 192 612 371 710 INF 589 276 597 194 86 336 INF INF INF 525 INF 173 356 INF 221 736 0 759 231 INF 616 578 404 INF 582 174 286 390
INF 746 165 725 238 757 INF 477 INF INF INF INF 644 199 463 711 INF 383 412 INF 650 117 593 345 391 764 INF INF 141 641 INF 132 392 717 INF 656 200 INF 778 553 204 399 652 201 INF INF 589 156 605 212 100 220 INF 316 INF 399 204 367 INF INF INF 260 INF 261 514 INF 431 505 INF INF 548 INF 248 INF 482 687 744 200 0 103 INF 745 259 565 602 559 284 360 INF
INF 436 454 679 478 510 INF 254 INF INF INF INF INF INF INF 90 213 INF 383 564 288 678 602 INF 86 515 438 180 88 205 724 INF 564 507 INF 277 83 357 264 88 265 537 INF INF 504 INF 290 675 356 371 76 INF INF 110 INF 558 INF 227 351 INF 100 INF 315 651 165 186 INF 376 91 INF INF INF 756 64 527 59 489 INF 477 0 763 647 INF 67 508 635 INF 306 INF
197 426 528 183 592 202 380 273 720 INF 454 INF 694 719 275 INF INF INF 489 203 425 INF INF 424 214 110 INF INF 437 INF INF INF INF 444 479 100 208 INF 349 INF 470 INF 613 460 59 371 INF 222 643 INF 185 INF 463 145 INF 468 245 338 683 260 282 INF INF INF 91 INF 565 479 463 INF INF INF 715 64 329 440 456 152 689 519 0 INF 593 208 294 INF 496 INF 625
679 INF INF 523 378 92 541 INF 757 611 INF 477 401 630 254 INF INF 341 INF INF 137 122 476 INF 59 INF 463 488 205 INF INF 339 590 INF 155 INF INF 119 INF 773 646 INF 543 367 163 INF INF 765 INF INF 319 500 160 INF INF INF INF 445 72 478 550 INF 71 600 INF 395 INF INF INF INF 655 537 INF INF 586 339 82 INF 229 644 333 0 733 INF 98 INF 412 372 683
266 INF INF INF 233 110 79 627 697 717 229 510 INF 747 613 442 INF 723 INF INF 577 INF INF 541 651 INF INF 285 INF 315 557 390 99 604 INF 744 INF INF 99 71 148 170 518 134 767 457 135 215 649 621 536 108 618 INF 725 384 106 447 302 INF 218 443 58 117 112 INF INF 121 INF 181 685 705 INF INF 710 683 183 714 664 556 761 INF 0 INF 300 136 211 INF 661
225 676 729 447 INF 351 496 60 138 143 84 258 380 381 691 137 118 INF 103 240 450 INF INF 177 525 424 INF INF 89 395 386 INF 532 576 INF INF 455 147 278 469 696 INF INF 296 180 61 202 482 INF 712 349 587 INF 382 INF INF 187 585 756 704 674 311 501 616 240 INF 565 90 157 388 733 275 INF INF INF 598 INF 329 768 142 678 89 545 0 INF 126 734 94 607
INF 226 484 315 158 728 488 INF INF INF 440 264 INF 149 386 INF INF 118 242 INF 239 742 745 526 INF 399 628 318 759 541 519 506 216 INF INF 604 521 753 686 INF 112 254 INF INF 73 INF 582 196 357 472 478 550 INF 433 711 288 417 392 83 216 606 374 275 663 584 75 378 540 INF 595 INF INF 255 643 606 643 166 80 92 INF 507 INF 524 INF 0 536 288 INF 567
660 73 346 120 INF 431 INF 548 434 INF 706 486 INF 620 374 513 INF 694 766 INF 547 569 516 INF INF 635 179 277 521 638 INF 206 INF 723 INF 169 INF 322 290 313 INF 649 INF 334 737 711 695 672 INF INF 539 352 406 295 342 564 606 INF 275 INF 636 INF 304 154 106 INF INF INF 318 INF INF 654 520 194 592 INF INF 374 727 INF 639 340 82 345 INF 0 737 307 667
INF 382 INF 506 358 411 485 488 541 489 688 INF 441 295 495 INF 542 521 701 INF 572 INF 166 743 262 310 163 451 66 566 509 429 329 511 INF 292 228 INF 310 INF INF 414 334 189 425 INF 700 INF 692 209 INF 242 INF 463 513 INF 146 651 534 670 370 INF 432 INF 187 INF INF 413 713 296 440 56 INF 580 INF INF 584 INF 704 688 577 254 INF 428 611 624 0 INF 67
INF 168 INF INF 145 695 775 INF 360 INF 506 300 INF 402 212 678 INF INF 278 INF INF 179 172 INF INF INF INF 722 95 229 506 INF 106 756 683 INF 345 492 213 INF INF 525 INF 732 INF INF 389 748 201 146 274 INF INF INF 74 INF 379 759 641 750 304 668 469 INF INF 381 INF INF 698 380 INF 642 694 422 532 INF 397 580 685 INF 299 615 772 531 198 730 INF 0 237
476 603 759 406 694 709 770 454 479 INF 261 664 INF INF 385 INF 63 362 586 313 572 187 654 INF 466 188 698 INF 723 INF INF INF 603 772 INF 186 329 740 340 97 INF INF 128 459 232 INF INF 580 INF INF 369 265 INF 750 INF 579 INF INF INF 264 INF 307 89 615 INF 528 614 599 667 236 627 INF 676 721 INF 585 681 INF 69 609 442 177 172 417 310 158 642 350 0
