0 329 INF 568 226 125 INF 402 95 INF 276 110 INF 262 INF 251 424 290 330 419 INF 65 562 496 120 534 104 INF 685 370 260 INF 565 574 64 296 INF 598 486 187 INF 322 462 530 749 726 212 INF 555 INF 96 462 INF 353 INF 716 637 386 INF 241 257 222 166 745 318 414 633 707 95 544 INF 115 400 388 298 639 607 626
714 0 537 124 INF 643 725 247 166 INF 541 161 445 INF 89 INF INF 711 INF 618 INF 100 281 542 352 608 186 136 727 180 680 533 185 INF 341 INF 120 597 446 511 363 INF 285 INF 580 INF 667 INF 194 INF INF INF 677 292 595 769 469 465 INF INF INF INF 599 417 INF 424 118 INF 297 314 179 INF INF 109 449 INF INF 382
INF INF 0 INF INF 464 669 557 660 250 INF 698 448 560 553 465 169 563 596 INF 322 500 290 197 717 737 248 140 INF 387 478 INF 380 INF 486 INF 274 466 140 INF 290 INF 788 131 INF 773 706 454 INF 675 INF 762 750 698 INF INF INF 275 661 394 258 INF 573 297 752 INF INF 438 169 373 106 INF 706 161 INF INF INF 179
448 321 713 0 649 INF INF INF 377 284 62 459 643 731 INF 631 565 580 422 INF 485 INF INF 72 INF 471 376 INF 675 560 596 509 207 753 299 INF 451 317 693 INF 654 401 458 INF 462 97 INF 559 601 579 262 INF 318 310 204 INF 192 INF 125 202 371 190 539 299 601 641 491 400 579 485 412 INF 359 607 INF INF 583 310
INF 219 INF 323 0 123 230 121 INF 396 327 748 405 437 303 398 341 669 513 87 752 INF 414 INF 389 63 INF 171 225 617 170 628 382 400 INF INF INF INF 466 INF 508 411 278 697 INF 537 166 INF 661 432 INF 311 626 241 391 774 562 169 INF INF 372 INF 448 INF 440 INF INF 439 433 193 INF 659 664 334 175 294 INF 656
751 128 239 523 INF 0 458 564 369 174 INF 417 661 INF 447 580 INF 406 105 321 233 295 264 686 INF 279 INF 782 176 735 INF 528 611 557 644 150 73 715 235 109 359 133 INF 261 175 458 358 190 688 INF INF INF 500 462 INF INF 535 792 294 551 106 466 182 685 INF 349 446 471 441 INF 533 191 779 489 753 510 INF 347
INF 738 739 191 421 479 0 532 232 208 INF 442 291 458 INF INF 63 INF 326 492 717 INF INF 750 292 266 567 461 INF 247 INF INF 262 INF INF 713 INF 347 720 596 469 INF 140 228 556 250 274 INF 563 501 INF 220 701 INF 367 112 528 472 INF 153 INF 608 INF 257 221 534 538 119 301 INF INF 477 492 102 INF 610 239 351
INF 143 775 98 789 601 175 0 686 INF INF INF 563 INF 332 INF 374 INF 272 244 INF INF 86 314 INF INF INF 775 663 320 436 258 638 INF 712 123 INF 124 INF 301 417 204 638 76 378 590 696 606 395 690 403 199 668 320 646 216 INF INF INF 150 417 307 INF 482 556 649 199 384 INF 107 153 733 306 766 103 627 528 617
605 308 INF 200 INF 172 382 INF 0 INF 342 585 331 793 INF INF INF INF INF INF 685 INF 505 150 128 695 INF INF 136 346 576 127 463 106 530 498 INF 267 499 402 INF 570 771 85 94 750 INF INF 286 INF 516 325 INF 301 740 583 INF INF 598 INF 713 176 445 174 228 466 130 INF INF INF 560 492 750 306 INF 648 INF INF
179 263 704 474 INF 270 680 476 441 0 128 94 INF 212 INF 307 271 94 593 527 201 INF INF 437 174 407 342 471 75 INF 591 220 500 267 INF INF 69 678 459 274 116 104 733 INF 239 399 INF 605 332 INF 305 576 721 INF INF 766 597 486 673 105 213 422 211 INF 560 250 INF 92 INF 479 INF 218 178 374 INF 358 648 706
INF 725 725 INF INF 352 436 INF INF 521 0 338 INF INF 767 710 655 564 717 421 501 378 INF 279 78 176 302 451 417 INF 88 280 760 110 562 766 595 INF INF INF 326 INF 174 272 INF 82 299 169 INF 288 INF INF INF 639 706 769 691 288 130 INF INF INF 197 411 549 224 262 188 INF INF 200 137 INF 57 406 720 651 602
INF 718 729 123 INF 397 INF 125 218 INF 631 0 462 207 259 INF INF INF 292 705 759 430 348 228 729 339 327 178 739 671 97 517 INF 432 INF INF 262 INF 421 762 620 INF INF 483 654 INF 98 INF 127 INF INF INF INF INF INF INF INF 426 662 553 108 509 347 414 142 INF 652 543 345 520 194 288 INF 484 465 97 73 INF
542 399 616 126 316 INF 201 122 305 421 624 506 0 INF INF 247 607 271 INF INF INF INF 145 706 421 INF 260 INF INF 97 740 594 386 440 INF 695 632 542 687 614 584 INF 382 INF 579 643 289 608 INF 337 468 INF 91 648 248 668 INF 360 530 483 602 735 287 513 INF 418 INF 150 731 445 184 INF 67 669 607 INF 729 240
INF INF 97 37 457 INF 479 388 INF 216 164 110 250 0 610 INF 256 233 INF 256 336 INF INF 641 650 499 66 INF 495 600 694 INF INF 140 523 INF INF INF INF 376 559 381 INF INF INF 540 INF 77 527 INF INF 582 INF 511 409 306 INF 533 INF INF INF 442 634 INF INF 693 519 679 771 418 582 257 626 225 166 683 INF INF
INF INF 605 291 623 INF INF INF 289 643 INF INF 562 INF 0 213 409 INF INF 393 INF 126 600 250 INF INF 331 734 135 INF INF 628 740 367 INF INF 744 417 634 596 711 332 535 660 INF INF INF 305 225 516 625 66 211 584 INF 675 481 165 INF 577 586 236 INF 509 413 INF INF 483 INF 617 367 500 224 400 INF 329 INF 305
352 462 477 INF 767 273 68 INF 551 INF INF 479 202 242 513 0 39 61 INF 317 87 483 227 527 503 INF 395 63 705 INF 761 INF INF 708 204 455 762 INF INF 72 768 606 662 INF 612 407 762 INF 729 INF 784 199 INF 155 168 INF INF 169 INF 84 INF 150 INF 739 425 732 INF INF INF 572 75 INF 133 290 INF 738 INF 327
INF 74 INF INF 639 314 236 INF 475 INF INF INF 697 INF 86 371 0 217 299 549 438 154 INF INF 308 401 683 602 752 401 648 INF 380 268 INF 781 300 INF INF 643 263 INF 413 INF INF 218 380 INF INF 680 784 100 719 296 120 697 770 INF 598 459 96 INF 714 451 137 INF 508 542 INF 614 274 134 557 364 427 INF 665 571
783 565 766 656 672 500 287 INF 403 INF INF INF 135 443 330 INF 51 0 141 INF INF 555 240 INF INF 301 180 INF 241 472 742 489 341 661 170 566 587 105 721 INF 557 INF 130 765 393 INF 571 692 431 INF 138 INF 466 413 399 549 269 488 INF 756 INF 721 INF 674 289 754 INF 439 499 98 388 132 INF 367 INF INF 468 INF
56 582 161 INF 479 566 INF 502 632 131 263 INF 117 666 113 90 449 530 0 516 102 INF INF INF 102 351 INF INF 485 INF 265 575 INF 518 352 324 365 394 INF 525 687 INF INF INF 242 710 329 292 451 INF 158 578 555 184 556 571 485 340 669 INF 513 749 568 INF 197 INF INF INF 472 534 INF INF INF 406 INF 728 430 754
192 109 570 448 INF 390 732 287 641 INF INF 758 INF INF 769 INF 541 INF 57 0 525 INF 431 84 216 455 INF 404 600 INF 349 519 652 585 703 227 212 INF 690 586 166 INF 459 322 460 451 715 INF 733 155 INF 349 626 INF 650 525 88 558 612 338 355 335 98 415 728 612 544 169 INF 86 678 379 213 151 601 359 398 126
469 255 INF 179 INF 262 INF 674 INF INF INF 723 INF 229 628 138 333 133 447 444 0 510 401 344 432 INF 608 411 575 292 125 INF 479 254 INF 200 380 INF 184 INF 471 431 139 413 INF 469 INF 190 129 406 INF 545 INF 544 722 223 INF INF 237 694 652 357 726 756 INF 344 INF 149 491 377 INF 508 233 479 99 464 441 313
771 INF 713 INF 304 679 INF 715 499 482 416 INF INF 337 185 INF 96 753 INF 434 413 0 411 240 360 248 154 770 342 354 782 INF INF 488 INF 260 719 INF INF 433 INF 445 INF 280 155 INF INF 474 285 164 INF 537 640 INF INF 726 554 244 318 446 INF 124 266 301 683 INF 583 106 431 INF 614 INF 102 227 INF 283 INF 309
742 409 INF INF INF 126 504 683 INF 415 115 INF 595 627 534 93 243 INF INF INF INF 612 0 77 INF 313 INF 577 INF INF INF INF 352 720 619 INF 275 INF 510 INF 335 590 651 772 581 397 504 456 INF INF INF 188 455 INF INF 99 INF INF 603 307 INF 543 644 498 INF 110 508 328 123 532 530 640 236 437 398 578 99 325
600 419 108 315 310 258 577 417 692 INF 737 445 INF 167 549 195 762 260 593 INF INF 381 INF 0 608 INF 509 589 517 127 INF 492 457 INF INF 177 186 92 INF 283 INF 612 363 INF INF 726 613 136 184 367 692 374 656 INF 467 788 596 368 335 435 209 INF 788 INF 501 776 INF 607 230 INF 142 774 INF INF 496 495 438 252
INF 114 209 INF 362 260 124 302 340 201 INF 278 597 INF INF 515 INF 164 540 673 495 INF 421 INF 0 651 508 521 299 754 INF 519 456 488 181 527 577 INF 107 765 INF 230 INF 300 733 632 294 743 394 INF 520 455 762 698 442 426 503 504 INF INF 259 396 619 136 INF INF INF 156 429 172 98 457 295 390 176 578 387 759
68 762 190 450 80 709 442 INF 709 691 159 533 INF INF 515 INF 541 INF 108 INF 459 692 INF 311 INF 0 INF 638 164 305 722 456 620 281 422 690 704 INF INF INF 111 152 694 274 59 116 INF INF 700 767 INF 451 651 522 584 INF 537 525 660 735 INF 540 375 512 INF 362 152 634 438 INF 119 INF 615 264 INF INF 288 629
317 391 236 308 326 643 INF 682 INF INF 394 472 452 599 260 732 738 138 INF 601 690 777 494 656 728 333 0 728 684 167 305 INF 114 INF 196 285 229 350 499 INF 272 364 INF 540 INF 415 INF 504 385 748 714 257 787 355 INF 251 727 351 229 346 708 INF INF INF INF 341 548 716 531 223 244 INF INF 104 729 179 INF 285
445 220 745 703 479 293 INF 358 INF 262 419 495 66 INF 74 441 80 INF 84 561 164 591 INF 156 INF 297 479 0 346 INF 332 313 752 614 INF INF 672 INF 574 INF INF INF INF 233 583 366 648 335 INF 765 INF 75 750 INF INF 216 702 226 697 622 INF 165 739 194 341 560 349 710 322 INF INF 411 INF 288 INF 605 INF 648
INF INF 740 696 INF 510 407 423 INF INF 700 214 INF 227 629 92 251 762 312 351 INF INF INF 226 345 INF 318 158 0 700 751 201 690 416 278 758 171 155 INF 194 638 155 INF 292 91 INF 257 572 INF 430 92 314 761 565 710 INF INF INF INF 709 632 433 246 649 INF INF 341 291 731 386 150 328 INF INF INF INF INF 412
240 INF 110 655 INF 306 INF 620 362 765 670 265 INF INF 207 443 632 156 490 257 INF 401 465 154 598 INF INF 668 471 0 88 INF 339 INF 564 439 INF 122 INF INF 292 203 83 305 INF 155 511 INF INF INF 476 INF 334 INF INF INF INF 455 268 237 327 515 626 316 284 INF INF 80 INF 705 259 INF 408 264 INF 592 INF INF
374 148 570 INF 419 263 467 151 183 INF 718 INF INF 463 INF INF INF INF 443 INF 712 INF 313 257 572 289 551 339 485 68 0 706 158 425 384 352 273 293 649 134 354 INF 508 INF 646 308 146 INF 777 INF 483 419 INF INF 450 137 INF INF 212 INF INF 448 INF 260 442 700 172 INF INF 580 INF 329 547 72 INF INF 419 INF
INF 754 INF 104 538 326 INF 326 228 140 645 675 377 172 INF 578 INF INF 669 536 720 INF INF INF 367 119 481 INF 238 INF 727 0 606 443 305 INF 335 581 71 605 543 428 253 557 667 312 259 532 623 INF 274 INF 488 INF 691 418 787 INF 197 535 107 112 276 534 INF 285 211 INF 480 129 291 INF 158 INF 527 504 442 776
789 469 INF 39 243 338 640 469 INF 658 414 73 294 INF 559 INF 416 707 581 INF 501 INF 688 INF 439 INF INF INF 613 758 298 385 0 INF 551 710 682 INF INF 642 INF INF INF 291 601 771 766 545 INF INF 247 INF INF INF 673 357 610 401 75 228 INF 591 469 739 INF 168 356 267 INF INF 583 119 628 INF 233 550 189 577
INF 160 470 614 592 INF 655 547 569 596 INF INF INF INF 663 384 76 378 448 180 INF 217 INF INF INF 609 376 718 59 INF 769 INF 258 0 374 INF 573 294 283 624 511 INF 658 299 194 618 INF 739 INF 322 98 INF INF 509 138 289 751 728 456 INF 624 108 667 580 381 532 460 INF 104 541 721 90 INF 693 191 570 INF INF
445 630 522 82 INF 428 616 502 275 569 552 685 379 INF 652 INF INF 389 185 INF INF 408 684 418 440 INF 162 INF INF INF 384 INF 288 715 0 143 INF 421 INF 261 119 228 INF INF 296 544 INF 670 505 INF INF INF 767 249 INF INF 651 INF 225 622 INF 74 306 INF INF 88 INF 629 304 INF INF 714 531 652 INF INF 712 298
603 INF 263 534 372 535 INF 753 INF INF INF INF 655 576 472 235 INF 755 INF 189 INF 690 192 581 249 230 INF 637 291 INF INF 131 58 156 154 0 INF 628 529 INF 548 651 729 291 INF 693 INF INF INF 176 INF INF 134 759 713 155 120 INF INF 209 INF INF 678 INF 462 INF 517 INF 128 INF 528 640 258 268 380 309 INF INF
437 INF INF 242 INF 562 275 371 INF 453 505 INF 117 145 431 568 INF 80 491 533 738 172 300 477 195 520 688 61 220 189 672 INF INF 381 320 438 0 455 666 575 611 INF INF 447 160 279 INF INF 86 322 711 121 INF INF 478 478 639 INF INF 469 607 532 INF 196 290 249 484 INF 768 92 303 568 413 203 INF 782 INF 545
275 375 224 535 INF 623 INF INF 555 236 577 534 306 711 155 327 205 730 369 INF 222 288 454 566 511 501 73 567 150 265 512 706 INF 187 116 640 59 0 600 INF 752 212 649 183 INF INF INF 624 462 365 INF 746 305 INF INF 202 INF INF 301 437 543 INF 718 142 125 286 358 INF 581 65 278 729 320 INF 84 768 373 421
726 675 487 654 335 73 496 101 105 303 712 56 INF 177 317 481 62 227 371 282 INF 329 47 INF 273 135 594 INF INF 751 INF 749 INF 538 618 527 649 INF 0 686 472 709 INF INF INF 594 INF 76 90 INF 564 236 INF 632 239 INF 386 INF 489 INF 488 216 83 INF INF 718 751 236 339 349 INF 511 284 378 INF 327 159 INF
INF INF 415 INF 124 615 343 769 136 440 348 689 312 144 INF 233 INF 716 688 205 359 130 717 231 113 131 586 INF 286 INF 757 475 INF 520 105 98 511 INF INF 0 INF 442 INF 202 723 321 132 154 193 409 591 693 395 151 689 INF 494 224 747 614 INF INF 709 INF 474 INF INF INF 546 487 INF 271 INF INF INF 141 INF 701
599 INF INF INF 173 INF INF 406 622 689 109 554 748 497 504 69 595 507 478 INF 272 173 232 345 INF 277 151 298 468 534 416 INF 531 INF 222 451 764 INF 365 373 0 INF 761 511 753 705 INF 424 429 99 131 INF INF INF 305 INF INF 737 87 468 688 INF 431 INF 363 112 410 INF INF 97 263 INF 213 658 606 232 123 488
INF INF INF 159 198 INF 482 393 397 240 78 775 INF 763 INF INF INF 392 683 669 665 369 93 139 INF 736 659 96 282 159 220 745 177 124 INF INF 97 INF 763 496 643 0 INF INF INF 582 64 INF 653 579 629 658 93 689 741 712 INF INF 90 INF 137 592 602 136 637 540 145 213 474 615 INF 373 404 INF 594 136 83 764
68 201 481 122 INF 444 648 INF 109 212 INF 270 147 737 305 INF 109 INF 651 404 INF 557 INF INF 333 560 INF INF INF INF 757 244 141 75 596 INF INF INF INF 706 259 550 0 60 651 INF INF 665 571 498 INF 186 544 255 583 204 209 339 450 400 335 474 671 577 INF 353 INF INF 262 INF 568 116 313 445 452 INF 382 145
627 INF 249 686 INF 209 INF 314 301 74 738 632 583 567 706 INF 292 INF INF INF 470 746 83 INF 420 228 519 INF INF INF 270 480 274 687 INF 657 406 INF 131 288 513 638 634 0 123 145 INF 74 773 587 295 601 259 709 INF 367 INF 524 428 639 516 163 711 730 157 346 490 626 INF INF 107 INF INF 357 INF 105 401 INF
INF 428 89 269 INF INF 121 178 522 458 562 311 INF INF 514 544 372 INF INF INF INF 411 105 155 246 INF 387 409 633 INF 426 674 454 376 414 INF INF INF INF 515 776 INF INF 224 0 211 380 584 INF 445 534 580 410 353 INF INF 228 INF 373 379 INF INF 365 536 621 INF 656 694 INF 244 609 INF 219 692 788 686 INF 217
184 591 INF 644 571 INF 77 INF 675 INF 535 300 330 548 546 707 INF 153 476 703 239 272 107 465 369 INF 520 INF INF INF 142 307 504 INF INF INF 539 512 521 84 294 309 675 607 INF 0 478 INF 616 537 763 INF 270 INF INF INF 606 INF 574 INF 700 561 281 INF INF 364 156 INF 460 216 540 717 337 750 362 310 554 463
200 INF INF 458 297 176 514 INF 486 68 310 641 353 INF 506 418 461 INF 750 72 240 737 747 211 INF 137 114 INF 64 232 86 INF 509 476 608 198 243 549 718 529 145 743 138 306 64 739 0 INF 333 INF 565 INF 516 736 90 193 INF 401 INF 510 351 INF 478 666 INF 507 614 253 135 88 126 INF INF 130 INF 464 INF 614
390 707 499 560 INF 64 759 INF INF 476 657 INF 507 INF 681 335 310 477 511 587 154 582 220 225 INF INF INF INF 459 126 INF 234 239 399 234 124 76 175 INF 478 716 339 546 365 INF 652 139 0 INF 311 432 434 469 529 575 208 429 205 55 257 358 729 INF INF INF INF 359 255 399 431 251 346 177 138 INF 496 INF 745
714 INF INF 478 663 96 436 INF 331 729 440 318 443 INF INF INF 693 628 156 106 348 94 INF INF 615 184 325 752 369 437 199 665 436 480 INF INF INF INF 201 INF INF 210 587 INF INF 523 INF INF 0 482 353 373 INF INF INF 444 INF 363 760 INF 119 545 INF 275 INF 397 641 774 712 743 736 755 287 40 300 INF INF 606
INF 716 INF 160 INF 101 INF INF 366 56 439 439 195 INF 303 INF 342 INF 484 INF 614 686 INF INF 617 316 126 555 INF 211 INF 441 83 584 INF INF 585 457 INF 478 611 695 679 581 208 236 84 INF 192 0 INF 660 INF 85 217 73 130 598 INF 631 INF 424 INF 612 381 319 111 612 114 440 INF 681 INF 87 116 INF 460 771
469 INF INF 499 INF INF INF 118 INF 182 INF 567 228 383 INF 644 INF INF INF 683 204 774 446 INF 508 512 274 97 195 564 INF 558 265 135 INF 217 INF INF INF INF 529 676 612 212 532 624 330 367 466 197 0 INF INF INF 78 640 501 INF 69 747 250 INF 567 INF 465 INF 701 542 INF 147 405 278 INF 134 164 72 INF INF
INF INF 160 INF 358 142 522 350 INF 682 INF 400 INF 310 668 646 743 56 434 674 251 INF 496 712 323 477 INF INF 147 INF 712 INF INF INF 56 79 430 INF 640 181 INF 399 580 INF 218 158 612 112 INF INF 135 0 403 767 INF 311 171 INF 434 INF 474 116 430 614 650 491 662 INF 414 668 597 208 406 646 325 649 721 370
507 514 73 INF 57 INF INF INF 446 454 283 530 300 658 INF 307 INF 99 309 269 INF INF 99 610 251 555 761 277 INF 475 444 61 370 266 INF INF 570 538 INF INF 482 INF 491 INF 198 257 INF INF 489 INF 266 414 0 579 139 INF INF 138 387 256 460 710 125 630 237 329 695 INF 297 234 247 475 359 457 167 444 424 INF
INF INF 759 INF 353 500 135 485 179 476 INF 522 146 645 530 INF INF 90 INF 354 363 298 362 718 455 502 545 145 399 89 209 90 159 762 621 INF 640 408 562 204 INF 83 INF 601 441 368 234 414 596 254 738 INF 108 0 223 INF 84 700 110 701 431 INF 290 INF INF 337 295 193 361 386 649 599 77 627 INF 247 625 INF
752 604 322 INF 360 637 361 139 157 INF 287 726 INF INF 618 381 622 419 219 755 470 INF 337 597 528 INF 62 INF 256 INF 511 590 283 762 93 213 INF 209 INF 224 617 223 655 INF 109 INF 152 INF 174 221 INF 425 INF 394 0 312 748 INF INF 366 INF 502 INF 174 306 INF INF 752 INF 319 764 406 212 391 612 202 171 578
INF INF 107 INF 776 75 401 536 INF 669 INF 89 INF INF 327 INF 321 276 250 INF 518 206 366 774 INF 672 644 780 INF 422 775 INF INF 454 314 INF INF 719 441 689 237 600 INF INF 440 676 700 INF INF 679 INF 666 730 197 79 0 630 INF 471 713 INF 341 99 INF 435 INF 194 655 463 528 550 193 778 451 554 616 128 485
INF 439 472 90 710 174 INF INF 601 INF 122 156 INF INF 745 61 549 589 70 748 370 INF 113 INF 611 122 INF 689 INF 112 356 214 96 INF INF 177 618 485 INF INF 596 259 INF INF 170 48 98 193 773 305 INF 761 466 379 INF 262 0 477 382 591 464 582 616 508 655 386 529 INF INF 408 424 INF INF 574 287 545 279 460
487 147 419 556 INF 409 INF 313 INF INF 183 179 614 405 183 498 369 480 316 INF 99 610 INF 540 89 INF INF 573 INF 302 556 767 INF 751 INF 225 57 INF 190 386 INF 638 INF 222 130 INF INF INF INF 112 550 713 667 636 INF 147 482 0 INF 365 INF 155 556 224 724 485 254 489 241 637 721 495 476 571 INF 321 INF 659
537 515 114 354 INF 756 338 689 INF INF INF INF INF INF 632 INF 255 337 INF 84 332 184 483 250 75 276 531 741 230 INF 214 237 506 INF INF INF INF INF INF 505 195 267 INF INF 404 559 238 INF 550 INF INF INF INF 601 INF 198 443 99 0 211 124 159 INF 154 352 INF 397 INF INF 758 INF 634 84 213 216 INF 106 498
487 645 INF INF 260 533 430 777 388 169 466 530 760 INF 207 INF 639 INF 763 INF 540 193 INF 408 INF 339 INF 701 201 177 395 562 210 INF 328 INF 274 368 INF 687 INF 466 INF 655 153 254 642 183 134 315 295 477 485 282 307 626 406 INF INF 0 598 INF 458 INF INF 330 INF 427 INF INF 535 235 INF 312 729 INF INF 401
INF INF INF 624 313 INF INF 737 329 407 200 117 525 591 INF 767 INF 485 358 347 444 INF 583 380 725 751 441 174 65 650 237 773 297 480 INF INF 331 370 INF INF 445 97 INF INF 236 730 259 367 459 518 561 576 205 335 710 541 412 604 59 148 0 621 71 258 587 426 INF 484 546 722 769 INF INF 421 86 460 274 INF
INF 219 470 666 181 165 593 741 360 246 INF 498 223 106 INF 311 63 345 583 INF 214 567 253 659 562 339 449 407 150 770 333 532 511 621 401 INF 621 85 INF 348 631 INF INF 631 329 INF INF 206 305 399 526 INF 458 537 INF 552 188 INF 71 90 715 0 557 585 284 342 756 101 109 304 314 INF 504 465 82 631 INF 117
INF 717 426 480 INF 534 186 132 305 INF INF INF 403 141 706 INF 285 574 727 327 492 INF 702 328 INF 554 396 INF 717 INF 140 467 233 243 613 INF INF 123 224 558 612 547 INF 128 522 447 322 256 183 72 103 INF INF 467 INF INF 380 499 756 158 128 100 0 INF INF 513 146 440 636 290 INF INF 192 INF 701 284 463 INF
INF 741 551 705 534 INF 749 INF 143 226 INF 668 377 765 INF 630 222 315 328 626 INF 773 176 250 80 433 INF INF INF INF 231 521 790 123 271 INF 322 709 610 690 520 740 298 775 157 686 INF 549 470 INF 558 INF 77 594 INF 772 663 307 442 322 INF 535 INF 0 344 222 724 INF 576 305 492 524 INF INF INF 778 INF 362
INF 739 INF 687 INF INF INF 531 166 141 487 383 197 558 660 678 INF INF 82 241 683 143 64 INF 257 114 708 755 229 INF INF 166 132 294 554 595 463 INF 736 INF 659 392 226 376 677 573 INF 279 148 523 211 278 549 719 INF 189 175 546 279 332 INF 239 495 140 0 739 691 75 769 394 80 176 437 INF INF INF 628 487
592 570 316 INF 185 594 562 131 INF INF 281 744 127 530 453 INF 448 275 197 122 297 682 INF INF INF 162 130 169 254 INF 302 445 428 437 INF INF 711 91 344 INF INF 528 INF INF 161 INF 484 318 INF 638 711 INF INF 622 INF INF 508 INF 394 INF INF 717 394 590 INF 0 429 699 352 INF 470 439 172 508 624 327 INF 558
552 317 INF 669 INF 526 608 INF 503 INF INF INF INF 236 162 148 INF 130 386 150 275 411 225 169 594 573 263 186 204 632 85 255 108 259 228 299 127 441 131 775 155 INF INF 272 699 355 350 726 273 470 72 298 INF INF INF 58 634 311 735 INF 219 590 327 779 229 663 0 126 554 INF INF 441 455 469 INF INF 279 666
INF INF INF INF 144 491 181 INF 304 707 206 428 INF 707 180 279 212 INF 696 220 INF INF 425 95 216 INF 680 INF 278 470 INF 682 378 130 INF 437 663 683 409 386 759 432 INF INF 296 498 311 684 INF INF INF INF 300 708 INF 133 346 142 680 561 INF 100 634 576 618 782 INF 0 INF 652 361 110 355 642 651 483 INF INF
429 159 137 521 INF 494 INF 517 180 533 74 86 INF 593 180 INF 780 324 196 105 463 INF 432 343 627 606 484 217 336 400 562 INF 452 464 473 149 409 INF 198 INF 93 616 INF 74 INF INF 360 291 81 630 133 INF 701 INF 594 INF INF 451 INF 284 693 INF 324 94 INF 628 185 370 0 624 218 56 271 326 314 215 557 INF
729 INF 79 150 614 697 70 585 775 508 166 INF INF 221 470 INF 545 515 741 657 INF 126 INF 120 621 INF INF INF 97 575 368 61 INF 132 364 420 590 INF INF 732 157 664 438 311 INF 701 545 628 355 508 696 INF 60 547 INF 161 611 INF 260 INF 661 413 114 111 358 366 467 375 133 0 66 INF INF 397 INF 680 590 INF
751 82 288 INF 239 INF 261 INF INF 178 446 INF 391 672 INF INF 540 INF 543 326 248 193 646 675 700 706 128 694 INF 285 INF INF 567 INF INF 111 637 INF INF INF INF 351 468 INF INF 385 127 INF 380 326 747 699 INF INF 411 193 INF 558 47 303 INF INF 655 496 334 599 674 INF INF 421 0 518 INF 181 767 336 670 664
82 95 INF 312 697 387 INF INF 296 252 193 305 INF 153 525 441 88 INF 276 460 683 INF 78 520 687 69 328 597 602 731 INF 468 95 704 385 506 564 526 401 143 INF 324 INF 608 INF 719 INF INF 444 INF 759 708 746 335 243 INF 620 150 467 INF 470 618 INF 141 408 591 228 INF 315 373 INF 0 630 584 387 INF INF 158
418 INF 126 INF INF 151 586 269 75 329 INF 607 345 373 392 540 376 538 259 300 443 117 455 INF 645 INF INF INF 540 INF 476 687 INF 372 435 724 417 INF 657 INF 454 454 492 INF 426 INF 593 492 383 736 INF 356 224 590 553 287 370 717 684 449 443 INF 704 528 INF 551 537 128 323 INF 186 543 0 INF 478 176 738 INF
490 472 INF 371 595 653 INF 637 380 INF 368 267 INF 247 INF 131 385 304 732 477 431 349 INF 346 468 INF 180 441 650 648 INF 159 305 INF INF 473 377 231 INF INF INF 607 INF 509 599 625 INF INF INF INF INF INF INF 522 INF INF 644 563 INF 227 244 INF INF 346 INF INF 682 77 INF 316 INF 650 INF 0 370 INF 70 INF
INF 634 INF INF 101 80 553 745 341 92 151 201 362 664 INF INF 55 355 390 540 655 INF INF INF 282 101 INF 720 242 INF 526 INF 518 INF INF INF 720 209 421 INF 727 145 INF 532 INF 155 INF INF INF 503 162 306 661 498 INF 474 180 INF 454 INF INF 713 124 610 724 INF 535 INF 196 644 351 INF 288 518 0 INF 375 175
INF 531 283 718 136 173 INF 584 438 INF 484 331 458 722 273 INF 409 568 428 684 711 INF INF INF 541 INF 552 714 695 482 INF 453 365 494 346 454 379 399 INF INF 439 INF 468 119 55 133 623 448 INF INF INF INF 207 558 215 111 299 355 INF INF 303 263 INF INF INF 198 535 INF 143 INF 628 80 INF INF 376 0 700 INF
422 457 558 INF 176 INF 135 INF 350 151 407 262 INF INF 80 771 INF 721 INF 358 467 INF INF 677 INF 169 481 727 332 688 205 INF 262 238 219 192 424 INF INF INF 496 199 739 133 INF 692 218 INF 215 540 696 559 231 INF INF 727 INF INF 504 747 INF 700 INF 587 628 323 447 748 447 INF 650 INF INF INF INF 594 0 INF
INF 679 202 231 155 INF 490 454 INF INF 663 665 INF 148 319 337 597 597 286 493 60 218 INF 631 132 367 468 388 268 385 687 293 91 355 358 INF INF 762 INF 322 638 342 627 284 308 616 309 278 600 INF 762 INF 472 359 708 157 700 507 198 INF INF 446 73 INF INF 485 472 494 357 263 INF INF INF 648 INF INF 758 0
