0 694 521 135 778 INF 363 INF INF 723 INF 166 168 INF INF 492 647 365 481 277 INF 589 330 439 518 650 521 732 321 374 324 653 425 INF 660 443 277 726 229 INF INF INF 543 INF INF 359 290 605 624 INF 97 INF INF 121 159 503 574 INF 298 INF 380 597 251 INF 603 INF INF 111 586 493 556 132 430 INF INF 723 INF 77 659 702 209
58 0 68 570 237 604 535 287 INF 776 486 742 593 INF 162 INF 680 134 140 599 486 70 INF INF INF 198 INF INF 587 630 342 82 772 544 INF 510 INF INF 446 258 162 INF 674 706 561 60 276 614 291 665 INF 181 INF 217 INF 402 280 539 INF 477 INF 371 INF INF 615 751 321 487 INF 772 97 356 267 699 635 558 INF 742 281 721 250
227 384 0 INF 90 391 INF 135 212 INF INF 75 192 136 INF INF 409 272 INF INF 245 150 316 98 INF 302 403 INF INF 454 679 729 134 218 564 235 684 267 INF 775 365 423 678 526 634 655 194 561 INF INF INF 322 INF 370 713 INF INF INF 268 614 416 436 INF 648 INF 459 INF 128 261 INF 614 92 INF 279 251 INF 557 723 255 692 INF
339 293 INF 0 INF INF 200 64 101 214 787 170 522 439 202 INF 516 157 743 232 584 308 INF 773 162 231 INF INF 139 212 660 676 493 255 539 236 756 INF INF 347 INF INF INF INF 665 INF 214 135 279 387 INF 628 INF INF 562 142 678 453 632 104 220 652 658 INF 659 231 363 111 331 INF 617 403 587 INF 118 205 190 INF INF INF 490
162 380 344 721 0 INF 559 502 121 500 133 356 634 751 79 262 573 627 685 564 382 566 339 258 427 93 INF INF 298 410 INF 506 INF INF INF 509 INF INF 617 INF INF 440 524 535 480 129 636 446 INF INF 479 INF INF INF 251 471 INF INF INF 210 550 INF 425 148 232 114 748 307 502 567 418 INF 316 277 703 557 548 425 419 683 INF
560 743 581 INF 472 0 165 456 650 268 INF INF 141 INF 647 119 483 INF 475 529 287 457 INF INF INF 180 INF INF 85 INF INF INF 219 247 INF 503 INF 194 700 93 74 698 150 168 596 488 387 532 502 INF INF 142 245 INF 105 511 INF 667 447 322 702 INF 119 INF INF 769 175 598 713 128 645 714 543 604 INF 525 587 194 158 750 103
311 265 567 215 412 355 0 376 129 678 436 INF 294 266 510 316 625 INF 603 176 422 299 414 53 INF 240 378 581 INF 737 55 120 606 239 666 INF 591 370 681 INF 478 513 INF 668 INF INF 120 63 211 INF INF 516 695 INF 249 541 221 INF 584 529 500 273 612 354 57 74 INF 118 554 278 INF 549 214 INF 156 144 633 583 508 60 INF
701 INF 286 145 335 511 INF 0 INF 709 INF 335 564 INF 783 123 517 338 387 INF 192 729 431 INF 92 518 173 713 INF 557 401 746 575 581 254 INF 471 532 359 575 INF 606 99 757 543 INF INF 581 392 INF 121 517 197 INF INF 292 637 INF 721 INF INF 203 568 398 480 322 720 360 509 645 192 371 427 235 658 745 409 INF INF 425 247
725 INF INF 761 648 INF 304 678 0 651 779 255 743 356 INF 244 378 INF 404 438 588 582 494 640 360 289 659 303 INF 482 INF 740 541 300 173 INF 514 246 130 655 753 440 528 293 521 430 INF 337 247 460 INF 125 INF 141 257 664 INF INF 232 INF 604 229 INF 130 638 579 715 INF INF 161 INF INF 478 676 575 245 INF 236 523 633 INF
493 455 453 276 INF 146 443 504 INF 0 INF INF 670 INF INF 246 146 268 592 209 INF INF 663 744 INF INF 559 INF 608 380 604 INF 355 765 619 INF 653 763 INF INF 109 INF 729 INF 740 397 688 INF INF 299 269 INF 756 306 694 INF INF 223 INF 571 INF 291 INF 331 202 665 399 INF INF 770 501 568 INF 243 INF 684 182 390 220 467 288
INF 107 462 INF 252 INF INF INF 639 561 0 465 270 598 INF 627 397 INF INF 757 INF 364 559 INF 728 372 INF 446 200 305 618 750 99 INF INF 325 INF 142 505 714 358 379 607 452 INF 247 159 173 214 590 191 INF 217 747 129 312 INF 229 INF 283 439 INF 557 420 INF 288 246 INF 109 661 460 190 451 128 470 INF INF 510 605 248 259
678 63 80 483 215 INF 751 INF 172 701 457 0 80 740 711 94 370 594 306 INF 72 591 159 INF 179 INF INF 418 INF INF 327 272 INF 506 INF 723 287 714 239 166 273 401 INF INF 646 370 432 791 436 457 INF INF 604 INF 138 754 INF INF 677 629 330 INF 398 574 589 131 107 INF INF 724 196 780 INF 536 542 306 415 235 433 285 116
551 757 212 498 300 287 INF 318 INF 376 104 145 0 204 363 INF 349 116 INF INF 242 259 93 INF 413 INF INF INF 592 319 INF 307 544 107 99 371 508 220 592 581 715 INF INF 415 INF INF 436 582 433 573 INF 61 560 INF 238 760 INF INF 94 564 INF 245 INF INF 269 190 758 INF INF 167 INF 137 98 517 127 461 INF 624 318 INF INF
INF 413 390 415 INF 273 577 619 539 59 INF 739 711 0 636 INF 78 INF INF INF 662 426 104 INF 631 718 INF INF 359 382 307 138 INF 548 358 INF 436 INF 531 93 664 635 INF 416 244 715 560 505 202 456 INF INF INF 502 76 INF 155 INF INF 517 592 272 253 INF 664 643 216 309 INF 400 766 87 INF INF 423 166 INF 391 INF 118 470
762 588 384 INF INF INF 546 INF 554 755 INF 201 169 487 0 178 301 340 222 INF INF 655 INF 680 INF INF 756 430 INF INF 220 INF INF INF 614 772 392 INF 119 INF 132 586 663 597 155 688 585 782 635 601 INF 285 604 605 309 585 462 618 340 124 INF 689 INF INF INF INF 383 INF 552 462 584 INF 419 INF INF 616 INF 383 546 INF 728
668 569 266 313 450 INF 107 113 91 102 637 704 153 80 698 0 INF INF 521 INF 384 574 653 656 629 504 713 464 192 INF 354 485 631 453 474 INF 686 164 349 422 INF 410 433 INF INF 132 777 INF 175 177 551 367 516 353 676 568 85 INF 150 INF 342 507 412 168 700 INF 93 701 545 451 241 439 217 433 478 INF 683 INF 737 INF INF
662 476 INF 766 751 INF INF 576 792 647 536 INF 135 INF 170 578 0 INF INF INF INF 348 205 143 702 512 INF 126 102 249 INF INF 354 309 INF INF INF 300 INF 111 662 573 742 182 204 INF 560 INF 252 INF INF INF 548 409 692 INF 153 INF 681 389 431 253 116 INF 756 568 INF INF 699 585 604 449 INF INF INF 565 482 659 763 472 INF
660 501 329 595 535 278 474 158 127 157 742 642 652 754 INF 103 INF 0 609 453 322 INF 603 175 INF 571 342 126 INF 574 329 706 601 449 117 330 103 646 153 INF 509 INF 766 INF 599 141 308 INF 439 INF 415 766 572 400 454 72 187 326 INF INF 326 363 749 567 INF 275 INF 686 188 749 745 721 581 562 INF INF INF INF INF 558 348
346 161 534 565 450 110 INF INF INF 495 INF INF 669 733 760 INF 150 INF 0 516 168 396 328 325 INF 735 454 372 282 131 552 504 329 694 513 612 642 502 335 63 693 INF 422 INF 384 INF INF 262 348 569 INF INF 353 INF INF 622 159 627 137 INF INF 433 653 334 183 565 744 678 314 INF INF 143 INF 478 516 107 122 159 315 265 771
663 512 61 203 333 INF 734 479 INF 193 INF INF INF INF 542 700 354 695 526 0 416 734 556 414 449 208 215 254 INF 637 168 558 INF 285 442 747 217 INF 117 INF 94 612 373 502 98 INF INF 236 304 673 350 INF 395 INF 264 571 699 INF 130 209 171 INF 317 684 INF 359 502 583 298 296 380 570 INF INF 445 INF 190 180 177 733 INF
287 INF 456 610 508 INF 328 220 579 INF 179 659 108 423 INF 212 INF INF 377 637 0 INF INF 441 492 INF 252 352 478 519 184 INF 449 120 203 148 209 255 INF INF 584 INF INF INF 571 459 282 689 INF INF 773 574 242 60 352 744 669 746 231 INF 641 INF 90 INF INF 490 226 156 414 458 INF INF 486 670 106 479 779 INF 655 INF 396
466 796 104 606 163 INF INF INF 633 723 506 INF 559 580 INF 443 INF 644 INF 453 649 0 661 740 INF INF 267 INF 428 142 272 INF INF 746 664 230 121 108 594 743 394 772 543 201 236 83 522 INF INF INF INF 366 738 INF 573 621 187 293 234 479 INF 599 461 590 663 INF INF 516 INF 171 390 INF 309 INF 276 INF 520 INF INF 238 INF
753 236 INF 217 INF 491 479 309 77 374 510 627 321 234 461 INF 171 385 612 520 340 46 0 666 528 364 76 374 68 45 738 261 INF INF 61 524 399 435 395 383 INF 91 INF 292 601 369 496 INF INF 479 571 554 669 INF 463 201 649 402 191 748 INF INF 143 725 INF INF INF 374 421 535 INF INF 434 654 310 574 493 INF INF INF 341
103 110 520 INF 701 640 382 281 INF 301 INF INF 141 261 81 INF 752 INF INF 689 INF 55 INF 0 664 INF INF INF 246 INF INF INF 746 448 565 201 555 INF 436 575 INF 175 INF 263 INF 729 586 532 INF 723 INF 150 613 266 67 729 INF 583 269 156 INF 633 INF 594 125 432 626 205 751 688 82 174 INF 445 INF 598 226 70 INF INF INF
332 664 INF 277 336 INF INF 310 541 366 70 423 INF INF 293 INF 69 570 INF INF INF 337 201 INF 0 INF 744 235 655 INF 97 559 464 221 402 INF 597 INF INF 529 INF 102 76 473 452 724 INF 300 754 INF 665 INF 314 INF 62 516 515 INF INF 529 362 INF 224 555 212 INF 255 INF 122 INF INF INF INF 393 342 503 425 INF 202 87 776
681 INF 633 INF 399 372 INF 462 745 406 INF 87 INF INF 496 638 706 610 549 559 693 INF INF INF INF 0 541 INF 584 INF 588 278 INF 737 INF 248 491 587 416 605 89 402 INF 238 570 INF 648 521 120 647 515 165 644 719 275 606 291 721 INF 512 INF 500 603 705 INF 673 735 INF 439 478 219 179 248 773 INF 78 560 150 INF 71 343
572 571 536 702 223 346 407 108 323 672 INF 461 108 95 323 677 671 495 INF INF 555 104 319 INF 272 415 0 INF 129 368 423 558 173 103 692 187 561 398 191 438 291 INF 544 425 INF 140 366 186 544 INF 490 422 681 INF 279 659 197 124 INF INF 252 223 INF 84 575 271 737 150 INF 406 554 495 203 665 712 725 190 230 697 INF 649
INF 690 743 766 249 275 141 INF 326 675 370 95 723 INF 433 157 453 354 507 468 INF INF 648 157 691 424 INF 0 126 INF INF 385 82 656 631 INF INF 467 194 INF INF INF 657 INF INF INF 767 INF 766 268 622 74 504 649 777 INF 80 125 INF INF 456 INF 200 INF 125 282 724 INF 96 483 731 706 657 229 339 311 313 640 224 229 258
INF 218 749 77 785 741 178 INF 215 494 519 546 596 547 442 125 372 INF 164 748 INF 415 INF INF INF INF 348 693 0 259 233 INF 187 682 323 INF 498 649 307 335 540 443 281 INF 624 119 INF 390 651 355 383 INF 528 INF 480 391 INF 80 488 316 784 712 INF INF INF 335 INF INF 310 701 84 INF 98 476 INF 499 659 613 INF 589 688
INF 178 197 480 544 INF 428 314 273 68 715 119 INF INF 376 371 298 305 761 293 570 INF INF 770 716 127 177 228 564 0 82 INF 65 612 INF INF 727 592 266 665 INF INF 297 INF INF 309 INF 570 327 211 687 291 INF 578 INF INF 160 654 344 239 INF 624 INF 261 710 208 INF 360 417 668 INF INF 152 319 145 68 684 INF 573 610 INF
754 388 316 670 INF 691 257 452 INF 293 627 INF 649 442 331 INF 385 321 568 344 342 INF 246 285 72 INF INF 248 504 388 0 INF 93 203 331 584 281 264 610 INF INF 455 INF 109 INF 79 250 INF 221 INF INF 316 599 657 422 404 INF 68 149 62 INF 517 INF INF 61 392 257 131 INF 619 INF 185 498 333 200 306 164 387 414 INF 726
324 INF INF INF 171 436 350 156 INF 600 649 457 623 INF 637 272 84 469 INF 193 INF INF 322 INF 515 137 INF 434 INF 589 INF 0 INF 55 INF INF 171 352 INF INF INF INF 529 162 95 430 111 INF 452 INF 343 INF 618 479 291 INF 308 671 INF INF 185 INF INF INF 222 192 526 INF INF 504 461 79 INF 738 INF INF INF 512 109 557 203
432 479 361 534 INF INF 56 563 INF INF 550 602 99 400 437 671 641 527 119 544 571 759 618 454 495 INF 702 627 INF 92 INF 499 0 221 392 745 605 718 712 INF INF INF 76 694 INF 537 343 652 136 370 552 565 86 553 INF INF 522 INF 292 173 INF 641 INF 236 729 77 499 697 385 470 INF 679 348 699 342 73 INF 340 INF 721 439
476 663 122 322 502 756 212 135 INF 569 INF 218 272 INF 510 590 363 150 254 126 INF INF INF INF INF 607 66 318 286 668 186 621 453 0 200 525 133 295 INF 324 INF 651 423 316 533 INF INF INF 741 190 204 600 255 355 453 412 95 623 198 741 153 124 528 INF 343 208 502 524 518 441 435 728 INF INF 740 INF INF 678 193 741 332
639 744 INF 631 506 INF 227 646 INF 249 INF INF 241 INF 601 450 646 680 143 378 129 217 INF 521 INF INF 131 354 INF 167 726 479 106 350 0 INF 504 INF 506 INF INF 185 90 407 170 538 424 INF 323 404 649 388 INF 292 535 640 304 407 274 73 INF 727 INF 171 289 57 358 324 267 369 313 716 261 INF 788 168 INF 510 324 INF INF
INF INF INF 735 INF 223 398 69 654 INF 386 INF INF 658 237 INF 720 281 582 INF 389 125 INF 302 663 646 INF INF 179 INF 65 INF 83 313 685 0 INF 280 INF 560 INF 493 INF 196 745 412 760 588 166 173 INF 613 520 INF 129 INF 65 149 326 INF 674 INF INF INF 534 752 INF 599 178 INF INF 461 540 INF INF INF 672 561 463 INF INF
INF 636 446 INF 280 71 415 668 223 125 355 INF 617 629 244 224 INF INF 237 399 INF 413 747 786 488 469 428 588 INF INF 682 285 147 INF 473 378 0 501 461 524 670 281 INF 603 680 684 INF INF INF 136 676 401 579 512 233 127 738 633 745 448 613 553 612 404 505 335 INF 109 75 INF 89 330 INF INF INF INF INF INF 404 INF 321
329 INF INF INF 142 INF 164 604 405 112 101 INF 529 593 276 386 559 INF INF 72 643 INF 452 772 634 431 667 120 472 INF 478 INF 146 INF INF INF 314 0 453 365 293 141 633 547 INF 173 INF 480 555 376 INF INF 323 699 INF 682 INF 640 544 423 113 647 323 267 INF 519 314 750 443 456 485 INF INF 108 75 615 INF 158 INF 339 110
528 529 541 557 INF 594 687 INF INF 763 277 458 133 363 INF 380 540 691 419 305 450 318 605 INF INF INF INF 399 INF 292 INF 685 549 83 469 606 572 291 0 87 308 114 INF 365 INF 375 724 236 INF INF 660 152 264 248 INF 612 695 412 694 408 INF 420 481 INF 366 INF INF 104 INF 318 122 INF 235 164 631 INF 515 123 375 INF 619
INF 140 INF INF 190 364 INF 56 136 241 131 INF 679 INF 567 689 INF INF INF INF 745 714 728 724 383 INF INF INF INF INF 158 281 365 611 316 488 179 226 INF 0 161 259 456 450 574 INF 645 348 INF 669 INF 696 578 117 662 INF 488 471 258 128 261 645 404 612 INF INF 307 346 INF 313 495 INF 554 195 INF INF 265 61 752 654 417
727 763 451 117 INF 411 INF INF INF 460 INF INF 539 478 300 358 77 60 243 INF 209 INF 210 131 174 331 INF 524 634 447 INF INF INF INF 746 625 531 INF INF INF 0 INF 141 INF 121 370 INF 518 620 INF INF 239 513 685 365 320 490 117 71 INF 516 346 INF INF INF INF 524 745 INF INF 239 338 267 705 175 INF 781 787 448 706 INF
279 INF 734 INF INF 185 236 290 707 518 733 INF 358 390 252 65 INF 391 INF 767 166 615 744 INF 722 713 INF 655 207 INF 117 438 162 253 653 396 225 107 569 INF INF 0 706 INF INF 423 125 593 299 185 250 686 568 INF INF 434 528 84 INF 198 449 602 637 223 202 255 INF 613 460 488 103 450 415 153 54 352 INF 98 225 INF 385
INF INF 527 INF 455 78 339 661 INF 72 321 146 236 429 132 INF 571 INF 348 67 INF 221 92 INF INF 149 278 INF 203 206 324 383 INF 461 INF 129 617 INF 664 501 INF 339 0 INF 329 564 213 INF 61 INF 685 INF INF INF INF 259 145 INF 236 609 611 387 749 738 264 INF 264 INF 155 122 INF 155 629 INF 740 476 INF 332 INF INF INF
271 354 126 372 239 INF 603 287 416 662 588 450 727 70 54 113 534 INF 383 136 INF INF INF 726 508 78 374 INF 341 372 INF 300 INF 257 247 104 237 719 429 INF 329 373 629 0 369 691 619 INF 376 176 INF 497 433 INF 146 INF 158 328 691 200 445 322 329 497 INF 332 344 688 574 114 INF INF INF 437 467 734 INF INF 587 775 109
348 INF 211 573 744 366 INF 93 656 735 INF 404 728 312 INF 149 297 INF 151 INF 168 731 444 429 652 144 770 123 INF 571 444 723 INF 568 INF INF 321 170 INF 87 INF 209 367 349 0 INF 122 478 74 INF 470 590 511 INF 602 INF INF 366 INF 129 INF INF 173 72 736 652 66 75 INF 764 659 152 215 657 132 231 INF 422 250 664 276
747 561 428 442 703 INF 448 387 632 648 767 618 601 754 558 390 INF 626 INF 458 239 582 INF 260 460 314 INF INF 372 637 227 INF 497 INF 481 INF 295 INF INF 68 526 INF 316 INF INF 0 INF INF 530 124 INF INF 514 77 INF 344 INF INF 582 INF 370 306 INF INF 693 INF INF 776 704 574 INF 303 345 351 INF INF 148 432 408 750 97
INF 497 INF 137 624 INF 738 242 356 339 393 67 142 INF 280 INF 199 128 INF 481 44 320 INF 437 INF 752 591 524 372 126 309 254 615 449 INF 119 348 INF INF 320 98 634 392 260 166 INF 0 770 611 INF 644 737 551 633 443 88 741 260 INF 176 386 INF INF 329 128 479 INF INF INF 587 195 439 456 162 INF 425 INF INF 231 195 540
106 147 75 414 INF INF INF 515 701 72 INF 396 710 INF 458 650 636 663 490 235 631 596 INF 559 679 378 604 334 INF 209 249 336 149 642 INF INF INF 753 INF 685 INF 399 434 200 528 495 698 0 INF 554 433 361 583 471 173 330 419 580 INF 766 248 INF INF 241 477 INF 442 310 INF INF 613 554 702 413 INF INF 240 698 INF 138 INF
INF INF 475 INF INF 122 366 INF INF 580 638 295 61 INF INF 312 500 720 554 236 104 510 209 409 INF 584 221 603 588 614 526 INF 189 115 INF INF 649 75 301 545 408 84 INF 250 590 100 582 437 0 INF 390 INF 778 777 INF 91 INF INF 475 INF 666 419 INF 602 400 453 103 609 289 300 121 474 INF 351 709 287 302 INF INF 747 INF
451 738 742 500 INF INF 269 553 497 139 379 INF 307 INF INF 341 66 189 INF INF 224 INF INF 224 76 242 INF 292 INF 157 468 INF INF 645 106 INF INF 459 598 INF 133 400 INF 412 INF 167 INF 53 490 0 114 167 607 296 INF INF 184 INF INF INF INF 93 363 INF 284 354 INF INF INF INF INF INF INF INF INF 520 672 727 142 INF 437
609 INF 681 594 INF 80 INF 521 313 326 INF 790 475 663 63 453 INF 200 INF 370 270 422 393 237 515 INF INF 789 INF 227 321 349 284 769 INF INF 144 155 745 465 INF 254 619 281 731 758 173 480 193 INF 0 INF 673 INF INF 668 INF 385 INF 113 763 INF 720 728 92 93 249 114 575 INF 303 INF 626 INF 231 550 507 466 544 762 204
INF 551 759 264 237 222 INF 752 79 INF 234 142 191 481 INF 649 285 680 89 293 INF 90 114 INF 239 634 512 613 168 INF 157 145 INF 389 328 INF 690 642 INF 525 INF 713 81 604 69 632 315 231 650 287 680 0 INF INF INF INF INF 771 110 252 264 INF INF 635 INF 693 686 715 382 627 INF 339 INF 678 132 380 693 777 364 INF 419
INF 266 705 625 134 INF 464 61 INF 292 303 648 INF INF 74 156 279 108 724 198 INF 245 679 94 INF 129 457 INF 473 179 INF INF 455 575 587 64 196 491 619 INF 705 96 INF 682 347 INF INF INF 326 INF 364 INF 0 236 633 INF 527 220 180 INF 679 195 33 INF 457 114 668 INF INF INF 536 747 682 INF INF INF INF INF 632 INF 725
INF 639 754 INF 571 INF 507 INF 401 324 117 255 211 752 85 214 677 185 INF 614 264 358 INF 309 187 619 INF 640 INF INF INF 396 691 719 180 63 242 475 178 607 610 INF INF INF 488 360 597 737 INF 548 697 515 380 0 347 INF 436 415 INF INF 672 82 626 INF INF 91 759 119 INF INF 642 INF 147 212 700 56 INF 537 727 101 133
336 535 408 719 360 INF 455 176 507 472 611 205 INF 277 705 INF 275 350 531 233 384 399 344 INF 639 INF 613 747 INF 772 710 INF INF 365 INF 646 206 84 181 754 503 INF INF 763 152 INF 749 INF INF 470 INF 465 INF INF 0 693 437 227 INF 773 INF 556 699 582 INF INF INF 261 506 340 439 INF INF 732 407 298 609 INF INF INF 573
60 351 326 INF 91 159 INF 634 342 286 547 331 307 317 366 INF 584 INF 488 577 692 INF 520 306 200 INF INF 396 INF INF 435 365 INF 322 565 INF INF 329 46 151 521 INF 105 649 342 349 563 INF 388 122 648 660 268 676 INF 0 196 716 INF INF INF 223 INF INF 449 236 434 293 548 INF 448 427 138 150 205 670 INF INF INF 512 467
765 INF 782 539 383 727 106 161 INF INF 369 INF 504 INF 173 349 644 INF 235 477 535 290 429 418 INF 463 414 237 INF INF 77 553 421 570 526 286 INF 745 INF 194 234 584 546 348 INF INF INF INF 537 96 170 259 INF INF 158 INF 0 INF 387 713 428 INF 488 479 INF INF 757 75 585 310 527 678 312 544 109 116 287 599 INF 250 99
154 418 INF 402 793 158 489 347 INF 101 INF 677 INF 748 729 198 136 INF 388 INF 663 INF 557 256 INF 442 568 537 495 424 498 181 INF 354 774 649 INF 659 298 INF INF INF 720 775 INF 391 547 501 INF 392 142 INF 399 INF 570 620 394 0 INF 658 INF 470 INF 618 INF 118 INF 191 504 INF INF 598 189 355 129 626 75 394 260 INF 363
735 INF INF 81 INF 262 INF 762 576 362 287 INF 607 768 542 INF INF INF 698 INF INF 708 250 427 232 450 390 556 345 108 INF INF 310 672 INF INF INF INF 73 750 INF INF 650 454 261 84 437 768 INF 674 278 INF 187 333 720 749 213 144 0 INF INF 209 INF 374 46 258 INF 757 682 INF INF 292 480 681 307 655 INF INF 240 441 615
337 455 139 666 614 631 701 123 538 504 547 78 747 505 745 99 413 409 203 467 268 254 188 436 INF 552 693 INF INF 639 564 INF 303 734 432 441 INF 259 721 INF 271 INF 552 161 INF INF 348 290 570 95 INF 334 INF 260 522 598 453 INF 178 0 624 442 INF INF 223 340 221 665 INF INF 581 519 INF 752 INF 776 764 359 INF 79 773
INF 305 220 207 426 737 690 345 562 INF 201 196 INF 73 154 694 INF 562 191 181 213 606 INF 597 INF INF 78 INF 768 762 230 INF INF INF 64 343 INF 669 271 629 INF 515 635 INF INF 223 INF 655 204 216 186 INF 151 766 57 488 INF INF 114 321 0 565 287 444 256 91 328 INF 245 542 INF INF INF 572 208 361 INF 68 INF INF INF
623 INF 695 223 731 INF 504 423 380 113 INF 497 401 INF 133 597 503 292 319 INF 218 110 244 161 704 567 INF 534 760 226 375 330 323 679 613 512 INF 762 INF 75 780 418 109 66 79 561 782 458 305 515 INF 405 302 161 88 210 INF 81 379 INF INF 0 186 699 278 476 136 INF INF 494 718 256 670 149 642 INF INF 548 INF INF 599
622 85 770 469 294 INF 360 503 INF INF 631 744 741 INF 268 INF 511 356 84 INF 246 323 291 205 506 286 346 177 582 85 INF 551 632 INF 673 INF 690 283 328 156 INF 686 INF 398 692 INF 360 726 INF 687 108 208 604 728 255 80 434 705 229 INF 126 243 0 496 INF 476 256 325 434 682 INF 565 306 596 79 149 506 449 209 INF INF
722 652 351 137 344 546 223 272 INF 284 INF 519 184 405 INF 529 INF 110 611 456 102 INF 633 451 INF 381 348 INF 774 INF INF 209 147 INF 485 87 490 646 INF 649 INF 597 179 711 83 370 INF 742 120 164 INF 439 88 702 487 INF 629 469 755 INF INF INF INF 0 INF 738 658 76 582 INF 650 542 INF 266 493 531 756 266 403 111 690
305 600 555 524 235 702 479 383 224 INF 468 637 584 INF INF 746 INF 191 INF 422 217 377 294 549 179 INF INF 170 220 675 763 393 312 528 664 533 763 INF 185 673 588 278 683 433 251 INF 635 300 INF 272 604 INF INF 485 435 INF INF 61 138 INF INF INF 632 INF 0 147 480 INF 532 INF INF INF INF 744 216 439 108 779 INF INF INF
221 INF INF 450 522 266 INF 297 570 337 226 INF INF INF 258 451 INF 520 346 206 INF 747 190 467 392 483 129 344 INF 678 514 742 INF 698 750 654 102 INF INF INF 702 647 554 575 181 135 INF 762 INF INF 480 182 INF 388 759 406 230 411 INF 468 82 INF INF 580 688 0 171 INF INF INF 589 255 INF 92 94 664 INF 300 INF 209 689
INF 258 253 62 568 155 INF 616 402 512 147 353 INF 283 103 334 INF 587 554 610 377 480 234 INF INF 457 INF INF 214 694 INF INF 765 416 INF 711 193 54 INF 612 194 INF INF 213 INF 387 INF 226 INF 501 320 INF INF 93 468 INF INF 442 428 743 INF INF 67 534 184 539 0 INF 402 396 346 355 424 228 172 686 554 INF 684 220 INF
INF 318 81 INF 646 272 206 INF INF 740 486 INF INF 162 148 INF 283 INF INF INF 670 515 INF 490 718 INF INF 769 213 446 402 536 563 490 INF 169 INF 686 434 496 723 718 INF INF 270 237 169 139 681 INF 725 671 672 INF INF INF 572 572 INF 288 57 297 466 711 701 609 308 0 INF INF 720 748 519 128 INF INF 131 INF 486 333 288
INF 102 INF 171 INF 324 367 64 264 INF 631 INF 235 162 INF 295 66 317 493 657 504 715 638 781 111 INF 742 INF 251 215 253 520 INF 317 635 237 INF 270 772 395 599 234 235 INF INF INF INF 357 71 189 676 262 97 539 INF 294 758 236 89 INF 296 INF INF 566 542 488 INF 199 0 672 INF 366 706 378 INF INF 230 INF INF 258 196
279 197 90 INF INF 230 INF 593 493 INF 728 659 551 141 394 385 698 534 INF 705 686 INF 769 INF INF 105 316 261 100 INF INF 69 323 INF 786 762 495 673 INF 686 INF 476 188 INF 497 INF 639 672 652 355 744 299 325 191 INF INF 726 687 INF 553 140 607 320 474 695 INF 784 396 76 0 557 618 643 INF 535 714 543 551 INF INF INF
379 INF 281 INF 364 INF INF 397 618 337 INF 112 531 625 INF 767 321 745 422 437 412 INF 748 263 459 INF 411 84 535 728 527 330 610 INF INF INF INF 198 763 553 INF INF INF 672 267 INF 277 719 INF 480 565 INF 88 424 INF 536 100 389 302 340 INF INF INF 682 656 548 430 INF 741 565 0 673 333 INF 90 INF INF 161 766 335 499
681 478 390 INF 96 654 INF 482 635 291 119 INF INF 486 641 665 466 312 INF INF 408 214 181 119 729 217 414 416 644 638 209 INF 352 147 338 INF INF 388 INF 407 101 653 414 398 608 670 616 INF 631 765 450 INF 487 438 509 497 292 456 231 428 500 131 712 553 INF 716 520 443 678 347 514 0 677 INF 304 INF 169 364 764 514 INF
252 243 109 391 451 INF 602 571 188 324 282 205 INF INF 167 239 191 INF 267 98 INF 192 651 INF 258 550 431 667 242 564 118 293 INF INF 516 152 INF INF 559 555 718 235 490 533 INF INF 438 221 720 744 INF 756 82 563 482 474 INF 572 INF 567 622 354 INF 240 INF 131 169 61 INF 672 726 188 0 570 INF INF INF INF INF 120 686
399 771 214 INF 350 191 428 692 INF 389 488 434 INF 228 579 699 75 448 INF 268 40 677 657 INF 58 601 105 INF 173 619 189 400 123 269 138 120 INF INF 122 763 INF 207 769 86 INF 198 342 INF 181 INF INF 123 210 573 570 INF 71 INF INF 293 219 472 498 INF 103 156 INF 706 INF 166 INF 583 722 0 INF 774 427 INF 600 INF INF
INF 72 INF 720 426 INF INF INF INF 739 INF 218 INF 391 560 175 INF 430 184 INF 501 INF 297 610 186 226 269 712 563 INF 729 INF 74 INF 653 INF 166 INF 138 551 468 113 408 73 712 50 532 121 150 INF 204 357 473 732 333 427 109 391 INF 640 397 609 661 409 606 719 686 649 704 315 432 227 680 INF 0 508 INF INF 312 227 INF
INF INF 699 468 732 199 483 INF INF 244 INF INF 469 INF 238 248 455 478 INF INF 521 669 INF 477 134 INF INF 201 430 750 322 68 220 462 547 402 350 571 482 INF 720 669 INF 537 170 624 651 INF 445 179 326 INF 274 653 229 568 467 72 761 365 INF 459 546 INF 670 63 305 240 321 172 706 374 INF INF 657 0 187 453 758 711 313
236 690 112 231 675 508 574 548 INF 237 306 713 489 743 358 INF 180 INF 752 455 312 363 727 INF 101 764 474 113 597 INF INF 117 752 758 587 INF 713 611 119 659 342 INF 757 570 665 150 456 INF 199 INF 704 INF 239 INF INF 226 INF 108 98 378 538 767 502 INF INF 301 572 634 473 265 83 302 617 710 646 756 0 118 405 674 297
INF INF 192 464 INF INF 385 585 689 298 335 749 INF 325 INF INF 743 568 INF INF 509 INF 228 INF INF INF 291 233 440 512 246 INF 612 INF 725 144 INF INF 562 319 484 533 75 502 INF INF 767 543 176 624 752 224 INF 425 561 INF 503 INF 399 66 INF 728 INF 392 311 524 92 332 INF 572 652 566 391 94 616 560 INF 0 INF INF INF
368 124 236 INF 579 414 199 82 383 697 661 INF 112 244 137 580 734 698 INF 398 77 INF 703 150 333 453 631 INF 752 497 589 206 280 583 INF 291 INF INF INF 338 INF 355 INF 224 129 323 198 253 INF 121 333 208 229 84 749 INF 625 INF INF 531 472 724 492 INF 454 INF 89 INF 594 555 555 INF 370 INF 343 288 436 622 0 557 INF
301 592 52 INF 679 423 INF INF 451 379 167 754 INF 304 72 290 199 587 354 406 577 271 708 502 91 744 641 73 550 510 468 INF INF 527 INF 487 INF 708 328 INF INF INF 151 615 494 641 461 INF 59 670 INF 137 411 203 INF 481 INF 387 INF 204 INF INF 539 INF 655 682 95 418 INF 545 523 357 489 449 523 445 299 272 281 0 604
697 INF 662 INF INF 255 136 643 INF INF 736 77 454 INF 190 INF INF 186 INF INF 347 INF INF 451 331 INF 48 443 511 INF 282 559 210 INF 664 226 INF INF INF 523 INF 423 INF 173 388 343 INF 90 719 545 INF INF 272 487 464 INF 420 INF 405 54 INF 757 INF 250 540 INF 636 INF 138 296 291 105 525 INF 491 INF 313 495 45 INF 0
