0 INF 469 552 380 254 INF 674 86 INF 771 INF 247 409 583 447 607 683 542 392 656 INF 753 453 203 INF INF 622 385 442 485 747 174 664 737 INF 483 427 INF INF INF 107 100 74 262 376 523 INF INF 455 INF 226 603 109 381 INF 165 711 735 612
475 0 INF INF 483 742 743 331 651 INF 216 INF 639 263 182 719 188 340 INF 550 657 185 INF 583 191 550 INF 439 INF 684 INF INF 153 INF 475 440 504 704 INF 393 654 514 661 751 INF INF 706 71 631 INF 59 650 INF 728 381 469 227 INF INF 766
INF 445 0 INF 74 431 581 469 199 660 572 INF 122 540 INF 391 725 INF INF INF INF INF 154 INF 510 715 INF 381 INF 486 INF 273 562 152 402 INF 94 436 780 201 392 761 481 333 242 700 67 335 716 219 747 70 624 573 INF 115 97 INF 456 435
221 INF 519 0 INF 454 312 359 636 216 INF INF 408 319 599 INF 99 INF 202 750 INF 63 INF INF 529 INF 596 INF 108 185 INF 649 160 205 381 525 59 191 INF 89 INF 583 91 248 INF 129 76 509 379 769 752 INF 272 INF 373 INF 683 460 522 731
509 571 76 112 0 INF 70 INF INF 120 INF 310 265 107 277 729 INF 547 694 INF 499 682 702 INF 668 INF 402 406 INF 484 246 324 756 760 INF INF INF 155 170 569 INF 370 288 627 95 84 INF 146 INF 205 747 563 526 553 683 INF 230 670 282 527
84 766 INF 347 262 0 INF 347 INF 566 738 743 INF 419 262 INF 244 150 639 364 425 INF INF 417 144 610 494 182 182 153 714 429 575 INF 363 229 505 86 251 115 INF 214 220 INF 730 INF 531 687 INF 61 INF 292 763 INF 506 695 349 INF 114 675
664 INF 93 442 401 254 0 691 87 90 452 356 349 201 581 194 762 760 120 522 INF 397 353 673 255 709 114 INF INF 734 INF 631 690 608 721 INF 604 431 INF 392 225 500 INF 556 455 743 402 INF 740 INF 386 749 685 490 555 555 751 728 INF 387
609 689 INF 619 336 406 INF 0 INF INF 557 643 343 351 623 672 663 565 INF INF INF INF INF 172 707 710 324 INF 222 244 146 INF 429 109 397 713 284 448 136 219 503 INF INF 366 357 272 710 216 INF INF INF INF INF INF INF 423 INF 605 528 620
144 722 654 INF 120 131 743 635 0 161 197 INF 724 284 INF INF 305 INF INF 253 567 308 267 275 136 INF 260 56 556 INF INF 370 498 INF INF INF 44 182 185 INF INF 647 789 192 483 305 INF 313 563 INF 328 INF 758 INF INF INF INF INF 120 445
INF 669 599 746 746 632 INF 204 728 0 INF 335 584 646 INF INF INF 570 526 INF 694 529 506 627 INF INF 447 128 327 141 INF 119 356 76 624 INF 297 132 638 INF 672 83 352 594 675 701 423 INF 656 415 597 INF 358 INF INF 233 INF 589 512 INF
721 267 125 28 446 378 404 488 256 146 0 INF 635 713 364 INF 529 661 INF INF 343 316 INF 455 662 INF 370 INF INF 65 INF INF INF 198 354 INF INF 404 570 765 275 INF 645 INF 544 INF 78 186 555 533 INF INF 541 558 INF 68 INF INF 722 57
677 674 INF 718 689 557 96 244 649 597 INF 0 367 INF 186 INF 604 INF 221 649 200 368 536 724 763 216 INF INF 222 INF 506 333 436 78 INF 499 559 119 646 162 INF INF INF INF 123 INF 167 80 732 INF 169 86 675 INF 204 INF INF 459 297 INF
INF 423 INF INF INF 485 INF 340 295 INF 121 506 0 INF 135 433 714 322 INF 314 657 191 374 INF 308 378 INF 638 255 241 302 728 579 730 620 457 659 120 563 INF INF 548 INF 694 211 INF 408 INF 575 INF INF 235 132 INF 63 484 702 INF 273 INF
340 INF 338 653 169 701 137 132 98 305 77 99 INF 0 179 148 485 80 439 65 323 INF INF INF 143 INF 377 466 699 INF 598 445 221 INF 522 436 652 692 496 INF 212 473 577 500 INF 76 372 524 INF INF INF 614 INF 73 704 389 INF 363 INF 208
102 INF 545 463 87 699 343 720 80 INF 172 283 359 288 0 INF INF 360 395 INF 359 INF 355 628 622 112 704 111 634 247 632 INF 633 140 INF 179 INF INF INF 568 523 404 404 493 INF 572 505 INF 267 572 163 314 409 392 INF 442 INF 106 85 728
550 707 INF 626 153 674 103 654 551 571 627 184 368 728 189 0 85 357 INF 192 553 INF INF 102 713 557 INF 445 646 INF INF 413 653 487 628 312 725 650 538 543 326 326 INF INF 184 253 INF 305 65 INF INF 112 417 299 736 INF INF INF 138 679
INF 671 INF 446 INF 757 573 363 INF INF 131 131 148 388 398 570 0 INF 103 688 INF 239 713 574 99 722 119 INF INF INF 457 85 557 INF INF INF 582 INF INF 535 INF INF 439 759 661 203 245 INF 437 117 INF 551 INF 274 INF INF 177 714 347 284
623 INF 140 INF INF 200 INF INF 281 654 INF INF 313 INF INF 72 486 0 INF 362 INF 573 INF 348 687 191 623 66 INF INF 617 158 751 501 400 95 INF 84 INF 738 INF INF 115 INF 549 578 691 682 246 498 INF INF INF INF 308 542 479 INF 658 475
384 INF 631 474 INF INF INF 771 298 272 455 575 INF INF INF INF INF 166 0 641 599 INF INF INF 239 702 INF INF 122 211 INF INF 547 378 576 280 594 723 INF 113 434 681 142 270 570 80 234 568 350 INF 555 207 694 216 342 INF 243 INF 123 518
177 198 690 145 450 493 114 734 559 535 INF 276 290 728 211 162 711 INF INF 0 639 187 359 291 340 683 752 331 633 728 326 INF 93 618 INF 620 716 366 535 INF 210 574 126 684 696 INF INF 726 INF INF 715 253 INF 210 544 613 445 145 236 643
191 511 INF 243 720 INF INF 334 INF INF INF 619 151 INF 709 694 267 671 287 INF 0 646 228 INF 477 391 INF INF 638 750 INF 269 457 INF INF 404 594 480 INF 635 570 602 INF 129 395 INF 175 190 INF INF 699 579 613 184 432 351 INF INF 411 INF
167 582 INF 319 INF INF INF 312 354 INF 306 357 97 343 INF 214 414 INF 152 732 261 0 234 220 INF INF 544 420 344 201 154 INF 572 148 469 197 599 INF 365 515 347 480 368 INF 341 636 517 INF 170 757 546 INF INF 184 188 INF 679 325 368 84
316 694 711 442 646 INF 181 216 588 264 127 INF 615 INF 569 460 459 708 INF INF 526 INF 0 98 64 473 704 639 288 INF 395 293 537 611 236 INF INF 99 175 574 347 INF INF INF INF INF 597 INF 603 464 106 383 403 510 INF INF 293 760 556 449
162 46 INF INF 568 459 INF INF 472 654 96 563 INF 310 378 127 559 660 INF 384 218 235 INF 0 506 77 INF INF 529 136 INF INF INF 148 301 716 INF 516 388 302 671 713 720 181 780 157 544 696 283 131 192 530 507 INF INF 78 603 95 731 INF
98 285 160 442 340 INF 588 414 180 729 137 435 655 512 603 360 221 INF INF 73 166 378 255 36 0 592 529 434 INF 136 764 529 INF 45 710 62 INF 124 575 INF 218 271 INF 557 INF 393 INF 483 381 401 INF 168 INF 181 462 317 627 INF 711 INF
INF INF 163 684 729 184 276 INF 278 INF 201 134 INF INF 609 INF 170 327 INF 668 620 352 746 INF 564 0 239 612 558 INF 66 326 412 190 INF 735 470 588 351 INF 394 INF INF 134 446 INF 380 114 550 458 222 INF 50 85 66 652 INF 71 378 640
495 INF 68 534 INF 259 INF 211 514 111 INF INF INF 129 558 651 INF INF INF 478 210 291 308 144 INF 356 0 INF 673 484 INF 321 144 479 618 656 INF 267 INF 91 INF INF 164 INF 643 220 337 INF INF INF 654 717 261 93 211 INF 180 129 68 316
INF 104 INF 321 634 375 INF 258 167 101 INF 702 672 402 503 376 INF 382 561 365 293 INF 246 606 INF 557 223 0 INF 657 375 INF 515 531 209 517 151 INF 664 INF INF 332 60 731 416 181 536 INF INF INF INF 266 INF 50 604 INF INF 78 INF 576
INF 261 505 108 221 587 172 INF INF INF 264 559 513 739 INF 423 122 INF INF 278 INF 556 157 391 577 99 414 572 0 INF INF 529 INF 166 185 547 302 569 525 319 INF 384 395 767 442 105 INF INF 229 230 427 512 INF 679 219 INF 136 365 INF 541
INF INF 716 287 INF 544 235 INF 561 645 527 INF 445 699 214 146 INF 473 INF INF INF 113 INF 287 INF 152 440 INF INF 0 INF 93 INF INF 673 412 INF INF 267 760 115 392 146 673 INF 181 762 577 273 347 679 663 INF 324 433 INF 74 228 INF INF
250 INF 604 598 INF INF INF 239 INF 323 374 INF 102 743 468 INF 407 425 590 INF 114 226 INF 564 383 INF 495 583 656 INF 0 187 INF INF 93 INF INF 337 71 449 474 INF 147 547 143 INF 498 208 INF 68 192 590 INF INF INF 526 139 INF 155 283
400 INF 75 78 INF INF INF INF 61 INF INF INF INF 581 203 INF 186 767 573 INF INF 358 INF INF 68 INF 294 INF INF INF 578 0 59 INF 428 562 INF INF 249 303 245 INF 525 INF 654 89 INF 381 114 704 177 706 200 128 INF 182 INF INF 426 468
466 156 589 331 510 541 262 277 INF 583 INF 354 INF 756 559 646 INF 542 INF 547 95 INF 178 232 700 INF 188 28 674 421 102 719 0 INF 74 672 332 269 INF INF 335 236 714 INF 746 304 430 197 632 INF INF 598 335 643 191 758 149 621 INF 346
235 319 554 701 595 488 133 518 258 INF 389 625 389 751 146 INF 552 INF 113 136 494 INF 323 126 553 569 592 748 INF INF INF 247 442 0 149 INF 546 286 633 331 407 649 INF INF INF 409 338 INF INF 358 INF 728 81 402 238 INF INF 386 293 INF
134 INF INF 476 INF INF 295 267 451 535 401 506 INF INF INF 109 506 339 46 263 344 265 INF INF 86 269 735 481 470 103 INF 120 762 161 0 223 666 376 741 578 449 INF 369 INF INF 138 565 603 396 INF 627 521 483 INF INF 223 INF INF 457 250
INF 533 INF 202 INF INF 85 450 602 125 INF 463 483 521 INF 62 524 447 358 639 INF 173 244 725 84 64 502 116 122 INF 595 560 INF INF INF 0 INF 556 497 704 71 596 447 477 648 INF 262 63 INF INF 396 INF 298 380 94 INF 321 510 INF 375
INF 342 INF 249 572 717 INF 177 198 INF 378 342 647 601 250 310 694 359 312 INF 755 INF 728 530 397 370 INF 618 559 323 INF 658 221 314 INF 579 0 338 321 724 674 265 662 110 INF INF INF 186 642 INF 337 556 138 INF 246 427 341 INF 532 INF
252 763 139 INF INF 108 549 550 232 694 621 281 211 406 247 175 INF INF 549 707 505 INF 587 228 472 INF 223 465 663 INF 263 INF 559 150 INF 326 INF 0 400 INF 84 INF INF 244 684 590 684 470 620 198 INF 471 INF 376 INF 278 507 60 538 631
231 INF 163 553 186 INF 330 377 INF INF 619 INF 535 630 695 INF 643 INF 196 84 168 216 507 INF 192 INF 702 INF INF INF 366 733 381 INF 683 132 362 695 0 446 560 426 100 759 INF 464 INF 141 202 157 254 INF 746 612 761 104 547 INF INF 450
343 620 INF INF INF INF 403 INF 379 631 549 257 INF 281 179 542 521 INF INF 379 483 INF 617 726 167 INF 627 INF 300 498 INF 678 INF 775 INF 143 INF 488 439 0 240 577 172 108 INF INF 588 INF INF 186 384 INF INF 209 INF 421 565 INF INF INF
292 265 INF INF 423 445 638 570 262 604 311 361 INF INF INF INF 447 INF INF 561 338 INF 293 386 INF 738 554 485 391 339 75 186 INF 80 INF 495 489 371 315 307 0 INF INF INF 317 INF 228 INF 710 514 736 INF 640 683 387 INF 278 659 564 707
221 INF INF 506 465 605 759 218 INF INF 354 INF 83 142 593 625 529 637 INF 574 382 659 INF 667 243 185 INF 89 674 614 INF INF 387 INF 670 438 INF 741 210 INF 187 0 284 383 537 187 524 447 INF 230 512 132 INF INF INF 473 54 553 155 INF
INF 516 273 559 INF INF 102 623 533 INF INF INF INF 520 281 INF 389 INF 327 243 607 579 318 441 491 INF INF 677 80 INF 410 INF 360 340 INF INF INF 518 755 712 INF 510 0 525 INF INF 90 235 723 INF INF INF INF 188 644 INF INF 78 INF 757
INF INF 69 62 103 67 446 410 608 605 434 INF 533 489 695 158 782 246 665 625 326 680 INF INF 311 729 280 INF 662 432 514 544 240 INF 114 INF 633 363 310 INF 361 491 701 0 INF INF INF 241 676 67 INF 166 414 431 153 INF 140 256 INF 317
402 377 INF 704 INF 720 637 536 525 207 INF 458 INF 662 609 430 779 INF 67 INF 434 INF 597 INF 726 421 INF 258 543 119 458 547 INF 74 738 INF INF INF 100 247 693 425 INF 224 0 INF 141 INF 472 732 INF 189 INF 630 74 280 82 INF 322 INF
344 699 305 229 INF 370 692 108 130 162 623 INF INF 637 190 301 INF 400 299 680 371 116 665 INF INF INF 405 646 735 481 302 INF INF 755 360 559 688 INF INF 722 670 INF 507 160 INF 0 315 696 INF 216 573 747 752 INF 97 384 INF 740 320 581
526 152 756 320 283 193 292 INF 105 243 INF 349 168 188 172 201 INF 321 604 121 68 INF INF 72 664 773 48 465 INF 559 761 127 INF 734 149 423 610 320 208 INF 211 85 500 464 INF INF 0 INF 715 INF 314 INF 161 238 64 668 148 739 INF 405
303 645 INF 115 640 622 355 INF 168 222 INF INF INF 209 144 310 686 557 INF 577 451 575 185 INF 176 289 428 74 199 INF 298 615 INF INF 240 685 INF 630 100 161 639 566 167 237 INF INF 328 0 INF INF 570 347 359 366 INF 249 INF 781 482 408
206 172 INF INF INF 568 510 487 427 478 661 124 155 665 435 INF 320 411 729 INF 197 76 76 215 91 362 77 317 473 473 755 692 INF 383 INF INF INF 721 INF 571 INF 424 129 345 77 559 561 INF 0 INF 397 217 522 227 746 INF 693 691 73 INF
439 270 158 331 98 405 418 514 INF 500 207 390 421 465 INF INF INF 431 599 136 289 INF INF 357 116 52 366 222 93 532 91 INF 124 416 742 409 INF 675 269 261 702 466 466 387 523 185 132 507 INF 0 138 417 INF 482 630 INF 586 613 390 INF
INF INF 600 718 163 230 616 INF 723 INF INF 362 INF 123 241 629 204 127 INF INF 94 208 INF 334 INF 384 122 712 268 192 251 INF 699 659 INF 567 153 623 INF 269 166 391 INF 351 435 730 730 INF INF INF 0 INF 570 55 INF INF INF 427 INF 724
607 221 INF 161 305 666 INF 328 549 INF 360 138 770 203 400 INF 277 677 497 696 INF INF INF 343 268 371 INF 161 INF 322 696 INF INF 189 443 INF INF 194 295 571 INF INF INF INF 443 590 200 557 631 INF 594 0 469 INF 707 INF 430 317 667 INF
INF 114 47 312 261 682 INF 428 206 260 INF 459 322 INF 408 218 INF 573 451 31 INF INF 615 187 INF INF 342 312 107 99 678 105 390 325 533 245 169 INF 236 INF 434 343 448 438 INF 361 167 383 270 348 259 513 0 INF 136 723 INF 668 INF INF
632 INF 528 396 INF 632 331 114 346 609 113 INF 80 576 727 244 243 752 598 724 INF 620 INF 278 579 INF 331 INF 87 535 287 342 INF 482 400 41 542 227 INF 117 718 111 291 INF 133 541 INF 358 620 676 67 INF 461 0 453 206 INF 39 336 INF
203 308 324 INF INF INF 247 INF 274 498 221 318 INF 64 214 INF 314 394 202 71 INF 505 528 INF 260 390 665 INF 701 720 33 INF INF 22 652 INF 711 INF 570 173 369 INF 121 593 662 INF INF 463 INF 573 228 697 291 620 0 470 693 516 647 284
222 280 746 614 656 INF INF 739 735 637 660 202 127 428 INF 523 165 512 402 INF 221 488 640 742 93 INF 352 INF 385 INF 503 INF 252 408 455 343 611 INF 601 546 701 205 237 INF 666 193 586 276 285 INF 586 138 660 412 571 0 204 528 INF INF
INF 295 95 INF 353 183 88 70 INF 689 145 INF 260 640 460 96 INF 516 745 715 273 INF 753 INF INF 704 INF 113 140 INF INF 122 321 646 303 76 INF 621 251 294 INF 632 122 INF 247 550 393 416 476 649 423 576 198 376 INF INF 0 INF INF 304
419 INF 571 INF INF INF 155 INF 728 121 599 393 668 655 186 52 397 523 INF INF INF INF INF 473 INF INF INF 577 INF INF INF 550 INF INF 508 364 305 409 INF 340 140 222 109 INF 216 INF INF 120 94 INF 38 418 82 389 752 INF 476 0 128 538
INF 65 INF INF INF 774 397 755 687 188 INF 71 455 440 INF 608 INF INF 747 340 INF 552 753 INF 427 INF 736 311 370 438 137 100 394 INF INF 607 INF INF INF 192 INF 232 618 734 300 634 307 190 INF INF 326 306 339 412 728 INF 372 INF 0 515
288 165 187 INF 439 INF 250 INF 475 285 143 187 315 304 738 342 236 212 272 INF INF 306 222 472 748 470 445 452 495 567 284 442 579 INF INF INF 621 114 INF INF 616 619 270 647 738 690 234 358 681 255 476 653 265 250 714 195 610 211 500 0
