0 392 195 347 332 146 717 304 715 INF INF 454 691 INF 180 537 265 INF 774 718 142 166 643 190 120 273 746 267 220 605 607 140 265 377 213 INF INF 692 552 758 521 597 INF 163 INF 217 747 236 615 137 324 418 295 631 600 445 79 INF INF 195 122 486 734 701 275 INF INF 279 290 567 741 706 627 439 624 412 759 129 INF 272 764 435 INF 661 INF 419 145 619 444 INF 514 753 617 740
431 0 709 440 INF INF 340 INF 455 281 769 701 702 691 744 127 INF 628 INF INF 718 575 INF INF 248 456 INF 146 392 INF 233 521 131 758 546 342 INF INF 677 INF 417 761 315 625 250 254 INF INF 251 97 320 721 INF INF 662 616 358 95 75 INF INF 623 390 INF 224 677 INF 631 220 469 INF 111 514 185 267 312 750 INF 717 541 INF 296 INF INF INF 146 421 490 231 603 647 INF INF INF
INF 378 0 371 656 293 600 118 627 INF 278 664 INF INF INF 375 537 756 681 INF 232 INF 429 INF 589 145 102 486 INF 334 130 509 566 777 201 649 INF 774 391 126 129 96 309 193 INF 413 INF INF 519 448 316 330 423 613 99 123 654 INF 70 INF 310 INF 578 164 505 453 INF 285 787 516 722 679 578 INF 249 168 364 INF 555 INF 439 INF 772 INF INF 739 639 449 400 350 458 559 746 INF
457 648 681 0 INF 662 INF 289 403 583 610 305 537 278 INF 56 254 152 INF INF 155 INF INF 738 420 INF 135 58 INF INF 370 INF 151 629 INF 723 140 INF INF INF INF INF 224 462 626 455 INF 679 137 272 339 INF INF 623 502 INF 671 INF 686 INF 487 437 612 INF 467 INF INF 397 INF INF INF 579 INF 319 765 452 767 INF 733 INF 779 INF 426 INF 761 698 60 INF 263 402 INF 262 460 INF
468 401 288 610 0 110 INF 750 INF 127 INF 468 778 368 445 351 770 379 INF 604 532 INF 532 91 129 622 INF 536 710 207 382 355 672 INF 624 INF 730 633 483 261 INF 737 INF 205 INF INF INF INF 739 359 294 712 INF 734 593 551 INF 77 INF INF INF 68 614 538 741 INF 684 706 632 INF 294 450 690 INF INF 183 258 147 INF 352 INF 721 566 INF 308 454 414 520 INF 730 577 117 151 INF
565 327 INF 132 49 0 INF 534 461 312 745 258 617 396 328 356 290 INF 333 173 INF 627 411 484 59 309 597 INF INF 159 232 INF 329 229 419 INF 699 346 INF INF INF 289 INF 687 336 INF INF 262 126 INF 340 INF 579 642 758 331 INF INF 168 INF 248 INF 616 INF INF INF 660 INF 655 135 INF 429 395 INF 265 INF INF 240 604 241 178 395 417 INF 557 INF INF 121 77 INF 319 704 116 INF
188 406 134 201 INF 236 0 INF INF INF INF 305 333 INF INF 537 171 631 656 469 760 441 INF 291 179 INF 454 593 689 553 784 767 297 347 547 INF INF 345 INF INF 476 630 749 292 242 476 569 403 171 487 256 INF 181 361 236 168 599 277 INF 380 445 272 737 INF 604 141 460 494 INF INF 217 381 325 366 770 82 323 INF 258 283 629 479 338 INF INF 214 450 INF INF INF 82 384 410 599
165 558 INF 435 506 INF 743 0 603 385 271 513 330 539 699 756 641 INF 73 603 354 718 534 167 614 INF 533 86 178 133 INF INF 375 210 INF 698 446 98 563 282 659 568 INF INF INF 256 251 748 INF 135 268 114 INF 314 INF INF 123 127 489 83 161 447 150 749 INF 182 INF 453 INF 58 INF 645 INF INF INF 711 338 INF 544 491 627 INF INF 598 485 INF INF INF 125 104 550 655 INF 639
601 397 INF INF INF INF 108 INF 0 661 187 299 444 596 INF 84 485 733 170 233 364 293 643 350 396 626 683 INF 183 167 553 INF 98 INF 344 325 INF INF 129 588 441 INF 774 131 199 INF INF INF 748 INF 521 402 667 INF 753 146 397 667 INF 564 INF 205 INF 150 INF 741 382 INF INF INF 93 568 630 INF 328 INF INF INF 538 INF 467 INF 107 752 208 710 INF 452 631 INF 350 INF INF 690
544 646 294 352 484 743 INF 596 303 0 INF 307 759 216 585 498 INF INF INF 275 INF 344 213 627 666 464 721 89 262 727 293 INF 225 INF 344 INF INF 80 INF 220 63 399 630 INF INF 605 260 440 716 INF 645 147 682 336 INF 428 688 748 633 242 745 458 223 141 735 174 568 INF 468 603 264 579 INF 706 426 INF 599 132 INF 561 INF INF 69 541 506 197 230 532 INF INF 155 INF INF INF
INF 264 716 INF 206 699 405 615 INF 176 0 646 478 596 INF 494 INF INF 754 450 138 INF 563 445 634 INF INF 578 INF 331 378 734 256 INF 785 563 238 INF 126 684 357 177 754 106 344 74 129 273 661 84 285 INF 282 353 448 712 308 515 273 575 309 196 289 656 704 599 606 675 341 252 INF 234 205 253 426 526 606 635 766 INF 249 768 510 538 731 INF 372 INF 393 438 504 348 605 231
199 372 INF 311 469 INF 770 INF 727 456 371 0 601 193 INF 609 606 672 392 INF 374 231 304 INF 179 INF INF 617 368 INF INF INF INF 553 70 174 INF 714 INF INF 756 INF 376 220 373 190 650 157 373 INF INF INF INF 645 216 452 291 INF 411 INF 359 INF INF INF 57 359 345 734 297 673 650 129 INF 94 548 INF 402 INF 628 362 369 508 288 INF 227 443 INF INF INF 261 INF 227 530 333
761 88 INF 296 68 INF 304 745 580 INF 84 INF 0 498 702 INF 243 539 755 INF INF 236 INF INF INF 533 200 65 376 INF 411 222 INF INF 68 305 INF 221 INF INF 408 468 725 334 486 325 650 INF 693 386 435 INF INF 707 317 89 INF INF 659 672 372 624 109 80 265 INF 662 INF INF 583 131 INF 605 INF INF 317 INF 701 INF 283 386 186 INF 380 703 INF INF 516 INF 436 581 708 486 INF
INF 317 INF 383 INF INF 316 INF INF 431 INF INF INF 0 INF 267 557 86 INF 755 180 INF 317 319 507 INF 334 INF INF 138 440 204 408 715 367 INF INF 283 493 701 401 716 INF 441 496 213 567 504 408 728 INF 89 232 763 734 441 456 168 INF INF 105 452 530 260 620 412 576 INF INF 197 120 INF INF 141 INF INF 302 403 INF INF INF 410 750 549 564 342 729 309 263 626 713 654 202 326
INF 238 531 INF INF INF 232 118 540 INF INF INF 393 339 0 342 630 INF 303 INF 72 375 INF INF INF 83 225 633 619 352 INF INF INF 177 102 237 INF 677 548 71 364 INF 307 537 INF 656 303 384 646 INF 316 321 127 INF 591 183 160 INF 608 510 565 748 649 229 745 352 639 143 INF 180 INF INF 699 413 INF INF 703 261 665 INF 236 779 690 543 248 146 402 525 445 226 141 INF INF 634
INF 421 728 416 528 INF INF 382 212 558 534 561 INF 289 642 0 227 INF 462 156 354 88 311 168 INF 310 189 INF 297 333 158 505 INF 369 347 625 INF 509 111 INF 698 777 308 590 264 764 INF 697 735 INF 714 INF INF 533 INF 657 744 503 INF 245 705 675 INF 66 INF 697 754 480 INF INF 193 168 155 INF INF 655 222 621 763 168 INF INF 73 325 336 INF 121 661 237 613 INF 297 415 INF
INF INF 68 50 199 588 319 362 178 60 650 77 752 INF 359 539 0 650 733 107 INF 733 INF 677 INF INF 529 INF 66 258 79 675 390 INF INF 100 559 303 724 INF 192 69 365 INF 516 616 143 338 573 INF INF INF 395 449 INF INF INF INF 102 585 546 519 116 292 679 144 726 389 INF 494 214 188 763 304 723 517 INF INF 479 770 134 554 INF 489 INF 317 512 440 322 INF 96 234 INF 452
754 205 463 60 261 260 500 559 INF INF INF 630 610 462 469 644 325 0 420 INF 321 214 81 89 INF 761 INF 219 739 109 252 126 145 INF INF 205 552 INF 274 INF 547 585 INF 552 731 625 120 394 INF INF 551 INF 675 470 508 486 645 637 INF INF 503 324 INF 370 INF 185 698 471 204 563 144 INF 374 177 663 562 643 455 INF 314 552 INF INF INF 272 517 317 370 90 439 696 INF INF INF
INF INF 90 283 76 212 191 709 734 INF 313 522 INF 647 212 195 INF 120 0 INF 598 675 252 234 671 233 399 366 539 457 97 110 272 284 170 74 INF INF 145 220 100 674 INF 88 228 INF 349 INF 657 INF 138 INF INF INF 637 103 677 INF 128 550 INF 746 151 603 484 INF 485 107 290 INF 729 174 166 INF 143 INF INF 101 505 746 709 431 716 569 448 763 INF INF INF 643 408 491 523 INF
INF 471 446 105 INF INF INF 97 INF 208 INF 132 211 103 INF 353 618 INF 426 0 104 655 INF 438 412 408 454 309 731 331 375 INF INF INF INF 147 INF 773 687 756 INF 520 381 312 220 332 540 785 747 INF 470 104 INF 681 708 324 675 210 INF INF 725 283 498 371 477 502 INF 575 92 INF 464 153 591 INF 82 554 INF 442 353 INF 632 INF INF 222 INF 655 217 628 INF 640 408 720 551 INF
521 INF INF 245 INF 259 151 INF 661 392 85 563 226 566 512 INF 333 140 718 INF 0 INF 607 461 65 INF INF 662 191 378 504 195 524 629 91 INF 589 387 93 374 375 83 606 355 276 285 INF INF 221 INF INF 241 710 564 96 INF 139 183 326 INF INF 140 INF 259 463 758 520 INF 412 591 INF 522 312 308 INF 297 135 INF 537 544 426 INF INF INF 640 INF 331 526 180 317 454 INF 401 288
648 INF INF INF INF 169 639 419 657 406 INF 428 294 102 700 271 139 INF INF 749 361 0 INF 465 INF 303 641 414 618 INF 302 729 INF 344 670 394 636 456 685 INF 743 INF 334 230 746 325 349 INF 115 93 509 461 379 555 INF INF 242 488 114 INF 738 293 540 554 555 256 727 INF 460 339 162 129 706 713 164 176 544 744 457 INF 442 269 INF 550 550 511 520 207 700 122 544 57 456 INF
320 199 172 INF 456 513 INF 486 626 196 774 INF 193 621 269 570 543 613 INF INF INF INF 0 INF 271 INF INF 230 145 319 616 379 87 430 INF 677 639 719 450 540 227 732 299 INF 149 113 573 710 INF 70 237 162 469 202 645 INF INF 117 155 306 286 336 INF 140 114 INF 220 750 74 600 434 455 INF 314 641 207 321 192 INF 202 560 231 664 493 267 INF INF 443 194 138 INF 248 INF 672
INF 95 INF 145 83 202 INF INF 264 INF 134 219 538 109 INF INF 293 109 INF 161 INF INF 489 0 110 142 309 547 486 383 460 INF 391 242 229 275 413 392 761 164 82 449 606 473 164 INF 224 453 641 360 626 INF 715 INF 459 INF 276 INF 691 INF 545 538 INF INF INF 467 INF INF INF 281 744 INF INF 443 354 INF INF 563 107 517 368 722 INF 380 269 INF 264 353 600 INF 393 588 230 355
215 INF 89 INF 247 INF 547 135 320 INF INF INF 747 462 110 362 671 INF 214 INF 695 500 95 739 0 233 INF 449 INF 705 62 173 444 449 150 447 384 248 INF INF INF 372 INF 181 207 142 404 466 655 590 256 299 INF INF 574 235 INF INF 339 272 INF INF 67 579 71 338 INF 696 702 65 660 306 423 656 408 235 INF INF 433 INF INF 350 291 506 191 192 INF 62 306 488 291 583 593 INF
INF 342 INF 648 698 376 669 INF 777 760 INF INF 594 97 INF INF 677 558 428 306 INF 748 INF 749 178 0 INF 240 136 562 417 67 466 785 754 INF 726 INF 202 386 INF 333 207 INF INF 347 INF INF 187 INF INF 277 INF 385 408 276 732 INF INF 674 619 601 517 593 243 515 316 721 652 744 299 INF 175 417 INF 159 720 405 143 INF INF 725 727 336 368 INF 739 671 508 774 INF 452 291 INF
387 341 INF 342 117 INF 313 440 750 505 INF 288 662 434 780 778 486 608 416 INF 252 302 INF 630 94 INF 0 INF INF 510 598 159 424 395 INF INF 95 145 INF INF 188 543 553 INF INF 636 144 350 649 718 350 INF 672 INF 230 680 206 341 491 INF 501 81 INF 632 INF INF 275 248 65 INF INF INF 486 232 453 686 422 526 402 INF INF INF INF 601 INF 621 303 222 440 INF 657 INF 378 267
INF INF INF 522 143 INF INF INF 381 199 521 INF 269 120 94 496 INF 72 616 355 INF 238 572 381 INF 323 515 0 INF 688 322 129 INF 664 627 337 INF 339 471 163 INF INF INF 163 542 INF 94 INF INF 689 360 482 769 183 489 INF 444 594 107 INF 662 INF 767 656 234 698 75 607 565 547 647 INF 674 154 528 589 625 392 281 INF 420 INF 219 INF 453 INF INF INF INF 185 INF 527 598 INF
571 751 INF INF 414 355 INF 580 134 293 732 769 631 INF INF INF 548 588 154 INF 195 313 INF 268 341 437 506 90 0 INF INF 316 200 550 INF 364 253 INF 401 232 INF INF 414 117 286 INF INF 168 INF 718 759 INF INF 143 INF 422 781 413 759 716 376 253 INF INF 431 INF 434 555 572 443 INF 587 345 564 501 INF 115 121 INF INF INF INF INF 388 129 225 274 627 380 468 696 582 415 309
INF 152 297 676 INF 547 465 152 639 INF 582 83 INF 591 745 INF INF 84 753 232 526 203 414 588 INF 280 INF 475 INF 0 451 309 INF 717 202 536 INF 108 INF 792 422 389 190 86 INF INF 330 140 96 INF 308 586 607 264 537 461 606 572 553 INF INF 511 INF 553 735 123 725 343 INF 202 229 493 551 INF INF INF INF 118 293 374 98 410 455 606 INF 747 253 481 INF 469 288 687 569 163
171 282 644 426 563 317 INF 543 226 651 626 145 365 477 549 101 525 89 249 626 341 706 332 778 INF INF 463 535 373 675 0 541 476 94 190 442 INF INF 116 285 561 514 134 INF 488 127 633 INF INF INF INF INF 234 INF INF 339 INF 538 INF 503 INF INF 614 778 683 434 135 461 561 INF INF INF 705 INF 584 489 71 INF INF 455 273 INF INF 248 429 650 537 INF 284 217 INF 226 476 120
INF 176 INF INF 266 720 101 291 240 405 665 INF INF 318 323 421 616 63 618 344 INF INF 436 383 374 335 712 112 276 366 241 0 INF 386 293 753 INF 638 467 INF 615 474 709 INF 757 469 369 200 INF 149 INF INF INF 640 263 242 INF 447 INF 69 719 558 424 768 768 437 642 728 299 480 INF 458 525 INF 503 610 229 INF INF 470 233 INF 742 695 588 66 538 INF INF 333 154 INF 327 INF
694 INF INF 337 249 268 INF 477 573 INF 285 178 INF 269 581 703 INF INF 355 553 745 384 INF 768 587 INF 169 554 700 INF 723 668 0 716 539 INF INF INF 482 INF 459 513 575 639 781 267 461 755 121 251 INF 491 INF 717 177 632 297 768 613 113 361 INF INF 396 70 103 530 746 INF INF 295 281 762 INF 256 160 109 229 INF 500 730 INF 135 686 308 721 403 706 720 281 INF INF 444 INF
721 181 285 INF 327 INF 611 677 INF 690 INF 268 698 INF INF 275 INF INF 502 329 364 262 464 216 165 591 INF INF 618 468 INF INF 739 0 INF 318 618 256 180 INF 603 662 76 122 395 533 615 600 133 718 INF INF INF 452 81 227 711 INF 730 INF 663 420 INF INF 427 310 INF 368 711 INF 677 523 154 273 267 191 INF 731 664 780 317 323 INF INF 560 415 INF INF INF 584 INF INF 712 INF
216 367 290 INF 715 395 132 INF 631 INF INF 663 274 INF 230 INF 625 74 INF INF INF INF 696 460 585 350 327 353 310 469 108 114 INF 751 0 679 362 INF INF 712 INF INF 660 133 INF 90 358 INF 531 INF 210 INF INF 553 391 INF 525 INF 235 INF 91 INF 430 402 89 375 INF 776 INF INF 592 528 327 669 INF 488 269 INF 691 279 323 580 443 264 759 618 208 INF 145 164 74 780 INF INF
144 461 754 354 757 577 264 538 98 721 181 119 495 695 357 197 594 265 105 INF 673 401 323 145 INF 670 404 270 INF INF 469 208 436 INF 184 0 275 261 INF 267 661 579 360 701 INF 50 334 471 INF 237 96 INF 460 97 598 500 193 302 140 100 323 198 536 INF 142 INF 75 INF INF 166 215 INF 627 640 627 364 496 635 INF INF INF INF INF 647 237 172 222 207 272 68 INF 356 INF INF
INF INF INF 702 397 INF 439 146 INF INF INF INF INF INF INF 226 INF 634 INF INF 261 173 INF 525 INF INF 269 304 242 398 761 78 675 596 477 195 0 INF 425 243 494 280 694 138 326 INF INF 550 INF 502 613 INF 445 601 632 INF 145 566 138 174 INF 756 561 409 730 719 INF 456 656 399 655 307 285 344 762 670 498 463 578 561 INF INF 442 82 INF 147 INF INF 635 INF INF 647 INF 450
186 294 395 698 234 182 461 INF INF INF 58 612 299 521 703 169 439 177 437 INF INF 752 97 378 585 646 INF 465 247 INF 358 135 INF 626 492 INF 257 0 285 103 INF 454 482 INF INF 671 INF INF 554 INF INF 183 261 700 INF 184 INF 92 104 276 294 INF INF 453 620 INF INF 251 INF 208 140 261 607 135 435 587 INF 559 INF INF 344 290 329 547 625 677 392 INF 180 562 INF 708 178 375
122 665 INF 726 196 473 174 INF 208 INF 762 INF INF 109 INF 595 668 91 694 739 163 197 115 725 169 180 368 490 141 187 384 INF 295 402 INF 347 644 189 0 INF INF 440 INF 687 INF 732 612 INF INF INF 357 INF INF 191 INF INF 330 86 INF INF 208 764 609 746 311 INF 148 454 127 560 727 337 657 576 762 416 INF 148 754 365 729 619 549 220 77 291 716 618 INF 380 342 766 INF 656
555 773 INF 409 666 495 INF 342 437 581 377 INF 184 425 426 429 423 INF INF 541 107 124 690 773 INF 508 494 771 274 365 INF INF 650 107 457 265 734 INF 442 0 INF INF 153 65 562 INF 533 290 INF INF 455 174 INF INF 406 521 INF INF INF 63 754 495 755 546 679 383 373 342 INF INF 598 541 74 INF 409 525 INF 495 432 INF INF INF 333 287 INF 656 469 394 INF INF 102 INF 174 INF
475 INF 465 200 INF 280 551 339 262 465 223 INF 599 281 INF 603 INF 390 192 419 760 135 INF 662 160 317 767 INF INF 84 450 501 INF 355 325 589 245 327 133 INF 0 222 INF INF 301 INF 419 INF INF 457 INF INF 526 785 623 INF 603 367 381 314 INF 549 77 408 121 333 246 INF 446 175 587 169 INF 401 661 399 756 590 INF 168 296 270 608 141 545 219 637 INF INF 490 646 725 334 INF
514 774 INF INF INF 269 INF 390 444 INF 225 INF 108 733 636 92 560 419 447 88 507 95 INF 310 577 679 489 370 334 INF 286 INF 324 186 504 709 75 664 658 626 490 0 651 217 INF INF INF INF 727 397 INF INF 493 459 698 203 INF 544 440 703 294 INF INF 572 287 INF INF INF 103 238 104 INF 683 644 INF 668 716 729 683 294 453 241 INF 514 415 INF INF INF INF INF INF 80 INF INF
INF INF 602 736 463 724 401 460 423 503 INF 261 745 INF 482 INF 429 338 747 545 132 INF INF 77 338 500 INF INF 83 665 250 INF 746 405 408 753 INF 89 561 577 INF 445 0 INF 396 INF INF 109 698 619 774 INF INF 238 100 INF INF 179 218 INF 372 515 424 INF 638 750 347 783 242 456 508 543 681 635 520 503 598 277 INF 79 INF 632 651 INF 118 INF 750 INF INF 758 INF INF 767 352
202 582 137 428 211 112 INF 793 708 619 745 237 623 634 489 687 653 497 INF 168 607 INF INF 140 185 218 269 INF INF 742 385 486 213 155 310 INF 169 610 640 612 759 113 281 0 566 721 671 INF 68 454 INF 116 INF 595 680 INF INF 779 281 606 228 647 270 150 141 INF INF INF INF 547 157 INF 617 INF INF INF 198 87 INF INF 401 438 INF 87 352 INF 297 749 140 308 289 INF 91 INF
INF 71 268 115 341 172 200 382 INF 666 645 617 608 383 361 INF 290 493 91 370 81 194 706 INF 320 INF 105 729 INF 585 641 329 371 INF 348 INF 774 INF INF 249 702 709 129 INF 0 672 680 204 141 677 721 633 77 375 217 362 INF INF 69 127 437 535 517 INF INF 275 768 578 INF 503 674 INF INF 565 INF 227 773 306 264 98 179 349 540 INF 412 733 129 646 562 INF 471 INF 530 INF
557 440 265 599 538 736 719 231 205 INF 368 199 INF INF 222 163 INF 348 INF 713 690 139 735 697 282 INF 465 INF 583 465 471 566 333 82 386 616 INF 665 230 742 552 305 212 INF 372 0 INF 625 567 406 451 373 479 289 655 INF 698 INF 108 274 420 INF 191 730 610 INF INF 628 473 424 INF INF 620 376 146 136 INF INF INF 620 760 691 315 495 INF 100 INF 548 INF 741 163 INF INF 470
122 INF 481 429 462 INF 724 593 498 INF INF 84 156 256 656 INF 535 141 124 INF 184 252 INF 510 232 302 INF INF 210 100 238 609 201 INF INF INF 166 143 INF 706 648 730 INF 484 300 439 0 INF 538 INF INF INF 574 204 INF INF 248 561 INF 426 93 INF INF 105 INF 322 366 498 INF 779 546 131 690 462 725 628 253 INF 510 457 53 INF 150 751 661 679 218 INF 77 145 134 INF 588 107
INF INF 704 INF 61 330 98 314 INF 296 590 709 INF 604 285 506 651 150 362 INF INF 115 63 104 INF 451 INF 600 INF 248 670 INF 526 724 INF 526 INF 421 118 453 INF INF 160 227 INF 116 576 0 207 107 INF 518 INF 521 623 669 180 INF INF 103 470 285 216 192 678 161 INF INF INF INF 662 433 404 INF 561 194 544 126 632 411 INF 500 INF 327 106 INF 262 405 INF 374 376 447 INF 704
INF 709 419 160 INF INF INF 69 107 673 INF INF INF 418 343 INF 148 189 130 187 403 INF 559 646 INF 293 INF 315 INF 347 INF 516 92 INF 650 295 382 517 361 479 INF INF 409 300 414 91 507 INF 0 301 146 227 INF 208 175 298 INF INF INF INF 254 315 INF 201 348 722 INF 82 INF 309 441 570 138 682 235 INF 640 INF 684 688 599 591 565 766 505 114 501 726 INF 685 189 548 INF 327
296 INF INF INF 271 176 69 135 71 116 229 292 137 307 INF INF INF 721 INF INF 548 562 INF 628 INF 125 453 INF INF 591 539 717 186 327 330 745 257 566 92 80 55 510 213 296 209 154 INF 261 INF 0 INF 308 INF 213 207 707 107 INF 646 INF 715 156 INF 595 363 INF 261 INF 501 INF 529 553 91 80 306 INF INF 403 320 441 336 491 164 741 450 197 548 INF 497 666 INF INF 775 545
114 420 INF 218 384 INF INF 319 119 INF 489 INF 79 651 562 INF 132 INF INF 581 214 403 127 786 759 382 367 385 743 INF 127 INF 427 222 750 400 633 535 271 309 534 351 634 INF 762 170 234 767 671 570 0 736 388 64 265 389 INF 262 INF 560 210 450 INF 351 INF 530 705 301 589 INF 601 165 INF 644 126 INF 633 275 207 531 INF 145 345 INF 362 INF 108 296 180 73 INF INF 253 INF
236 303 620 203 160 INF 148 333 400 INF 469 154 644 INF INF 660 65 INF 428 INF INF 52 312 206 186 INF INF 593 374 176 INF 600 248 739 INF INF 701 154 526 99 273 400 INF INF 158 749 579 79 INF 534 764 0 INF 392 264 100 INF 268 630 261 61 325 363 750 194 INF 248 386 110 INF 463 723 264 560 615 154 336 INF 126 566 164 742 INF 311 INF 543 INF INF 367 630 INF 291 INF INF
179 INF 413 INF 454 612 INF INF 490 389 428 INF 441 130 INF INF 651 INF INF 120 253 INF 269 465 346 472 INF INF 352 INF 118 INF 756 616 266 636 90 444 341 744 INF INF INF 749 271 176 116 566 INF 93 481 INF 0 91 395 124 300 209 669 360 730 INF 444 660 596 651 INF 235 225 724 72 409 222 439 INF 523 199 INF 172 INF INF 304 329 INF 466 635 709 385 INF 740 INF 405 179 712
302 421 605 309 663 488 INF 351 291 INF 82 156 717 451 149 107 578 321 205 594 547 337 482 757 254 406 234 616 282 INF INF 74 750 697 INF 569 194 751 339 INF 324 436 517 INF 102 253 589 112 INF 309 INF 127 418 0 387 97 420 INF 672 INF 504 746 INF INF 211 274 INF 473 213 INF INF 581 122 144 INF INF INF 109 INF INF INF 726 503 INF 152 215 460 INF INF 257 INF INF 745 INF
141 378 648 365 INF 622 426 187 241 INF 556 506 INF 113 303 561 416 75 INF 404 INF INF INF 488 285 INF INF 167 207 INF INF 636 INF INF 684 INF INF 329 INF INF INF 689 211 339 409 91 477 INF INF 497 INF 488 120 748 0 768 266 263 509 INF 191 INF 316 514 INF 489 INF 116 782 715 66 249 INF 755 675 INF 639 449 INF 143 507 84 616 263 563 INF 158 INF INF 64 651 419 INF 653
741 INF 307 342 103 644 647 INF 413 433 INF INF INF 677 305 INF INF INF 618 501 INF 101 63 575 506 48 INF 426 INF 255 287 733 INF 297 646 712 INF 465 612 INF INF INF 395 INF INF INF 585 INF 183 INF INF 746 693 411 151 0 351 INF 558 148 250 377 INF 697 385 184 241 INF 721 770 INF INF INF 678 INF 500 INF 599 INF 71 121 781 INF 302 188 INF INF 770 INF INF 557 INF 93 141
INF 724 INF 398 269 449 304 585 437 229 249 199 537 386 437 INF 268 667 443 337 380 316 732 785 INF INF 373 207 264 623 336 54 INF 570 200 400 INF 749 575 306 105 INF INF 195 706 403 INF INF 678 161 308 767 745 228 349 363 0 630 221 INF 433 569 163 152 647 INF 729 677 292 717 250 INF 484 679 INF 110 691 INF 289 607 526 INF INF 474 475 402 726 INF 594 493 280 448 525 588
INF INF 89 INF INF 663 220 INF 719 118 INF 575 267 INF 625 89 INF 504 INF 621 INF INF 116 614 378 749 INF 553 391 INF 115 108 263 297 691 INF 440 INF 323 630 721 472 373 294 281 673 INF 657 INF 224 INF 682 618 251 555 INF 520 0 INF 480 599 239 574 734 INF INF 536 730 INF 565 632 318 INF 401 615 632 776 271 86 INF 149 372 580 213 603 659 696 INF 471 INF 270 INF 451 321
INF INF 426 54 86 INF 192 358 508 502 93 136 INF 165 71 494 482 440 311 420 INF INF 57 192 INF 391 65 556 INF 325 113 INF 115 368 INF 743 INF INF INF 590 172 442 517 308 INF INF 631 517 INF 632 520 704 345 690 INF 176 INF 386 0 INF INF 336 INF 593 INF INF INF 726 635 352 INF 239 454 740 295 411 390 117 356 INF INF INF 644 INF 300 610 299 217 472 INF 646 404 433 550
INF 780 83 INF 693 INF 734 181 477 INF 187 421 451 59 208 371 318 428 INF 310 388 272 732 650 INF 177 INF 555 INF INF 667 206 INF INF 110 314 120 INF INF 721 INF 348 INF 111 149 110 374 231 597 76 434 775 INF 646 INF 572 771 610 INF 0 351 89 371 INF 243 515 272 INF 733 INF 639 INF 700 546 345 INF 655 187 531 407 132 INF 218 325 INF INF INF 330 INF 272 INF 341 361 666
INF 293 377 INF 225 614 227 548 723 299 740 276 633 64 625 INF 449 508 INF INF 376 INF 94 INF 153 426 INF 249 129 INF 220 INF 634 INF 295 600 INF 136 INF INF 602 344 110 INF 265 INF 583 INF 411 INF 308 INF 198 514 INF INF INF 160 INF 542 0 INF 173 372 690 712 189 INF INF 466 INF 332 676 INF 650 207 INF INF INF 457 INF 129 702 118 330 593 497 INF INF 725 617 136 INF 406
775 INF INF 661 INF INF INF 494 348 426 INF INF INF 408 85 322 INF INF 99 452 745 101 338 352 639 768 611 458 195 153 INF 122 86 193 INF 145 652 651 INF INF INF 380 317 451 469 685 197 66 712 INF 297 699 501 567 188 116 83 INF INF 438 738 0 89 317 784 156 INF INF 464 268 INF INF INF 333 INF 619 INF INF 637 334 651 94 683 565 INF 631 302 345 214 337 INF INF 420 INF
202 418 314 182 566 INF INF 436 497 451 535 422 404 394 766 757 274 79 186 402 116 648 726 INF 220 INF 224 INF 633 615 748 INF 654 INF 298 610 653 59 INF 665 INF 326 719 103 127 706 546 INF 189 679 INF 521 540 INF 377 113 158 INF INF INF 426 580 0 687 59 432 INF INF INF 504 INF INF 590 104 637 548 339 570 76 420 252 INF INF INF 249 INF 407 685 423 INF 131 698 202 370
INF INF INF 206 506 122 73 375 225 70 367 549 95 61 534 186 595 INF 232 547 304 INF 744 576 186 INF INF INF 713 INF INF 618 342 729 149 INF INF 381 INF 625 466 609 243 346 504 INF 594 650 626 192 338 638 59 112 INF INF 58 413 INF 768 83 482 INF 0 373 289 629 INF 248 608 714 140 640 357 692 INF INF INF 305 613 236 367 385 218 INF 491 INF INF INF 597 378 INF 259 297
INF 722 351 INF 239 INF 701 55 INF 404 466 617 INF INF 604 759 471 593 269 539 363 492 INF 338 INF 308 INF INF 652 179 596 INF 168 INF 431 INF 706 333 685 396 715 763 98 115 INF INF 525 INF 335 694 INF INF 743 INF INF 312 431 523 INF 637 414 INF 196 409 0 417 217 INF 100 715 293 INF INF 644 705 INF INF 232 580 INF 196 238 INF INF INF 260 INF 245 INF INF INF 190 663 435
303 INF 183 762 INF 102 INF 738 INF 323 291 INF 730 417 494 537 638 390 732 358 259 730 INF 711 627 712 187 537 INF INF INF INF 446 213 109 621 361 INF 553 583 423 356 574 395 INF 523 INF 576 INF 507 INF 447 591 251 680 INF 595 579 693 601 541 INF 375 690 INF 0 561 66 700 654 549 113 568 291 523 438 524 179 459 735 407 735 186 749 INF INF 59 INF INF 205 INF 107 239 374
473 785 123 INF 163 260 INF INF 141 366 INF INF INF INF 630 133 151 265 209 INF 168 274 769 154 237 75 421 227 INF INF 246 134 INF INF 84 493 432 686 533 335 707 INF 734 396 250 655 INF 518 626 216 100 538 460 INF 562 310 INF 109 350 88 688 753 INF 477 111 153 0 555 262 INF 699 303 188 452 652 284 261 695 317 730 759 106 255 133 626 151 INF INF 504 560 117 515 INF 154
666 578 308 176 761 550 239 289 INF INF 212 355 677 507 INF 547 INF INF INF INF INF INF 126 376 INF 574 INF INF 112 173 256 700 INF 360 572 731 760 INF 293 418 495 INF INF 552 729 408 319 94 358 270 314 478 334 219 INF 166 632 677 INF 427 434 INF INF 355 INF INF INF 0 INF INF INF 248 656 703 453 711 605 413 INF INF 724 674 613 INF 593 353 INF 558 536 360 472 INF 136 INF
569 421 722 343 INF 355 545 176 360 INF INF 483 INF INF INF 654 139 71 224 347 INF 515 85 74 INF 271 68 INF 588 INF 289 INF 560 141 INF 84 INF 432 690 678 141 INF 316 INF 101 394 584 96 371 242 636 INF INF 366 INF 333 409 INF 228 760 263 264 INF 678 INF 180 INF INF 0 465 INF INF INF 248 INF 401 664 484 INF 174 189 487 565 120 699 356 127 233 479 209 194 464 533 INF
610 713 322 INF 227 INF 735 518 INF INF 660 580 INF INF INF 311 85 636 INF 697 124 412 INF 662 168 INF INF INF 477 INF 425 158 289 153 INF INF INF 295 659 INF 613 INF 672 386 69 703 191 347 98 610 637 223 248 573 648 598 689 412 549 163 306 749 INF INF 495 INF INF 379 399 0 INF 335 317 INF INF 584 211 337 163 770 INF 190 INF 564 INF 587 682 715 271 620 INF 387 614 471
INF 559 567 625 379 INF 137 332 INF 551 457 325 INF 774 INF INF 303 411 INF INF 715 208 282 712 128 181 369 262 78 INF 522 548 INF 676 205 201 287 670 219 465 211 214 INF INF 240 159 236 598 203 431 INF INF 635 649 249 INF INF 690 716 INF INF INF INF 111 INF 158 INF INF INF 367 0 301 461 INF INF INF 255 INF 310 INF 386 521 583 712 748 INF INF 352 723 INF INF 135 399 220
756 681 378 INF 602 INF INF 173 95 321 617 INF INF 634 173 380 374 INF 293 INF 252 439 668 514 738 INF 674 73 383 144 344 664 INF INF 341 623 403 631 437 169 367 638 752 INF 289 455 186 139 744 171 528 346 INF 426 620 INF 166 INF 701 474 253 610 INF 399 156 679 174 265 427 INF 375 0 INF 461 107 736 183 487 INF INF 504 INF 488 361 INF 403 752 428 105 686 INF 220 114 512
INF 310 INF 230 732 378 267 657 INF 291 312 274 298 773 INF INF 304 INF 205 221 INF 547 INF 548 643 339 719 697 INF 125 327 728 567 287 553 INF 319 434 642 498 248 127 685 413 INF 594 321 INF 257 INF 654 277 717 605 468 163 626 INF 392 619 172 INF 361 INF 146 754 654 185 INF INF 314 INF 0 578 516 INF INF 220 510 INF 736 746 455 INF INF INF 303 549 INF INF INF 492 209 574
INF INF INF INF 403 INF 272 INF 99 679 INF 86 INF 455 720 208 691 INF INF 225 239 74 INF INF 532 INF 477 555 217 535 217 187 360 INF 606 301 266 INF INF 632 210 257 INF 218 726 558 749 553 405 287 62 INF 395 674 775 INF 345 232 177 INF 462 570 220 514 INF INF INF 624 304 159 697 INF 382 0 350 INF 71 INF 124 INF 764 777 INF 439 752 448 113 INF 633 222 INF 317 411 608
107 533 223 310 725 INF 476 190 143 602 INF 683 INF INF 465 INF 780 221 768 INF INF 129 376 138 654 607 706 615 304 INF 661 INF 383 92 339 312 708 INF 415 720 296 260 INF 433 366 323 359 706 723 INF 623 386 INF INF 571 INF 272 652 INF 238 INF 770 140 320 292 145 INF INF 535 618 INF 614 695 INF 0 INF INF 146 734 722 144 537 525 INF 150 INF 483 641 604 487 INF 256 INF 427
INF 431 344 330 692 606 678 INF 268 159 261 INF INF 430 67 INF 604 104 755 INF 642 699 111 292 205 INF 480 INF 669 285 510 728 772 INF 718 305 INF 662 INF 476 691 INF 488 380 215 INF 458 INF INF INF 514 477 128 194 INF INF 120 709 579 INF 328 152 695 550 565 71 659 229 367 214 502 284 165 INF INF 0 88 INF 641 678 INF 250 305 657 472 92 250 698 97 762 462 740 INF 175
INF INF 266 183 INF 443 399 619 INF INF 94 506 503 529 622 675 INF INF 231 480 120 634 INF INF 300 INF 640 INF INF 562 723 304 755 635 705 232 165 INF 93 INF 342 90 791 INF INF 54 587 359 715 INF 411 487 INF 380 348 601 INF 419 165 187 554 161 INF INF INF 305 430 166 INF 605 679 INF 88 624 88 642 0 INF 454 719 INF INF 574 INF 136 487 INF INF 489 371 INF 618 INF INF
428 516 INF INF 511 118 201 446 INF INF 451 386 169 INF 220 INF 322 INF INF 316 552 121 524 INF 223 INF 136 INF 727 732 247 INF 279 553 INF 653 518 INF 298 126 242 357 505 155 299 769 INF 662 357 501 431 179 361 694 666 INF 78 INF 123 155 258 637 INF 131 83 412 INF 455 INF INF 253 INF 71 INF 462 191 190 0 491 INF 91 752 462 114 INF 694 651 65 617 726 INF 281 INF INF
276 INF 126 214 760 70 506 66 699 681 302 INF 385 757 507 INF 101 356 242 INF 145 339 182 542 631 755 INF 120 530 78 466 581 INF INF 327 404 684 246 140 INF 639 674 558 506 82 INF 288 769 295 543 682 INF 121 INF 366 276 317 412 INF 760 208 249 INF INF 481 620 344 71 694 674 533 657 592 354 603 INF 359 687 0 136 INF 440 259 INF 129 INF INF 549 406 559 INF 490 288 382
INF INF 578 INF 168 387 599 326 686 600 421 421 179 517 INF 427 229 INF 127 354 INF INF 696 INF 133 INF INF 606 INF 535 483 157 431 INF 235 94 66 616 578 453 586 139 241 INF 119 INF 506 547 410 417 398 179 519 INF INF INF INF INF INF INF 405 INF 671 541 523 429 INF 564 776 INF 91 141 579 INF 727 720 INF INF INF 0 357 INF 606 INF 72 INF 242 704 716 624 570 216 598 511
155 102 355 INF 316 261 248 INF 282 312 234 INF 435 449 176 INF INF INF 346 753 INF INF 384 458 INF 470 583 INF 421 578 INF INF INF 220 525 558 INF 521 604 INF INF 531 386 67 180 748 432 326 274 577 587 364 INF INF 380 88 INF INF 734 719 628 590 584 INF INF INF 95 580 INF INF 654 530 INF 473 734 547 INF 347 INF 473 0 INF INF INF 107 549 745 463 622 252 739 65 INF 550
751 523 713 300 622 362 464 INF 205 386 INF 462 771 275 124 INF 543 583 86 660 INF 629 119 274 556 INF INF INF 574 685 506 INF INF INF 380 450 INF INF 512 656 609 213 INF INF INF 153 308 775 INF 403 INF 599 167 370 99 696 367 663 INF 228 658 574 563 643 443 531 210 INF 380 668 320 INF 479 84 INF 656 INF 80 713 INF INF 0 708 160 69 INF INF 387 327 351 665 757 209 662
743 265 535 273 514 573 720 INF 139 762 634 212 INF 155 494 395 702 INF 449 391 INF INF 546 505 521 247 INF 214 INF 131 591 296 INF 254 537 686 94 242 INF INF INF 737 448 INF INF INF INF INF 147 598 673 475 INF INF 735 756 458 622 INF 380 INF 302 701 INF 264 INF INF 303 INF 720 386 659 INF INF INF 81 753 INF 95 683 346 INF 0 523 INF 248 120 INF INF 764 586 INF INF INF
701 666 65 581 45 INF 672 657 107 705 753 698 196 184 542 INF 131 362 467 INF 528 430 505 71 727 INF INF 648 INF 429 725 487 148 INF INF 335 84 INF 491 230 153 149 INF INF 246 INF INF INF 337 INF 216 INF 251 INF INF INF INF INF 461 732 430 479 93 INF INF 663 INF 512 361 228 INF INF 443 515 324 549 714 745 INF INF 266 INF 340 0 INF INF 509 425 651 INF 442 520 INF INF
548 INF 548 592 510 94 INF 783 INF INF INF INF INF 297 INF INF INF 147 557 504 463 710 181 183 492 491 127 INF INF 462 INF 458 INF 465 INF 390 INF INF 201 91 INF 401 746 INF 110 687 INF 715 INF 688 262 114 712 497 638 INF INF 439 672 INF INF 109 INF 698 421 330 423 585 418 77 INF 686 434 319 657 104 INF 363 INF 728 INF INF INF 477 0 332 509 306 546 455 INF INF 361 468
163 485 225 INF 341 374 78 INF 597 INF 439 305 INF 85 237 354 471 INF 451 697 315 INF 161 INF INF 601 90 INF 729 INF 426 253 357 INF 299 656 INF INF INF 500 INF 731 INF 432 INF 308 641 435 173 130 483 744 INF INF 248 621 189 536 583 INF INF 323 INF 658 78 INF 221 INF INF 496 144 418 INF 266 158 381 INF 663 182 222 363 INF 181 121 INF 0 495 762 563 158 195 761 INF INF
489 INF INF 763 676 259 363 66 644 83 190 741 INF 106 INF INF INF 755 676 INF 372 422 459 321 605 INF 602 INF INF 115 710 534 468 166 187 INF 439 391 INF 716 527 461 INF INF 600 121 INF 335 INF 629 321 307 632 INF 606 584 309 90 717 499 541 509 703 INF 748 INF 355 496 501 441 271 421 514 INF INF 456 715 INF 601 INF 615 INF 664 656 579 708 0 INF 716 INF 663 235 606 93
589 63 INF 583 259 202 473 223 414 INF INF 734 INF INF INF 565 728 206 INF INF INF 492 644 INF INF 627 593 582 749 INF 619 489 185 137 286 468 181 415 272 623 58 116 376 590 434 502 399 339 682 413 INF INF 503 INF 309 231 214 148 382 528 140 212 685 272 INF 343 347 INF 559 692 135 727 INF INF 247 724 359 688 INF INF 316 135 INF 532 647 585 788 0 216 606 642 327 495 403
326 678 477 285 INF INF INF 127 522 INF INF 399 192 445 622 252 INF 165 693 INF 583 620 570 741 292 710 INF 137 86 551 654 INF 766 76 265 434 INF 774 452 262 673 535 522 627 INF 686 212 INF 385 412 93 517 117 150 INF 765 506 390 204 558 259 336 INF INF INF 106 585 761 INF 164 INF INF 133 INF 436 53 439 469 INF 650 INF INF 449 INF INF INF INF 220 0 616 316 449 753 INF
INF INF INF 269 295 INF INF INF INF 188 INF 369 149 339 104 613 INF 424 INF 572 565 INF 477 714 410 INF INF INF 432 342 421 INF 464 INF INF INF 518 549 99 INF 171 INF INF 129 INF 330 467 INF 236 INF 603 132 289 INF INF 120 166 320 288 512 249 462 INF 90 332 INF 741 546 INF 551 INF 514 656 INF INF 231 760 193 735 209 352 INF INF 428 309 484 INF INF INF 0 319 INF 414 561
700 INF INF INF INF 583 599 219 444 631 478 INF 752 621 INF 767 INF 775 627 INF 761 489 126 78 INF INF 102 534 280 INF INF 197 124 653 INF INF 652 754 311 403 INF INF 321 120 698 531 557 499 233 408 250 INF 255 INF 215 717 727 302 INF 733 722 631 740 642 752 380 INF INF INF 383 INF INF INF INF INF 174 INF 298 772 590 302 63 609 INF 581 INF 546 383 364 674 0 600 98 INF
329 214 149 INF 275 742 493 674 INF 230 601 INF 457 INF INF 240 INF INF 624 INF INF 171 257 502 717 INF 238 371 INF 549 INF INF 596 INF 201 INF 146 407 562 780 295 118 INF 207 472 732 357 INF 339 173 INF 509 485 680 278 341 402 INF INF INF INF 450 INF INF INF 180 398 732 INF 516 453 70 741 INF 270 INF 701 403 99 124 INF INF 670 570 600 690 INF INF 775 308 INF 0 70 INF
512 85 592 64 357 705 335 797 81 657 INF 176 370 524 143 305 674 502 752 267 65 66 478 732 599 375 INF 683 673 INF 455 INF 513 431 397 611 290 423 339 117 442 98 655 245 449 438 INF 549 INF INF 527 206 197 206 INF 131 449 611 677 640 INF INF INF 332 642 548 284 499 INF 248 462 569 308 782 626 718 595 INF 718 241 INF 348 741 359 294 517 590 732 445 INF 488 720 0 583
INF 512 466 INF 214 INF INF INF 647 INF 261 201 INF INF 80 INF 356 631 316 750 772 INF INF INF 213 734 318 746 INF 90 520 363 INF 623 541 626 INF 427 500 INF INF 119 599 199 INF 450 430 97 408 200 INF 467 433 INF INF 668 355 108 439 734 50 762 INF 465 461 INF 683 689 165 626 387 730 729 317 266 197 INF 292 142 748 INF INF 492 428 224 452 INF 204 67 645 INF 554 INF 0
