0 742 197 167 586 526 784 726 183 389 726 444 296 203 INF INF INF 320 INF INF 562 413 INF INF INF INF 566 INF INF INF 768 INF 325 INF 509 769 INF 264 408 INF INF INF INF 357 INF 133 INF 747 527 692 344 525 743 682 734 280 473 220 INF 476 528 85 INF 458 452 772 208 153 112 690 INF 454 526 140 649 170 692 436 573 INF INF 384 694 279 160 741 INF 428 85 396 INF 102 522
605 0 403 131 482 365 474 112 691 INF 219 474 110 INF 596 371 655 493 INF INF 449 INF 307 INF 242 683 650 INF 528 INF INF 674 403 545 INF 766 INF 317 672 557 INF 630 263 INF 586 279 454 INF INF 412 67 558 753 INF 267 697 761 INF 316 695 INF 493 403 INF INF 676 228 180 125 559 577 INF 698 270 INF 541 INF 297 263 414 340 INF 416 99 641 391 INF 698 763 488 121 INF INF
INF 758 0 276 485 591 162 756 631 626 311 277 363 INF INF INF 61 645 407 731 365 INF 764 INF 761 INF 662 INF INF 273 474 564 396 335 371 326 INF 664 185 328 INF INF INF 137 INF 535 748 311 401 115 INF INF 733 327 142 INF 635 198 486 INF 432 590 102 85 685 538 INF 459 527 576 663 773 411 504 INF 113 128 INF INF 318 306 702 403 INF 581 158 566 393 321 591 442 537 226
323 571 768 0 400 787 INF 339 67 82 367 731 477 321 INF INF 232 567 INF 224 INF INF 82 224 487 180 637 INF 720 117 270 178 INF 540 INF 284 605 278 INF 549 176 INF 622 135 716 221 750 551 758 201 INF 558 INF 133 476 458 INF INF INF 386 100 INF 752 746 767 646 207 284 219 387 INF INF INF 719 679 764 774 411 INF INF 415 INF 730 603 416 INF 753 65 INF INF 522 INF INF
INF 259 511 469 0 INF 542 516 564 INF INF 293 716 225 326 100 603 68 296 111 728 INF 477 339 93 185 INF 415 772 INF 167 INF INF 549 402 756 354 INF 741 215 580 INF 119 INF INF 684 442 176 436 565 519 182 614 INF 396 370 115 619 733 417 INF INF INF INF 632 INF 643 INF 193 682 131 INF 435 272 190 151 INF 357 294 220 INF 423 92 732 INF 322 450 782 INF 223 INF 477 INF
98 140 INF 566 INF 0 480 764 INF 321 INF INF INF 484 347 INF 719 546 711 395 542 455 529 INF INF 229 445 614 INF 482 240 INF 281 INF 281 149 INF 385 98 INF INF 221 330 INF INF INF INF 537 322 644 602 INF INF 636 671 368 364 INF 154 356 602 200 682 644 INF INF 201 INF INF 470 733 INF 533 584 227 INF INF 102 INF INF 177 171 735 219 722 INF 318 615 146 498 402 INF 690
INF 410 INF INF 326 402 0 INF 309 INF INF 467 135 279 INF 467 108 360 187 477 287 488 348 726 609 168 233 366 756 760 480 414 70 343 668 338 644 595 751 698 565 INF INF 515 711 401 169 482 102 306 461 INF 475 405 732 72 INF 428 756 249 66 432 284 INF 148 589 447 649 235 352 540 70 736 450 INF 686 150 320 78 730 192 88 INF 518 INF 508 269 121 526 INF INF INF 111
369 662 93 64 INF 677 INF 0 233 172 567 INF 163 608 171 INF 377 128 527 INF 580 461 289 293 INF 355 546 235 219 360 377 INF 89 INF INF 192 INF 751 754 486 494 69 INF INF 190 477 INF 114 INF INF 342 INF 480 223 INF 254 734 INF 562 578 634 625 446 749 483 INF 363 INF 257 276 512 INF 511 775 INF 70 379 INF 735 676 INF 242 768 INF 159 283 INF 430 INF 573 306 427 INF
490 INF INF 539 INF 724 INF 519 0 734 INF INF INF 534 INF 720 378 INF 689 678 INF 394 467 143 549 150 451 INF 661 352 586 INF 300 152 INF 293 735 108 102 702 INF 506 407 INF INF 767 277 INF INF 287 496 545 350 120 INF 606 512 471 INF 323 166 INF 644 INF 273 INF 612 514 165 727 INF INF INF 638 96 386 111 265 INF INF 280 706 101 331 143 INF 346 77 170 378 INF INF 494
INF 644 284 164 INF 286 245 298 597 0 679 590 433 INF 627 295 146 INF 629 327 179 INF 560 686 479 570 182 445 771 284 INF 445 429 141 273 383 583 607 656 INF 115 365 INF 323 278 INF 522 INF 499 153 482 767 INF 550 577 588 240 503 344 465 INF 108 INF 226 88 468 249 214 INF 112 126 INF INF 214 473 INF INF 338 INF 490 717 143 600 INF 388 INF INF 199 712 283 243 INF 525
334 333 756 INF 160 679 602 INF 300 172 0 INF 522 627 INF INF INF INF 646 111 537 INF 627 INF INF INF INF 192 289 471 181 136 262 558 704 201 95 INF 497 INF 251 494 INF 497 290 716 262 INF 472 339 457 272 INF INF 777 640 705 149 INF INF INF INF INF 416 442 161 521 679 389 637 122 INF 534 82 108 319 106 302 INF INF INF INF 501 145 INF 128 INF 742 INF 715 INF 201 404
635 INF 576 668 647 95 704 INF 706 582 INF 0 INF INF INF INF 199 635 INF 554 543 733 477 786 562 437 730 688 657 532 INF 600 104 222 254 INF 735 320 INF 487 448 INF INF 377 400 200 646 INF 408 782 700 568 268 INF 731 737 INF 386 180 704 630 631 724 81 323 484 INF 339 633 527 99 94 245 130 96 729 INF 771 319 INF 480 280 329 760 533 601 INF 535 INF INF 229 438 516
INF 577 341 707 312 473 INF INF 440 89 617 INF 0 102 233 565 82 INF INF 712 676 411 656 502 INF 349 214 INF 465 INF INF 701 534 683 85 98 83 126 210 INF INF INF 228 305 275 INF 605 INF 617 437 INF 351 768 141 INF 233 461 458 67 529 INF INF 153 INF INF 376 INF 245 90 747 344 INF 391 INF INF 546 667 INF 322 597 209 INF 467 643 353 442 INF INF 90 505 284 179 59
INF 127 327 645 362 724 671 INF 174 302 151 293 400 0 636 INF 536 INF INF 322 260 547 328 INF 475 281 723 123 INF 506 389 354 266 255 52 520 INF 326 INF INF 642 528 126 283 734 196 INF 556 INF 237 77 571 INF 325 INF 645 251 609 608 85 INF 364 579 INF 610 224 447 436 293 673 199 INF INF 179 INF INF 160 232 675 INF INF 747 775 376 422 240 411 324 INF 274 694 INF 408
219 INF INF 579 594 52 591 INF 625 244 INF 759 558 231 0 INF INF 632 651 INF 171 INF 164 713 653 INF 540 INF 498 INF INF INF 105 INF 86 558 INF INF 82 INF INF 281 756 INF 720 INF INF 477 118 745 INF 733 772 93 583 313 148 INF 616 INF 247 INF 553 238 656 482 INF 735 486 187 138 236 130 445 101 671 570 INF 761 INF INF 219 161 INF 655 676 674 597 167 239 149 235 INF
293 INF INF INF 666 180 691 466 451 453 629 462 134 501 459 0 INF INF 596 332 378 415 345 586 180 309 191 INF INF 152 331 527 INF 629 INF 760 INF INF 528 116 66 400 642 481 461 494 514 232 343 INF INF 208 539 INF 442 228 155 485 INF INF 311 332 INF 726 INF 688 684 219 INF 417 INF 740 INF 464 251 INF 70 634 408 491 332 528 INF 605 325 INF INF INF 737 602 208 INF INF
INF INF 303 598 751 INF INF 138 771 86 210 259 357 342 INF 376 0 529 670 741 754 INF 476 511 86 INF INF 449 INF 244 INF 436 692 INF 732 490 INF 600 INF 162 467 212 494 508 INF 110 756 INF INF 454 INF INF 743 665 776 409 218 265 INF 758 INF 201 625 603 INF INF INF INF INF INF 750 718 INF 733 INF INF 243 292 INF INF 415 145 351 432 172 303 INF INF 251 INF INF 98 INF
566 INF 330 393 608 102 457 392 143 INF 676 619 241 452 298 688 48 0 206 88 502 703 INF INF INF 259 279 146 413 INF 493 636 114 146 618 96 702 347 779 INF 723 228 INF 551 555 708 541 680 287 429 INF INF 740 270 INF INF INF 188 200 564 INF 349 647 INF 599 INF 418 608 453 741 125 236 716 389 INF 615 245 665 714 519 INF INF 629 INF INF 251 INF 147 498 INF 234 374 302
435 737 INF INF 616 INF INF 120 289 418 689 204 263 87 126 261 INF INF 0 526 INF INF INF 577 371 508 486 243 INF 418 633 703 334 INF 448 392 INF 605 INF 280 INF INF 74 732 INF INF 500 445 INF INF INF INF 738 494 164 506 345 147 665 750 INF 252 INF 395 INF 459 INF 293 752 481 INF 335 INF INF INF 600 455 INF 530 579 538 381 593 INF 751 372 666 298 745 INF 291 588 567
470 659 INF 188 INF 593 341 INF 552 503 565 709 269 189 INF 142 151 471 INF 0 222 81 569 147 165 376 63 607 397 753 542 56 262 651 130 67 217 253 71 695 307 INF 642 607 285 547 INF 448 383 103 769 INF INF INF 316 210 617 72 472 INF 570 462 442 495 INF 500 285 765 552 INF 342 INF 353 578 INF 720 INF 295 698 428 689 INF INF 403 332 383 74 763 195 266 INF INF 463
297 769 145 511 486 INF 258 55 674 INF INF INF INF 211 324 210 482 464 72 651 0 422 363 342 INF INF INF 483 716 436 268 683 540 INF 702 INF 417 735 629 INF 255 INF 257 95 INF 759 732 390 570 INF 145 591 410 70 612 656 INF INF INF 753 420 696 758 440 540 INF INF 609 422 INF INF 691 INF 596 663 738 323 INF 607 INF 758 508 408 INF 710 681 INF INF 297 INF 418 715 467
350 213 623 598 362 732 293 553 INF 575 105 INF INF 410 739 INF 588 INF 271 77 INF 0 689 134 89 769 INF INF 285 538 184 371 307 443 INF 425 385 456 INF INF 649 INF 146 INF 486 201 458 114 550 697 659 364 667 693 324 INF 439 168 INF 648 601 INF 394 462 606 INF INF INF 426 423 414 374 543 318 INF 365 INF INF 753 495 INF 265 INF 289 INF 697 287 INF INF 408 INF 433 720
INF 185 131 305 328 INF 71 601 346 528 246 428 292 INF 624 589 701 657 676 INF INF 217 0 180 INF 184 INF INF INF 755 564 121 INF INF INF INF 411 709 94 213 525 194 INF 488 169 244 INF 574 INF 661 724 511 225 INF 319 263 625 INF 75 INF INF 441 378 752 INF INF 73 INF 122 INF INF 208 406 498 773 INF 97 440 765 INF 75 524 681 422 342 INF 85 516 INF INF 400 463 INF
415 187 INF 273 597 216 390 INF INF 614 INF 712 691 257 INF INF 555 523 219 665 762 311 727 0 605 766 646 334 INF INF 562 INF INF 658 463 INF 566 INF INF 669 INF 469 266 674 627 647 529 774 237 INF 146 238 INF 174 INF 120 498 657 415 140 INF INF 417 332 478 INF 266 203 726 133 113 589 573 631 INF 69 INF INF 522 INF 531 INF 222 567 INF 559 INF INF 495 426 256 637 428
INF INF 378 132 318 733 181 507 247 INF 643 475 246 INF INF 155 INF 690 700 INF INF 115 376 199 0 294 594 519 589 330 115 237 121 405 INF INF 48 638 615 57 429 INF 223 325 587 274 INF 372 511 566 749 INF 601 492 734 766 239 393 INF 253 INF 715 INF INF 158 285 INF INF INF INF 167 INF 628 659 164 142 262 538 INF 241 416 160 INF INF INF 557 536 624 662 INF 258 639 149
476 INF 766 751 INF INF 346 INF 211 495 INF 124 536 INF 326 595 662 286 315 INF 228 237 681 INF 107 0 113 621 583 592 INF 262 462 709 123 INF INF INF 347 462 248 INF INF INF 622 INF 399 681 INF 776 670 231 465 780 84 279 INF INF 74 228 INF INF 76 INF 269 INF 689 529 643 648 730 473 509 537 INF 418 112 270 585 INF 477 111 142 INF 410 INF INF 471 750 380 137 649 132
INF 617 466 475 INF 485 533 INF 669 INF 183 INF 350 416 327 751 INF INF 474 INF INF 370 INF 92 541 273 0 224 190 INF 692 247 772 247 218 INF 648 630 135 98 296 300 INF 270 620 452 INF INF 76 642 482 167 459 165 INF 235 374 290 770 504 69 301 450 293 444 165 INF 651 INF 204 663 273 729 INF INF INF 61 559 INF 345 INF 157 INF 591 INF 695 224 186 INF 688 111 INF 204
180 100 INF INF INF 240 INF INF 272 INF 626 709 80 635 492 380 INF 423 INF 465 243 248 INF 118 INF INF INF 0 INF INF 676 INF 762 123 231 662 717 86 467 654 460 100 403 INF 674 658 637 INF INF 520 185 581 INF 754 INF 753 63 166 INF 222 137 INF INF 759 414 773 INF 508 321 INF INF INF 402 INF 509 277 290 INF 542 185 269 657 395 INF 292 588 INF 370 692 712 480 244 276
551 INF 395 INF INF 777 INF 171 322 INF 685 INF INF INF 582 INF 533 436 INF 306 252 INF INF INF 257 405 INF 660 0 311 INF 104 562 410 INF 152 123 INF 266 601 141 745 687 INF 90 INF 661 412 INF INF INF 167 INF INF INF 266 INF 635 731 588 INF 246 161 670 INF 398 INF INF 266 558 557 290 399 223 INF INF 596 420 INF INF 375 167 INF 234 600 506 INF 557 334 657 642 INF 133
609 720 425 307 653 681 INF INF 652 581 155 685 452 414 152 630 602 171 303 442 INF 270 149 INF 440 525 INF INF INF 0 INF 643 210 673 468 235 INF 361 INF 389 172 423 67 611 60 320 INF INF 384 INF INF 633 518 INF 676 379 INF 422 288 391 261 336 INF INF INF INF 514 620 726 INF 129 461 604 INF 443 562 707 638 282 613 775 590 INF 533 521 207 200 INF INF 560 125 456 INF
739 409 350 157 INF 641 544 568 356 725 INF 267 351 212 INF 179 203 248 395 INF 480 INF 460 INF INF 207 145 INF 611 378 0 INF INF 303 INF 559 223 INF 660 INF 274 592 INF INF 675 INF INF 323 602 659 116 574 341 231 INF 660 252 INF INF INF 580 201 173 68 94 INF INF 714 INF INF INF 566 INF 137 INF 200 745 285 528 219 INF 252 INF 703 718 461 INF 114 261 547 202 INF 388
146 72 173 458 469 INF 166 INF 598 INF 236 INF 62 258 600 INF 690 743 395 769 569 126 247 308 91 INF 726 294 632 478 321 0 511 521 INF INF INF 154 554 INF INF INF 167 686 717 744 624 756 282 264 558 168 INF 312 324 262 709 285 INF 454 275 550 325 371 491 343 760 136 718 INF 641 118 INF 755 468 780 648 301 112 INF INF INF 86 767 INF 617 182 248 INF 715 INF 298 INF
185 180 281 486 216 597 INF 479 INF 598 479 763 268 INF 543 562 246 INF 344 682 INF 541 753 INF 658 55 INF 644 139 108 729 557 0 100 367 681 79 635 INF 156 285 INF 679 419 INF 538 703 56 INF 471 699 86 173 491 INF INF 123 470 603 283 INF INF INF INF 537 INF INF 653 INF INF 255 655 618 582 635 INF 162 INF INF 382 INF INF 201 INF 725 210 INF 766 389 INF 274 INF INF
680 213 INF 779 215 573 590 494 INF INF 592 95 467 246 INF 449 587 142 99 INF 404 INF 643 54 INF 512 748 272 INF 662 INF INF 500 0 124 INF 400 96 INF 529 279 756 90 INF 755 546 733 124 228 573 371 INF INF INF 291 93 206 222 713 INF INF 512 267 252 352 540 642 392 477 761 420 412 330 451 183 196 419 351 749 100 162 713 INF 271 INF 486 292 566 366 154 750 742 461
INF 764 INF 639 149 INF 513 200 748 106 111 348 648 632 727 375 344 640 776 315 68 683 227 INF INF 467 254 INF 64 463 INF INF INF 228 0 171 321 INF 123 176 383 INF 98 INF 432 532 107 693 236 506 320 84 383 106 621 528 619 178 585 453 INF 608 229 INF 720 INF 134 62 424 720 347 167 179 307 730 INF INF 581 INF 456 459 INF INF 767 438 205 474 406 136 INF INF INF INF
741 622 INF INF INF 288 641 510 586 752 INF INF 225 692 323 INF 395 INF 279 728 390 196 694 INF 512 600 INF 307 200 240 313 79 779 INF INF 0 INF 750 499 INF 278 277 498 444 571 INF 308 INF 514 571 INF 211 INF 69 INF 191 679 605 INF 374 280 INF 699 602 INF 297 INF INF INF INF 194 784 144 INF INF INF 424 INF 374 654 533 139 642 757 INF 558 205 430 INF INF 344 120 593
681 717 INF INF 743 600 INF 482 INF INF INF INF INF INF 649 99 INF 149 640 INF 126 685 INF 122 560 603 420 311 138 134 123 143 570 739 322 64 0 INF 90 702 INF 189 INF 394 749 75 54 427 391 594 751 536 86 INF 658 INF 238 753 INF 87 INF 263 INF INF 544 INF 309 732 378 165 334 667 417 182 191 101 362 602 59 INF 419 681 INF 686 337 532 740 325 555 580 64 415 655
INF INF 281 560 INF 157 734 707 644 INF 390 280 INF INF 535 654 99 619 INF INF 111 519 357 391 305 INF INF INF 234 298 669 715 279 384 527 338 INF 0 625 83 253 365 157 INF 304 104 INF 635 525 INF 302 106 417 462 679 357 304 527 INF 298 693 154 720 433 INF 93 94 INF 630 705 267 118 141 263 310 614 555 658 782 292 INF 486 676 INF 473 INF 448 399 534 INF 411 673 772
INF 567 680 107 INF 617 139 213 636 680 INF 303 565 400 INF 751 71 454 INF 82 420 505 INF INF 79 310 316 518 569 118 771 731 412 459 613 INF 656 704 0 INF INF INF 750 600 606 546 641 INF 659 INF 629 447 INF INF 379 380 57 INF 724 497 490 INF INF 69 451 INF INF INF 316 118 204 246 INF 496 239 INF 216 INF INF 477 401 INF 210 537 INF 527 INF 267 89 71 INF 554 INF
248 295 147 127 554 350 INF 609 142 687 408 584 271 INF 124 391 177 291 356 638 646 174 INF 73 301 INF 683 INF INF INF 390 627 524 226 255 624 447 681 407 0 INF 482 320 INF 162 286 328 654 121 467 573 INF 419 769 125 677 601 168 619 644 677 INF 333 360 667 INF 115 INF 683 340 231 717 284 113 137 607 554 INF 276 402 589 78 INF 489 197 742 152 INF 546 775 INF INF 73
513 INF INF 256 263 402 735 463 INF 627 170 248 108 INF 588 INF INF 558 743 711 363 335 386 INF 414 296 INF 601 INF 166 551 124 532 518 298 INF 483 706 INF 239 0 394 753 INF 615 INF 143 393 153 INF 740 112 421 390 INF INF INF INF 552 206 638 141 620 545 INF INF INF 278 150 INF 506 763 191 188 276 136 115 562 286 71 582 718 755 719 392 INF 173 583 242 732 243 419 INF
666 INF 615 335 618 149 492 INF 514 724 592 512 INF 166 INF INF INF 380 INF 331 INF INF 614 INF 581 INF 480 INF INF INF 144 218 INF 104 256 INF 240 327 756 192 INF 0 585 518 INF 712 702 583 246 245 112 408 INF 134 280 278 INF 404 401 428 INF 330 INF 764 636 INF 473 245 INF 517 527 INF 778 390 INF INF 212 422 INF 478 587 417 536 549 INF INF 521 181 INF 768 188 460 64
285 406 617 106 INF INF 666 146 INF 63 76 507 524 INF 249 INF 117 356 INF INF INF 649 607 601 535 345 INF INF 413 253 100 INF 475 INF 104 138 539 337 INF INF INF 738 0 INF INF 361 107 592 182 730 99 716 157 572 138 742 INF INF INF INF INF 210 112 272 675 680 330 506 INF INF 760 610 360 623 INF 640 INF INF 187 INF INF 264 155 553 623 121 162 INF INF 640 INF 545 371
INF 130 744 203 567 82 709 600 INF 744 INF INF INF 688 INF 544 454 INF INF 680 160 INF INF INF INF 197 INF 389 481 528 275 759 507 INF 148 INF 84 279 688 INF 438 54 INF 0 667 INF INF INF 455 428 346 INF INF 720 INF INF 555 83 678 INF 123 119 685 289 457 493 684 536 234 640 INF 549 INF 340 122 772 185 INF 536 INF 579 160 392 239 219 INF 532 405 166 235 330 617 653
INF 71 471 163 623 572 444 INF 559 INF 664 458 INF 608 INF 450 255 436 457 INF 69 726 143 550 273 345 201 159 511 92 498 412 INF INF INF INF 160 INF INF 412 INF INF 773 258 0 188 124 INF 407 708 366 INF INF 341 279 INF INF 230 765 INF 136 INF 124 525 594 679 566 477 INF INF 430 250 728 123 INF INF 141 495 INF 362 450 256 492 INF 698 477 432 140 INF 721 INF INF 319
INF INF INF 132 655 INF 319 250 INF 95 726 INF INF 541 241 294 734 725 360 411 549 670 57 385 137 218 329 254 361 INF 616 INF 354 INF 195 435 INF INF 550 INF INF 378 INF 349 INF 0 INF 711 217 592 INF INF 263 INF 386 723 664 236 465 328 527 345 480 434 303 673 INF INF 206 582 105 377 INF 388 INF INF INF INF 495 541 370 268 269 403 INF 492 519 740 224 734 478 443 417
298 INF INF 745 562 427 INF 82 264 738 491 INF 666 264 695 INF 118 INF 510 INF INF 542 INF INF INF INF 307 202 539 235 INF 677 62 INF 177 75 297 INF 754 224 INF 310 711 236 157 INF 0 391 117 348 226 INF 241 246 473 304 240 318 INF INF INF 385 704 INF 230 INF INF 729 109 230 481 235 271 458 419 294 INF INF INF 301 256 319 INF 216 281 INF 462 554 257 278 INF 492 619
774 749 INF 637 99 706 144 183 INF 93 208 492 665 167 484 INF 250 552 777 INF 714 748 559 411 INF 286 INF 563 119 INF 699 505 380 INF INF 723 665 714 INF 748 299 INF INF 234 INF 737 INF 0 287 714 503 421 610 INF 658 80 705 144 INF 221 734 610 327 INF INF 657 INF INF 95 515 193 475 INF INF 361 272 695 629 387 537 527 473 INF 169 465 INF 652 508 265 INF 570 620 INF
127 312 244 INF 413 129 760 INF INF INF 468 571 235 334 537 INF 237 474 154 499 INF INF 181 551 161 520 73 INF INF 63 INF 498 704 INF 131 INF 165 294 207 205 INF 270 359 735 71 INF 561 INF 0 676 351 205 454 INF 227 109 103 368 INF 721 534 INF 216 INF 398 INF INF 146 93 591 231 INF 86 143 89 INF 225 686 382 172 126 610 543 INF 489 123 398 INF INF 774 475 630 290
INF INF INF INF 349 INF 293 134 INF 327 INF 316 324 538 INF 648 INF 765 120 125 INF 584 385 INF INF 261 113 630 775 INF INF 275 278 329 INF INF INF 730 INF 427 INF INF 383 INF 593 INF 510 163 431 0 728 132 336 436 731 INF 438 762 334 637 151 648 172 489 678 532 758 463 INF 672 395 INF 619 315 INF INF INF INF 386 268 337 INF 155 592 453 682 463 369 182 77 INF 711 INF
660 537 599 765 INF INF 127 715 INF 188 666 452 680 396 96 INF INF 268 351 636 INF INF 731 INF 632 154 160 INF 605 128 145 757 INF 717 INF 157 310 INF 92 INF INF 140 INF 582 222 INF 163 630 INF 440 0 INF INF 265 214 564 INF 704 275 INF 136 INF 370 382 INF INF INF 157 INF 169 572 317 78 109 INF 647 259 583 655 182 321 133 161 INF 716 66 INF INF 431 477 133 258 323
287 INF 553 740 87 82 INF 239 507 520 INF 421 689 197 747 INF 151 INF 669 709 643 582 64 461 INF 166 655 265 502 INF 80 207 642 INF 140 548 767 INF 591 560 768 77 551 160 INF 99 340 306 176 429 INF 0 257 544 310 INF 420 343 INF 351 INF 579 287 INF INF 669 82 775 514 675 306 433 626 INF 50 266 138 INF 345 628 INF 734 759 INF 338 INF INF INF INF 445 315 INF INF
666 409 684 398 600 503 101 456 687 168 286 480 381 437 97 748 283 129 INF 430 600 INF 622 INF INF 159 INF 693 581 78 INF INF 552 396 574 648 INF 216 611 INF 354 382 INF INF 262 INF 433 INF 99 INF INF 225 0 465 105 INF 490 120 674 226 INF INF INF 296 325 INF INF INF 587 INF INF 108 372 INF 283 676 96 INF 593 INF 324 234 189 615 67 733 INF 740 137 INF INF INF INF
723 159 294 748 INF 702 528 412 244 INF 182 161 656 INF 339 INF 142 INF 393 264 525 619 INF 414 86 219 INF 413 90 53 546 119 INF INF INF 413 678 383 403 134 INF 502 383 269 478 208 47 INF 209 458 434 84 217 0 INF 342 730 INF INF 718 INF 266 424 318 497 213 588 324 305 610 490 752 129 195 342 750 621 536 209 INF 308 164 INF 652 570 INF 660 251 663 INF 178 INF 603
INF 408 257 203 INF 104 508 401 57 60 295 669 597 141 88 INF INF 726 INF INF 410 INF 428 175 488 264 86 729 671 313 INF 303 INF 454 INF INF 69 673 INF 281 633 INF 557 642 287 81 INF 716 INF 153 INF INF 95 551 0 616 559 776 81 653 INF INF 225 378 173 140 INF INF 80 306 INF 364 INF INF INF 102 INF INF INF 573 583 345 INF INF 600 INF INF INF INF 298 661 79 579
612 347 396 390 465 INF INF 541 275 286 INF 735 INF 390 INF 313 INF INF INF 510 INF 595 195 672 355 INF 173 349 604 INF INF INF INF 716 445 447 193 461 INF INF 770 696 INF 221 569 INF 558 INF 311 364 78 471 242 560 281 0 585 INF 195 425 113 97 543 259 730 323 512 107 534 531 INF 740 594 INF 146 INF 467 239 468 186 INF 722 INF 628 186 INF 179 678 INF INF 146 INF 676
306 140 INF INF INF 149 723 INF 656 644 511 INF INF 753 591 651 INF 148 758 578 119 206 348 579 97 726 318 273 679 237 INF 220 473 753 70 296 429 INF 591 679 494 424 63 646 148 INF INF INF 349 INF 320 513 561 INF 181 587 0 757 534 620 438 181 72 629 188 485 754 83 290 534 INF 632 INF INF 604 663 INF INF 334 127 INF 131 384 254 493 INF INF INF 442 91 165 261 509
399 INF 199 277 INF 276 719 713 INF 672 137 713 INF INF 727 301 692 INF 728 178 INF 680 INF 581 338 295 389 INF INF 656 INF 481 INF INF INF 206 INF 417 INF INF 306 641 627 690 376 717 230 633 299 495 265 INF 605 667 INF 503 509 0 INF INF 677 497 317 332 698 INF 509 INF 442 397 306 190 332 INF 119 709 461 754 264 337 362 81 INF 637 425 155 436 420 INF INF 633 581 239
407 197 155 511 151 530 INF 695 INF 347 662 380 594 246 772 247 578 INF 354 790 570 314 551 INF 261 727 232 173 INF INF INF 762 INF 380 604 226 INF INF 656 127 INF INF INF INF 704 401 111 521 597 318 129 403 713 501 INF 125 INF 696 0 318 INF 581 171 INF 329 INF INF 151 INF 671 333 INF 81 137 461 476 INF 88 INF 339 INF 444 383 INF 685 335 303 358 373 INF INF 576 133
586 578 INF INF 283 324 290 INF 172 693 111 590 120 INF 95 INF INF 595 INF INF INF INF 511 438 299 INF 358 755 INF 226 78 502 520 321 46 717 INF 108 691 279 INF 377 152 303 INF 192 INF 489 344 513 374 440 425 686 438 INF INF 546 245 0 INF 231 738 267 494 INF INF 232 INF 735 INF 419 172 INF 321 703 427 INF INF 531 61 INF 772 INF INF 196 INF INF 84 INF INF 435 INF
INF INF INF 726 379 381 594 470 523 508 690 61 515 240 169 678 427 INF 511 253 477 319 712 INF INF 327 307 635 571 542 INF 54 703 INF INF INF 115 544 475 INF INF 282 504 311 59 INF 166 416 109 167 623 558 344 606 169 153 INF 734 INF INF 0 INF INF 114 INF 425 INF 417 INF INF INF 458 587 INF INF 286 234 INF INF 355 79 INF 93 264 263 384 577 INF 602 INF 557 INF 272
636 415 336 331 653 218 449 INF INF 705 628 INF 177 60 INF 645 282 INF 355 636 INF INF INF 213 78 600 423 302 177 62 396 INF 684 392 185 357 369 553 INF 736 636 INF 441 289 309 233 INF 312 453 164 673 75 404 359 INF 342 571 INF 87 146 INF 0 INF INF 421 740 INF 453 612 471 INF 183 INF 121 INF INF 111 208 302 565 591 707 480 INF 491 301 749 616 718 619 INF INF 287
564 INF INF 245 506 177 747 585 448 411 INF INF 408 510 INF 550 112 519 344 399 350 642 INF INF 450 748 177 104 243 674 225 776 INF INF INF 526 78 INF 603 110 309 639 INF INF 398 128 68 INF 363 83 755 566 643 INF 394 640 INF 727 262 INF 69 713 0 101 INF 371 343 175 INF INF 675 INF 219 INF 58 378 591 INF 460 220 INF INF 142 495 171 376 INF 570 591 704 753 80 281
INF 552 647 367 443 115 101 397 365 710 394 INF INF 142 566 INF 418 INF INF 744 741 134 727 INF 422 INF 389 150 727 540 INF 554 623 352 394 543 INF INF 397 267 INF INF 491 INF INF 663 715 INF INF 115 INF 155 523 INF INF INF 537 594 425 297 INF 170 323 0 123 624 INF 352 361 INF 316 754 INF 156 388 545 626 370 772 426 674 102 INF 323 525 INF 574 INF 69 INF 120 569 328
713 251 649 674 509 INF INF INF INF 40 247 693 171 407 139 262 557 INF INF 83 INF 84 451 737 INF INF 251 656 INF 293 335 469 72 557 INF INF INF 109 517 109 74 INF INF INF INF 139 408 231 INF 666 474 362 140 INF 714 278 642 363 701 INF INF INF 64 493 0 541 INF INF 198 389 544 506 232 519 294 INF INF INF 330 736 369 334 609 465 759 670 401 102 58 503 571 INF 173
736 INF 534 270 711 INF INF 376 379 194 631 559 INF 216 561 140 588 120 173 731 372 393 694 685 283 76 493 66 INF 470 INF 535 INF INF 351 299 INF 468 124 313 319 299 249 INF 171 534 406 INF 757 INF 353 INF 519 311 INF 511 INF 584 137 INF 477 265 590 749 650 0 128 454 356 697 282 611 INF 681 46 234 239 170 266 157 245 INF 287 224 617 INF 555 INF INF 227 697 138 211
266 294 INF INF 215 130 473 224 INF INF INF INF 70 223 266 INF 174 687 INF 409 INF 415 237 555 INF INF INF 671 514 243 INF 412 INF INF 304 INF 336 580 457 364 350 106 188 676 585 211 420 405 327 261 654 INF 724 740 455 395 INF 726 INF 441 125 106 INF 712 698 INF 0 732 97 133 435 INF 264 720 590 163 416 INF 615 370 364 INF INF 324 237 INF 433 INF INF 441 607 677 INF
INF 461 83 INF 540 INF INF 744 588 INF 274 264 630 292 627 INF 411 669 176 INF 262 206 522 526 INF 579 372 654 91 547 INF INF 69 76 752 735 INF 96 744 246 INF 691 584 INF 752 644 704 358 294 574 411 INF 143 507 99 INF 479 744 377 692 INF INF 594 415 739 573 INF 0 374 INF 497 639 363 INF 283 686 270 INF INF 541 781 322 624 INF INF 532 212 204 INF 173 221 INF 486
500 581 360 INF INF INF 553 57 747 103 569 526 699 318 711 89 INF INF 758 622 512 592 446 457 350 598 68 INF 363 543 689 740 244 341 445 INF 524 636 600 166 646 495 INF INF 92 146 250 INF 292 INF 696 729 178 94 67 392 INF INF 115 INF 476 INF 105 677 678 400 225 583 0 79 561 INF 655 309 381 702 542 594 621 293 369 92 INF 566 INF INF INF INF 264 673 442 594 610
INF INF INF 441 INF 635 INF 640 601 406 543 INF 637 243 323 571 255 278 INF 753 INF INF 447 411 INF INF 622 INF 199 181 672 494 INF INF INF INF 438 338 INF 181 INF INF 163 635 INF 767 698 INF INF INF 656 INF 186 INF INF INF 79 629 230 129 INF INF 363 INF 131 460 264 INF INF 0 681 INF 691 688 89 INF 108 395 INF 623 331 586 577 209 INF 763 INF 137 INF 219 INF INF INF
INF 253 173 505 230 465 INF INF 719 INF INF 491 190 646 104 304 616 177 678 INF 629 288 INF 565 459 INF 99 306 INF INF 695 718 699 396 86 143 INF 690 INF 559 406 INF INF 343 188 337 INF 455 438 585 180 555 642 INF 748 169 482 INF 106 557 447 637 286 531 571 740 578 347 INF 494 0 68 132 162 INF INF 424 357 188 INF 707 109 501 INF INF 303 311 INF 283 158 497 426 312
INF INF INF INF 605 INF 172 703 666 284 736 749 467 539 713 406 124 INF 682 627 446 106 INF 647 302 246 INF 187 72 137 INF 502 INF 430 414 364 154 601 INF 242 INF 573 299 421 275 701 95 718 107 104 INF INF 733 INF INF INF 518 627 INF 706 577 INF 234 463 INF INF INF 131 INF INF 83 0 324 776 245 INF 718 281 689 INF 176 INF INF 674 INF 343 553 INF 256 415 583 118 360
396 425 411 117 581 410 653 491 756 175 INF 623 427 72 472 INF 534 INF INF 762 652 INF 762 713 316 INF 327 549 361 268 63 305 242 86 212 593 575 INF 372 INF 525 INF 506 INF 556 INF 527 524 INF 149 347 INF 580 192 601 646 511 722 INF 432 INF 582 736 656 200 INF 647 269 561 INF 201 707 0 213 445 INF 672 739 765 575 INF INF 439 274 685 642 617 625 104 INF 393 INF INF
549 421 INF INF 729 693 280 283 600 624 INF INF 130 INF 73 630 423 136 INF 99 372 INF 319 174 727 739 368 INF 629 453 334 INF 496 227 484 730 753 306 276 86 175 257 235 520 293 590 INF INF 443 INF INF 228 229 123 INF 239 INF 722 INF 688 235 368 INF INF 360 776 INF 573 INF INF 649 107 INF 0 INF 201 729 157 204 INF 342 INF 527 400 85 INF 212 INF 708 354 507 775 781
238 INF 665 178 507 210 398 INF INF 697 697 239 389 432 INF INF INF 83 INF 720 445 481 702 555 126 746 748 214 688 578 182 506 269 328 389 320 INF INF 455 560 713 79 655 321 568 INF INF INF 757 656 INF 781 609 511 697 89 INF 746 INF 285 83 393 389 INF INF 416 553 INF INF 694 312 661 INF 738 0 INF INF 142 606 588 121 INF INF 699 106 INF 330 154 INF 547 294 589 INF
339 INF 474 578 402 109 667 INF 104 254 726 290 INF 183 646 606 591 567 255 123 281 199 64 INF 277 427 INF INF 298 INF 293 141 485 196 702 502 335 588 INF 642 INF 446 INF INF INF 264 292 521 450 INF 616 115 89 739 INF INF 219 INF 483 259 349 557 400 483 422 702 INF 274 500 596 106 719 INF 354 334 0 333 INF 263 479 INF 338 INF 289 202 449 230 311 INF 634 751 315 528
730 66 INF INF 602 664 626 INF 439 333 272 INF INF INF 147 INF 693 282 103 399 INF 74 INF 729 541 INF INF INF INF 392 566 582 458 734 271 INF INF 213 273 75 702 261 INF 54 72 INF INF INF INF INF INF 171 343 INF 217 561 INF 289 693 493 487 364 INF 624 INF 715 108 416 518 236 745 INF 423 633 INF INF 0 579 713 200 440 INF INF INF 365 594 286 142 INF 487 429 715 184
339 192 INF INF INF 296 INF INF INF 685 INF 219 619 278 151 INF INF 62 INF 548 170 240 267 INF 430 393 INF INF 549 INF 732 654 101 398 INF 97 518 550 INF 396 INF 58 192 206 INF 172 344 INF 317 INF INF INF 107 222 INF 397 INF 96 214 324 122 633 623 395 343 605 765 596 136 101 500 442 483 378 320 INF 356 0 734 556 INF 161 686 567 787 681 192 240 218 312 315 79 654
230 491 INF 764 538 255 INF 571 65 197 620 464 146 547 742 200 INF INF 489 581 489 113 613 575 606 INF INF 389 147 INF INF 171 INF 144 273 305 282 65 387 460 765 321 236 112 INF 116 INF 665 134 570 81 717 559 504 522 556 575 599 550 650 376 179 INF 122 418 INF 725 578 INF 125 286 371 INF 362 INF 725 50 241 0 INF 180 657 665 INF 663 244 320 INF 691 395 751 391 305
74 612 481 INF 491 72 400 571 INF INF 612 535 366 INF 459 504 INF 230 371 INF 583 INF INF 223 INF 638 729 INF 563 INF 775 INF 394 INF INF 696 677 317 362 676 676 112 82 190 111 574 149 169 420 INF INF 607 INF 196 485 INF 680 581 INF 142 79 INF 679 INF 727 INF 322 253 232 458 444 538 704 451 550 98 131 INF 673 0 INF INF INF 313 623 353 INF 116 261 336 INF 559 240
105 INF 519 280 780 INF INF 718 167 179 385 INF INF INF 694 INF INF INF 203 661 INF 728 265 143 307 INF 460 394 440 610 511 756 403 362 INF 189 366 359 INF INF 766 532 233 550 INF 457 INF INF 714 218 561 108 INF 781 676 INF 539 INF 595 230 106 INF 168 INF 208 325 INF INF 55 182 354 679 96 293 384 INF 60 540 744 INF 0 99 INF 327 INF INF 491 INF 333 479 INF 441 507
INF 308 INF INF INF 669 653 339 INF 40 565 521 INF 304 INF INF 600 INF INF 486 INF 342 568 109 INF 415 75 137 585 349 702 118 220 INF INF 654 320 INF 519 INF INF 762 378 INF INF INF 702 611 327 421 INF INF INF INF 623 334 INF 516 INF 607 INF 256 175 594 466 682 91 88 412 228 207 INF INF INF INF 269 110 INF INF 463 INF 0 207 628 INF 112 INF INF 632 519 88 INF 482
400 557 425 260 274 424 INF INF 265 INF INF INF INF INF INF 182 INF 600 453 748 676 149 373 650 452 88 189 579 INF 547 699 INF 173 INF 747 420 540 186 703 99 343 673 204 INF INF 428 583 INF 763 INF 662 237 77 INF INF 434 215 230 245 292 215 INF 432 INF 140 377 195 333 INF 467 86 255 INF 154 394 INF INF 397 INF INF 651 INF 0 INF 659 529 INF INF 580 272 407 200 585
396 INF 672 659 INF INF INF INF 396 262 INF 113 141 INF 506 456 573 649 247 426 INF INF 150 147 396 246 475 221 369 INF 281 405 INF 279 666 441 724 513 137 INF 68 713 INF 414 INF INF 216 INF 309 626 INF 432 156 INF 105 INF INF 357 671 INF INF INF 622 INF 741 INF 402 INF 483 227 624 INF INF 144 476 415 308 341 INF INF 133 774 INF 0 307 INF 332 INF INF 83 758 197 242
483 515 508 184 664 582 163 505 167 653 660 INF 198 406 61 557 651 237 663 527 401 240 139 381 INF INF 439 572 84 355 213 512 475 566 373 687 350 INF 255 INF 702 339 404 222 INF 613 342 697 390 INF 711 INF 56 INF INF 134 516 371 123 99 529 675 549 INF INF 739 671 637 155 679 INF 581 70 543 419 INF 262 586 97 INF INF 86 397 390 0 652 169 285 118 139 INF INF 126
INF 556 648 INF 588 657 468 499 441 746 313 INF 412 388 303 561 463 INF 756 159 714 INF INF 603 INF 768 INF 281 INF 452 INF 408 INF 758 INF INF 73 INF 410 INF INF 209 INF INF 673 468 350 INF 618 INF 588 INF INF 707 INF 648 INF INF 468 549 537 327 INF INF INF 432 205 493 435 261 378 INF 448 441 566 642 280 525 425 539 479 698 INF 693 677 0 553 543 166 625 123 INF 181
567 256 INF INF 698 487 89 INF 421 81 407 INF 100 94 INF 734 INF 460 INF INF 674 64 178 132 548 INF INF 317 415 430 180 INF INF 375 42 718 354 INF 623 454 598 INF INF INF 245 INF 657 571 619 613 77 129 INF 693 719 114 489 276 635 INF INF INF 303 622 482 INF 743 725 547 665 72 243 244 110 476 657 INF INF INF 351 118 674 254 INF 619 684 0 157 357 INF 169 444 336
558 INF INF 682 437 440 INF 600 575 225 INF 83 180 215 261 376 285 263 313 152 774 217 626 518 646 79 83 INF 161 553 553 INF INF 472 591 INF 138 95 519 INF 167 396 143 INF 589 671 179 INF INF INF INF 711 771 INF 672 517 72 140 87 602 455 490 122 256 612 752 333 570 385 240 INF 470 INF INF 500 621 INF 519 357 79 INF INF 539 INF 309 275 78 0 740 636 620 183 INF
281 INF 722 111 INF 115 340 505 530 71 329 INF 410 453 197 243 INF INF 381 570 142 384 528 294 512 INF 323 507 547 723 INF INF 348 330 97 INF 648 534 INF INF 526 742 348 305 605 418 223 531 437 INF 494 317 476 290 497 INF 756 INF 269 381 479 150 298 INF INF 184 431 454 270 458 452 INF 466 289 INF INF 241 137 680 658 635 409 591 563 INF 54 181 INF 0 INF 162 INF 291
237 INF 675 62 711 INF 102 INF INF INF 299 78 442 481 57 683 406 297 INF 402 580 199 67 INF 414 141 INF INF INF 209 283 410 INF INF 275 584 758 241 INF 391 INF INF 665 691 696 265 INF INF 296 592 631 166 76 692 314 94 748 711 359 148 281 568 INF INF 297 722 360 606 116 INF 68 653 594 108 420 105 INF 714 316 INF 596 381 634 644 271 INF INF INF 761 0 INF 270 492
324 194 314 408 731 358 INF 493 INF 53 INF 598 670 365 708 684 431 222 694 229 305 706 554 407 582 INF 199 269 INF 216 665 672 164 INF 549 154 285 308 177 333 INF INF 72 112 INF 338 220 422 INF 339 417 INF INF 66 674 756 64 INF 270 INF 101 525 INF 572 221 514 603 519 147 INF 737 164 328 339 INF INF INF 722 223 610 215 INF 357 746 INF 271 313 INF 637 INF 0 230 363
INF 667 INF INF 335 292 72 500 754 INF 595 INF INF 752 348 278 237 133 647 519 INF 355 147 INF INF INF 189 110 739 315 INF 727 443 443 INF INF 301 INF 518 316 667 INF 585 INF INF 279 668 663 435 302 329 INF 699 496 708 413 159 188 INF INF 491 INF 327 INF INF INF INF 194 484 83 706 385 171 690 432 189 INF INF INF 532 737 76 INF 769 INF INF 651 INF 773 612 416 0 341
315 630 480 INF INF INF 176 295 566 146 365 INF 305 717 351 55 198 INF 228 538 602 INF INF INF INF 196 82 110 INF 611 INF 267 262 INF 597 INF 440 673 INF INF INF 541 INF 540 615 674 526 INF 672 570 178 INF INF 570 642 INF 214 INF INF INF 59 534 INF 691 330 INF 78 200 323 290 700 477 359 65 142 INF INF 376 454 81 INF 555 239 241 INF INF 385 94 467 377 487 INF 0
