0 580 INF 519 344 296 85 INF 741 195 279 777 712 609 187 INF 257 392 INF INF 558 198 386 378 546 84 120 506 502 717 155 655 313 INF INF INF INF 508 INF INF 59 INF 573 773 54 INF INF INF 478 118 454 725 INF 409 INF 587 125 228 247 411 INF 435 281 INF INF INF 737 268 INF INF 707 113 INF 498 619 218 INF 296 INF 632
698 0 354 636 INF INF INF INF INF 278 328 85 697 354 256 601 545 248 INF INF 224 174 INF 142 INF 179 745 333 INF INF 625 100 194 625 701 536 INF INF 723 INF INF 430 771 149 INF 189 612 INF 434 107 257 392 716 INF INF 674 107 207 246 464 175 INF INF 417 359 725 446 254 INF INF 621 159 221 224 373 430 518 375 140 INF
455 INF 0 406 INF INF 181 772 INF INF 451 418 INF 246 433 621 INF 644 489 519 216 INF INF 711 761 189 279 589 444 232 79 INF 153 INF INF 333 726 286 562 INF 597 534 534 INF 605 523 INF 460 INF 533 618 INF INF 290 INF 541 780 585 355 122 596 552 97 INF 322 323 349 446 494 727 760 453 INF INF 610 553 600 171 INF 660
INF 760 708 0 365 INF 745 434 INF 755 INF INF 378 240 224 276 171 INF INF 456 260 287 260 463 250 INF 467 397 96 599 346 310 313 INF 672 256 INF 591 INF 313 771 627 583 346 721 662 603 INF 140 INF INF INF 677 608 351 246 487 516 233 172 613 283 INF INF INF 575 332 125 INF 680 336 443 611 327 463 260 151 534 106 201
273 INF 294 678 0 INF 123 643 INF 368 261 205 500 580 573 INF 512 348 INF 700 INF INF 379 423 552 366 INF 127 516 447 741 757 331 614 625 148 752 INF INF 307 INF 696 INF 198 93 514 225 506 525 684 INF INF 206 500 388 583 INF 575 INF INF 428 159 INF 314 418 573 244 159 279 INF INF 201 296 79 505 394 INF 270 315 97
126 INF 169 126 288 0 276 315 182 384 539 436 INF 128 365 720 INF INF 625 INF 483 62 269 681 644 119 INF 772 INF 111 386 212 336 433 INF 323 219 60 236 INF 215 405 428 386 312 INF INF 399 460 690 INF 642 492 INF 698 706 539 INF INF 633 182 486 303 467 INF INF 602 540 367 INF 330 633 INF INF 676 438 757 INF INF INF
792 587 377 367 INF 556 0 INF 414 708 710 INF 738 INF 187 75 455 626 INF 234 365 INF 152 INF 72 74 INF 573 685 INF 506 176 623 INF 180 INF 780 437 450 181 609 632 737 603 INF 499 653 118 311 243 INF 212 324 292 INF INF 102 INF 492 91 425 315 INF 607 767 INF INF 763 238 INF 331 758 INF 749 118 94 298 283 INF INF
INF 401 540 457 INF 323 INF 0 INF 497 410 172 368 INF 283 551 526 79 467 102 599 62 161 116 332 350 163 375 INF 444 736 603 67 602 INF INF INF 221 724 INF INF INF 582 479 528 INF 333 340 575 INF INF 750 647 162 721 INF INF 629 764 209 325 216 91 INF INF 763 466 524 INF 478 INF INF 251 543 718 679 337 629 452 INF
184 213 118 513 INF 275 146 INF 0 INF INF INF INF 418 394 INF INF INF 421 612 657 340 INF INF 667 INF INF INF 536 572 305 205 INF 268 694 658 696 695 546 110 251 51 INF 537 INF 653 531 INF 118 267 99 774 741 400 133 INF 656 743 INF INF INF INF 135 663 91 625 727 INF 368 INF 611 INF 152 683 INF 639 676 67 108 380
INF 70 735 420 477 INF 365 688 663 0 136 444 182 INF INF INF 106 386 114 641 170 INF 283 649 INF 180 INF 262 205 445 146 132 510 INF 342 INF 283 387 INF 105 INF 150 INF 172 INF 672 90 397 INF 459 INF 474 338 477 475 413 476 322 INF INF INF INF 549 277 INF 244 352 698 346 INF 333 INF INF 673 499 441 345 429 234 271
INF 451 281 644 394 669 106 116 566 505 0 572 99 164 557 191 793 353 88 INF 755 INF 284 INF 446 INF 100 439 575 INF INF INF 290 160 667 614 383 686 434 INF 157 INF 581 223 113 128 132 373 341 INF 521 INF INF INF 420 471 259 495 149 321 152 565 512 227 INF 372 144 353 INF 553 118 571 379 444 692 217 INF 78 85 267
152 683 412 638 691 684 267 687 489 INF 429 0 564 423 INF 468 298 INF INF 183 INF 75 INF 433 719 493 588 538 292 INF 653 121 60 INF INF INF 303 253 INF INF INF 716 722 609 INF INF 86 235 419 683 355 INF INF 506 426 731 285 339 415 233 INF INF 745 INF INF INF INF 701 INF INF INF 306 INF INF INF 467 394 647 67 610
756 INF 538 258 450 87 234 INF 612 369 336 688 0 456 INF INF 607 299 558 364 639 INF INF 183 322 337 303 237 387 356 INF INF 763 170 INF 411 444 INF 82 INF 236 INF INF 386 632 153 662 543 312 INF 158 INF 765 INF 732 INF 89 495 INF 153 312 INF INF 351 263 INF 90 209 242 216 INF 625 INF 283 INF 341 775 INF 644 711
INF 727 291 291 INF 161 INF 558 231 INF 726 INF 81 0 599 INF 490 102 98 347 712 300 614 INF INF 415 770 320 138 479 INF 575 236 447 196 505 INF 157 475 150 603 639 408 763 114 517 INF 718 508 735 724 384 358 INF 699 INF 671 177 687 INF INF 504 352 97 122 409 638 723 326 208 164 135 INF INF INF INF INF INF 237 505
391 260 363 727 INF INF INF 475 309 393 604 569 765 INF 0 539 618 INF 563 INF 746 INF 602 116 INF 395 399 INF 722 269 174 436 725 INF 715 495 INF INF INF 509 561 640 584 INF 736 177 627 INF 710 INF INF 474 702 280 181 318 180 INF 130 690 249 537 INF 564 683 187 INF INF INF 394 435 151 105 INF 602 INF INF INF 521 544
INF 389 504 INF 687 309 505 INF 112 412 342 770 766 204 267 0 532 371 INF INF 714 402 676 237 522 509 772 487 218 INF 312 658 500 564 190 482 107 534 419 286 189 627 332 INF 758 746 359 INF 754 96 200 503 711 204 420 615 197 330 362 238 243 INF INF 600 602 776 563 209 777 101 INF 523 669 288 INF 586 673 120 INF 98
663 572 INF INF INF INF 652 INF 80 99 INF 134 INF 90 501 444 0 INF INF INF 452 66 INF 539 INF 275 168 284 173 484 621 483 INF INF 136 545 719 INF 159 INF 458 INF 649 524 INF 774 399 466 583 INF INF INF INF 637 476 464 INF 325 620 INF 267 748 427 432 186 INF INF INF 596 INF INF 208 350 INF 411 432 439 75 345 481
595 INF 623 71 INF 410 INF 629 162 INF INF 322 209 579 686 INF 301 0 86 451 INF INF INF 727 242 INF 473 202 437 INF 692 201 234 329 INF 513 366 684 INF 369 124 INF 581 639 385 102 707 INF INF 113 365 306 INF INF 475 198 382 INF 215 386 INF 763 554 230 277 520 343 INF INF 331 210 572 INF 463 731 INF 516 336 454 606
599 445 INF 323 INF INF 732 INF 381 695 760 684 103 131 579 757 286 190 0 INF 425 174 249 692 108 479 INF 749 456 INF 526 127 INF 187 233 568 INF 264 241 756 INF 115 INF 108 604 539 230 70 INF INF INF 511 689 49 INF 690 687 400 386 486 751 299 123 INF INF 172 115 INF INF 307 INF 517 647 196 466 96 250 767 744 INF
INF 350 552 INF INF 749 328 594 INF 682 INF 611 291 INF 598 221 162 166 565 0 708 129 INF 639 225 INF 400 147 INF 643 INF INF 168 85 206 INF 616 397 503 INF 183 765 292 633 INF 594 220 INF 766 403 666 647 INF 514 408 INF INF INF 178 216 INF INF 344 729 INF 589 348 269 INF 198 172 INF 90 380 557 200 INF 144 280 109
INF 633 157 769 INF 637 414 INF INF 467 667 495 707 563 734 INF INF 720 213 158 0 661 772 236 611 573 548 INF INF 720 INF 667 91 INF 76 684 INF 137 665 356 INF 394 INF 434 642 108 264 481 455 INF 516 INF INF 142 690 INF 102 416 INF 209 INF INF 112 659 184 248 129 372 261 INF 455 409 221 315 503 INF 769 INF 216 INF
INF 593 INF 424 708 INF 449 776 569 209 676 130 744 573 INF 420 248 515 280 377 INF 0 INF 518 INF 406 494 INF INF 483 505 415 151 402 512 INF INF 583 609 INF 101 470 INF 310 751 INF 498 INF 395 402 INF 455 464 INF 204 286 573 332 469 439 INF 490 112 571 INF 600 487 INF INF INF 146 367 335 INF 449 744 656 284 INF 576
640 407 243 499 581 636 447 496 266 670 489 308 443 133 574 INF INF 531 143 377 560 INF 0 345 INF 406 561 INF INF 679 68 INF INF INF 622 634 INF 704 82 82 INF INF INF INF 374 444 INF 346 56 252 425 559 INF 463 656 INF 351 184 494 378 446 544 478 366 INF 352 189 126 722 527 550 INF INF 93 INF 199 INF 385 267 INF
INF 513 519 INF 205 593 INF 463 648 609 55 INF 249 183 744 480 INF INF 554 INF 235 419 580 0 INF 457 INF INF INF INF INF 370 INF 588 763 631 237 156 INF 479 INF 538 603 160 609 514 INF 495 341 486 631 INF INF 698 389 119 725 INF 660 770 INF 345 INF 500 INF 122 INF INF INF 769 388 556 INF INF INF INF INF 94 409 136
INF 469 INF 482 731 INF 176 INF 182 744 592 INF 520 INF INF 660 464 604 INF 360 687 INF INF 726 0 INF INF INF 94 529 662 702 208 427 435 737 380 INF 509 107 167 210 INF INF 206 206 155 INF INF 242 INF 308 306 228 545 268 INF 729 694 INF INF INF 269 489 220 222 768 336 INF 491 345 406 541 294 750 97 201 601 243 INF
594 721 INF 645 630 334 194 644 475 63 463 650 696 INF 196 INF 584 752 390 626 483 INF 460 464 INF 0 INF 355 INF INF 364 675 INF 158 608 306 536 132 INF INF 227 INF 93 INF 340 499 INF 204 726 INF 492 569 INF 451 INF INF 215 404 INF 257 INF 580 INF 668 519 108 656 494 482 447 520 425 490 338 616 198 273 103 559 488
65 INF 640 545 508 688 INF INF 330 INF 237 236 125 INF 404 234 636 427 INF 357 INF 437 644 538 428 489 0 INF 709 371 699 412 INF 424 INF 650 752 INF INF 65 INF INF INF 116 353 200 412 INF 249 INF 91 712 108 64 INF 579 INF INF INF 122 INF 132 INF 80 316 463 INF 366 639 268 208 554 750 447 643 448 544 523 219 349
INF 445 200 INF 210 INF 707 667 513 535 692 676 765 356 INF INF INF 238 201 281 114 740 60 447 316 INF 685 0 601 756 332 151 507 708 706 247 45 INF INF 311 696 186 401 525 638 INF 357 676 609 INF 399 748 139 709 INF INF 593 251 INF 68 120 292 361 685 INF 218 558 602 117 632 130 502 736 344 INF 784 227 467 INF 722
294 307 336 528 400 INF 367 INF INF 366 147 661 292 INF INF 564 528 710 67 INF 407 INF INF 91 INF INF 145 INF 0 406 318 222 474 98 598 168 721 662 INF 384 INF 687 283 INF 198 602 307 INF 112 206 75 169 444 403 102 INF 339 640 INF INF 566 651 INF 390 621 96 408 412 INF INF 373 340 681 INF 128 INF 408 679 593 348
713 INF 638 395 INF 316 227 154 INF INF INF 198 INF 658 INF 462 INF INF 198 164 116 371 INF 233 562 139 531 INF 128 0 666 221 465 118 INF 351 219 INF 676 407 587 INF 445 389 432 610 76 INF 740 413 INF INF 389 290 128 146 531 756 INF 729 360 90 94 INF INF INF INF 713 417 INF INF 221 INF 418 236 514 INF 710 238 INF
732 142 INF INF INF 152 452 178 INF 693 661 257 INF 376 637 723 INF 344 401 222 INF INF INF 111 INF 274 287 173 570 INF 0 INF 156 304 547 185 550 INF 613 331 INF 90 315 555 INF INF 102 231 291 483 INF 241 82 97 INF 125 INF 304 INF 263 INF INF 128 INF 190 659 154 681 685 616 INF INF INF 131 355 INF 703 INF INF INF
535 627 417 339 INF 401 559 693 INF 701 69 335 504 373 INF 673 123 594 701 INF 494 386 413 80 403 INF 534 109 INF 597 133 0 346 723 779 INF INF 110 580 678 686 621 360 741 428 400 527 145 760 448 407 353 318 INF 540 INF 365 INF 644 322 INF 326 INF INF 287 INF 466 681 617 INF 529 520 708 62 INF 490 762 287 INF INF
INF 240 528 INF 597 685 119 535 207 INF 413 120 750 203 370 290 330 291 363 INF 187 396 558 INF 716 INF 278 477 306 614 237 INF 0 647 570 INF INF 293 658 162 INF INF INF INF 328 504 373 171 INF 378 INF 712 INF 606 473 INF INF INF 562 71 459 INF INF 742 654 233 INF 134 235 INF INF 405 INF 86 447 777 354 446 INF 419
285 512 639 100 111 INF INF INF 367 INF INF 230 293 310 703 542 524 527 577 INF 263 INF 375 747 760 279 INF 533 INF 541 163 351 139 0 INF 454 110 INF 517 345 157 INF INF 159 INF 518 359 739 527 712 352 688 91 527 144 176 573 749 154 614 INF INF 171 623 49 123 INF 320 327 139 INF INF 393 445 INF 615 385 294 INF 503
758 680 370 188 174 629 477 76 INF 769 INF 780 INF INF 690 122 621 221 INF INF 113 655 155 98 284 221 288 656 325 676 633 355 355 INF 0 172 INF INF INF 212 272 INF 360 INF 381 509 442 125 248 364 642 457 INF 552 627 233 556 INF 732 296 INF INF INF 134 562 INF 728 142 641 70 317 519 271 151 307 INF 138 INF 726 551
428 754 INF 190 538 150 93 759 734 58 168 620 INF 323 INF 696 INF INF 462 516 580 449 INF 395 738 581 543 718 466 223 INF 586 249 611 106 0 INF 327 755 469 386 631 615 614 INF INF INF INF 718 579 INF INF INF 382 INF 271 INF 109 671 70 INF 553 359 INF 451 91 INF 660 INF 375 INF INF 458 533 INF 528 INF 769 503 534
INF INF INF 703 578 129 119 642 493 INF INF 466 631 525 INF 656 151 694 435 61 464 INF 706 INF INF 598 611 131 459 750 208 INF 363 209 INF 563 0 457 76 630 685 100 705 442 587 185 229 INF 513 296 254 INF 130 INF 274 234 INF 187 303 INF 528 379 521 614 234 161 217 460 708 INF 336 582 INF 569 INF 72 INF 609 257 164
INF 640 INF 650 591 INF INF 261 INF INF INF 509 305 145 318 INF 431 269 63 204 310 INF 468 311 684 INF 668 709 INF 226 INF INF INF 449 INF 518 203 0 224 668 INF 780 INF INF INF INF INF INF INF 663 489 629 495 426 INF INF 488 444 321 580 206 713 213 INF INF INF 314 399 373 467 586 437 INF 249 INF 369 252 590 267 INF
651 616 175 319 530 397 712 775 715 60 144 536 414 167 194 INF 300 468 556 INF INF 491 448 INF 92 270 612 552 229 506 INF 407 542 224 737 INF 560 INF 0 768 389 INF INF 525 160 548 INF INF INF 135 INF 423 INF 261 377 678 566 INF INF 174 INF 98 482 137 529 445 413 INF 279 INF INF INF 618 600 INF INF 595 186 99 INF
396 352 388 72 INF 550 413 591 INF 66 547 722 76 INF 667 699 INF 150 475 198 INF 278 INF 203 INF 136 423 764 279 INF 92 717 573 330 730 INF INF 420 773 0 759 423 496 503 601 INF INF 145 155 155 332 78 202 648 760 175 397 399 695 INF 681 415 INF 334 308 329 INF INF 193 309 INF 317 INF INF 552 451 INF INF 740 INF
INF INF INF 740 INF 722 541 271 INF INF 303 527 INF 208 INF INF INF INF INF INF 419 305 134 425 121 316 187 514 INF INF 330 INF INF INF 646 635 199 494 INF INF 0 INF 328 385 INF INF 602 226 INF 255 INF INF 740 503 INF INF 368 INF INF INF 468 INF INF INF INF INF INF 313 INF INF INF INF 551 628 753 INF 438 INF INF 481
INF INF 694 661 509 357 397 467 INF INF 492 403 INF 116 698 707 427 439 266 304 301 102 INF 531 INF 347 492 INF 569 624 INF 370 INF INF INF 242 180 737 INF INF INF 0 266 566 663 413 INF 363 507 351 650 183 489 270 700 531 163 178 INF INF 471 556 INF 750 149 393 278 778 477 INF 720 597 751 546 INF 280 INF 162 434 INF
736 INF INF 202 561 490 INF 117 674 INF INF 637 655 518 INF 455 INF 673 638 193 197 85 298 INF 330 681 380 INF 241 INF 223 193 INF 569 666 715 699 INF 194 405 577 509 0 87 INF 521 159 120 137 163 INF 470 INF 175 INF INF 639 703 557 415 INF 373 INF INF 545 408 INF INF 122 348 533 430 539 88 343 INF 386 97 330 327
319 457 INF 597 464 241 428 INF INF INF 265 86 INF 605 INF 348 INF 169 622 304 718 639 INF 161 545 INF 665 INF 643 INF 352 424 312 492 INF 486 575 745 738 INF 137 446 331 0 248 603 326 INF 695 INF 478 743 594 675 465 INF 245 210 478 331 579 INF 75 744 296 592 INF 74 INF 368 206 INF INF 256 228 554 664 INF 392 711
INF INF 151 INF 582 269 INF 250 INF INF 162 279 494 597 349 INF 236 559 INF 304 INF INF INF 478 277 454 494 551 INF 276 INF INF 349 348 INF 601 INF 484 204 INF 84 INF 113 INF 0 90 436 693 636 276 683 INF INF 592 122 424 607 78 166 441 712 505 479 INF 229 243 INF INF 281 698 INF INF INF 639 155 671 192 549 667 728
109 578 598 218 INF 578 INF 416 528 577 307 84 734 INF 333 416 380 338 INF 319 257 56 456 402 281 354 109 INF 215 114 534 INF 541 507 77 408 324 308 INF 694 413 255 672 405 INF 0 56 380 INF 756 144 INF INF INF INF INF 622 254 410 117 INF 406 INF INF 57 INF 246 INF INF 271 INF 465 438 436 112 106 222 INF 676 309
INF INF INF 430 INF 754 INF 689 INF 123 101 730 161 430 615 INF 382 INF INF INF 550 INF INF 179 INF 151 INF 162 149 INF 781 282 INF 195 434 747 534 514 789 171 INF 744 INF INF INF 418 0 INF INF 147 755 INF 406 358 551 INF 603 124 INF 693 591 463 INF 451 730 INF INF 117 595 141 187 153 618 INF 779 676 INF INF 265 94
334 INF 681 611 238 INF 626 602 672 591 INF INF INF INF 712 230 INF INF 471 608 354 INF INF 556 INF 583 INF INF INF 370 56 INF 376 388 INF 119 INF 725 111 627 INF 340 INF 682 INF 528 45 0 471 INF INF 367 361 647 INF 101 778 351 574 701 422 512 232 INF INF INF 746 378 399 318 INF 532 89 INF 637 564 395 479 INF INF
INF 603 279 744 INF 467 561 72 INF 560 506 INF 707 370 344 639 256 268 137 338 236 75 229 172 723 539 200 396 INF 414 298 747 114 INF 292 268 747 298 314 662 310 INF 401 369 369 454 746 104 0 322 767 684 783 INF INF 187 223 336 454 INF INF INF INF 705 398 196 736 114 INF INF 490 INF 534 623 637 568 207 345 480 152
INF 695 INF INF INF 223 760 705 396 INF 515 777 INF 631 401 INF INF INF INF 202 654 INF INF 223 309 277 386 414 386 199 INF 236 369 571 INF 248 495 INF 742 INF INF 130 165 702 105 647 INF 514 INF 0 INF 187 342 INF 80 84 416 INF 561 59 416 INF 84 400 448 INF INF 338 385 359 91 INF 316 487 772 264 651 261 461 542
INF 502 154 INF 503 INF 192 277 574 271 INF INF INF 224 416 354 INF 775 240 INF 168 556 INF 165 624 110 INF 723 561 457 639 INF INF 135 INF 214 649 INF INF INF 321 INF 595 INF 752 INF INF INF 469 563 0 INF 338 451 744 INF 216 341 696 252 INF 434 INF 674 INF INF 240 331 427 678 656 514 521 INF 425 279 657 238 358 INF
499 INF INF 507 343 653 INF 754 376 INF 72 598 559 423 195 464 518 607 INF INF 114 478 203 92 643 INF 342 108 378 621 495 INF 630 501 657 INF 542 318 373 82 553 350 538 574 INF 690 256 591 347 INF 728 0 INF INF INF INF 201 216 347 715 315 435 665 INF INF INF INF INF 432 418 695 INF 325 INF 346 224 INF 622 418 INF
INF INF INF 450 149 INF 552 566 549 86 85 INF 420 INF 293 INF INF 433 295 267 737 183 INF INF INF 536 129 677 104 744 745 345 150 INF 560 INF 71 INF 464 131 INF 749 INF 676 240 264 158 278 INF INF 246 475 0 567 487 746 320 484 INF INF 543 599 507 152 411 INF 775 101 745 393 112 113 452 461 638 66 INF INF INF 589
705 INF 597 78 717 311 683 INF INF INF 433 132 542 655 674 INF 321 INF 367 209 INF INF 111 758 96 464 693 278 527 707 432 688 342 INF 550 387 677 680 318 INF 496 150 382 INF 559 545 375 390 267 180 406 INF INF 0 INF INF 528 314 715 121 INF INF 97 272 431 INF INF 573 583 INF 497 223 348 493 INF 608 INF INF 459 INF
621 419 205 INF 727 INF 413 INF INF INF 642 496 INF 150 INF 363 INF 544 438 200 249 INF 212 INF INF 586 INF INF 681 695 425 202 448 INF 204 91 59 INF INF 333 510 93 INF 610 176 546 529 327 303 169 652 780 INF INF 0 83 INF 553 693 INF 440 122 205 82 249 161 703 574 460 305 104 325 551 271 318 INF INF 542 INF INF
INF INF 359 626 304 272 705 99 324 INF 334 712 546 636 INF 673 INF 656 INF 610 530 490 421 703 212 194 346 INF 162 516 505 159 135 294 60 INF INF INF 355 INF 171 626 494 INF 768 67 176 INF 583 570 INF 673 567 715 253 0 586 665 INF 762 INF INF 120 587 321 525 370 387 77 INF 196 INF 554 392 236 INF INF 133 INF 658
599 554 INF 147 610 123 INF 649 INF 692 463 583 577 700 INF INF INF INF 693 396 INF 669 447 93 241 575 699 633 375 249 INF INF 531 618 INF 594 589 214 198 81 544 77 INF 464 INF 538 435 356 INF INF INF 61 367 700 INF 450 0 420 587 768 393 552 INF 696 INF 251 INF INF INF INF INF 720 INF 58 615 INF INF 113 339 INF
INF 293 284 750 INF 709 582 INF 714 400 633 352 517 210 591 138 707 INF INF 504 551 277 176 531 664 581 INF 163 129 601 INF 764 395 658 658 139 298 650 772 675 552 679 345 490 754 641 419 INF 80 INF 465 64 508 395 628 264 INF 0 INF 198 749 705 INF 663 INF 202 615 113 INF 108 INF INF 365 INF INF INF 513 769 INF 473
600 INF INF 177 379 168 248 662 299 284 119 149 INF INF INF 783 INF INF INF 134 522 INF INF 270 INF INF INF 233 411 225 INF 719 586 356 430 INF 635 196 293 INF 75 423 303 86 567 243 744 732 718 INF INF 140 625 576 129 120 INF 540 0 332 INF 343 642 444 265 264 INF 753 INF 202 482 INF 139 178 494 196 598 654 184 180
352 113 INF 492 57 593 326 INF 297 INF 520 117 387 756 INF 417 674 573 137 81 INF INF 538 418 81 INF INF INF 666 INF 63 399 113 INF 355 212 262 INF INF INF INF 611 326 289 486 69 531 530 INF INF INF 762 590 75 642 170 756 413 130 0 669 570 144 226 343 INF 397 501 410 212 759 416 361 310 655 INF INF 655 INF INF
512 INF 724 INF 779 INF 663 INF 490 655 INF INF 525 369 564 643 611 88 INF INF 326 INF 430 118 INF 526 244 INF 388 296 675 308 438 INF INF 238 272 91 INF 463 516 334 335 242 370 244 INF 253 447 186 702 235 334 INF INF 771 INF 194 INF 194 0 294 754 606 252 INF 264 382 INF 411 782 INF 370 526 202 INF INF 504 370 432
INF 696 518 578 INF 779 INF INF 636 729 439 INF 466 601 711 INF INF 782 425 701 INF 555 433 282 686 111 INF 355 INF 740 INF 340 364 770 INF 278 487 203 109 297 650 INF INF 640 614 INF 729 250 644 INF 505 66 685 223 694 638 321 180 152 181 INF 0 INF 528 581 482 INF 495 INF 541 344 115 69 287 262 718 673 INF 259 INF
224 745 83 307 88 INF INF INF INF 643 245 604 INF 200 350 137 INF INF 165 200 INF 246 INF INF 222 416 80 INF INF INF 350 INF INF 286 537 INF 407 371 559 INF 530 618 514 INF 193 747 676 519 INF 352 439 400 INF 291 610 INF INF 614 147 65 456 724 0 138 478 52 INF 572 565 553 631 INF 413 INF INF 124 INF 717 INF 306
INF 362 306 INF INF 313 INF 375 426 INF 666 597 68 458 501 INF 319 INF INF 452 767 315 598 689 425 97 219 418 INF 429 INF INF 587 130 INF 780 150 INF INF INF INF 704 199 312 652 INF 141 190 557 481 486 261 INF 383 530 763 751 INF 539 420 249 INF 135 0 INF 117 755 84 69 696 INF INF 572 78 372 205 491 702 132 380
556 598 INF 158 201 597 131 655 184 398 297 141 288 180 INF 201 382 INF 223 341 INF 224 437 439 315 154 125 426 INF 404 199 INF 776 INF 414 INF 201 505 INF INF 255 729 628 83 205 INF 486 INF 90 INF 575 285 667 INF 721 541 INF 291 760 128 INF 416 304 727 0 527 INF INF 446 174 INF 564 712 498 237 765 526 266 211 421
274 INF 491 569 INF 668 306 767 INF 84 INF 713 INF 590 INF 639 INF 323 636 726 INF 279 INF 122 305 290 INF INF 142 INF INF 437 470 52 651 613 254 INF 533 670 234 INF 350 415 550 430 507 INF 782 763 195 INF INF 547 696 577 405 635 INF INF INF 270 INF INF 753 0 INF 632 222 INF 234 724 467 659 226 INF INF INF 135 INF
745 INF 185 INF INF 650 INF 436 603 430 212 621 614 287 INF 83 636 582 INF 581 333 INF 197 605 422 243 INF 657 INF INF 175 273 INF INF 285 477 503 661 424 515 65 139 628 INF 204 670 639 355 INF 621 652 634 66 INF 437 INF 423 319 389 219 610 INF 333 534 96 557 0 483 465 INF 342 89 INF 543 139 398 640 709 INF 123
INF 112 183 INF 462 154 INF INF INF 116 INF 409 83 779 INF 532 581 372 INF 343 INF 301 INF 441 352 734 526 INF 151 231 745 512 INF INF 70 404 727 212 697 INF 662 164 94 99 212 INF 136 293 258 168 INF 565 140 INF INF 490 INF 372 INF INF 524 75 599 413 INF 331 INF 0 INF 737 329 378 73 INF 472 INF 572 501 242 550
INF 259 104 178 268 570 717 INF 257 359 419 INF 650 INF 716 INF INF 363 189 INF 488 184 665 INF 347 197 499 INF INF 272 78 INF INF 362 INF INF 584 241 INF 775 467 324 644 INF 98 497 345 414 231 636 76 688 638 216 INF 178 501 388 445 INF INF 341 116 580 INF 334 INF 725 0 295 INF INF 129 456 334 282 128 527 INF 724
INF 458 INF 259 548 785 741 INF 584 INF 394 INF 459 780 107 INF 568 403 736 INF 687 546 620 INF 349 376 79 200 102 251 282 INF INF 608 181 755 511 INF INF 66 INF 529 INF 225 344 INF 234 737 279 166 466 620 INF INF 220 586 631 669 698 749 612 INF INF 476 479 627 203 INF 344 0 458 644 INF 517 316 INF 148 94 INF INF
310 INF 256 INF 281 208 349 562 316 133 486 INF 86 INF 429 484 INF 487 267 151 540 INF 352 730 321 INF INF 194 INF 173 INF 286 171 315 408 263 INF 766 INF INF 246 656 INF INF INF INF 503 743 124 106 INF 670 456 156 531 274 INF INF 84 695 674 427 707 279 418 INF 483 564 INF 687 0 282 271 INF 84 370 467 INF 224 INF
110 259 131 338 INF 440 INF 478 INF 743 INF 431 734 358 705 116 287 INF 478 INF 177 492 INF INF 172 157 735 221 461 INF 570 290 651 INF 251 746 102 111 INF 500 258 164 650 630 574 INF 679 INF INF 473 766 INF 634 404 565 481 INF INF 695 412 95 INF 500 136 68 INF INF INF 184 583 596 0 INF 395 742 680 718 62 685 INF
320 INF 94 285 INF 184 267 741 325 457 627 INF 767 INF 696 INF 343 161 INF 760 67 145 INF 274 708 INF INF 442 181 423 474 640 141 573 433 94 381 569 534 719 INF 181 688 137 683 190 453 INF 258 709 132 INF INF 686 634 580 423 INF 555 179 239 189 INF INF 746 711 462 472 240 INF 383 638 0 208 INF 94 359 322 157 128
INF INF 229 165 726 72 INF 789 INF INF INF 512 173 695 413 330 INF 777 744 INF 689 255 INF INF 480 606 INF 495 642 776 417 691 313 498 INF INF INF 248 INF 538 86 646 677 633 657 INF 131 192 313 690 767 716 198 INF 539 697 586 INF INF 677 179 248 315 493 622 245 170 201 307 205 531 370 776 0 215 441 610 740 321 744
199 INF 588 358 710 INF INF 420 763 INF 701 182 618 INF 707 80 258 475 INF 183 394 INF 356 INF 126 530 535 INF 431 485 INF 63 93 INF INF 317 INF INF 589 597 145 129 441 465 653 111 600 483 INF 479 INF INF 727 179 377 732 INF INF 547 218 483 78 INF 688 INF 121 164 361 696 310 295 INF INF INF 0 82 291 INF 758 INF
293 144 102 385 422 265 352 INF 490 INF 422 628 749 INF 682 473 405 754 48 INF 567 INF 147 554 515 367 48 188 INF 399 509 INF 525 283 INF 477 550 INF 495 INF 103 295 539 201 389 189 322 745 712 INF 276 574 126 683 INF 294 501 INF 381 INF 355 INF 166 INF 138 73 103 361 393 531 348 INF INF INF 336 0 402 INF 533 370
162 272 611 527 565 505 569 373 571 332 550 456 51 INF 48 365 158 309 641 271 INF 384 378 402 295 651 INF 151 INF 457 113 INF 474 INF INF 658 599 INF INF INF 323 752 137 705 516 INF 392 536 453 INF INF 718 INF 598 INF 699 418 113 179 583 97 INF INF 299 398 634 435 81 188 349 INF 460 328 240 174 204 0 INF INF 105
724 77 INF 140 INF INF 163 462 INF 662 622 INF INF 671 INF INF 80 74 INF INF INF 501 INF 284 INF 341 673 179 63 674 715 237 575 313 293 INF 163 445 460 577 313 INF 694 279 742 406 INF 658 269 583 INF 502 649 573 536 596 INF 320 INF 501 INF 555 734 INF 199 INF 463 273 INF INF INF 114 INF 718 533 INF INF 0 78 INF
266 INF INF INF 240 505 INF 191 INF 375 INF 769 INF 726 INF INF 581 592 699 767 575 721 INF 514 INF 164 248 INF 497 INF 113 62 421 226 769 INF 195 422 465 566 440 58 512 INF INF INF 184 192 735 INF 593 545 INF 571 249 549 202 708 INF 409 INF INF 54 INF INF 217 616 385 284 122 351 INF 227 101 INF INF 99 422 0 750
INF 590 INF 222 222 268 INF 570 177 503 INF INF INF 409 INF 487 292 403 116 757 INF 279 176 707 INF 551 337 673 160 INF 526 INF INF 293 INF 463 691 363 363 725 INF INF INF INF 344 735 621 INF 191 INF 490 751 INF 533 INF 752 92 INF 731 INF 782 144 384 628 530 253 INF 304 138 INF 666 INF 329 622 633 601 756 318 INF 0
