0 128 417 457 755 INF 128 149 740 717 357 137 115 207 INF 579 INF 202 208 469 INF INF 766 489 INF INF 612 641 INF 759 383 471 INF 607 282 254 INF 709 636 408 278 INF 510 INF 299 INF 673 583 81 532 583 510 220 INF 346 117 773 706 185 INF 427 368 91 558 409 251 638 300 356 767 660 INF 737 INF 395 385 INF 378 366 279 INF 122 INF INF INF INF 435 652 INF 733 567 INF 97
337 0 576 368 331 117 403 541 INF 577 INF 93 INF 237 750 650 110 659 INF 138 278 747 570 657 INF 73 342 INF 438 541 519 497 638 INF 152 79 363 198 182 235 449 61 INF 124 INF 506 247 711 773 167 389 331 354 468 232 184 INF 710 184 INF 625 INF 132 463 411 413 INF 526 INF 373 INF 280 INF INF 435 372 369 INF 212 552 586 315 389 768 227 INF INF 388 246 226 INF 201 223
216 INF 0 INF 635 INF 702 INF 525 635 120 133 INF 416 405 85 712 INF 616 122 INF 725 INF 682 495 621 INF 649 326 465 INF 762 488 726 INF 153 210 669 273 542 INF 341 489 664 INF 351 469 373 INF INF 358 418 702 294 473 236 INF 284 758 251 INF 640 INF 85 437 349 80 INF 661 INF 299 INF INF INF INF 553 769 766 510 744 337 539 719 357 602 491 INF 317 233 212 630 298 INF
648 489 533 0 385 716 537 146 248 195 354 247 725 165 INF 742 147 INF INF 116 664 516 335 262 INF 343 539 392 INF 649 342 303 556 419 196 INF INF INF INF INF 268 199 729 597 504 653 506 387 INF 317 748 299 50 169 347 INF 602 431 155 INF 681 603 116 141 448 67 INF 279 197 596 INF 258 INF INF 611 191 INF 121 INF INF 784 INF INF 104 246 INF 263 281 530 377 INF 625 102
282 INF 445 484 0 476 438 259 674 459 665 79 INF 393 489 603 367 INF 200 INF 444 561 473 347 390 587 INF 591 756 238 514 INF 640 147 651 362 88 101 399 224 92 210 768 366 499 698 771 168 INF 399 424 173 166 756 INF 220 526 INF 742 INF 759 185 184 371 635 INF INF 545 583 313 INF INF INF 577 504 120 58 457 INF 767 764 INF INF 631 INF 549 INF 713 137 72 INF INF 231
INF 181 762 INF 638 0 466 INF 123 604 INF INF 325 324 532 693 INF 342 467 INF INF 599 92 INF 370 725 608 215 169 109 INF 684 INF INF INF 662 INF INF 281 537 775 160 478 252 INF 530 INF INF 210 211 INF INF INF INF 168 INF INF 310 432 436 INF 559 499 INF INF 631 237 129 INF 340 104 228 INF 295 INF INF 764 INF 170 303 INF 556 634 682 540 373 280 354 502 750 609 227 INF
662 643 315 533 486 169 0 418 INF 550 INF INF INF 665 125 580 INF 130 INF 714 226 282 260 INF 600 INF INF INF 599 570 313 INF 646 638 INF INF 398 406 INF 469 278 346 781 276 685 335 594 460 INF 390 683 INF 665 INF 559 98 590 337 INF 390 555 678 708 406 259 559 457 272 INF INF 551 212 INF INF 646 357 680 457 140 377 432 297 786 557 252 289 718 547 INF 309 600 679 INF
INF 706 540 724 568 647 386 0 INF 354 104 475 INF INF INF INF 752 INF 237 284 INF 717 303 773 275 349 384 INF INF 635 INF INF 474 311 249 477 288 554 691 494 542 92 INF 409 INF 70 621 514 481 252 328 170 525 716 INF 697 270 186 INF 115 652 656 790 642 INF 269 190 685 600 624 201 105 110 INF INF 75 INF INF INF 167 130 587 INF INF INF INF 195 685 369 472 533 INF INF
509 465 323 INF 510 INF INF 531 0 INF 356 364 229 230 708 98 149 INF 207 INF 406 265 567 530 692 119 721 INF 599 128 101 173 507 INF 779 654 376 INF 429 693 621 308 INF 461 599 754 703 591 288 457 786 659 559 150 479 633 744 665 INF 395 INF INF INF 637 697 INF 693 556 649 217 281 INF 396 711 642 INF 383 421 570 735 592 770 INF 650 342 274 INF 636 INF 202 INF 317 INF
475 INF 574 INF 637 529 INF 106 INF 0 416 INF 217 INF 136 615 85 138 215 153 538 456 100 INF 266 299 269 614 115 316 705 INF INF 462 682 330 440 526 265 147 481 INF 94 372 777 385 INF 122 219 504 INF 155 378 INF INF INF 701 INF INF 593 240 673 INF INF 207 508 INF 739 213 496 274 549 170 381 INF 325 308 338 INF INF 190 480 154 599 INF 769 615 475 229 643 527 INF INF
505 173 631 61 90 774 126 310 70 159 0 INF 378 617 281 746 153 539 199 756 INF 66 459 420 577 INF 585 INF 694 321 92 63 700 74 590 206 459 291 INF 396 472 419 421 INF 227 INF 78 545 INF INF 671 INF 59 678 INF INF INF INF 276 766 212 774 239 82 493 477 INF 715 502 76 229 69 INF 449 INF 514 60 INF INF 291 757 INF 523 INF 314 373 INF INF 346 225 INF INF 475
411 89 171 405 INF 579 INF 51 81 376 723 0 411 373 384 519 400 354 INF 767 217 616 66 INF 457 484 258 251 INF 127 92 INF INF 738 673 INF 243 315 654 727 474 INF 431 INF 293 INF 415 609 118 193 305 269 110 226 355 607 142 593 624 INF 755 572 INF INF 129 INF 325 291 INF 506 238 77 746 INF INF INF 419 629 254 757 310 441 326 70 520 717 604 INF 678 530 INF 602 206
775 477 771 70 330 614 197 INF 626 751 231 158 0 INF INF 342 344 792 INF 485 292 445 245 399 676 524 253 231 INF 385 255 484 INF 305 366 414 INF INF 301 161 152 692 544 692 265 134 357 INF 639 INF 79 183 INF 243 376 365 298 210 304 INF 373 355 608 207 326 INF INF 435 116 675 646 126 737 INF 522 205 INF 128 INF 674 292 310 600 707 525 221 61 407 788 616 632 284 639
81 INF 159 120 273 INF 606 165 INF INF 697 INF 606 0 418 INF 151 INF 404 755 276 111 INF 439 INF 167 INF INF 114 468 491 520 INF 206 87 655 381 330 251 246 305 363 91 214 INF INF INF 700 252 675 191 727 697 394 INF 265 668 203 622 482 542 INF 685 447 INF 588 633 655 208 222 696 627 224 98 185 INF INF 440 613 398 INF 61 INF 719 713 84 520 371 567 INF 771 INF INF
INF 152 INF INF INF INF INF 85 115 INF 295 INF 675 431 0 374 248 158 274 INF INF 758 INF 223 343 350 80 332 195 532 143 169 267 INF 691 513 130 INF INF 446 200 542 449 INF INF 357 747 609 179 397 764 INF 288 658 INF INF 477 INF 215 432 INF INF 665 286 498 INF INF 728 INF 378 INF 376 INF 706 548 216 INF 199 671 765 369 741 INF INF INF INF INF 148 124 177 INF 121 680
316 443 INF 682 551 261 93 INF 520 INF INF 332 200 247 553 0 295 INF 73 464 703 381 741 442 168 74 620 499 325 68 498 INF 111 272 130 INF 284 604 185 504 INF 457 580 INF 344 INF 614 655 INF 675 606 753 INF INF 295 81 368 433 INF 662 88 INF INF 376 633 455 INF INF INF 278 339 636 366 662 665 170 283 INF INF INF INF 663 414 INF 247 INF 767 545 755 INF 378 177 719
771 518 174 INF 629 INF INF 535 INF 360 INF 205 562 142 138 256 0 INF 105 122 748 436 466 INF 196 682 INF 285 233 754 408 712 689 74 491 446 INF 699 663 INF 460 593 INF 85 406 228 425 478 485 441 447 540 INF 768 261 103 713 738 673 139 INF 75 INF 467 INF INF INF 340 626 85 INF INF 699 724 533 97 324 INF INF INF 395 720 631 445 459 616 676 INF 172 217 INF 703 253
464 464 178 INF 417 INF 692 347 746 267 INF INF 71 291 463 504 152 0 150 239 603 448 138 707 83 385 573 INF INF 535 528 INF 217 INF 145 707 557 534 440 INF 362 516 241 INF 375 100 INF 732 INF 704 76 INF 787 INF INF 115 INF 182 INF 469 513 362 INF INF INF INF 611 244 546 409 INF 493 INF 513 68 INF 737 190 247 302 625 INF 723 541 161 272 INF 560 514 312 732 INF 723
INF INF INF INF 248 508 751 741 INF 348 INF INF INF 623 389 94 550 688 0 208 279 117 528 155 708 411 192 INF INF 579 656 INF 680 176 524 768 175 102 576 313 INF INF INF 115 283 INF 278 174 109 INF 228 INF 298 734 669 280 494 INF INF 514 566 INF 432 167 708 621 INF INF 774 INF INF 571 313 INF 729 789 782 456 487 88 548 154 587 757 339 INF 339 290 568 725 469 492 394
589 INF 279 INF INF INF 344 115 249 775 606 574 INF 138 INF 397 INF 310 INF 0 553 INF 414 416 663 INF 313 661 626 493 157 INF 546 758 617 INF 228 INF 725 INF 353 204 409 INF 258 606 INF 303 739 INF 754 329 514 499 227 312 71 INF 314 81 86 188 670 354 759 INF INF 615 INF INF INF INF 297 INF 443 INF INF INF 534 439 INF INF 203 703 215 246 299 INF 557 530 INF 678 206
INF 370 718 632 732 INF 629 665 318 417 641 INF 300 293 411 409 127 776 INF 250 0 306 337 INF 251 INF 689 INF 181 INF 694 421 315 725 INF 347 548 INF 572 557 199 772 212 724 INF INF 724 660 INF INF 741 474 499 INF 234 428 320 520 153 INF INF 554 79 625 278 INF INF 161 336 751 768 82 676 502 361 INF INF 638 141 222 492 INF 639 216 INF 257 430 371 INF 410 158 INF 716
65 INF 435 96 86 294 INF INF 127 670 567 INF 148 292 INF 138 552 367 722 482 INF 0 324 INF 379 INF 530 298 INF INF 719 INF 248 687 547 INF 431 111 363 505 230 394 69 132 286 INF INF 456 INF INF 404 INF 272 418 194 321 377 632 685 707 497 INF INF 706 483 93 559 295 INF 479 167 427 694 107 402 INF 537 253 INF 627 INF 549 743 INF INF INF 223 456 141 159 INF INF 177
544 INF INF INF 358 73 679 365 478 INF 325 187 732 471 172 INF 722 INF INF 653 722 228 0 436 179 114 390 494 INF INF 182 463 639 71 INF 714 455 136 414 99 672 304 INF 518 218 648 442 212 647 379 679 561 83 572 INF INF INF 707 776 519 INF 413 INF INF 255 616 269 161 INF INF 234 691 INF 225 414 400 705 362 714 184 532 INF 121 76 173 289 712 393 INF 375 308 760 774
627 448 261 532 INF 388 291 764 103 358 469 INF INF 712 660 INF INF INF 327 INF INF 163 120 0 INF 617 275 INF 94 INF 669 379 196 688 359 102 495 492 730 778 433 574 INF 716 190 79 413 324 INF INF 363 INF INF INF 290 361 336 317 INF 432 389 488 INF 223 757 385 669 INF 112 308 INF INF 576 179 154 INF 674 444 77 459 153 379 574 471 270 306 INF INF 452 620 201 468 398
634 INF 421 INF INF 444 347 INF 505 189 269 603 629 475 644 210 543 INF 599 341 INF 137 INF 610 0 504 432 INF INF 552 INF 670 INF 150 553 389 INF 646 INF 636 766 INF 135 INF INF 443 609 524 INF 375 674 310 105 483 INF 412 662 246 314 INF INF 229 761 INF INF 551 INF INF 444 387 729 781 492 INF 710 316 INF 283 627 373 INF 188 744 320 390 353 225 INF 731 INF 748 INF 461
381 INF INF 668 526 INF 429 318 420 412 248 221 226 297 504 259 309 453 593 250 INF 351 INF 388 274 0 INF 391 240 INF 63 158 659 INF 618 328 576 232 528 INF 322 INF INF 101 171 184 345 INF 332 93 INF 176 INF 631 334 495 389 81 282 726 INF 115 621 715 356 INF 161 INF 729 362 664 INF INF 670 INF 85 INF 127 489 646 INF 549 INF INF 279 INF 300 359 550 220 457 626 INF
INF 347 INF 116 458 675 INF 183 386 736 529 137 268 694 685 135 INF 428 582 338 260 INF INF INF 228 187 0 526 389 751 148 531 INF 316 151 INF 787 279 472 245 442 632 531 708 649 713 INF 84 165 617 592 536 624 INF 352 717 649 262 159 140 134 INF 502 476 INF 673 335 506 460 114 62 781 122 INF INF 120 693 381 413 651 INF 79 INF 665 501 643 490 INF INF INF 584 677 531
302 INF 638 188 331 INF 371 610 268 114 INF 284 184 INF 169 573 745 INF INF 221 INF 661 102 342 186 737 120 0 INF INF 195 INF 442 INF 342 235 INF 125 488 404 INF 500 746 496 INF INF 348 759 INF INF 212 218 INF INF INF INF INF 571 195 INF 170 571 INF 379 INF 185 209 473 INF INF INF 524 INF 336 104 183 INF 321 INF 404 628 INF INF 81 463 389 768 INF 347 367 119 639 667
102 304 INF 186 652 336 630 INF INF 309 172 INF 333 350 490 540 600 634 INF 273 INF INF INF 221 380 438 617 545 0 INF 770 INF 358 553 INF 308 770 683 586 INF 763 748 712 680 INF 170 273 114 INF 308 211 INF INF 730 155 483 INF 47 587 INF INF 402 136 479 309 317 587 444 609 636 757 161 INF 233 INF INF 544 INF 114 602 INF 306 324 292 193 287 225 INF 486 116 INF 102 INF
256 155 INF 359 INF INF INF 351 596 INF 753 INF INF 516 84 670 INF 753 INF INF INF 384 INF 492 514 INF 195 605 291 0 INF 655 690 656 INF 121 213 107 246 513 INF 370 574 INF 580 737 INF 73 627 329 220 INF INF 561 105 660 140 INF 348 195 INF 692 742 INF 355 419 617 572 133 580 738 715 646 97 377 691 INF 285 540 INF INF INF INF 67 753 747 192 376 552 233 273 279 592
INF 623 680 INF 62 305 582 486 390 214 484 195 INF 191 417 378 INF 484 INF 732 262 578 INF 101 INF 740 720 676 INF 468 0 499 769 368 INF 741 INF 245 INF 127 INF 710 INF 599 394 INF INF INF 206 777 468 279 503 INF 588 183 244 277 INF 183 763 74 606 INF INF 686 315 529 300 348 INF 628 155 774 514 INF 204 360 595 INF INF 536 621 177 400 INF 157 540 INF 414 INF INF 413
INF 435 526 135 INF INF 559 INF 136 61 INF 762 677 134 INF 197 374 INF 114 INF 344 INF INF INF INF 750 677 504 626 INF 65 0 INF 745 202 73 607 INF 564 152 INF 357 719 INF 346 495 239 88 773 741 137 INF INF 676 INF 457 127 723 350 INF 113 134 402 INF 692 487 INF INF INF 593 INF 449 705 487 232 401 308 407 INF 175 374 581 589 359 455 INF INF INF INF INF 196 INF INF
INF INF 468 INF 496 83 114 340 604 392 242 739 INF 560 644 135 INF 137 INF INF 117 227 INF 737 588 146 464 INF INF INF 609 173 0 109 197 INF INF 350 92 INF INF 610 470 INF 400 631 INF INF 373 445 INF 278 272 146 INF 437 722 585 329 INF INF 372 436 77 INF 626 757 INF 557 515 INF 647 INF INF INF INF INF 629 242 276 INF 461 539 INF 638 265 307 INF INF 689 INF 640 522
115 487 172 495 103 INF 200 432 733 INF 171 662 194 INF 215 104 581 743 426 224 INF 102 581 674 694 280 587 671 INF 215 INF 150 619 0 INF 177 INF INF 407 324 655 711 732 INF 470 INF 505 417 727 367 171 706 608 467 173 315 360 334 INF 185 INF 603 258 409 372 INF INF 529 625 INF 57 389 352 325 599 INF 175 358 289 147 434 649 INF INF 394 INF 139 366 721 INF 155 INF 750
485 685 300 INF 539 233 INF 413 319 INF INF 293 103 352 723 133 672 INF 375 INF 660 310 149 INF 709 752 INF INF 440 105 262 761 INF INF 0 INF INF 474 191 60 482 INF 191 98 68 720 INF 723 INF 610 INF 640 INF 630 211 399 670 274 INF 287 675 550 INF INF 400 INF 682 520 412 117 335 666 INF INF INF 547 138 109 487 618 679 INF 391 INF 616 550 274 767 747 INF 301 INF INF
INF 70 612 398 623 515 498 INF 364 336 INF 167 INF 749 284 304 INF INF 762 619 INF 420 INF INF 491 682 432 748 329 270 84 756 761 INF 205 0 574 INF 625 565 584 INF 548 727 INF 111 277 756 INF 231 719 INF 700 INF 245 INF INF 132 INF 362 INF 248 346 569 100 515 351 166 315 INF INF INF 294 677 572 INF INF INF 671 327 374 529 411 INF 72 INF 298 504 54 INF 119 INF 465
INF INF 142 192 746 INF 482 621 INF INF 428 611 599 INF 234 466 219 661 507 720 763 590 425 462 127 762 768 674 742 INF 514 INF INF 162 307 301 0 73 INF 288 INF INF 367 455 INF INF 511 480 582 173 INF INF INF INF 129 617 359 649 INF 545 165 696 INF 127 521 377 102 712 651 442 431 415 566 595 INF INF 378 135 116 137 152 501 INF 636 211 INF INF 279 412 622 INF 700 359
268 INF 446 195 699 118 343 189 718 512 448 228 135 761 492 INF INF 562 566 INF 586 89 INF 98 383 272 INF 184 48 611 653 747 INF INF INF 735 626 0 289 INF 270 INF 137 INF INF 299 63 422 INF 654 588 INF 755 INF INF INF 693 736 167 624 749 INF 706 INF 615 767 717 711 140 INF INF 521 294 INF INF 110 694 INF 140 INF 375 INF 478 518 INF INF 706 749 256 INF 713 604 INF
274 338 INF 460 490 122 303 554 88 102 406 263 INF 257 589 331 INF 393 754 712 INF INF 401 INF 415 232 INF INF INF 468 730 90 INF 755 355 560 656 INF 0 INF INF 236 INF INF 665 102 219 713 INF INF 256 INF INF 152 634 639 INF 364 749 48 INF INF INF INF INF 418 INF 678 708 235 INF 706 104 390 561 668 691 719 500 INF 582 456 755 398 364 INF 644 INF INF 589 414 732 634
57 INF 368 50 769 INF 421 INF 378 435 376 INF 766 139 122 165 737 468 INF 441 275 INF 327 401 481 208 207 497 362 INF 476 INF 635 274 INF 746 403 INF INF 0 INF 548 INF 89 518 INF 383 567 124 474 90 286 478 593 66 740 506 462 INF 62 521 215 608 747 484 176 726 INF 515 539 181 89 452 585 INF 119 502 290 482 573 442 INF 157 INF INF 557 703 INF 125 INF 385 99 INF
610 INF 651 572 88 INF 699 306 459 583 459 361 502 736 87 INF 572 INF 698 429 INF 166 405 667 INF 761 518 313 176 INF INF 422 INF INF 292 531 INF 203 575 302 0 INF INF 271 502 363 637 400 660 537 199 76 312 660 673 INF INF 179 INF 250 212 514 INF INF 292 142 INF INF 594 267 387 566 INF 124 756 INF 745 575 205 INF 70 INF 330 INF 245 INF 739 397 87 261 545 INF INF
149 160 144 INF 573 696 665 149 596 INF INF INF 576 INF 196 142 701 INF 574 731 INF 615 139 182 434 INF INF INF INF 167 613 664 INF 766 INF INF INF 531 INF 664 714 0 INF 126 360 668 100 780 436 478 INF 760 376 INF INF 180 725 152 735 108 INF 399 501 INF 648 236 400 INF 231 INF 483 315 524 INF INF INF 489 INF 395 750 741 INF 563 INF INF 518 670 293 390 360 INF 97 119
INF INF 223 115 263 INF INF 773 454 58 509 INF 486 328 739 INF INF 449 255 INF 258 250 568 INF INF 772 274 145 718 613 460 775 376 209 114 110 514 69 INF 135 243 155 0 460 664 INF 69 150 310 115 320 188 166 200 INF 537 231 716 344 775 194 675 INF INF 407 584 679 INF INF 60 397 INF 405 INF 431 INF 430 761 758 323 590 494 96 539 587 100 263 INF 160 190 INF 778 732
323 INF INF INF 414 622 593 490 INF INF INF INF INF 771 INF 159 578 INF 699 440 342 171 492 INF 300 233 138 609 119 481 463 454 772 360 611 INF 109 637 INF 712 309 INF 216 0 778 INF 470 485 INF INF 390 498 540 433 413 503 562 285 247 INF INF INF INF 274 INF INF 91 566 INF INF 693 INF 751 613 753 701 619 751 698 407 736 691 697 INF INF 733 789 169 622 INF 234 593 484
714 INF INF 580 681 INF INF 552 517 INF INF 68 161 INF 531 INF 286 INF INF 468 756 269 158 348 206 INF 571 INF 667 532 465 162 534 264 433 94 302 INF INF INF 616 INF INF 290 0 130 404 204 INF 584 INF INF INF INF 553 472 INF 759 INF INF INF 475 156 668 217 544 238 INF 75 325 INF 192 97 737 730 182 INF 210 195 INF 580 496 668 503 117 352 INF 76 INF 68 236 633 INF
359 INF INF 618 INF 213 625 258 INF INF 448 INF 332 440 INF 172 489 183 133 467 INF 326 INF 394 371 640 INF INF INF 169 INF 135 650 102 INF INF 265 531 199 617 INF 244 334 INF INF 0 346 656 690 204 724 694 738 INF 305 159 786 360 435 INF 730 704 INF INF 659 251 410 605 760 INF 322 INF INF INF INF 423 121 574 709 757 INF 507 INF INF INF 281 515 745 387 226 440 592 474
174 INF 73 439 117 79 177 418 356 290 203 546 537 INF 372 581 81 104 732 229 371 168 534 441 689 610 INF INF 418 449 372 426 INF 458 INF 221 INF 260 715 INF INF INF 149 344 INF 565 0 429 269 760 170 INF 301 631 767 664 268 INF INF INF 623 571 174 INF 394 344 312 INF 103 541 INF INF 276 270 471 INF INF 97 INF 458 605 100 INF 204 271 498 INF 568 423 276 636 402 595
INF 749 330 611 449 INF 250 249 728 71 INF 88 148 INF 716 79 755 174 80 146 221 333 INF 257 69 606 INF 314 INF INF INF 502 62 403 785 INF 257 INF INF 529 INF 491 122 638 INF 722 INF 0 365 INF INF 385 325 633 472 174 270 682 241 INF 333 INF 670 489 INF 122 314 INF 528 699 579 328 404 254 226 586 279 421 121 237 676 335 INF 525 702 98 INF 188 323 111 INF 166 442
INF 90 415 546 293 767 408 262 279 60 INF 290 248 75 INF 384 545 INF 622 672 149 INF 406 505 INF INF INF 306 596 453 243 INF 550 247 474 504 690 INF 409 644 615 699 752 408 393 INF INF INF 0 INF 528 637 323 532 152 INF 324 457 510 INF INF INF 453 88 236 INF INF INF 141 277 INF INF INF 411 147 156 282 734 611 99 382 443 120 398 80 536 572 INF 688 83 277 INF 395
359 INF INF 177 559 INF INF 142 338 555 INF 78 632 775 INF 435 INF 219 INF 274 60 INF 778 INF 277 INF 170 611 INF INF INF 265 140 747 313 484 610 242 471 INF 714 INF INF INF 218 587 371 778 161 0 725 709 INF INF INF 553 540 128 490 INF 170 445 166 INF 105 INF INF INF 594 613 163 INF INF 713 INF 421 573 256 90 547 556 626 715 118 INF 80 493 363 255 694 579 549 INF
INF 521 759 618 INF 716 459 54 646 379 145 579 392 110 490 384 118 INF 309 INF INF 736 184 585 242 INF 419 128 190 INF 629 INF 322 530 INF INF INF INF 343 255 230 INF 582 532 INF 771 479 349 342 478 0 INF INF INF 138 92 511 527 286 INF 113 INF INF 478 149 INF 751 INF 611 319 INF 607 515 632 308 667 650 441 304 282 140 672 563 181 364 734 470 INF 702 INF 514 769 INF
54 248 104 INF 703 INF INF 487 353 225 392 576 616 220 135 INF 317 464 INF 100 649 84 475 INF INF INF INF 280 39 INF 192 INF 105 404 209 INF 694 INF 326 INF 85 273 178 335 166 237 384 141 601 135 498 0 713 INF 705 526 430 INF 47 INF INF 344 238 283 INF 292 INF INF 152 INF 541 526 INF 464 218 147 231 728 INF 561 516 131 190 528 INF 665 218 271 INF 200 INF 380 747
281 217 178 INF INF INF INF 278 INF 599 726 513 INF 253 140 INF INF INF 580 230 483 185 INF 505 588 564 433 700 100 INF INF 542 683 549 295 INF 595 184 630 INF 390 343 60 451 INF 234 460 760 373 378 INF 133 0 295 INF 158 296 178 522 567 89 INF 434 310 406 698 506 100 452 278 644 INF 729 620 INF 653 INF INF INF INF 59 INF 761 147 613 INF 598 590 INF 599 398 415 654
INF 755 INF 70 296 608 117 437 436 INF INF 136 221 267 74 588 399 288 546 596 INF 330 INF INF 393 INF 360 473 INF 608 790 437 173 409 289 550 228 INF 90 INF INF INF INF 633 713 725 282 370 510 INF 218 INF INF 0 INF INF INF INF INF 186 608 244 439 INF 325 551 INF 748 INF INF 127 392 439 INF 119 355 702 371 INF 570 755 355 605 383 433 445 262 371 478 616 488 709 649
INF 201 271 181 INF 270 663 387 INF INF INF INF 575 417 INF 605 INF 655 218 INF 688 298 754 498 484 INF INF 678 INF 682 339 INF 672 345 INF 693 INF INF INF 134 669 691 483 751 770 INF 253 307 504 624 679 763 INF 537 0 INF INF INF INF 104 63 415 661 178 113 INF INF INF 354 298 INF 253 INF 106 INF 246 650 INF 61 73 INF 497 394 424 776 522 631 234 202 INF 363 INF INF
250 INF 723 INF INF 702 761 INF 249 681 625 295 INF 418 INF 230 INF 262 426 INF 268 138 122 628 260 605 616 248 171 241 515 492 736 576 191 527 322 INF INF 506 555 INF INF 686 334 321 192 321 INF 458 INF INF INF INF 578 0 INF 58 409 INF INF 789 315 330 401 626 INF 604 INF INF 747 INF INF 700 INF 87 712 784 INF INF 145 127 INF 317 INF 388 172 149 INF 571 358 284 INF
209 366 409 182 46 477 367 INF INF 404 352 284 438 571 INF 445 395 747 360 184 749 64 76 INF INF 523 71 345 121 404 INF 500 139 INF 666 INF INF 732 343 INF 472 687 223 478 426 284 151 INF 250 428 459 226 214 INF 762 224 0 182 299 INF 700 INF 478 643 INF 607 223 512 INF 214 341 INF INF INF INF 352 538 488 427 INF 71 INF 204 60 623 452 INF 115 675 719 250 135 262
INF INF 417 373 313 INF 628 240 INF 614 764 713 INF 721 271 277 321 INF 622 648 507 385 694 690 INF 56 INF 80 INF INF INF 626 230 INF 516 335 INF INF INF 63 303 INF 653 57 604 INF 336 139 INF 200 626 INF 382 66 INF 116 481 0 355 493 INF 308 707 184 205 143 376 268 310 INF 397 478 94 500 717 INF INF 376 353 728 INF 498 389 205 340 473 470 749 INF INF 618 762 714
376 308 598 INF INF 563 548 INF 338 300 118 INF 608 529 134 733 643 INF 420 INF 244 653 INF INF INF 484 214 290 620 732 503 520 283 344 INF 623 175 INF INF 505 161 INF 389 INF 622 275 370 409 165 134 138 243 586 750 284 534 676 199 0 698 93 480 255 476 168 117 412 INF INF 426 240 INF 692 418 INF 610 INF 418 470 INF 690 214 546 235 99 208 152 666 INF 72 270 348 INF
INF 517 240 234 INF INF INF 745 INF INF 174 INF 287 402 461 INF 519 89 INF INF INF 552 176 INF 738 166 410 474 563 258 INF 89 653 307 432 224 620 129 417 375 247 596 INF INF 501 436 INF INF 279 269 92 INF 68 727 INF INF 281 INF 755 0 79 126 586 194 381 173 INF 472 564 543 110 550 527 783 755 INF 762 441 INF 781 754 528 522 195 186 380 685 INF INF 341 637 742 367
179 INF 488 635 572 INF INF 565 647 466 INF INF INF 217 INF 675 INF INF 448 INF 325 777 174 146 468 INF 127 154 INF 274 363 460 678 INF 121 179 528 332 320 INF 333 144 INF 488 INF 61 275 774 512 371 141 INF 520 685 576 INF INF INF INF 210 0 370 301 379 479 340 83 INF 595 415 380 225 INF INF 363 202 226 292 685 106 676 427 INF 661 243 INF 471 176 494 INF INF INF 511
647 674 INF 598 INF 93 139 650 INF 770 INF 551 594 774 INF 601 671 561 INF INF INF 519 340 425 649 INF 158 115 239 727 428 298 326 INF INF 532 500 512 537 702 INF 435 INF INF INF 505 685 INF 625 453 INF 90 323 278 281 470 458 520 435 415 INF 0 533 143 697 359 382 168 386 208 195 755 187 INF INF INF 164 142 60 INF INF 122 331 526 683 716 INF 405 404 INF INF 299 338
217 415 467 176 259 461 506 117 594 610 763 INF 643 INF 458 INF INF 501 INF 531 INF 646 INF INF 768 587 INF 466 INF 739 466 597 270 INF INF 160 193 327 INF 583 INF 469 592 INF INF INF 572 525 188 269 308 INF INF 750 164 INF INF 522 562 INF INF 295 0 382 680 344 383 159 653 INF 446 648 72 88 396 430 535 INF INF 96 INF INF INF 334 INF INF 532 778 INF 147 567 INF INF
615 426 615 INF 521 320 744 620 243 447 625 654 547 528 INF 553 INF INF 420 265 581 INF INF INF 153 INF 499 388 108 592 392 484 INF INF 444 INF 143 69 480 204 144 192 168 721 89 549 INF 386 455 451 INF INF INF INF 145 694 264 245 INF 446 236 136 INF 0 319 422 581 INF 374 729 INF 268 INF INF 156 564 532 551 INF 88 INF 370 141 INF INF 134 567 103 401 62 INF 321 661
INF 749 INF 181 510 INF 106 292 714 356 734 244 218 INF 417 236 INF INF 133 INF 255 244 INF 253 141 702 565 107 426 359 744 636 375 INF INF 431 577 468 499 315 648 333 706 INF 620 INF 677 160 INF 722 87 139 INF 327 INF 511 313 551 656 159 433 277 INF 159 0 305 409 309 INF 253 778 INF 52 252 INF 401 INF 165 723 281 INF INF INF 89 INF 532 394 INF 125 681 385 679 INF
INF 641 79 83 INF 768 758 INF 658 653 INF INF 581 214 INF INF 541 INF INF 689 255 INF INF 583 INF 281 382 360 577 640 INF 585 740 INF INF 628 549 583 760 INF INF 217 INF INF 272 437 124 308 648 700 INF INF 61 INF INF 549 481 339 154 INF 679 INF 449 88 242 0 296 INF 60 102 70 INF 294 137 378 218 306 INF 622 531 568 524 INF 239 188 67 INF 691 INF 277 533 INF 278
INF 462 INF 373 427 460 271 604 INF 103 110 577 494 INF 103 117 715 INF 461 699 226 INF 731 188 638 716 538 494 569 INF INF INF 760 544 INF INF 179 INF 203 548 221 63 INF 291 493 INF INF INF INF 93 358 684 251 601 INF 366 518 103 344 719 85 INF INF INF 93 443 0 INF 717 INF 524 682 667 INF INF INF 352 212 INF 70 81 458 159 677 536 INF 535 381 243 188 486 INF 486
509 375 INF 65 98 506 216 378 INF INF 564 INF 651 INF 492 292 145 390 517 INF 395 600 INF 736 239 INF 252 61 686 155 617 772 INF INF 236 265 279 596 529 INF 205 INF 652 700 INF 391 536 INF INF 302 564 313 208 INF 265 INF 298 INF INF 455 480 474 165 108 738 INF 563 0 455 INF 59 119 549 529 331 320 295 657 INF 69 INF 243 INF 313 578 INF 405 110 517 90 INF INF INF
180 INF 649 710 402 INF 517 75 197 162 701 409 INF INF 665 INF 516 247 INF 739 279 329 629 675 INF 316 738 615 INF 772 92 INF INF 495 756 INF 716 INF 595 194 106 216 INF INF 334 INF 201 480 INF 277 INF 83 521 587 681 117 410 INF 246 456 109 INF INF INF 717 INF INF 552 0 316 INF 191 440 INF 551 163 687 331 INF 746 646 633 INF 69 INF 488 INF 681 INF 520 586 INF 590
360 584 660 INF INF 121 516 333 INF INF INF INF 225 491 714 634 INF INF 648 389 469 602 716 763 311 137 473 194 278 499 413 609 232 522 330 479 597 737 INF 666 378 435 351 70 434 203 470 217 483 232 463 140 424 INF INF 87 INF 202 INF 353 622 266 INF 562 460 INF 426 278 661 0 380 INF INF 257 252 84 739 INF INF 728 220 446 298 774 570 INF 774 238 INF 687 INF 117 INF
INF 638 95 INF 619 738 704 649 596 529 99 541 135 INF 683 527 65 INF INF 524 240 386 205 547 754 591 527 274 169 557 449 670 INF 608 INF 500 479 INF 497 772 154 482 679 INF 77 701 INF INF 167 INF 513 320 INF 669 277 INF 625 711 344 341 675 INF INF 658 INF 635 212 INF INF 691 0 528 INF 94 INF 276 157 52 619 700 442 INF 366 INF 65 410 407 INF INF 81 INF 93 375
INF 218 485 166 222 165 70 138 413 199 INF INF 732 INF INF 523 INF INF INF 205 226 INF 155 447 533 198 736 778 553 INF 731 633 747 74 INF 424 396 251 75 332 503 198 INF 406 108 166 106 138 INF INF INF 400 81 263 307 INF 553 INF 614 537 243 INF INF 110 486 209 702 81 254 253 INF 0 243 171 536 INF 94 INF 765 454 324 223 INF 307 INF 383 233 INF INF 166 500 457 206
INF 301 330 199 335 INF 749 94 464 280 67 377 INF INF 51 169 283 222 INF 278 276 INF 111 INF 212 113 380 747 466 587 INF INF 310 551 177 109 441 INF 568 INF 122 664 315 517 159 246 562 612 534 59 INF INF 740 97 INF 661 INF INF 685 INF INF 318 INF 342 713 INF 261 373 329 217 306 171 0 576 INF 562 INF 383 236 INF 608 571 188 579 INF INF 64 567 304 330 INF INF 259
265 206 562 INF 427 396 INF INF 349 647 INF INF INF 545 397 217 INF INF 215 INF 304 474 INF INF INF 760 327 386 503 241 401 INF 113 355 INF 143 661 351 421 432 INF 503 INF INF INF 501 596 277 367 81 INF INF 333 405 632 103 197 558 630 107 INF 697 404 359 393 741 576 106 77 INF 207 85 388 0 498 INF 400 INF 191 355 125 461 INF 665 115 INF 326 697 INF 568 416 398 657
INF INF 258 INF 478 639 242 313 INF INF 218 193 259 INF 367 183 223 INF 705 557 198 INF INF 414 650 INF INF 150 279 266 336 549 673 241 INF 301 INF 340 202 142 695 INF 544 134 283 INF 144 611 180 197 488 293 INF 676 405 501 INF INF 768 429 INF 154 INF 411 INF 575 607 124 460 610 193 INF 250 INF 0 INF INF 99 451 586 310 214 253 159 INF 205 100 INF 540 INF INF 586 531
755 554 575 532 276 344 705 331 227 125 INF INF 434 INF 53 508 616 189 725 135 395 659 INF INF 143 557 766 423 INF 482 782 702 557 70 INF 476 128 629 589 180 604 159 160 INF 169 180 INF INF 214 455 474 INF 441 INF 474 348 468 776 135 472 265 357 590 655 317 436 571 213 267 718 257 INF 287 INF 496 0 316 309 764 INF 314 162 226 767 127 INF 400 INF 221 677 INF 578 INF
347 494 415 688 645 INF 463 641 750 149 INF INF 448 INF 549 INF 153 INF INF 513 INF 402 774 614 530 INF 481 INF INF 104 INF INF 375 INF 197 335 115 601 372 261 494 645 399 320 251 558 141 542 446 680 INF 468 491 76 79 INF 165 534 INF INF INF INF INF 484 264 342 400 407 INF INF 602 INF 73 173 INF 696 0 INF 618 462 71 INF 206 INF 707 INF 270 INF 542 INF INF 190 INF
719 462 354 349 INF 523 INF 624 751 133 138 INF 524 72 699 354 703 INF 437 771 601 66 INF 519 INF 301 INF INF 366 INF 522 234 268 710 INF 437 205 701 470 592 469 573 INF 380 INF 301 412 667 INF 729 257 INF 411 724 523 630 641 229 124 INF INF 446 114 270 116 206 INF 389 481 746 371 466 INF INF 72 INF 165 0 374 INF 310 229 388 74 160 INF 492 591 INF 653 432 INF INF
295 INF INF INF INF 587 INF 612 INF 199 INF 313 659 649 INF 259 656 64 286 400 646 64 211 300 199 258 198 591 174 90 INF 381 323 204 368 149 706 83 189 457 271 169 337 169 INF 524 671 516 INF 205 774 INF 82 249 191 421 INF INF INF 518 687 495 406 INF INF 572 139 INF 296 INF INF 523 713 467 435 510 56 162 0 171 375 89 165 INF 748 212 200 337 195 60 165 INF 425
618 688 323 601 INF 366 INF 507 684 266 INF 468 234 INF INF 739 501 INF INF INF 53 427 490 762 142 240 741 121 762 421 INF 542 INF 737 714 390 292 420 449 520 441 452 280 INF INF 248 419 63 239 605 557 INF 160 INF 339 418 124 161 372 INF INF 689 630 640 664 241 134 255 341 INF INF INF INF 398 131 317 INF INF 529 0 514 INF 464 640 414 394 365 INF INF 656 680 INF INF
177 INF 100 736 INF INF 350 537 392 697 589 279 733 711 688 168 185 218 580 57 INF 99 327 755 INF 147 INF 85 536 INF 449 INF 356 55 80 226 610 98 201 86 INF 737 628 INF 509 527 INF 624 INF 329 567 259 54 569 INF 151 405 439 646 INF 212 467 86 95 INF 594 INF 413 419 INF 725 INF 420 644 250 169 554 INF INF INF 0 769 660 INF INF 773 INF INF 529 628 INF 511 397
96 225 563 506 241 258 91 INF 544 INF INF INF 232 425 INF INF 270 INF INF INF INF 535 INF 733 578 565 394 191 405 INF 152 INF 326 330 INF INF 349 INF 561 338 INF 723 93 630 414 315 416 587 264 234 INF INF 551 306 139 INF 733 602 INF 76 273 122 144 INF 648 502 INF 765 INF 660 INF INF INF 274 488 230 577 483 652 779 147 0 349 525 INF 349 420 643 INF 133 653 INF INF
INF 723 INF INF 489 592 758 INF 520 INF 512 699 373 537 INF 464 INF INF 321 631 244 406 INF 76 683 INF 612 261 545 664 358 144 556 INF 368 390 INF 532 436 503 INF 432 663 INF 712 INF 163 INF 394 INF INF 699 613 INF 666 307 330 584 767 96 417 INF 412 INF 509 295 608 176 INF 377 INF 663 502 662 INF 437 INF INF 683 INF 265 167 0 INF 690 137 INF 712 683 613 609 122 INF
407 INF INF 249 716 61 INF 763 INF INF INF 531 73 106 INF 459 712 329 234 INF 310 INF 492 621 734 589 254 289 397 63 186 329 310 648 INF 366 540 INF 454 585 INF 541 INF INF 212 242 INF 89 416 730 312 INF INF 657 INF 678 583 INF 472 INF INF INF 681 INF 764 177 264 INF 98 665 673 INF 323 INF 659 142 342 373 629 INF INF 713 INF 0 188 142 INF INF INF 474 INF 748 469
349 602 405 INF INF 745 136 466 708 358 445 INF 635 INF 633 455 361 INF 622 INF 577 609 670 INF INF 705 INF 108 547 198 397 INF 63 550 INF 522 569 319 291 115 301 INF 126 INF INF 716 325 364 INF 192 386 748 INF 640 284 443 709 381 172 436 745 INF 260 476 INF 708 INF 395 188 83 260 552 371 INF 47 769 INF INF 536 606 485 722 125 73 0 250 INF INF INF 492 INF INF 59
INF 352 711 261 281 INF 193 371 81 648 563 INF INF INF 654 637 INF INF 558 659 356 191 INF 580 INF 364 415 545 INF INF 269 382 650 778 655 INF INF 204 INF INF 251 INF 675 INF 370 241 294 542 INF INF 516 243 INF 272 386 INF 500 610 565 INF 403 INF 418 158 199 INF 499 111 734 694 236 INF 409 197 INF 158 INF 271 703 INF 107 INF 687 INF 661 0 492 357 330 390 INF 454 97
551 179 245 193 688 542 399 INF 614 152 516 198 643 793 73 INF INF 561 756 293 454 587 501 272 517 252 363 INF 319 741 113 579 451 443 INF INF INF 523 225 548 INF 637 688 104 477 INF 93 729 626 INF 327 322 279 493 169 207 684 281 501 611 500 162 561 68 INF 125 INF 774 INF INF 316 90 227 85 417 520 INF 199 INF 190 323 INF INF 670 INF INF 0 142 INF INF INF INF INF
223 469 INF 325 INF INF 289 INF 241 97 579 55 263 310 431 337 568 583 396 INF INF 45 INF INF INF 310 663 INF INF INF INF INF 510 INF INF 110 435 261 INF 366 405 INF INF 478 396 185 INF INF 497 INF 131 250 511 177 INF 745 488 604 462 767 INF 697 464 103 265 INF INF 738 727 INF 295 INF INF 488 294 INF 530 567 INF 320 50 229 622 INF INF 720 INF 0 163 INF 646 INF INF
729 296 552 604 305 150 180 INF 337 117 730 INF 595 INF 511 524 88 625 576 419 522 INF 550 219 106 INF INF INF 490 INF INF 300 494 687 77 267 630 638 INF INF 151 INF INF 392 232 385 529 512 477 195 83 INF 775 INF 362 437 217 INF 479 416 535 311 734 740 INF 533 324 361 522 736 277 127 611 INF INF INF 308 698 INF INF 542 547 219 171 261 290 108 379 0 483 433 69 613
INF 289 358 INF 442 649 INF 366 706 INF 689 683 114 INF 291 469 86 238 151 156 143 354 365 INF 531 731 INF 679 766 410 INF 372 INF INF 355 INF 281 759 724 INF INF 541 517 INF INF INF 453 INF 765 655 642 INF 423 INF 107 INF 418 681 349 753 488 144 287 INF 484 493 327 112 649 575 INF 682 678 623 171 INF 365 INF INF 263 727 713 376 231 714 101 96 INF 648 0 INF 770 567
590 736 INF 574 INF INF 386 393 INF 755 529 198 383 324 311 92 700 423 72 86 INF INF INF 518 398 536 525 483 713 109 115 350 INF 97 262 184 404 INF 677 INF 140 124 709 158 91 INF 599 244 167 618 356 282 530 INF 207 INF INF 491 INF 445 161 228 101 331 667 197 607 355 198 229 603 221 INF 461 406 560 INF 758 INF 743 INF 90 235 190 INF 463 INF INF 198 357 0 INF INF
723 276 INF INF 170 62 369 396 590 730 INF 286 598 634 INF INF 611 612 INF 267 583 INF INF 142 70 315 671 340 611 164 738 INF 660 INF 381 611 INF INF 254 229 INF INF INF INF 167 235 INF 770 INF 358 57 240 372 204 93 INF 754 51 272 INF 490 497 148 INF 475 INF 767 576 245 552 INF 608 INF 412 296 658 INF 411 INF 313 473 767 618 657 438 524 INF 175 267 638 INF 0 312
315 277 713 616 356 586 INF 754 394 INF INF 435 348 INF INF 502 INF 506 283 INF INF 564 75 331 554 187 178 413 350 INF 133 INF 660 INF 241 INF 536 359 309 105 224 711 195 530 570 211 488 283 INF 204 322 INF 551 INF 432 196 INF 654 INF 452 INF 740 355 INF 59 144 INF INF INF 109 366 128 378 417 346 306 INF 772 INF 337 417 74 336 INF 283 733 INF INF INF INF 114 484 0
