0 220 290 733 301 101 251 INF INF 83 316 INF INF INF 328 182 230 507 INF INF 555 757 INF 316 INF 174 517 211 INF 661 INF 547 INF 629 INF 710 81 649 668 409 248 523 365 171 64 755 534 259 116 99 718 287 543 154 194 526 INF 304 722 621 INF 331 719 622 322 INF 422 240 553 INF INF 698 514 INF 394 444 471 INF 475 285
782 0 575 INF 496 INF 495 493 430 551 301 549 286 279 79 467 201 92 INF 201 238 INF INF 442 181 120 579 INF 61 427 525 719 690 434 529 109 INF 418 479 593 INF 614 INF 116 465 INF INF 311 INF 134 706 INF INF 376 INF INF INF INF 234 165 126 450 169 262 624 403 667 181 539 236 161 435 771 INF 95 346 INF INF INF 585
260 575 0 342 INF 230 640 440 INF 483 INF 764 762 480 74 587 256 745 309 562 143 335 484 140 750 684 492 362 115 561 INF 256 441 583 INF 358 314 INF INF 123 109 578 595 INF 186 212 INF 759 INF INF 81 604 438 INF 491 INF 378 INF 316 73 670 INF 407 655 272 646 68 INF 357 356 285 407 738 762 INF 419 INF 734 545 INF
INF 697 691 0 INF 778 362 212 731 567 INF INF 686 137 INF INF 149 INF 382 612 561 746 114 558 418 548 393 INF 176 204 184 317 INF 332 549 719 351 265 INF 187 INF INF INF 153 610 171 372 117 377 218 148 588 417 INF 406 209 491 258 INF 200 508 INF 414 116 123 INF 565 214 531 780 722 643 148 INF 443 192 INF 471 INF 463
INF 64 392 539 0 434 313 INF 316 555 423 502 218 INF 435 148 481 155 208 316 610 178 534 560 INF 280 362 234 688 INF 229 322 366 INF 339 96 INF 641 INF 726 378 574 110 581 357 436 594 549 589 88 165 55 357 INF 572 74 171 INF 544 122 739 524 636 INF INF 520 72 546 692 645 INF INF INF INF 116 198 624 356 312 754
604 INF INF 495 193 0 281 63 141 769 274 INF 102 305 173 INF INF INF INF INF 280 514 INF INF 221 196 INF 507 644 657 INF INF INF INF INF 445 445 177 INF INF INF INF INF 656 577 303 INF 322 365 666 313 212 588 141 484 617 218 355 INF INF INF 639 746 INF INF 207 634 666 612 474 297 198 217 547 INF 83 588 336 483 615
INF 116 351 771 651 81 0 INF 292 553 INF INF INF 621 INF 654 649 766 432 122 500 INF 642 283 252 INF 199 349 161 510 57 516 493 INF INF 296 INF 164 92 255 739 566 INF 182 512 630 INF 97 488 597 201 700 493 717 188 749 666 INF 755 INF 446 473 401 168 604 478 INF INF INF 718 117 153 368 674 INF 541 271 490 INF 468
694 INF 603 INF INF INF 727 0 612 733 INF 100 343 531 INF 762 695 596 677 71 760 541 120 133 601 282 747 595 452 301 INF INF 422 48 726 649 247 611 145 733 543 INF 258 77 193 INF 537 756 458 657 INF 443 617 744 INF 669 INF INF 766 INF INF 507 359 690 INF 622 INF 338 590 616 448 432 517 664 406 INF 509 INF 451 INF
INF 754 INF 239 354 769 392 INF 0 INF INF 291 INF INF INF 515 635 277 121 INF INF INF INF 115 INF INF 778 553 483 150 167 284 91 427 553 INF 519 239 INF INF 279 389 641 INF INF 132 66 456 INF 525 INF 176 404 519 INF 591 163 INF 251 159 347 312 524 193 171 INF 214 187 474 594 368 INF INF 230 496 106 INF INF 69 INF
199 287 INF 636 568 301 413 521 325 0 682 351 568 INF INF INF 651 INF 501 366 INF 239 216 213 247 360 496 INF INF 202 INF 730 404 685 79 INF INF INF 415 752 INF 542 233 611 323 INF 315 202 INF 699 INF 717 238 INF 560 722 517 701 INF 357 133 INF INF 277 128 272 133 549 INF INF 709 105 646 493 INF 782 558 75 INF INF
INF 440 674 INF 634 INF 226 324 698 564 0 740 202 224 588 564 420 112 357 700 INF INF 316 427 360 706 INF 614 125 286 INF 732 397 INF 61 146 176 394 325 INF INF 494 166 554 INF 688 INF 316 INF INF INF 266 613 286 640 159 205 406 INF 320 INF INF 349 149 205 490 239 647 501 INF 458 332 532 INF 559 473 702 471 155 492
413 289 INF 565 516 249 INF 651 303 87 INF 0 538 INF 464 300 INF 221 764 125 INF 541 292 198 485 440 244 INF INF 663 INF INF 580 150 INF 291 INF 562 373 INF 187 216 INF 587 206 82 INF 633 676 INF 160 INF 572 505 454 INF 241 658 INF 87 123 INF 386 INF 667 291 82 765 272 224 INF INF INF 637 179 714 148 768 110 INF
574 INF 437 INF 448 473 64 INF INF 312 214 218 0 586 INF 750 INF 688 269 INF INF INF 634 INF 435 308 540 426 INF 94 INF 421 207 196 168 INF 452 562 457 INF INF 541 332 236 582 112 302 INF 138 431 526 387 353 INF 448 118 210 INF 771 INF 305 INF 269 INF 608 180 610 182 440 INF 212 INF 478 568 766 251 INF 723 312 466
286 87 INF 607 135 696 413 569 INF 718 INF 302 263 0 INF 766 INF 457 672 63 419 324 INF 712 516 733 373 199 738 473 124 700 INF INF 414 185 750 220 545 395 INF 171 546 INF 382 239 338 204 INF INF INF INF 759 713 711 534 432 INF 509 323 354 632 419 INF INF 731 INF INF 324 110 392 INF 616 INF 625 779 604 INF 776 178
463 377 685 124 611 274 INF 635 600 623 546 706 609 242 0 213 424 433 62 542 197 164 58 197 INF 285 614 365 371 765 623 INF INF INF 654 INF 525 INF 347 648 INF INF 155 117 337 84 674 512 642 548 INF 706 INF INF 534 653 127 686 54 191 INF 712 335 616 INF 97 INF INF 79 406 INF INF 348 692 706 579 68 629 366 INF
99 INF INF 67 186 294 176 378 499 371 INF 665 INF 201 INF 0 475 279 INF 458 INF INF INF INF 464 220 INF INF 116 757 INF 418 428 646 272 INF 619 INF INF 685 INF 627 INF 110 245 INF 741 755 249 534 627 138 174 168 153 454 INF 589 INF 156 INF 76 INF INF INF 711 259 702 307 498 665 660 75 200 264 INF INF 350 277 611
INF INF 600 519 111 INF 407 354 INF INF 277 175 475 746 324 237 0 280 750 INF 356 INF INF 445 INF 255 INF INF INF 349 392 INF 424 616 654 INF 333 695 INF INF 532 INF 455 752 358 329 INF 644 516 550 82 INF 741 439 INF 213 88 183 83 773 364 285 743 702 629 359 218 INF INF INF 435 540 86 536 182 356 INF INF 519 320
464 253 296 204 599 INF 744 INF 619 INF INF 355 637 88 302 148 366 0 728 770 520 356 368 731 379 599 413 INF INF 721 769 432 417 244 593 731 774 484 627 339 INF 507 218 531 530 76 726 409 724 INF 290 617 INF 330 406 436 635 453 569 546 INF INF 739 524 INF 765 483 732 INF 295 637 INF 274 INF INF 606 INF 275 647 415
558 372 INF 686 459 485 593 529 73 346 396 440 256 INF 418 182 607 544 0 INF INF INF 438 480 646 294 INF INF 354 782 611 INF 631 627 INF 93 199 INF 295 773 INF 369 590 656 140 746 143 INF 496 362 126 53 456 INF INF INF 737 451 68 210 270 INF 424 600 159 INF INF 520 INF 738 INF 608 INF 214 754 735 131 448 INF INF
107 694 INF INF INF 463 INF 547 INF 87 730 480 565 INF 750 INF INF 743 645 0 95 532 480 INF INF 490 767 215 505 200 INF INF 311 432 INF 119 505 246 INF 727 132 604 INF 397 356 734 473 87 249 258 INF 148 737 INF 379 448 688 452 114 397 INF 531 INF INF INF 647 245 380 INF 661 INF 167 459 354 352 675 606 244 703 114
INF 533 421 437 591 INF INF 436 179 INF 593 481 60 453 INF 390 736 INF 738 INF 0 169 182 INF 386 584 INF 258 INF INF 318 108 INF 90 532 INF INF 225 205 INF 402 645 INF 331 282 598 94 99 648 401 187 688 305 569 INF 459 INF 532 252 454 538 INF 394 273 149 277 204 148 476 INF 599 588 382 INF 463 INF 536 INF INF INF
780 581 500 INF 401 759 754 87 INF INF 397 404 645 229 194 210 INF INF 626 455 INF 0 654 615 553 760 INF 655 233 546 INF 464 785 342 676 453 INF 410 724 154 415 558 772 339 565 INF 339 INF 352 775 162 68 78 755 539 567 INF 617 203 529 INF 689 INF 758 333 85 765 INF INF INF 125 262 343 583 657 590 406 539 INF 329
655 495 143 402 INF 152 INF INF INF 603 745 566 338 INF 164 215 396 159 298 748 560 405 0 248 606 289 INF 96 138 300 290 354 557 637 393 371 195 444 INF 649 INF INF 428 399 409 128 735 617 364 282 INF 752 INF 435 INF 601 677 696 INF 341 INF 737 INF 773 636 518 INF 474 INF 324 164 724 519 693 772 501 683 INF 727 INF
INF 561 INF 639 INF 412 53 427 229 INF 478 679 75 527 582 542 INF INF 359 INF INF 428 637 0 456 INF 102 438 221 218 148 INF 657 555 INF INF 621 558 INF 562 309 595 353 187 INF 88 183 322 585 362 487 408 INF INF 702 INF 576 241 238 INF INF INF 473 293 97 219 360 710 541 522 373 527 50 695 INF INF INF 371 467 362
601 771 763 320 356 720 394 366 144 115 167 INF INF INF 143 685 282 202 445 INF 465 INF 222 452 0 INF 161 362 607 INF INF 158 112 499 739 173 471 228 620 601 166 682 INF 427 INF INF 736 180 INF 774 INF 99 381 107 500 565 INF 334 INF 350 INF INF 471 791 520 INF 617 INF 94 686 INF 445 562 408 INF 721 399 226 INF INF
472 390 INF 172 INF 443 INF 87 493 INF 417 INF 443 710 164 INF 69 564 INF INF 77 656 439 599 215 0 526 708 305 INF 251 INF INF 283 495 124 786 484 INF 137 INF 704 INF 619 INF 581 INF INF 382 139 INF 732 449 262 526 INF 318 INF INF 607 324 INF INF 433 643 558 442 INF 78 332 INF 442 INF 431 360 304 606 724 430 INF
INF 701 INF 443 436 707 INF 662 INF 358 INF 778 INF 237 INF INF INF 167 473 INF 200 251 446 118 302 412 0 INF 136 782 591 122 750 683 193 445 642 INF 115 INF 155 689 593 260 523 647 103 319 INF INF 455 550 726 222 INF 664 INF 682 402 554 727 INF 177 76 169 199 INF 441 INF 106 93 166 556 74 280 152 INF 83 INF 285
225 371 INF INF INF 717 592 492 694 671 INF 113 INF INF 249 293 318 375 INF 113 INF 721 630 711 442 120 INF 0 244 302 100 140 INF INF 343 759 66 524 INF INF 280 INF 631 129 99 INF 591 701 379 596 INF INF INF 588 INF 421 INF INF INF 693 598 708 598 738 299 178 493 268 INF 723 382 479 INF 318 INF 210 572 533 275 360
375 INF INF 399 526 554 646 627 INF 355 137 251 488 301 INF 719 410 448 INF INF 108 276 177 361 INF 644 INF 743 0 269 450 648 297 760 623 553 81 INF 395 726 294 71 228 INF INF 652 INF 172 720 INF 165 INF 657 90 709 INF 532 507 INF INF INF 279 INF 416 752 717 758 INF INF 97 INF 670 631 705 320 462 467 195 122 INF
435 INF 131 351 525 INF 295 187 620 INF 340 INF 555 INF 280 INF INF 99 INF 326 400 238 617 379 552 589 484 INF 280 0 708 INF 465 INF INF 335 98 598 426 741 51 610 697 325 535 127 521 428 122 137 219 INF INF 147 643 748 439 537 72 INF 458 674 80 INF 472 686 INF 235 302 497 320 150 INF 140 INF 621 INF 690 234 292
119 179 228 120 166 INF 468 300 616 INF 626 333 INF INF 606 INF 722 747 INF 189 670 INF INF 96 311 568 659 244 51 490 0 725 INF 257 507 431 757 INF 731 286 526 INF 170 INF 64 INF 76 INF INF 599 446 610 125 277 INF 607 135 548 509 496 INF INF INF 518 340 581 399 722 596 561 INF 494 INF 136 149 767 314 584 587 INF
366 740 416 INF 581 INF 470 683 INF INF 262 743 INF 589 267 762 INF INF INF 233 571 INF 543 127 INF 277 741 INF INF 726 INF 0 513 INF INF 185 194 570 540 445 89 INF 429 474 INF 599 492 INF INF INF INF INF INF 542 620 INF 397 INF INF 696 557 INF 107 624 415 211 381 INF 105 INF 262 530 INF INF INF 597 INF 177 190 476
INF 232 180 466 176 INF 342 INF 284 635 708 INF 93 332 339 547 670 187 INF 475 151 665 INF 220 402 501 INF 679 363 INF INF 329 0 INF INF 493 474 449 652 INF INF 506 INF INF INF 432 777 545 714 178 618 301 735 703 INF 70 561 137 647 564 738 240 INF INF 356 569 508 478 360 481 693 INF 296 453 INF 692 INF 62 INF 432
417 INF 673 INF 695 INF 737 240 382 372 INF 278 178 315 INF 725 651 218 153 117 76 INF 376 543 INF 141 INF INF 640 INF INF 643 INF 0 484 INF 672 586 709 550 679 331 661 INF 478 101 INF INF INF 217 240 678 INF 621 422 517 332 272 465 INF INF 218 300 692 604 111 141 125 537 INF 375 289 INF 511 685 INF INF INF 234 376
INF 724 782 777 697 435 667 89 INF 377 752 765 INF INF 516 677 484 468 104 413 645 595 503 408 INF INF 596 396 565 265 693 151 718 369 0 INF 621 319 559 INF INF 700 INF INF 348 763 650 604 780 371 INF 618 778 360 750 366 INF 359 114 INF 465 695 544 492 547 248 INF 718 171 524 347 125 286 771 INF 694 760 56 423 589
671 773 282 INF INF 379 417 INF INF 329 INF INF 403 INF 433 454 619 161 486 INF 194 INF 298 133 68 659 INF 261 INF 187 573 138 375 102 INF 0 140 INF 241 327 INF INF 687 INF 477 466 158 INF 247 INF 601 INF 243 236 INF INF 109 INF 710 368 INF 164 INF 205 405 INF INF INF 471 132 327 363 INF INF INF 577 229 503 132 146
INF 211 430 89 337 INF 744 580 451 231 602 178 446 INF 628 609 INF 602 521 INF 268 584 600 474 689 479 238 712 634 598 INF 192 435 INF INF 156 0 236 INF 78 468 480 268 324 194 693 INF 567 INF 671 INF INF 656 357 385 703 INF 740 575 426 INF 545 INF INF INF 669 265 INF 351 369 548 647 288 INF 731 581 300 692 536 INF
567 604 117 629 439 417 INF 142 INF 536 86 734 412 184 INF 273 744 INF 121 140 573 395 INF 141 442 INF 732 578 411 INF 442 84 175 INF 656 INF INF 0 322 INF 367 138 INF 596 INF INF 443 284 540 INF 301 511 515 492 INF INF 719 530 469 INF 637 388 455 152 560 INF INF INF 517 INF 397 INF 781 445 293 541 571 102 674 602
494 546 748 INF 125 151 520 INF 365 246 163 INF 320 317 446 INF INF 776 605 737 INF 599 276 152 639 INF INF 538 INF INF INF INF INF 215 519 606 INF 355 0 680 713 440 765 INF 602 145 716 INF 89 555 INF 545 72 514 582 791 INF 409 INF 364 412 INF INF 699 290 481 527 INF 132 71 625 477 INF 146 600 397 617 368 INF 625
312 547 289 735 INF 301 145 INF 400 615 INF INF 458 733 100 746 305 INF 717 INF 395 64 78 INF INF INF 345 INF 63 591 319 715 INF 342 INF 704 INF 268 INF 0 581 INF INF 170 INF INF 150 353 88 INF 150 646 INF 431 310 434 139 59 INF 109 INF 688 INF INF 82 695 353 579 59 287 INF INF 735 INF 202 INF 622 227 508 630
572 INF 196 51 INF 387 570 126 525 374 682 93 54 INF 551 509 INF INF 241 768 534 INF 673 717 258 473 219 INF 225 INF INF 730 563 INF 165 200 280 367 322 543 0 344 225 278 INF 775 320 INF 231 609 656 INF 118 483 682 INF 410 384 630 INF INF 715 440 89 293 528 302 749 INF 734 454 633 326 134 INF INF 612 440 302 746
258 147 654 109 INF INF 629 223 INF 61 510 355 INF 156 INF 683 171 436 431 271 INF 193 566 632 INF INF 724 392 INF 661 283 230 INF INF INF INF 94 INF 398 560 INF 0 539 773 434 374 645 307 INF 242 180 326 INF 622 478 726 250 118 INF 223 INF 139 754 123 310 INF 379 552 INF 561 INF INF 461 159 INF INF 458 503 INF 98
INF 309 654 285 248 723 706 731 INF 620 716 742 INF 595 INF 699 62 120 753 495 509 443 INF 463 253 406 719 154 744 73 653 INF 480 INF 352 INF INF 687 INF 381 159 509 0 568 INF INF 283 526 INF INF INF INF 667 470 73 370 425 133 682 176 INF INF INF INF INF INF 596 152 INF 204 INF 184 INF 536 541 INF 184 229 111 INF
622 310 665 727 719 725 INF 639 INF 476 738 732 207 83 207 194 INF 501 475 108 581 582 INF INF 573 511 657 722 INF 281 583 125 INF INF INF INF 775 452 359 164 INF INF 297 0 379 INF 314 INF INF INF INF 661 488 INF 628 232 INF 522 INF 383 INF INF 472 225 INF INF 149 447 INF 225 699 732 583 123 476 712 772 441 688 316
393 679 INF 139 INF 253 708 472 INF 172 INF 305 343 654 292 INF 629 126 INF INF 526 472 359 INF INF 89 138 136 75 775 378 774 INF 635 469 380 418 762 323 611 INF 570 664 INF 0 186 225 INF 157 401 755 248 617 701 690 273 INF 530 INF 250 INF 154 428 311 203 INF INF INF INF 716 503 257 381 86 232 75 INF 528 432 INF
INF 612 INF INF 639 636 311 INF INF 135 INF 338 467 INF 668 654 INF 683 476 245 253 INF 316 644 532 364 224 185 165 INF 727 443 79 372 409 669 306 493 INF 585 INF 104 INF 287 INF 0 276 396 561 INF 273 INF 682 635 125 271 736 INF 330 128 INF 171 188 271 661 78 450 256 213 484 600 277 480 423 INF 747 768 INF 182 INF
241 110 INF 644 INF 196 611 INF 758 472 644 617 340 382 428 104 511 INF INF 746 INF 92 77 225 INF 82 334 367 INF 410 541 398 112 778 163 463 469 499 INF 422 271 252 242 INF INF 347 0 122 INF 57 356 INF INF INF 492 781 450 411 INF 218 INF INF INF 410 779 229 543 INF 368 498 450 447 INF 714 254 223 INF 574 415 769
714 466 607 517 475 INF 261 INF 513 156 264 668 INF 568 INF 358 409 388 674 562 360 360 544 INF 531 INF 107 352 INF 530 742 761 689 342 INF 465 624 INF 186 222 94 INF 720 INF 274 431 696 0 762 INF INF 687 291 771 612 INF INF 353 668 INF 303 285 305 58 217 409 589 634 479 95 365 271 706 590 INF INF INF INF INF 630
709 357 385 519 599 536 212 265 INF 156 INF 308 256 INF INF INF INF 61 156 INF 555 484 531 274 702 526 508 465 675 513 157 369 51 359 INF 463 517 578 652 INF 550 102 128 744 466 480 INF 660 0 INF 112 248 574 92 389 INF INF INF 636 367 INF 652 337 INF 61 379 335 592 512 INF 499 640 547 483 137 623 INF 373 460 313
446 291 479 456 640 292 INF INF 385 INF INF INF 763 164 259 616 211 345 751 223 129 INF 423 715 INF INF 480 401 698 576 702 INF 350 725 INF 523 263 256 662 113 508 586 661 689 INF 141 283 571 637 0 197 528 377 448 533 INF 216 366 151 INF 721 341 328 331 595 INF 563 INF 435 70 114 585 INF 161 226 754 611 INF 156 567
609 INF 333 358 INF INF 417 547 109 270 421 INF INF 566 385 301 281 331 696 320 336 315 683 206 304 239 263 INF 610 769 INF INF 232 657 INF INF 458 587 INF 269 INF INF INF 769 555 INF 732 304 626 349 0 180 646 344 100 149 499 241 INF 247 INF 641 564 322 616 266 333 743 INF 666 629 INF 110 289 INF INF 251 601 INF 499
150 INF INF 230 651 422 650 142 723 92 180 175 INF 733 439 299 122 389 290 98 584 306 INF INF 272 716 INF INF 339 766 304 154 373 268 INF INF 772 730 524 310 463 INF 201 67 151 325 73 340 389 569 243 0 77 697 201 295 724 127 636 141 497 234 262 629 132 691 404 480 INF INF INF 622 287 506 118 INF 642 INF 768 496
595 223 104 INF INF 656 389 197 500 INF INF INF 109 328 586 119 INF 243 INF 763 603 426 292 480 624 INF 566 123 443 INF 580 INF INF INF INF INF INF INF INF INF 209 84 531 76 666 INF 597 INF INF INF INF 192 0 208 222 INF INF 624 333 INF 426 193 INF INF INF INF 349 667 608 425 INF INF 624 88 INF 332 556 141 220 INF
736 354 584 INF INF 620 INF INF 238 336 298 INF 233 INF 61 INF INF 558 397 744 539 59 477 664 55 492 581 125 380 431 240 601 INF 516 526 81 769 350 99 INF 254 428 277 438 INF 308 INF 166 327 INF 564 INF 140 0 701 374 636 INF 196 221 749 191 420 INF 597 119 455 428 209 INF 505 INF 223 198 770 INF 656 INF 580 269
504 661 INF 543 INF INF 583 590 559 INF INF 606 558 INF 176 663 400 164 414 155 INF 610 385 INF 493 INF 363 INF 718 INF 398 INF INF 80 108 INF 476 INF 301 INF INF INF 402 385 622 222 682 359 601 INF 217 359 181 121 0 INF 602 INF 78 463 484 683 221 127 INF 135 INF 387 INF INF 599 512 614 662 INF 503 417 INF 223 707
88 471 575 501 662 449 124 157 INF 204 525 86 INF 305 640 595 INF INF INF 89 INF INF 114 INF 302 227 277 287 476 282 67 535 763 252 369 579 460 373 INF 566 564 640 401 INF 366 160 INF INF 481 140 INF 171 INF 625 548 0 725 INF INF 249 357 INF INF INF INF 661 238 185 199 612 INF INF INF 170 473 423 297 759 515 INF
230 85 INF 355 111 321 124 INF 152 739 579 350 INF INF INF 438 INF 221 755 INF 130 702 369 INF 181 339 409 188 163 534 INF 283 257 691 502 440 250 701 INF 340 548 INF 590 INF 561 411 643 430 INF 195 INF INF 84 INF 163 INF 0 606 INF INF 717 760 188 454 INF 591 303 712 INF INF INF 319 468 185 INF 285 62 257 319 194
578 INF 76 129 INF 128 INF 202 INF INF INF 633 378 260 738 INF INF 562 99 545 239 487 INF 135 377 358 559 122 204 INF 140 625 INF INF INF 723 277 393 INF INF 666 INF INF 78 683 421 151 330 INF 755 315 INF 350 INF 312 INF 243 0 781 670 361 INF 240 INF 595 382 224 253 INF INF 261 INF 297 491 645 441 INF INF 215 413
279 INF INF INF 450 INF 664 214 85 198 655 159 INF 101 530 363 560 541 INF 217 523 142 280 484 216 293 574 372 585 INF INF INF INF 486 INF 80 626 INF 712 425 691 307 408 395 645 555 665 368 INF INF INF INF 632 INF 150 INF 306 INF 0 341 771 INF 158 INF 407 INF 96 151 INF 559 443 INF 539 452 302 INF 281 INF 213 155
536 INF 72 755 271 200 335 INF 626 435 168 97 291 INF INF INF INF 133 INF 780 61 428 451 409 408 336 INF INF INF 119 178 621 671 145 529 449 597 INF 415 733 488 670 INF INF INF INF INF 662 INF 164 INF 413 223 135 622 86 451 421 364 0 INF INF 83 370 INF INF INF 734 185 322 184 740 INF 607 196 529 INF 627 361 INF
96 INF INF 534 193 668 65 INF 642 342 597 577 642 302 531 INF 462 INF INF 659 INF 399 268 282 INF 627 INF 711 703 INF INF 259 315 231 668 482 497 263 INF INF INF 250 INF 714 706 INF INF 150 677 486 INF 778 421 INF INF INF 608 186 303 609 0 637 687 416 INF 472 229 INF 320 INF 275 767 INF INF 513 444 INF 139 INF 441
INF INF 529 133 417 535 390 364 608 575 INF INF 182 236 713 213 348 306 574 INF 242 178 560 462 INF 553 190 INF INF 106 320 663 INF 375 INF 724 225 187 212 628 757 516 INF 125 628 INF INF INF 557 295 208 734 INF INF INF INF 534 INF 431 476 77 0 INF 643 INF 712 INF 400 375 INF INF INF INF 649 INF 592 678 60 INF 463
456 521 751 87 516 683 383 INF INF INF INF 764 315 INF 608 229 INF 600 INF INF INF 478 INF INF INF 278 160 98 284 329 INF 708 INF 146 INF 353 INF 368 INF 625 INF 86 333 INF INF 416 382 INF 512 630 678 614 680 778 250 INF 432 174 445 346 272 275 0 INF 489 508 692 229 134 702 476 INF 105 368 214 138 434 INF 323 621
299 INF 396 INF INF 342 448 514 INF 91 INF 131 INF 394 243 INF 288 656 311 125 607 373 613 664 310 INF INF 371 581 692 INF INF 321 56 INF 519 230 INF 595 318 INF 596 INF 304 746 INF 701 279 623 779 INF 667 INF 101 INF 525 158 INF 312 INF 408 226 697 0 INF INF INF INF 721 330 INF INF 122 386 INF INF INF 682 167 275
INF 660 174 INF INF 712 735 533 463 INF INF 485 147 395 200 355 400 359 114 142 67 INF 314 230 372 247 255 147 INF 428 551 INF INF 504 INF INF 529 323 667 360 697 495 109 629 INF INF INF INF INF 759 295 673 INF 319 INF INF INF 545 524 200 80 561 INF INF 0 430 411 582 183 INF 645 463 620 465 687 552 334 680 INF INF
INF 541 89 248 517 524 515 INF 79 INF 111 257 501 248 601 INF INF 758 INF 289 INF 598 693 INF 357 202 INF 409 524 89 INF 221 INF 328 280 INF 134 INF 763 INF 356 431 INF 104 INF 306 INF 745 88 446 540 INF INF 210 377 INF INF 272 643 599 INF 316 772 453 327 0 375 INF 660 203 INF INF 311 INF 67 174 180 476 INF 563
240 190 INF INF INF 215 309 333 INF 678 INF INF 689 486 INF 110 INF INF 271 INF INF 236 510 701 INF 335 61 208 INF INF 362 286 372 INF 137 564 739 544 643 714 INF 566 665 762 INF INF 256 597 INF 482 98 384 385 455 291 INF 429 83 INF 527 INF 626 589 INF 720 INF 0 616 640 581 383 264 710 95 193 INF 171 738 597 464
782 768 INF 342 202 98 INF 440 INF 134 74 484 749 77 INF 356 494 163 580 260 173 353 634 515 158 583 570 INF 500 207 584 INF 522 INF INF 610 770 663 659 174 383 439 245 124 665 469 INF 159 549 133 549 602 359 61 INF 272 275 704 263 INF 66 480 INF 320 694 283 87 0 591 INF INF 630 INF 406 516 757 408 272 671 250
403 INF 93 INF 304 143 279 520 497 270 INF 175 INF INF 185 609 696 554 627 INF 86 INF INF 146 278 733 485 INF 707 421 615 INF 367 642 713 169 593 INF 454 486 357 624 348 277 350 INF 499 760 INF 144 INF 739 689 336 190 283 641 INF 178 282 149 INF INF 345 INF 488 INF 126 0 51 564 772 145 659 220 478 367 INF INF 468
INF 356 135 707 INF 716 130 INF INF 83 640 INF 295 501 213 INF 476 714 136 210 380 702 184 INF 86 214 609 INF INF 565 462 INF INF INF INF 732 141 427 INF 670 INF 387 228 165 651 672 560 285 182 714 79 371 339 642 528 INF 331 578 INF 136 569 INF 565 INF 406 98 143 99 INF 0 483 403 689 137 INF 480 313 68 151 628
129 INF 439 531 INF 482 INF 374 769 INF 152 502 274 548 669 506 343 175 281 477 99 594 432 76 153 77 95 228 412 INF 269 INF INF INF INF 252 404 369 INF 630 INF 244 202 526 654 735 INF 429 771 159 335 INF 651 342 INF INF 676 645 545 240 217 736 INF 102 INF INF 296 721 571 INF 0 INF 346 180 INF 495 167 249 INF 123
INF INF 351 706 303 434 669 483 369 368 INF 711 239 65 117 407 189 INF INF 643 274 194 INF 681 346 195 136 INF 396 INF INF INF INF 102 INF 429 314 459 INF 715 311 436 424 INF 68 427 524 703 440 495 398 220 291 INF 179 547 224 INF 403 INF 346 735 671 224 646 420 INF 755 599 250 443 0 773 INF 189 617 INF 67 314 INF
INF INF INF 148 INF INF 708 635 762 315 662 INF INF INF 474 538 INF 466 INF 554 INF INF 527 INF 228 506 592 749 INF 666 469 750 721 740 739 714 INF 424 576 654 601 411 458 557 485 193 666 INF 211 683 314 INF 639 660 767 577 761 368 729 INF INF 521 637 INF 291 INF 471 521 401 171 132 INF 0 765 73 158 138 757 INF 186
INF 475 INF 751 INF INF INF 274 434 INF 510 196 367 257 INF 104 64 613 INF 381 322 123 122 INF 376 512 613 147 INF INF INF 383 530 720 301 139 INF 113 446 INF 89 294 263 97 82 605 INF INF 602 436 600 95 INF INF 332 110 642 558 558 368 423 112 390 INF 122 82 205 164 528 481 733 INF 539 0 260 INF 555 515 INF INF
INF 265 INF 219 INF INF 723 INF 674 356 INF 545 338 INF 327 620 486 631 395 INF 613 209 INF INF 741 550 445 623 369 417 624 INF 111 669 214 323 673 707 INF 531 INF 689 623 INF INF INF INF INF 333 345 410 INF 341 205 254 133 198 465 INF 237 670 514 492 419 INF 449 747 198 593 615 INF 135 INF 283 0 66 265 208 760 INF
171 INF INF 213 INF 779 INF 782 116 INF INF 285 699 758 INF 234 623 118 INF 528 INF 172 700 231 INF INF 261 618 INF 631 439 753 629 INF 216 434 756 501 INF 134 461 501 749 197 548 293 INF 667 257 207 743 556 121 534 INF 496 425 249 790 603 INF 356 250 357 67 670 639 INF INF INF INF 194 496 120 INF 0 INF 122 383 643
359 674 INF INF INF 85 INF 511 327 INF INF INF INF 708 748 INF 399 476 469 503 455 677 74 686 307 487 INF 203 277 INF INF INF INF 381 704 501 INF 366 309 733 372 350 146 77 761 INF 734 455 735 660 330 556 709 722 231 266 INF 603 INF INF INF 454 140 428 INF INF INF 139 156 INF 393 535 INF 704 INF INF 0 569 547 INF
634 703 341 INF 146 218 344 108 625 727 762 223 728 INF 188 458 INF 452 507 83 389 285 439 420 INF INF INF 330 INF 454 INF 733 281 385 654 98 89 INF 212 INF INF 78 INF INF 747 INF INF 749 635 763 734 332 INF 366 566 126 INF 616 780 456 586 INF 306 INF INF 624 195 INF INF 285 269 186 INF 355 456 88 247 0 750 276
665 616 INF 449 INF 287 523 260 740 562 230 INF INF INF INF 518 722 INF INF 690 416 568 INF 470 INF 151 487 331 INF 591 526 254 606 INF 600 402 130 350 INF INF 50 222 510 INF INF INF INF 454 687 INF 370 INF INF 396 INF 448 475 136 INF 256 INF 434 427 INF 653 71 INF 216 INF INF 425 665 753 50 245 676 INF 249 0 124
INF INF 777 466 INF 226 INF 731 641 395 INF 484 INF INF 411 733 419 253 INF INF 429 439 INF 227 301 188 134 66 651 393 INF 510 743 132 INF 212 588 INF 760 738 INF INF 525 280 246 270 INF 658 INF 309 94 INF INF INF 536 INF 184 144 646 INF 542 INF 387 INF 773 728 94 573 361 185 INF 249 777 INF 464 714 671 INF INF 0
