0 264 489 INF 268 168 594 INF 80 727 539 INF 533 278 226 543 536 472 INF 124 INF 72 553 352 105 217 490 88 INF 475 348 282 389 657 496 607 469 INF INF 112 371 131 INF 343 153 136 109 537 532 322 INF 766 INF 588 742 INF 721 576 418 540 496 INF 272 700 INF 73 105 INF 667 510 643 755 INF 474 728 INF 135 389 INF 97 INF INF 399 768
INF 0 117 154 283 INF INF INF INF 541 731 546 INF INF 691 INF 180 227 INF 362 464 685 INF 215 165 159 248 INF INF 621 INF 380 683 INF INF 259 252 647 INF INF 723 769 478 376 361 253 291 336 94 274 INF INF 253 INF INF 608 408 169 757 593 INF 779 INF 731 INF INF 408 INF 102 642 532 INF 187 631 INF 90 INF 645 INF 134 285 708 261 206
197 581 0 INF 299 203 582 INF 652 730 272 712 561 616 178 691 INF 772 345 617 279 584 161 111 466 648 INF 654 150 566 606 353 107 487 603 657 INF 440 415 INF INF 152 202 INF INF 591 341 533 384 408 594 INF 199 441 437 449 626 INF 464 292 INF 454 INF 379 569 INF INF 769 212 177 264 511 92 INF 771 784 204 514 667 INF 433 287 632 INF
506 499 655 0 756 753 118 INF INF 728 775 INF INF 307 102 INF INF 467 INF 266 558 275 INF 297 641 INF INF INF INF 766 231 267 601 INF 630 INF 699 269 INF 461 INF 197 INF 284 102 601 320 737 469 720 INF INF 710 INF 132 286 INF 352 INF INF 351 91 INF 645 417 505 203 134 514 485 569 226 INF INF 481 214 283 766 766 712 521 695 347 609
INF INF 737 728 0 390 366 364 140 397 558 678 INF INF 655 INF 564 374 277 371 535 386 615 163 443 315 INF 151 129 146 615 INF 131 540 INF INF 336 INF 262 479 673 168 INF 572 130 372 397 308 INF INF 69 702 770 607 686 490 INF 562 95 INF 171 INF 665 637 INF INF 285 635 504 515 INF INF 744 664 INF 412 INF INF 158 302 INF 404 780 373
INF INF INF 465 632 0 439 287 448 678 649 258 402 305 353 INF 497 302 558 376 INF 583 273 450 237 410 INF 595 265 672 428 289 641 INF 130 INF 157 766 INF INF 134 480 136 415 320 INF INF INF INF 596 222 INF 121 305 230 241 756 403 205 257 364 720 203 717 352 INF INF 114 INF INF INF 369 299 INF 742 250 469 INF 523 539 259 652 189 INF
747 197 671 INF 366 592 0 INF 336 556 INF INF INF 478 756 INF INF 116 363 729 685 540 757 INF 709 179 INF INF 549 427 655 692 165 237 INF 236 96 INF INF 649 507 72 708 449 436 98 480 754 444 262 747 553 528 631 549 362 INF 659 336 187 INF 155 385 INF 298 INF 489 436 INF 483 632 225 INF INF 530 518 214 188 491 200 167 492 498 INF
153 581 655 438 INF 503 232 0 530 170 180 INF 460 189 110 121 INF INF 224 261 INF INF 538 461 501 631 643 149 136 501 184 720 402 187 490 500 252 INF 744 INF 684 63 298 382 INF 383 342 450 INF INF 344 INF 538 INF 501 153 332 96 INF 755 591 212 464 367 705 247 INF 201 138 165 241 402 INF 433 707 246 690 281 INF INF 704 349 733 418
305 INF 301 INF 544 INF INF INF 0 459 INF INF 80 705 INF 679 470 488 721 311 INF 665 570 INF INF 531 640 516 374 194 668 616 378 INF INF 71 352 510 714 INF 601 169 335 126 462 248 537 404 INF 779 507 498 188 INF 716 520 INF INF 322 INF 307 INF INF 753 220 INF 191 INF INF INF 480 749 732 648 396 151 618 INF 321 302 499 483 INF 109
INF 138 585 INF 197 362 497 INF INF 0 INF 626 INF INF 778 INF 605 244 INF 206 306 468 607 INF 628 349 93 374 552 667 INF INF INF 558 750 333 522 346 296 165 167 735 619 335 130 184 INF INF 287 INF INF INF 435 432 INF 106 354 234 INF 90 228 757 156 INF 262 246 525 634 74 323 735 562 INF 517 727 610 547 122 458 INF 109 537 236 INF
INF 411 646 INF 651 640 INF 148 726 256 0 INF 643 441 264 549 INF 270 622 250 172 323 401 779 INF INF INF 583 430 299 INF 559 139 431 611 305 313 INF 184 123 716 385 202 INF INF INF 609 328 200 INF INF INF 259 285 INF INF INF 172 202 645 INF 141 INF 629 253 382 507 INF INF 452 INF INF 436 460 483 342 589 589 INF INF 525 INF 785 INF
INF 340 462 162 117 INF 71 INF 418 681 98 0 733 687 INF 679 331 775 INF INF 189 154 INF 254 INF 749 INF 168 INF 699 414 INF INF 416 104 INF INF INF 678 720 125 462 614 INF 235 INF INF INF 247 INF INF 223 INF INF INF INF INF INF 575 601 387 INF INF 416 375 261 INF 428 395 422 98 749 351 307 INF 670 495 INF 398 612 145 622 376 472
531 INF 432 608 90 717 INF 609 56 INF 597 135 0 96 267 INF INF 233 354 449 INF 402 692 144 293 606 81 350 INF 87 166 663 710 661 INF INF 307 INF INF INF INF INF INF 157 INF 702 646 INF INF 161 167 658 INF INF 233 697 334 INF 380 INF 530 INF 544 202 INF 152 422 454 INF INF 683 66 INF 74 530 76 310 110 660 INF 264 443 667 368
248 158 462 116 78 267 INF 627 INF 395 INF 612 INF 0 INF 275 327 231 401 INF INF 444 INF 504 217 773 555 INF 236 316 INF 561 INF INF 206 666 INF 638 764 245 708 66 639 INF 644 102 INF INF 170 INF INF 575 377 501 259 INF INF INF 758 691 93 INF 656 607 564 466 596 INF 320 INF 436 371 470 352 758 INF 687 262 245 210 765 237 INF INF
INF INF 498 INF INF INF 753 381 80 190 INF 396 290 324 0 569 INF 751 132 447 INF 338 INF 679 331 693 617 INF INF 767 INF 334 371 155 724 713 258 INF 718 INF INF 740 309 218 582 INF INF 627 733 INF 325 627 474 537 545 INF 785 74 638 494 556 INF INF 447 INF INF 556 INF INF INF 380 779 460 578 INF 439 199 426 755 INF INF 66 203 INF
414 660 INF INF 137 INF 458 INF 764 771 437 130 680 621 INF 0 566 441 INF INF 679 699 206 250 501 INF 83 353 187 103 72 73 INF INF 572 612 556 726 69 627 452 INF 278 514 505 86 INF 255 638 INF INF 285 323 INF 235 INF INF 685 139 63 741 257 INF 338 634 INF INF INF 143 INF 205 481 111 207 177 491 502 432 INF INF 566 INF 725 317
706 INF INF 397 671 671 422 262 757 INF INF 630 127 113 302 428 0 145 454 658 484 408 741 145 INF 263 584 737 750 105 570 193 600 486 705 INF INF INF INF INF 457 INF 440 165 INF INF 387 360 546 648 359 699 581 677 691 INF INF 544 INF INF 230 538 237 397 619 337 61 710 584 598 635 713 286 136 381 497 169 INF 99 INF 274 622 765 438
INF 307 166 107 120 INF 556 695 INF INF 701 INF 298 510 730 415 INF 0 229 149 457 207 399 INF 495 704 INF 270 445 356 INF 684 178 693 INF 237 INF 555 INF 82 365 297 215 538 176 719 438 415 230 INF 784 INF 116 660 74 478 INF 387 728 INF INF 283 108 INF 500 INF 733 232 300 INF 85 740 320 452 739 560 166 271 INF 366 577 INF 90 639
INF 655 427 183 690 337 INF 398 INF 633 458 INF 367 186 INF 515 INF 760 0 INF 773 INF 403 INF 590 672 INF 570 94 INF 363 INF 140 317 464 299 767 684 INF 619 332 324 527 63 INF 662 661 483 90 383 197 INF 376 179 INF INF 730 346 INF 322 369 77 144 INF INF INF INF 397 INF 532 414 731 218 INF INF 534 141 205 649 207 530 265 521 559
261 769 486 116 INF INF 65 151 INF 209 INF 561 INF 500 361 284 527 701 INF 0 INF INF 127 170 163 290 395 519 INF INF INF INF 79 660 INF 750 241 INF 638 INF 233 714 750 INF INF 598 INF INF 621 707 INF 130 INF 580 787 INF INF INF 320 405 225 697 186 484 400 134 426 INF 119 INF 111 447 157 INF 368 INF 462 239 619 243 INF 80 INF 699
577 510 392 698 INF 774 690 65 INF 111 245 INF 559 303 INF 757 328 435 662 630 0 433 71 688 707 559 INF 105 474 678 740 INF INF 688 456 INF INF INF 181 162 INF 420 63 334 296 INF 599 679 614 64 315 641 535 INF 304 706 INF INF 283 164 227 609 136 INF 732 587 INF 385 INF 528 552 INF 257 492 INF 481 71 694 439 INF 531 256 273 447
399 685 257 679 170 193 116 INF INF INF 107 468 INF INF INF 391 259 595 671 605 600 0 INF 321 573 126 130 INF INF 267 526 474 INF 208 735 572 775 385 470 183 119 767 504 713 INF INF 754 696 461 INF 570 INF 94 INF 527 462 INF INF INF 346 INF 720 218 627 127 INF 598 INF INF INF 573 235 343 646 298 222 398 INF 567 181 INF INF INF 775
163 INF 457 442 707 200 591 259 277 400 INF 61 326 268 434 600 INF INF 534 INF 263 383 0 197 385 493 409 70 683 121 59 INF 573 292 671 77 608 INF 706 658 INF 743 INF 694 INF 462 508 393 704 417 685 517 587 545 363 INF 727 344 294 586 143 638 INF 223 INF INF INF 343 454 716 758 534 490 721 INF 681 264 710 551 INF 462 241 498 262
158 764 INF 767 164 INF INF 54 INF INF 585 713 683 INF INF 478 536 656 679 597 369 610 498 0 647 INF INF 55 INF INF INF INF 265 727 INF INF INF INF 459 640 INF 555 467 111 518 184 201 508 704 461 681 462 98 105 INF INF INF INF 369 INF 515 668 262 INF 343 310 503 INF 622 187 623 346 INF 216 INF 165 359 INF 555 441 406 371 INF 752
INF 385 168 105 603 766 105 648 363 508 609 624 322 329 INF INF 706 179 653 INF 768 INF 714 291 0 260 734 64 328 95 INF 243 INF 80 INF 414 652 538 160 INF 363 571 486 354 473 158 307 INF 304 88 360 INF INF 527 INF INF INF 589 539 186 182 702 707 338 634 INF INF 419 95 423 148 429 INF 560 223 INF 275 260 419 INF 741 716 84 604
305 611 633 436 INF 593 INF INF 364 112 448 INF 205 594 667 493 230 103 INF 199 605 INF 713 436 232 0 INF 229 455 110 261 350 INF 443 642 727 688 INF 351 64 INF INF 736 149 INF 467 138 405 212 382 INF 271 584 556 362 436 402 650 468 108 INF 704 242 700 INF 291 446 591 INF 527 INF 490 INF INF 109 598 191 INF INF 200 412 530 194 INF
544 738 INF 453 720 INF INF 651 128 INF 404 267 671 INF 183 157 461 254 681 732 286 INF 662 INF INF 754 0 526 750 371 481 203 686 223 549 285 INF INF 551 236 262 647 INF 420 INF 278 INF INF 479 124 87 450 410 399 461 332 203 548 596 715 731 98 INF 335 247 502 93 666 INF 738 INF 409 351 216 334 521 INF INF 219 270 351 88 82 736
143 239 62 326 767 367 396 438 453 INF INF 512 INF INF INF 210 110 574 646 316 654 326 89 262 INF 74 492 0 588 375 INF 96 644 90 235 229 INF INF 559 INF INF 540 INF 672 INF 171 INF 72 546 644 INF 97 589 770 INF 630 318 453 154 INF 352 INF 595 88 INF 698 346 444 757 INF 137 790 636 INF INF INF 177 586 INF 134 INF INF INF 705
INF INF 168 INF 327 614 646 731 475 670 INF 532 69 372 291 439 566 418 INF 760 437 429 357 INF INF 764 113 INF 0 473 411 285 273 703 INF INF 567 69 372 564 368 534 495 INF INF 591 447 INF INF INF 729 INF INF 107 419 669 507 INF 197 630 691 505 INF 213 205 INF 124 INF 406 305 262 154 276 324 455 INF INF INF INF 61 751 INF 759 209
126 INF 85 156 579 INF 352 240 INF 327 621 98 521 87 361 INF 126 INF 355 INF 488 INF 322 607 INF 253 104 528 INF 0 659 INF INF 605 361 INF 357 166 INF INF INF 460 262 640 450 INF 684 67 502 236 INF 556 202 358 INF 503 448 INF 102 755 535 INF INF INF INF INF 758 121 582 181 143 621 57 264 INF 637 560 729 681 326 489 268 INF 156
INF 451 102 515 39 81 122 224 74 612 443 INF 307 426 312 27 INF 447 488 82 222 381 487 115 443 INF 601 INF 585 370 0 136 195 450 INF 239 696 INF 729 INF 373 INF 596 INF 503 INF INF 597 607 77 327 732 INF 282 INF INF 308 102 373 406 443 454 INF 377 88 INF INF INF 685 227 108 486 591 339 219 692 688 270 403 655 INF INF INF 250
266 INF INF INF 156 156 714 316 553 581 643 570 INF INF 103 INF 749 INF 334 INF INF 656 INF 549 473 INF INF 432 574 473 405 0 531 637 INF 254 INF 231 INF 371 249 INF 669 INF 89 334 INF 266 INF 269 93 739 INF 496 753 385 586 577 INF 434 543 713 307 INF 682 492 159 598 513 68 196 89 275 INF 268 476 122 319 177 590 INF 266 393 267
INF 755 702 172 206 165 300 507 416 INF 673 INF INF 414 238 556 451 INF 206 714 363 65 505 627 INF 180 635 763 205 579 313 INF 0 673 481 INF 677 676 546 INF 328 INF 475 407 597 711 750 INF 388 126 460 375 145 221 433 662 INF 414 652 471 501 114 INF 147 INF INF 390 237 601 446 383 344 403 192 755 412 INF 445 609 311 INF 520 405 138
INF 712 451 512 575 168 532 137 INF 607 506 607 246 INF INF 443 412 222 752 205 INF INF INF INF 492 731 156 193 285 INF INF INF 602 0 710 INF 167 INF 254 INF 720 577 206 INF 607 631 INF 324 294 INF 712 716 INF 314 261 298 481 INF 538 563 INF 501 INF 178 734 INF 626 77 416 INF INF 260 559 98 387 645 558 258 INF INF 282 717 INF 334
INF 483 321 257 142 769 754 186 77 INF 317 551 INF 631 223 46 INF 448 170 358 406 141 INF INF 161 280 272 524 330 272 INF 128 681 INF 0 235 INF 345 646 270 135 724 INF INF 534 113 86 561 420 758 455 INF 359 260 INF 593 464 341 128 373 191 418 86 362 INF 764 INF 692 INF 238 434 INF 252 INF 697 293 INF INF INF 703 391 743 INF 706
INF 747 INF 306 468 612 121 56 INF 669 INF INF 159 82 313 INF 188 550 INF 292 INF INF 200 INF 486 109 462 250 INF 170 662 272 745 153 INF 0 INF 537 INF INF 235 719 733 INF 288 352 212 INF 770 INF 768 263 INF 499 602 625 INF 303 320 370 698 604 242 550 625 INF INF 121 268 312 INF 735 701 296 326 INF 481 715 264 569 165 270 265 302
185 717 383 INF 155 234 538 INF 622 178 INF 489 136 109 252 INF INF 92 784 392 727 INF 346 INF 500 655 200 317 732 INF 453 352 568 252 409 82 0 277 637 500 305 537 777 INF 382 284 INF 685 INF INF 212 INF 401 209 750 115 INF 196 218 INF INF 643 653 INF 411 369 103 116 632 INF 762 625 INF 264 500 573 717 715 569 529 294 133 INF 245
708 538 419 133 INF 538 INF 276 172 INF 538 746 INF 150 INF INF 772 759 INF 310 INF 533 274 INF 733 465 587 INF 313 655 107 194 214 779 INF INF 542 0 87 688 122 422 INF 585 322 746 142 INF INF 80 INF INF 763 771 695 624 INF 571 662 732 191 68 123 618 529 INF 654 169 INF 666 503 275 INF INF INF INF 94 73 INF 107 INF 129 312 752
INF 360 531 296 526 140 276 52 143 INF 640 218 INF 436 569 605 338 622 INF 737 334 360 291 47 416 569 INF 461 INF 213 INF 265 437 444 207 360 638 576 0 533 518 INF 123 696 744 685 701 395 354 101 INF INF 200 510 INF INF INF 183 170 598 461 615 INF 287 355 588 687 139 565 707 INF 329 424 160 617 INF 529 INF INF 588 INF 619 142 222
446 INF 273 INF 327 INF INF INF 332 INF 107 186 338 614 442 118 747 386 783 INF 135 153 INF INF INF INF 665 207 347 326 INF INF INF 643 423 INF INF 292 253 0 120 398 599 318 103 476 INF 125 783 167 533 448 INF 357 764 INF 601 708 INF INF 641 471 755 169 324 581 293 623 INF 505 311 263 INF 608 INF 218 735 545 INF 392 206 731 236 641
157 158 INF 659 264 203 257 INF 573 INF 435 327 INF 545 644 155 INF INF INF INF 471 INF 332 INF INF 321 730 493 307 380 153 348 725 INF 412 684 INF 220 INF 683 0 693 INF 210 INF 694 682 315 113 INF 185 INF 203 INF 194 INF 217 281 INF 189 INF INF INF 691 650 390 INF INF 481 656 432 176 507 333 INF 170 734 680 163 INF 211 647 INF 761
INF INF 590 INF 129 174 INF 465 466 471 463 582 699 INF INF 309 229 164 INF 165 745 82 643 679 515 635 406 582 367 562 INF INF 248 150 INF 217 210 INF 660 584 652 0 115 INF INF 124 INF 561 349 INF INF 572 234 584 251 688 INF 490 INF 399 181 234 359 INF 246 INF 272 365 186 INF 273 INF INF 339 393 INF 556 598 409 INF 289 255 124 293
432 689 130 324 INF 787 INF 190 92 680 338 283 195 155 INF 141 INF 223 INF 709 339 263 609 412 INF 553 INF 623 266 INF 370 INF INF INF 384 241 INF 506 INF 254 INF 74 0 132 419 INF 187 624 421 464 259 276 462 INF INF 368 747 177 662 INF INF 111 549 INF 515 190 475 772 525 247 INF 458 143 189 INF 446 INF INF 185 INF 651 84 578 210
INF 503 INF INF 547 751 281 686 INF INF 463 INF 195 INF 372 INF INF 498 689 644 INF 299 660 INF INF INF INF 374 187 707 586 533 120 439 473 435 370 228 388 170 INF INF 425 0 332 330 132 INF 654 INF INF INF INF 482 93 406 756 458 INF INF INF INF 203 401 INF 539 595 INF 250 780 600 INF 585 615 690 INF 396 701 415 385 637 INF 302 INF
INF 473 INF INF 67 66 INF 646 705 399 INF 442 695 INF 364 551 709 216 129 422 87 543 197 659 257 INF INF 396 341 357 INF 249 INF 671 INF 442 INF INF 412 269 398 INF 557 364 0 647 INF INF 674 257 INF INF 558 INF 107 708 766 155 INF INF 310 310 INF 526 144 695 INF 418 208 742 373 87 719 INF INF 391 365 329 424 INF INF 581 INF 614
189 474 379 INF 143 514 344 286 INF 678 308 502 345 509 703 607 159 139 793 INF INF 210 302 143 363 INF 82 254 731 525 514 636 505 313 INF 414 755 210 669 562 448 INF 140 497 INF 0 INF 538 147 591 641 INF 334 INF 679 170 171 506 INF 237 279 680 144 452 775 163 296 248 INF INF 326 625 185 346 INF 73 381 374 615 448 748 538 304 142
457 519 90 235 630 689 239 479 124 651 351 579 INF INF 689 INF INF INF 748 INF INF INF 490 80 INF 508 335 INF 277 INF 784 INF 121 462 INF 232 619 INF 304 INF 729 INF 754 717 152 573 0 654 678 386 510 INF INF 741 665 286 216 INF 361 INF 489 652 INF 370 467 266 484 490 779 527 348 622 325 501 531 323 606 530 INF INF INF 139 INF 215
587 INF INF INF 546 INF INF INF 269 427 INF 653 360 492 735 175 701 INF INF INF 381 INF 554 INF INF 152 302 314 INF 365 265 INF 591 429 INF INF 403 409 INF 402 752 INF 642 INF 644 INF 591 0 INF 218 INF 759 470 235 737 448 INF 428 357 464 784 238 205 INF 446 770 520 698 INF 566 INF 362 INF 528 326 611 102 143 572 311 744 377 274 324
756 INF 70 INF INF 581 INF 186 157 INF INF 166 676 237 INF 238 141 184 108 235 530 402 496 99 397 INF 237 456 INF 702 247 128 INF INF 125 447 254 INF INF 294 143 196 401 729 768 441 339 217 0 407 733 INF 141 762 684 372 INF INF INF 311 505 76 INF INF INF INF INF 448 614 648 INF INF 382 169 349 212 547 724 281 152 743 INF INF 652
115 INF INF INF INF 88 317 763 355 INF 281 133 511 71 625 146 342 544 INF INF 714 684 422 573 INF 486 312 573 529 416 651 121 566 683 305 414 266 292 322 266 INF INF 447 INF 90 537 327 698 466 0 256 INF 193 413 INF 82 152 320 745 133 269 537 421 INF 64 70 587 INF 571 INF 457 326 725 INF 304 782 536 544 INF INF 596 501 406 418
INF 70 690 195 563 614 533 INF 597 INF 356 184 728 INF 207 INF INF 88 201 738 INF 617 121 535 369 156 646 441 INF 166 INF 284 INF 535 549 INF 411 INF INF 526 234 INF 665 382 245 INF 486 327 INF 677 0 INF 161 345 507 INF INF 457 405 317 532 728 767 INF 283 INF 254 359 INF INF 193 443 530 653 699 558 INF 118 INF 593 293 543 121 298
724 466 264 258 355 369 INF INF 716 INF 278 221 565 400 INF 381 638 434 751 100 124 537 INF 322 737 INF INF INF 62 141 INF 62 543 INF 348 INF 596 INF INF 558 734 487 513 INF INF 784 239 398 640 625 623 0 544 645 157 174 INF 487 448 516 729 677 200 INF INF 365 220 539 INF 62 INF 700 132 606 768 453 749 294 203 INF 767 499 599 INF
443 249 437 282 506 172 INF 385 465 INF INF 136 661 INF 766 INF INF 280 639 INF 631 67 516 INF 756 103 436 INF INF 97 INF 68 615 210 742 240 INF INF INF 91 491 176 709 316 INF INF 622 657 738 413 707 INF 0 160 254 INF 679 237 203 INF 169 251 246 468 290 INF 83 393 634 394 714 544 645 331 131 INF 714 414 170 569 386 497 482 342
INF 633 444 381 553 665 84 515 759 390 INF 164 120 325 INF 360 INF 589 INF 113 397 489 186 INF 709 INF INF 73 121 261 421 INF 72 713 INF INF INF 708 260 INF 160 247 INF 361 INF 756 INF INF 163 INF 532 353 305 0 727 748 358 293 730 732 343 132 INF 263 INF 320 448 557 269 433 145 INF 57 337 432 214 616 695 661 INF 295 105 INF INF
496 INF 673 540 INF 68 INF INF INF INF 268 INF 241 338 563 720 77 599 550 766 320 INF 248 INF 579 588 504 102 341 532 698 INF INF 438 INF 736 INF 676 574 219 132 269 249 716 377 637 INF 573 INF INF 244 228 INF 564 0 227 78 164 527 166 128 INF INF 692 206 326 339 657 578 437 71 694 256 INF 740 376 350 81 216 102 321 82 INF 167
INF 479 INF INF INF 90 77 135 442 334 396 INF INF INF 395 411 INF INF 168 660 683 INF 146 644 INF 301 254 537 INF 322 779 INF 136 448 INF 762 452 717 346 598 INF 327 70 INF 256 INF 65 INF 635 181 INF INF 319 745 654 0 INF 690 435 INF 539 327 543 607 154 INF 549 464 INF 153 428 INF 540 68 INF INF 456 375 239 INF 193 179 753 673
695 268 87 142 329 525 156 545 280 544 INF 388 690 INF INF INF INF 165 580 150 98 286 630 663 588 INF 748 84 INF INF 524 175 535 INF 478 INF 333 223 INF INF INF INF INF 78 152 INF 542 768 INF 448 INF INF 91 205 539 599 0 INF 114 66 535 INF 553 INF 385 INF INF INF 355 INF INF INF 442 290 119 INF 376 140 455 761 252 393 779 323
764 206 685 INF INF INF INF INF INF 407 INF 620 352 INF INF INF 349 INF INF 707 58 INF 495 386 113 INF INF 469 535 564 176 216 377 372 144 234 INF 448 523 INF 376 725 478 337 168 175 379 523 INF INF INF 322 381 620 166 584 277 0 160 379 INF 136 149 338 496 INF 431 INF 128 455 INF INF 499 235 INF 386 87 127 INF 233 656 INF 275 708
192 633 INF 68 714 INF 159 570 334 150 INF 275 159 298 75 INF 254 334 347 404 INF INF 574 634 67 303 INF INF 464 656 INF INF INF 358 INF 312 220 INF 297 593 INF 501 447 384 INF INF INF 752 INF INF INF INF 211 240 385 INF 409 54 0 396 INF INF INF 637 INF 662 INF INF 326 679 423 134 520 210 648 INF 514 INF INF 173 257 INF 300 INF
482 675 659 529 INF 738 340 INF INF INF 76 774 477 495 760 416 371 422 107 INF 519 332 INF 547 362 INF 550 662 INF INF INF 393 403 473 92 286 315 INF 474 INF INF 236 INF 282 INF 76 199 INF INF 111 INF 320 INF 710 485 446 388 211 758 0 73 INF 787 INF 318 362 603 650 281 77 621 468 139 399 263 785 INF 238 497 262 INF 485 INF 748
645 740 654 228 416 109 277 INF 56 311 352 118 INF 720 385 760 INF 523 652 INF 686 756 245 119 INF 140 267 308 INF 644 460 INF 281 58 286 INF 145 99 97 INF 401 195 534 INF 434 359 INF 463 87 713 755 540 747 615 408 INF 378 INF 220 653 0 INF 582 186 356 116 660 INF 392 INF INF 781 382 755 197 502 591 220 104 449 643 69 765 123
563 356 286 183 480 INF 70 INF INF 88 394 INF INF 564 INF 163 315 239 250 151 486 INF INF 173 INF 617 INF 494 329 681 282 79 540 INF 580 667 746 INF INF 353 INF 685 380 INF 465 INF 480 245 INF 498 367 INF 212 273 110 INF INF INF 286 690 730 0 536 192 169 287 158 516 524 748 81 119 749 INF 736 INF 215 284 INF INF 429 378 518 329
381 308 INF 500 INF 512 775 593 288 INF 759 502 605 INF INF INF 614 340 69 INF INF 289 INF INF INF INF 523 INF 383 479 INF 523 281 415 554 315 503 INF 523 INF 620 INF INF 491 345 608 INF 421 691 INF 742 INF 260 541 INF 373 277 670 360 468 159 498 0 436 203 339 657 80 INF INF INF 699 306 675 669 382 INF 463 762 INF 658 385 INF 712
INF 142 90 386 INF 401 INF 250 716 INF 251 498 INF 340 741 INF INF INF INF INF 60 209 616 410 725 INF 170 639 438 547 INF 530 612 131 648 INF 476 INF 730 INF INF INF 649 INF 361 604 INF INF 291 155 776 85 441 INF 243 159 INF INF 682 353 755 312 INF 0 INF INF 480 372 564 737 INF 487 619 539 INF INF 387 688 257 80 127 INF 115 753
609 INF INF INF 703 INF INF 742 747 509 INF 263 INF 124 INF 97 INF 447 INF 264 149 172 INF 308 371 569 673 INF 124 INF 553 292 INF 205 712 INF 273 553 708 299 185 634 123 INF 608 678 INF INF 267 366 138 260 271 INF INF 228 INF 270 INF 196 275 INF 195 INF 0 INF 140 67 657 INF 765 INF 620 466 677 220 739 509 168 629 532 75 709 206
INF 619 669 581 334 INF 173 561 482 464 INF INF 536 INF 218 61 INF INF 111 306 INF INF INF 527 665 591 337 INF INF 721 305 329 318 484 360 46 570 INF 227 585 INF INF 126 724 81 258 261 372 662 449 INF 629 425 227 597 414 225 INF INF 658 380 INF 408 400 INF 0 744 157 INF 708 703 579 512 502 705 104 712 56 676 751 715 263 505 507
224 656 777 INF 717 INF 499 321 715 506 170 77 INF 749 194 251 198 349 319 621 267 787 80 337 587 257 664 INF INF 65 627 INF 168 624 125 INF 506 INF INF 766 190 499 INF INF INF INF 48 591 700 INF 65 627 70 762 698 159 INF 356 721 INF 604 296 522 INF 359 INF 0 491 684 INF 110 249 456 575 410 113 357 INF 514 298 84 INF 154 487
INF 441 238 430 99 635 592 INF 625 351 409 188 696 232 426 146 545 156 INF INF 629 57 730 439 283 101 506 513 INF 650 INF INF INF 186 689 433 373 INF 746 487 410 INF 297 INF 518 INF 343 81 727 684 774 572 578 INF 306 649 731 75 425 732 382 INF 737 389 303 217 526 0 488 731 450 459 INF INF 258 394 404 716 INF 682 INF 271 617 INF
693 272 553 627 316 327 337 180 175 INF INF INF 487 INF 300 316 INF 279 605 335 145 394 INF 631 INF INF 451 INF 172 719 307 191 INF 571 179 INF 606 188 432 INF INF INF 347 413 INF INF 442 472 INF INF 206 349 217 744 187 339 297 INF INF 784 624 288 605 623 652 303 INF INF 0 384 505 116 256 508 239 742 659 464 599 551 472 445 109 249
558 216 130 623 204 INF INF 618 INF 592 633 227 INF 532 88 374 INF 424 422 INF INF 354 422 155 698 321 98 INF INF INF INF 540 INF 335 116 442 785 INF 406 INF INF 301 160 489 335 360 596 INF 585 473 INF 228 255 INF INF 521 682 INF 752 436 264 370 186 INF 172 252 105 172 121 0 INF 241 101 199 590 687 INF 455 181 661 540 404 518 INF
707 392 INF INF INF INF 444 680 283 600 68 361 721 425 528 INF INF 711 645 391 593 454 577 318 179 626 576 INF 563 INF 401 496 779 746 442 422 723 INF 186 397 141 221 382 78 109 642 INF 563 INF 636 110 189 337 103 746 747 INF 94 728 732 INF 208 INF 192 474 601 716 53 662 523 0 305 INF INF INF INF 181 184 522 INF 221 INF INF 287
298 INF 114 518 145 INF INF 719 555 110 541 600 INF 618 INF 634 288 423 783 603 404 INF 426 251 252 78 178 393 279 259 INF 367 344 331 INF 174 516 INF 674 INF 550 708 527 622 INF 303 522 INF 279 455 775 349 275 INF INF 785 649 138 695 87 INF INF 162 352 86 633 INF 723 INF 560 INF 0 INF 62 748 721 776 INF INF 711 116 370 675 INF
INF 546 INF 485 47 99 278 INF 392 384 170 675 511 INF INF 127 359 641 285 88 INF 322 608 650 638 159 430 INF 212 INF INF 368 INF 713 263 47 598 604 173 152 631 623 INF 299 378 543 406 602 393 44 716 INF 168 521 565 386 471 569 436 250 166 534 365 43 364 558 648 452 INF 689 207 INF 0 426 100 478 INF 178 166 INF INF INF 92 INF
191 170 INF INF 368 INF INF INF INF 358 172 INF 494 665 173 620 637 577 INF 331 536 515 INF 703 INF 283 INF 399 463 175 594 365 INF 360 INF 535 244 713 440 665 544 INF INF 427 364 INF INF INF 764 INF 451 557 428 336 59 427 307 500 INF 411 517 325 561 415 INF 712 INF 583 496 INF 480 345 762 0 605 INF 390 481 186 INF 207 INF 662 INF
671 459 553 547 196 INF 592 321 323 204 160 353 281 INF 508 INF 576 518 443 INF INF 585 INF 754 644 748 INF INF 365 664 INF INF INF 100 129 708 INF INF 426 INF 628 726 651 194 636 174 579 258 134 INF 602 353 INF INF 771 723 INF INF 234 INF 412 INF 248 333 INF 516 126 INF 299 271 755 462 328 360 0 543 638 351 474 98 492 INF INF INF
735 INF 421 673 595 574 659 156 INF 764 94 164 226 555 106 INF INF 169 547 460 INF INF 613 163 INF INF 332 INF 175 INF 586 INF 289 INF INF 548 INF 365 INF 500 INF INF 274 293 656 INF INF 329 115 717 INF INF 211 105 INF 635 759 INF INF INF 329 631 INF INF INF 536 INF 652 254 328 349 175 466 INF 452 0 694 558 INF 78 645 452 700 497
168 529 456 INF 199 INF 213 INF 355 755 699 144 396 109 INF 471 73 285 764 597 INF INF INF INF INF 460 INF 246 291 INF INF 729 INF INF 409 246 551 691 INF INF INF 302 INF 169 754 INF 478 334 94 INF 552 116 INF 160 63 INF 535 283 350 470 INF 580 INF 131 113 678 359 INF 469 199 INF 305 526 INF 319 588 0 INF INF 243 75 757 701 INF
507 635 442 135 218 586 380 INF 629 151 346 INF INF 417 INF 539 491 656 671 560 455 INF 464 562 119 INF INF 306 720 183 INF INF 431 663 128 INF INF INF INF 131 331 322 365 137 INF 589 548 258 298 445 INF INF 108 366 570 INF 161 INF 566 241 63 INF 727 230 INF 527 556 INF 254 INF 327 563 166 INF 69 INF INF 0 148 INF 376 110 113 729
215 414 INF 244 INF 352 INF 160 INF 453 INF 557 457 67 573 INF 579 591 351 248 533 558 INF 345 INF INF INF 745 INF 318 667 INF INF 242 INF 593 INF 681 INF 559 INF INF 563 82 82 677 635 119 533 310 685 368 688 173 181 INF INF INF 459 309 312 444 473 INF 155 302 757 615 158 628 INF 541 725 357 671 INF INF 640 0 679 INF INF 535 114
INF 110 690 232 63 369 INF INF 111 344 353 164 INF 612 INF INF INF 445 589 INF 313 652 402 90 INF 422 178 257 INF INF 320 558 INF 695 712 486 585 446 INF INF 140 399 735 INF 555 INF INF INF 292 567 456 INF INF 437 190 348 190 327 386 INF 102 510 INF INF 260 225 751 68 INF INF 465 670 358 158 81 INF 272 INF INF 0 INF 214 212 92
INF 278 475 420 676 653 426 INF 75 213 INF 520 INF 645 620 458 INF 551 678 627 435 303 128 771 507 INF 527 INF 255 188 INF INF 393 215 290 INF 416 593 INF INF 75 INF INF 659 468 671 442 INF 522 INF 197 120 492 77 INF 409 211 96 INF INF 656 741 129 284 INF 68 INF 524 607 733 396 275 760 641 INF INF 566 554 INF 500 0 283 231 335
277 202 192 248 215 446 INF 286 721 349 143 660 678 742 625 INF 391 762 320 348 312 INF 656 INF INF 612 INF 111 757 217 684 303 458 434 103 620 INF 482 273 INF 309 209 328 631 524 INF INF 526 INF 522 692 157 599 253 377 INF 496 556 128 INF 349 170 281 415 INF 451 INF 627 65 472 INF 416 INF 568 600 253 61 INF 161 INF 567 0 497 INF
753 428 INF 575 455 717 457 INF 467 INF INF 406 260 434 566 566 INF INF INF INF 352 INF 118 751 189 643 302 586 323 INF 159 144 INF 139 502 INF INF 403 446 216 INF 205 82 INF 573 421 INF 113 548 101 189 307 INF 168 101 122 385 635 497 501 591 716 294 764 310 508 285 INF INF INF 656 INF 137 425 300 616 780 INF 170 149 328 246 0 92
459 664 103 INF 620 INF INF INF 130 481 123 INF 151 325 INF INF 238 INF INF INF 296 729 141 186 INF 759 369 729 228 531 102 INF 730 762 580 592 INF 293 INF 430 INF 743 434 616 INF INF 69 INF 405 536 417 160 107 380 204 725 INF INF 124 352 INF 78 778 112 264 761 174 428 227 727 326 505 300 636 246 353 INF 246 747 779 717 712 745 0
