0 218 508 INF 609 192 724 INF 204 679 498 INF 614 501 770 249 INF 584 729 166 INF INF 701 656 INF 69 146 707 205 668 647 687 275 742 476 662 INF INF INF INF 248 411 169 INF 155 INF 666 602 328 INF 101 703 INF 680 348 INF INF 399 INF INF INF INF 539 709 246 464 756 INF INF 481 535 681 405 380 601 INF 300
295 0 INF 678 648 161 453 721 218 INF INF INF 550 INF 323 444 469 749 INF INF 364 INF 593 132 396 703 689 469 455 67 INF 156 174 608 751 INF 237 386 554 INF 77 663 619 INF 413 INF INF 565 INF 631 373 467 269 437 INF 623 234 667 344 715 INF 480 INF 660 345 INF 626 469 INF 333 81 633 681 INF INF 382 488
635 390 0 777 INF 541 622 731 577 184 207 560 INF 519 220 291 INF INF 626 85 INF 770 645 INF 192 106 420 316 664 INF 510 483 639 603 430 331 INF 516 88 543 INF 213 740 INF 457 528 INF 601 201 631 247 314 193 78 611 INF 351 139 438 628 226 321 468 767 202 734 769 409 INF 696 INF 302 164 533 INF INF 263
INF 158 279 0 365 729 485 INF 289 769 228 201 562 619 INF INF INF 523 INF 337 INF 210 135 191 365 264 215 INF 759 697 INF 762 257 682 INF INF 109 760 81 594 INF 343 232 544 144 INF 494 363 100 553 INF 247 551 701 230 357 771 669 INF 95 INF 197 323 768 308 INF 94 INF 80 INF INF INF INF INF 115 610 INF
138 773 203 INF 0 INF 138 633 547 509 395 749 760 327 680 74 714 121 540 INF 292 523 359 INF 661 391 247 506 378 707 763 685 487 INF 212 702 403 INF 369 INF INF 661 320 INF 419 688 65 INF 362 737 106 174 142 INF 518 243 485 567 102 270 INF 502 112 361 INF INF 81 INF 521 724 574 INF 589 576 182 738 159
INF INF 351 INF 102 0 712 INF 660 666 721 393 243 467 INF INF 728 379 260 77 414 238 72 INF INF 589 INF 684 48 INF 503 INF INF INF 205 591 529 781 603 INF INF 638 114 258 169 678 669 INF 698 336 501 280 INF 253 93 392 INF 439 741 INF 107 INF 81 352 482 66 597 167 538 96 INF INF 578 264 221 INF INF
525 INF INF INF 414 374 0 INF 264 INF 98 INF 131 320 INF 625 135 68 508 INF 540 INF 279 INF 666 553 INF INF 223 INF INF 158 INF 81 INF 705 644 717 728 INF INF 146 513 INF 608 INF 635 INF 381 367 737 302 684 353 572 INF 522 307 480 INF 597 286 INF 574 INF 439 145 484 347 INF INF 213 95 625 INF 115 INF
149 INF 690 359 568 266 645 0 345 INF 592 INF 313 232 INF 332 659 672 INF 508 588 382 599 385 688 INF 493 INF 647 170 713 INF 420 INF 477 INF 657 INF INF INF 453 INF 402 INF 700 INF 319 315 167 335 493 405 554 594 581 INF 628 INF 412 679 508 549 INF 665 84 573 371 INF 115 122 INF INF INF INF 295 182 INF
INF 476 191 INF 75 119 103 345 0 722 443 561 622 268 194 INF 320 345 120 561 476 436 210 271 572 266 513 INF 225 INF INF 97 441 INF 686 171 468 616 144 447 INF 415 707 88 68 273 INF 696 115 169 191 752 INF 399 536 422 INF INF 430 465 INF INF INF INF 157 INF INF 364 366 713 557 500 INF 669 INF 249 INF
INF 766 627 INF 115 INF 596 131 76 0 686 307 INF 564 752 367 278 141 658 717 INF 357 419 548 143 552 567 150 479 524 134 INF 304 345 INF INF 595 367 141 INF 663 649 INF 605 705 INF 615 199 319 INF 487 INF 163 349 355 297 508 590 INF 455 INF INF 414 64 401 INF 761 323 INF 249 725 682 660 416 INF 692 327
INF 71 614 387 INF INF 644 700 74 INF 0 369 INF 62 766 INF 262 609 INF 164 216 581 318 154 500 INF 145 208 76 449 80 INF 107 721 549 206 INF 79 231 339 344 INF INF INF 161 135 INF 768 541 433 301 761 INF INF INF INF 723 INF 289 326 429 483 240 507 557 INF 446 INF INF 372 756 602 INF 329 672 INF INF
453 547 549 518 371 137 778 92 158 135 608 0 INF 693 INF 87 767 INF 178 411 INF 322 378 INF 208 INF INF 605 324 INF INF 724 INF 80 438 458 288 438 236 236 769 INF 492 INF 755 INF 464 82 INF 384 682 523 763 130 194 339 INF 774 411 INF 217 536 INF INF 149 366 INF INF INF 145 204 INF 224 604 421 159 163
149 675 320 448 INF 484 INF INF 62 756 INF 470 0 483 772 167 INF 758 726 721 290 564 193 399 INF INF 379 86 333 363 591 INF INF INF INF 752 504 INF 91 312 184 667 144 INF INF INF 629 123 754 274 INF 94 444 758 682 INF INF 215 70 INF 508 152 INF 284 INF 182 INF INF INF INF 274 196 172 579 INF 658 223
191 INF 434 304 INF 342 567 INF 758 680 451 INF 729 0 465 706 77 261 688 348 679 234 421 48 301 92 344 INF INF 759 546 INF 667 207 INF 676 128 650 576 91 INF INF INF 475 297 INF 346 81 491 284 434 244 550 392 263 499 704 515 INF 103 590 713 INF 348 540 INF 158 703 INF 175 124 112 707 INF 548 126 INF
682 592 62 544 659 INF 568 430 241 326 770 127 556 419 0 402 INF 213 367 447 INF INF 683 57 INF 564 591 329 180 277 441 430 530 INF 730 604 374 291 284 INF 608 INF INF INF INF INF 187 INF INF 184 560 719 542 169 584 660 555 767 INF 674 INF 117 INF 175 INF INF 271 INF 575 132 INF 112 93 504 114 549 507
606 INF INF 156 66 468 INF INF 456 303 761 INF 706 409 INF 0 551 INF INF 734 458 INF 564 417 719 INF INF 488 532 77 637 82 114 588 493 436 INF 613 106 355 INF 668 734 442 463 230 399 INF INF INF 750 172 452 INF 346 752 517 634 246 595 INF 718 396 INF 370 INF 84 INF 464 711 277 727 694 115 INF 305 399
INF INF INF INF 497 463 INF INF 252 561 706 234 INF INF 483 654 0 746 146 420 INF 575 87 97 364 723 647 107 77 567 INF 136 221 293 209 238 550 577 77 73 509 INF INF 698 280 111 606 507 594 231 678 INF 505 84 265 216 469 338 INF 510 451 757 171 263 INF 197 546 544 INF 97 INF INF 382 439 669 160 229
481 INF INF 627 413 307 333 328 629 INF 307 282 375 500 INF INF 314 0 409 136 518 691 INF 599 INF INF 358 507 INF 372 399 81 INF INF 305 589 INF 518 191 INF 730 314 692 INF 426 703 300 335 576 INF 105 INF 64 518 175 569 619 230 649 INF 343 INF 645 320 665 698 404 622 45 369 340 386 734 INF 286 INF 352
453 153 658 INF 317 85 INF 349 181 442 INF 176 392 INF 207 741 INF 485 0 356 204 INF INF INF 633 221 INF INF INF 605 INF 694 408 673 480 INF 634 137 459 INF 167 411 INF 615 376 778 INF INF 694 INF 145 INF 589 INF 753 612 100 693 261 511 398 INF 638 315 INF INF INF INF INF 787 INF 557 362 786 243 68 392
772 778 INF 239 63 734 90 465 269 INF INF INF 439 518 499 INF 653 123 205 0 433 INF 113 745 INF 714 311 398 701 583 473 359 INF 522 691 327 316 410 INF INF 740 INF 489 591 323 INF 468 INF 417 318 588 586 483 398 187 312 INF INF INF 754 211 595 206 355 245 630 320 100 345 758 83 INF 727 454 436 INF INF
381 129 48 INF 391 311 INF 666 612 INF INF 350 INF 566 671 INF 469 529 260 174 0 INF INF INF INF INF 528 INF 587 191 683 747 309 374 INF 237 529 645 276 96 691 604 610 209 INF INF 151 INF INF 426 111 296 371 INF 613 635 630 286 177 INF 195 342 INF INF 299 INF INF INF 192 92 INF 285 365 INF 573 INF 484
388 INF 537 323 648 241 256 96 723 332 330 204 499 753 677 474 750 613 664 INF 671 0 475 87 624 189 INF 278 445 282 127 404 INF 670 INF INF 377 285 509 750 729 INF 773 INF 383 731 466 269 INF 594 554 720 384 113 178 182 73 622 232 584 INF 542 622 388 177 329 176 INF INF INF 743 155 481 64 573 INF 731
270 477 331 INF 637 568 462 469 756 615 INF 547 INF INF 392 INF INF 169 INF INF INF INF 0 INF 764 291 INF 249 405 585 INF 752 535 525 INF 568 149 325 636 INF 503 202 INF 760 405 228 591 340 679 114 137 INF INF 129 107 314 635 225 INF 447 601 INF 747 INF 267 407 516 483 372 201 637 778 482 175 569 410 345
INF 131 101 182 483 81 437 693 552 INF 68 INF 754 INF 395 405 239 459 173 89 INF 650 INF 0 528 613 INF INF INF 411 211 475 INF 271 652 193 INF 756 386 388 620 INF INF 683 330 265 INF 207 584 598 139 228 INF 609 603 INF 606 206 630 728 95 433 153 130 511 221 434 442 635 INF 305 469 118 693 329 72 108
INF 265 598 INF 423 INF 228 INF 470 INF INF 448 298 INF 330 INF 717 287 INF INF 695 INF INF 561 0 INF INF INF INF INF 551 445 233 INF INF 90 259 INF 573 474 632 INF 130 INF INF 404 91 112 592 648 174 INF 368 780 391 267 INF 398 INF 486 463 308 462 INF INF INF 475 505 INF 169 538 INF 159 786 411 201 INF
185 INF 87 617 INF 120 434 INF INF 718 252 INF INF INF 786 521 613 INF INF INF 652 389 INF INF INF 0 722 INF INF INF 628 INF 500 651 INF 411 341 145 327 INF 696 137 212 INF 722 INF 494 716 687 INF INF 143 478 642 514 190 627 INF 317 322 186 604 304 319 524 449 134 129 INF 287 382 INF 657 INF 573 INF 617
INF INF INF 652 632 495 494 113 295 741 767 259 505 123 740 511 710 INF 556 281 INF INF 641 702 536 INF 0 731 286 INF INF 253 158 339 618 390 416 INF 295 127 437 INF INF 144 INF 334 610 INF 461 INF 471 INF INF INF 190 698 344 INF 167 245 601 200 630 INF 741 412 535 442 INF 414 510 INF 101 INF 162 310 248
INF 567 186 INF 553 461 414 INF INF 342 658 INF 427 INF 142 156 428 397 170 503 488 678 301 668 73 INF INF 0 403 INF 328 312 330 567 269 541 INF 376 717 443 341 INF INF INF 721 563 INF 323 INF INF INF INF 411 508 INF 368 INF 359 INF 624 238 INF 110 INF INF 272 379 504 52 437 738 743 INF 347 INF 736 159
693 500 INF 58 410 INF 444 INF 312 436 173 680 452 INF 397 254 272 INF INF 554 235 161 586 731 INF 247 109 658 0 755 594 99 469 138 81 INF 363 159 INF 410 612 236 INF 219 738 590 440 160 682 INF 506 95 495 INF INF 231 496 459 310 INF INF 163 INF 373 INF 243 320 763 631 324 319 88 INF 133 INF INF INF
766 108 597 527 INF 621 562 590 INF 435 244 96 146 108 INF 683 INF 138 135 INF 386 262 114 526 676 INF 174 486 544 0 377 160 673 INF INF INF 215 388 98 325 779 602 385 631 236 439 431 INF 105 702 INF 376 614 642 273 313 760 INF INF 490 373 443 59 596 INF INF 504 75 275 682 500 INF 136 627 INF 586 368
581 INF INF 59 INF INF 420 INF 187 729 INF INF 324 313 INF INF INF 590 557 INF 430 644 81 171 INF INF 476 614 749 383 0 INF INF INF INF 395 134 INF INF 490 INF 159 232 602 INF INF 753 366 676 INF 113 INF 187 INF 343 INF INF INF INF 582 INF 72 648 213 INF 692 INF INF 163 127 257 INF 563 678 598 INF 266
187 526 543 382 INF 395 460 INF INF 104 INF 165 507 602 INF 651 72 INF 310 624 514 INF 275 602 498 521 694 458 386 INF 692 0 362 568 570 INF 97 480 122 INF INF 73 290 538 269 411 INF INF 121 746 73 INF 549 666 191 558 260 INF 66 INF 200 663 INF INF INF 616 579 231 INF 406 INF 132 INF 53 755 697 INF
INF 646 44 278 367 INF 190 556 439 217 INF 252 546 INF 432 608 172 INF INF 441 763 INF 141 610 INF 718 INF INF 665 642 722 758 0 INF 232 617 290 INF 394 774 434 INF INF 186 720 71 INF 177 547 763 213 INF 749 339 202 696 402 566 INF 98 74 235 INF 67 INF 329 766 344 453 734 729 INF 465 612 411 598 INF
INF 331 44 INF INF 181 705 607 INF INF 164 134 62 128 655 INF 185 INF 657 571 643 305 INF 78 INF 554 767 INF 48 761 628 INF 603 0 485 INF 526 207 413 INF INF 414 331 427 365 INF 501 579 INF 495 INF 362 INF 236 375 546 219 274 INF INF 144 697 127 128 INF 574 501 277 INF INF 479 442 INF 421 356 INF INF
637 INF 146 376 626 INF 415 INF 490 244 425 479 577 468 INF 116 667 INF 390 278 INF 524 INF 764 572 INF 710 359 INF INF 690 614 104 INF 0 INF 484 484 INF 218 770 INF 359 INF INF INF 506 INF 519 353 INF 102 130 391 INF INF 561 316 INF 348 488 INF 519 764 INF INF 141 INF INF INF 414 759 INF 246 425 654 INF
90 INF 103 INF 591 418 553 456 386 267 73 INF 252 132 750 584 226 229 INF 768 299 116 INF INF INF INF 257 167 INF INF 227 376 481 241 201 0 672 INF INF INF 665 196 729 297 153 674 665 667 567 INF INF 482 INF 521 520 404 INF INF 637 109 INF 608 INF INF 365 376 INF 474 470 377 749 688 531 INF 241 750 386
573 731 744 INF 162 484 INF 371 647 728 559 513 INF 563 478 INF 292 417 111 577 204 INF INF 307 687 INF 379 429 660 INF 482 INF INF 356 254 INF 0 560 588 786 290 170 397 328 134 INF INF 274 766 615 474 INF 298 468 105 168 203 686 711 INF 707 400 752 177 286 462 60 586 INF INF 742 542 158 382 103 104 544
INF INF 662 716 372 INF INF 704 502 397 677 INF 522 754 INF 382 616 647 INF 164 479 295 243 143 395 416 204 658 294 317 441 INF INF INF 561 224 435 0 600 INF 764 INF 676 385 609 INF 588 368 315 80 351 433 INF INF 339 INF 469 607 INF 685 777 723 308 521 293 114 569 230 504 464 242 620 237 636 611 186 780
397 51 90 111 164 654 593 INF 661 INF 660 741 641 305 INF 177 INF 709 734 673 INF INF 221 INF 143 478 489 416 INF INF 625 711 INF INF 47 INF INF 669 0 494 INF INF INF 309 282 336 286 767 INF 223 719 424 122 704 INF INF 495 181 740 INF INF 279 INF 539 318 INF INF INF INF 682 719 644 64 698 102 440 574
INF 350 INF INF INF 272 376 412 164 568 INF INF 592 380 112 416 78 294 309 739 727 INF 429 INF INF 279 98 69 INF 704 415 INF 418 INF 101 542 505 373 403 0 491 487 278 INF INF 407 247 INF 362 475 INF INF INF 142 INF 117 319 714 452 235 INF 743 INF 725 678 564 INF 229 610 730 INF INF INF 660 INF 532 649
724 231 371 610 INF 705 89 455 INF INF 312 317 549 318 476 609 474 INF INF 644 295 INF 425 201 378 139 INF 717 463 471 211 709 118 INF INF INF 489 INF 146 481 0 INF 217 INF 63 INF INF 433 INF 120 INF INF 540 INF 388 603 73 643 637 222 737 712 478 553 517 288 214 678 665 265 757 224 INF 519 INF 599 348
737 417 431 381 449 421 706 575 INF INF 416 338 407 76 410 INF 375 INF 83 711 INF INF INF 679 INF 649 403 706 624 INF 648 INF 97 742 90 INF 87 152 272 322 604 0 INF 715 INF INF 386 169 322 INF 341 INF INF 315 219 INF 720 754 INF INF 484 486 112 601 675 440 335 632 INF 119 630 177 INF 639 69 INF INF
INF 196 INF 545 INF 651 254 INF 425 609 639 387 INF 183 INF 396 515 561 734 INF 423 460 446 INF 144 INF 494 INF 379 INF INF 657 93 235 695 299 508 INF INF INF 658 450 0 639 575 415 204 408 561 INF 396 INF 282 INF 687 202 554 INF 509 358 441 INF INF INF 457 115 INF 315 383 690 INF 370 635 232 497 241 480
266 385 744 INF 126 INF 653 72 495 INF 671 120 INF INF 81 300 488 445 INF 448 768 INF INF 141 379 184 266 INF 112 705 215 739 537 510 INF INF 334 726 187 98 378 INF 345 0 INF INF 556 427 464 INF 722 711 INF 264 492 179 INF 159 107 288 INF INF 94 598 672 INF INF INF 522 731 INF INF 629 INF INF 414 363
104 INF 342 INF INF INF 472 INF 206 470 216 INF INF INF 644 442 INF 746 244 680 588 INF 637 699 580 INF 372 INF 307 170 373 398 INF 577 INF 733 181 447 INF 505 159 67 516 588 0 INF 622 481 INF 771 501 INF 260 120 522 617 530 614 INF 136 INF 430 69 INF 229 INF 677 181 INF 691 INF 417 318 335 268 INF INF
485 680 INF 196 555 94 INF 450 382 INF 746 567 742 INF INF 175 INF 410 238 459 INF 400 155 307 522 86 600 552 INF 117 509 267 INF 653 268 INF INF INF 321 144 465 347 368 507 INF 0 726 329 75 247 321 INF 492 INF INF 644 447 70 719 548 701 721 79 264 562 INF 285 615 77 INF 150 726 189 INF 749 INF 65
696 INF INF INF 461 759 473 INF 707 INF 197 387 492 INF INF INF 306 138 458 343 712 541 249 153 708 725 223 INF 722 INF 427 546 INF INF 340 570 509 233 INF INF 151 347 INF 736 193 221 0 INF 685 290 INF 211 INF 694 INF 179 195 272 INF 62 654 599 74 661 519 96 361 INF 64 578 516 331 263 301 747 402 704
696 INF 298 297 409 INF 751 632 507 427 247 648 117 613 63 445 399 275 493 INF 197 452 INF 177 261 504 347 INF 643 INF 387 287 482 297 INF INF INF 732 592 461 INF 287 425 308 INF 427 176 0 138 INF 589 700 131 INF INF INF 654 406 755 INF 725 274 129 INF 530 INF INF 635 716 293 485 INF 213 743 570 592 INF
INF 554 190 INF INF 531 169 632 INF 195 120 25 INF 658 INF INF 691 99 INF 690 155 106 INF 532 668 INF 447 INF 212 INF 688 INF 481 487 INF 53 INF 738 636 INF 480 615 261 INF INF 716 511 INF 0 300 124 644 193 INF 539 INF 169 334 INF 374 79 INF INF 171 INF 198 509 531 729 525 648 339 INF 538 65 515 538
INF 344 INF 86 156 654 753 672 214 296 523 INF 578 615 746 INF INF 237 559 INF INF 491 550 356 716 372 INF 514 429 356 INF INF 131 78 487 167 INF 474 INF INF INF 123 113 INF 395 675 INF 193 627 0 456 533 INF 471 487 INF 380 703 INF INF 551 223 INF 521 481 192 248 661 722 673 660 698 199 690 61 508 328
427 211 683 235 662 INF INF 715 INF INF 654 161 INF INF 369 396 INF 715 662 483 INF 63 495 INF 672 247 745 INF 541 571 189 552 720 507 INF INF 56 686 INF INF 371 INF INF 104 INF 504 640 112 578 654 0 749 INF 341 570 150 326 498 77 249 586 391 INF 215 195 188 307 581 408 245 INF 379 INF 762 630 521 132
213 159 INF 57 270 661 271 INF 318 INF 310 324 INF 167 199 INF 592 196 114 233 160 361 557 476 105 561 INF 731 689 INF INF 465 58 INF 345 134 578 INF INF 601 258 176 346 433 312 INF 103 754 171 757 559 0 INF INF 307 598 235 INF 347 532 183 INF 696 562 INF 444 300 INF INF INF 316 INF 275 60 486 INF 691
416 442 708 INF INF 238 154 86 410 712 INF 85 INF INF 445 273 636 499 INF INF INF 603 718 229 331 475 INF 126 564 305 INF 527 288 INF INF 699 111 INF 342 INF 362 765 275 678 301 INF 163 INF 367 90 442 136 0 INF INF 561 715 227 INF INF INF 291 176 INF 565 595 INF 586 INF INF 760 649 INF 369 404 280 262
500 INF 613 INF 550 INF 476 270 707 516 531 332 235 739 370 INF 118 516 61 648 500 207 161 270 INF INF INF 634 INF 662 735 INF INF 567 INF 562 533 INF INF 575 419 INF 612 INF INF INF 462 626 751 INF 467 129 604 0 INF 307 417 400 688 INF INF INF 178 778 744 144 78 INF 615 INF 696 99 581 374 181 INF 433
INF 511 INF 685 142 203 151 529 INF 335 125 429 627 INF 578 427 INF 517 INF 288 699 268 119 143 145 INF INF INF INF 482 385 198 INF 709 103 685 131 113 700 734 177 INF INF 390 184 210 INF 750 INF 420 608 203 417 INF 0 560 249 261 INF 557 71 INF 228 INF INF 251 333 649 283 643 454 INF 763 605 INF 750 INF
660 INF INF 392 302 INF INF 663 436 172 517 678 INF 285 INF 118 99 324 182 684 516 INF 132 INF INF INF INF 682 545 INF 598 265 359 596 INF INF 296 INF 541 INF INF 689 126 759 636 255 540 628 84 INF 398 INF INF INF 527 0 768 678 INF INF 365 655 129 INF INF 140 633 INF 255 356 247 INF 77 649 INF 167 626
INF 766 420 168 654 683 586 538 703 603 INF 540 375 84 720 205 683 630 650 426 467 INF 524 591 118 554 506 INF INF 323 721 725 INF INF INF 444 573 INF 251 560 543 INF 512 548 305 573 629 606 701 INF 214 182 275 INF 566 294 0 INF 669 INF 635 INF INF INF 546 118 129 516 INF 137 INF 146 599 59 447 651 INF
770 702 464 530 INF 283 332 574 INF 272 212 INF INF 754 INF INF 640 736 68 INF 672 638 406 183 INF 524 235 INF 78 303 250 INF 730 51 INF 573 INF 479 715 INF 660 724 512 INF 246 335 94 INF INF 289 288 202 INF 190 665 INF 393 0 INF 366 91 INF 127 658 383 160 346 INF 291 558 194 INF INF 491 472 531 315
674 INF 555 353 372 556 408 INF 86 493 384 INF 246 INF 276 447 136 658 INF INF 182 497 610 140 INF 732 351 495 141 214 457 344 INF 153 114 INF INF 334 687 INF INF 196 697 INF INF 363 138 INF 669 554 57 225 INF 561 INF 245 113 430 0 INF 78 INF INF 245 202 235 639 INF 646 142 669 INF 109 195 125 619 INF
212 450 INF INF INF INF 657 INF INF 625 INF 250 733 INF INF 422 335 77 638 673 168 520 INF 165 670 219 381 INF INF 196 INF 296 INF 522 109 451 INF INF 685 INF 513 576 145 579 601 542 386 347 627 652 INF 293 INF 343 231 325 INF 252 269 0 447 94 324 435 374 INF 703 600 INF 404 691 249 721 428 145 437 485
278 101 INF INF 165 739 INF INF 274 INF 320 475 674 687 577 INF 371 372 541 359 282 468 554 703 462 INF 567 513 INF INF 713 103 219 693 71 249 INF 615 358 660 594 INF INF INF INF 339 658 501 INF INF INF 574 457 INF INF 147 INF INF 106 496 0 178 INF INF INF 149 66 148 521 INF 285 494 INF INF 320 INF 74
INF 312 INF 523 550 363 464 292 588 INF 331 INF 681 656 362 INF 527 528 160 580 152 364 INF 39 637 INF INF 564 50 126 58 554 INF 277 111 INF INF 346 734 INF INF 189 685 164 339 98 305 INF 517 82 149 INF INF INF 603 601 275 244 INF INF 493 0 91 INF 180 587 INF INF 475 183 303 761 57 408 INF 195 510
379 732 INF INF 689 498 459 612 648 306 332 72 339 176 710 140 INF 457 718 744 INF 144 INF 237 182 740 678 621 INF 199 554 259 114 706 INF 221 526 760 INF 73 INF 518 778 INF 212 565 234 140 342 272 INF 113 INF INF 780 720 144 INF INF INF 486 INF 0 443 200 INF 140 205 INF INF 651 374 548 552 INF 440 676
INF INF 264 323 287 299 165 74 INF 725 INF 123 330 INF 733 INF 739 506 365 515 171 696 457 724 54 92 INF 742 703 INF 428 367 62 INF 148 424 71 249 434 113 104 INF 522 619 510 678 532 715 INF 422 101 INF INF 582 INF 292 132 680 119 INF INF 175 110 0 369 372 230 INF INF 205 331 758 486 536 570 210 INF
INF INF INF INF 101 INF INF 263 INF 575 466 INF 358 447 126 INF 121 INF INF 403 INF INF 188 135 INF INF 677 INF INF INF INF INF INF 455 INF INF 674 762 172 INF INF 152 389 95 INF 725 INF INF 336 264 489 553 584 473 689 445 INF 651 INF 335 INF INF INF 607 0 465 INF INF 163 INF INF 185 418 INF INF INF 380
271 114 743 662 462 INF 259 INF INF 509 INF 242 349 INF 105 INF 607 110 739 620 550 INF 326 607 INF 617 301 343 269 487 416 INF INF 564 196 678 723 298 120 INF INF 338 INF 202 760 418 635 585 INF 507 INF 754 240 135 166 645 438 91 675 335 INF 379 431 449 348 0 653 INF 268 INF 733 555 INF INF INF 162 181
473 381 166 244 760 303 INF INF INF INF INF INF INF 351 INF 645 469 451 156 263 699 758 466 INF 298 257 428 487 357 INF 504 INF 766 134 714 INF 175 758 463 740 INF 277 316 INF 638 INF 206 591 INF INF 293 252 INF 155 125 164 548 645 INF INF INF 342 349 727 542 INF 0 126 174 332 INF 302 INF 69 241 295 653
132 193 INF 214 490 758 752 433 472 183 582 389 150 542 190 586 473 108 85 526 61 288 INF 395 INF 591 269 510 INF INF INF 508 471 INF INF 392 389 669 540 719 581 211 INF 233 691 610 391 INF INF 350 234 INF 247 INF 593 587 INF 384 557 747 720 INF INF 284 INF 202 INF 0 607 207 661 221 INF 615 INF INF INF
INF 48 676 123 511 271 56 703 560 INF 164 514 692 575 749 209 99 300 INF INF 206 INF 640 INF 568 INF 706 295 259 INF 470 INF 721 695 134 287 INF INF 186 101 598 710 INF 677 430 681 87 INF 96 INF 309 215 529 648 348 114 577 70 INF 190 INF INF 309 INF INF 399 155 394 0 347 INF 458 371 128 354 INF INF
602 304 525 438 INF INF 518 INF 447 INF INF INF INF INF 607 358 237 428 56 284 154 158 INF 535 593 348 297 546 551 INF 147 592 INF INF 584 773 634 463 INF 741 461 INF 154 781 72 99 437 667 INF 124 INF 746 INF INF INF INF INF 182 INF INF 741 614 INF INF INF 167 337 INF 554 0 68 INF 140 654 INF 637 666
567 411 161 104 457 207 360 188 123 751 670 301 672 INF 246 537 151 482 66 338 513 430 125 329 98 INF 420 INF 765 160 645 INF INF 388 INF 83 INF 302 400 INF INF 480 712 668 725 133 672 264 438 169 263 INF 637 135 411 431 668 671 406 235 221 415 352 765 680 125 476 678 571 INF 0 99 440 671 INF 442 292
259 721 386 694 774 263 INF 424 INF 322 756 296 INF 494 252 621 103 118 INF 755 80 178 465 INF 615 515 288 211 588 78 INF 598 208 343 528 INF 220 INF INF 656 INF 362 467 292 290 97 354 INF 82 710 615 150 158 INF INF INF 77 537 293 172 319 594 81 523 268 355 605 411 130 INF 539 0 91 487 INF 492 719
258 715 330 376 198 INF 460 602 607 433 656 569 232 684 INF INF 449 INF 507 INF 404 INF 764 92 INF INF 338 457 262 INF INF INF INF INF INF 544 161 INF 641 473 INF 439 INF 364 735 157 228 498 339 INF 220 631 388 267 288 205 INF INF 570 598 INF INF INF 432 373 200 79 INF 315 670 294 760 0 594 INF 384 274
84 INF INF 360 90 250 98 INF 281 756 545 INF 193 302 231 INF 248 508 121 597 645 323 158 621 349 INF INF 372 INF INF 585 255 663 471 397 224 INF 767 613 93 531 426 330 INF 577 292 124 758 INF 646 467 676 INF INF 755 202 665 INF INF 333 INF 187 INF 194 INF 434 INF 306 INF 262 INF INF 339 0 520 232 263
278 225 420 432 670 538 293 277 INF 520 357 INF 732 219 511 386 180 355 375 654 INF 105 INF 511 329 589 781 INF 628 267 INF 172 395 INF INF 514 514 INF INF 724 735 115 173 159 562 260 464 INF INF INF 143 533 691 INF 775 INF 533 INF 105 552 INF 568 INF 292 481 585 INF 681 INF 217 314 INF INF 754 0 INF 594
INF 209 303 INF 629 560 INF 107 INF INF 383 415 115 INF 142 214 547 INF 222 675 INF 500 INF 680 307 405 712 576 123 250 292 221 138 597 423 37 39 365 398 115 INF 750 INF 149 661 220 INF INF 656 448 INF INF 420 435 82 672 253 731 INF 262 INF 242 479 172 INF 289 INF 666 62 INF 166 409 653 INF INF 0 INF
138 INF 671 681 482 INF 492 INF INF INF 322 755 563 336 58 357 INF 86 INF 728 461 397 INF 253 366 429 175 303 526 444 INF 151 417 INF INF 635 716 495 59 657 222 578 INF 242 521 244 INF 219 727 199 INF 328 460 INF 76 584 731 413 650 INF INF 532 275 603 653 503 403 324 383 462 338 INF 543 313 INF 515 0
