0 INF INF 83 310 535 354 INF 434 325 INF INF 758 375 193 324 576 423 579 202 627 534 133 273 INF 478 INF 697 279 543 INF INF 773 INF 262 INF 164 INF 136 148 410 285 754 INF INF 537 INF 228 145 INF INF INF INF 103 447 631 723 78 INF 485 442
INF 0 249 83 156 602 562 78 INF 504 124 586 143 INF 612 718 192 INF 629 263 INF 478 586 92 712 264 62 472 690 421 154 INF 161 272 353 INF 531 591 INF 229 INF 362 INF 609 225 INF 521 268 INF INF INF 110 133 INF INF INF 748 198 151 113 242
504 INF 0 INF 313 INF 106 INF INF INF 259 INF INF 563 439 647 719 632 INF 648 INF 747 INF INF 108 INF 120 482 138 646 236 430 72 449 619 747 INF INF INF 441 731 445 742 574 527 INF 359 395 758 INF 349 INF 647 384 188 174 648 523 311 554 INF
INF 539 504 0 401 210 585 674 INF 667 678 272 109 285 180 548 INF INF INF INF 111 INF 575 INF INF 361 708 650 676 138 721 646 284 419 94 INF INF 362 741 221 749 149 725 419 443 INF 173 506 437 668 175 427 INF 692 549 173 609 549 169 154 355
INF 212 382 429 0 INF 369 568 644 INF INF 480 391 INF 736 490 INF 328 INF INF 164 INF 350 INF INF 424 481 240 586 INF 499 712 285 607 719 INF INF 437 763 198 INF 586 INF 769 697 102 576 575 165 615 465 518 INF 322 187 INF INF 590 INF 591 139
719 774 INF 120 349 0 573 INF INF INF 490 INF 304 420 265 698 INF 685 586 247 306 647 494 371 617 INF INF 622 355 INF INF 411 INF 765 688 542 398 405 652 707 376 140 INF INF 731 437 318 INF 455 609 INF 545 INF 211 114 649 588 487 INF INF INF
INF 416 586 111 433 599 0 156 148 237 602 430 568 100 776 756 488 219 INF 337 591 149 170 INF INF 760 119 531 456 278 INF INF 314 INF 670 682 657 317 696 INF 67 783 148 82 392 204 183 549 764 INF 374 161 INF 202 INF 750 INF 733 509 INF INF
777 INF 728 630 INF 430 INF 0 476 252 470 313 757 697 INF 619 483 INF 58 INF 514 424 INF 542 398 161 INF 661 INF 212 74 590 644 INF 392 421 250 146 750 383 INF 108 118 140 642 462 INF 446 INF 476 617 INF 162 INF 201 753 273 632 INF 720 776
INF 717 233 781 214 324 532 620 0 93 INF 644 734 INF INF 132 690 INF 420 355 INF 692 INF INF INF INF 136 731 356 252 251 686 160 INF 442 561 INF 747 128 INF 255 INF 610 487 INF 332 247 310 92 281 260 INF INF INF 212 714 INF 142 284 150 137
445 141 INF 201 368 666 560 351 745 0 729 534 141 356 95 INF INF 286 INF 228 510 647 547 674 257 243 INF 363 680 INF 702 INF 531 231 INF 438 INF 325 68 436 272 INF 263 583 676 INF 542 INF 105 223 207 283 284 INF 578 INF 422 108 575 97 640
163 161 314 435 INF INF 707 339 341 549 0 182 INF 216 400 682 559 365 INF 572 347 263 178 399 669 397 43 287 268 63 166 58 601 INF 278 585 INF INF 645 264 681 699 307 333 INF 87 586 731 306 604 108 483 INF INF 65 534 INF INF 580 439 127
370 INF INF INF INF 218 207 726 199 INF 111 0 308 INF INF 491 710 165 547 544 INF INF INF 724 INF 405 INF 530 206 755 54 INF 534 245 INF 704 479 INF 399 112 86 679 INF 644 INF 699 89 INF 560 643 149 INF 192 563 536 299 325 119 INF 456 666
INF 679 INF INF 746 128 311 673 INF 229 742 INF 0 128 171 INF 469 INF 622 225 164 670 INF INF 189 290 80 INF INF 661 INF 769 INF 348 284 285 INF 647 212 INF 493 112 505 354 89 754 349 519 INF 702 689 INF 586 242 721 579 667 211 619 434 391
72 INF 61 372 214 642 143 401 623 754 INF 197 176 0 315 INF 389 74 311 549 137 155 360 INF 532 120 119 416 553 INF 601 INF 558 INF 288 777 INF 143 91 INF INF INF INF INF 430 151 202 477 114 480 INF 643 750 INF INF 431 554 238 INF 384 INF
149 459 200 498 INF INF 439 INF 554 679 INF INF 198 183 0 INF 622 INF INF 598 329 INF 410 250 516 192 INF 423 INF 498 INF 145 488 INF 330 INF 65 377 INF 733 INF INF 681 87 550 476 678 INF 412 541 743 89 148 70 299 262 368 244 685 357 310
229 INF 643 268 571 259 397 INF 329 125 746 215 420 508 607 0 INF 355 658 INF 591 270 218 INF 492 600 INF 376 289 485 66 239 INF 319 377 506 INF INF 471 521 203 131 394 INF 644 663 INF 468 371 INF 249 212 219 267 347 84 INF 303 641 263 206
780 187 INF 277 INF 249 272 583 331 INF 688 INF INF INF 247 431 0 105 567 649 INF 156 458 679 614 INF INF INF INF 421 151 412 480 667 INF 466 541 649 121 INF 526 336 265 710 196 INF 519 478 514 710 INF 577 INF 606 405 426 366 INF 124 170 644
INF INF 322 421 256 153 666 220 133 252 408 157 143 INF INF 114 705 0 INF INF 493 INF 371 349 INF INF 84 409 INF 154 517 393 445 389 271 75 130 INF 262 748 627 438 694 INF 335 463 108 757 407 424 627 INF INF 155 INF 332 442 568 INF INF 685
303 INF 652 86 INF 438 196 INF INF 358 627 63 INF 761 INF 537 166 76 0 432 537 INF 637 302 92 INF INF 618 106 403 226 179 570 309 739 338 554 391 92 234 513 INF 588 730 552 248 INF 374 180 82 183 INF INF 660 320 416 217 245 301 165 633
450 490 387 541 386 INF 275 71 227 INF 529 INF 394 INF 732 69 INF INF 515 0 INF 724 285 645 INF INF 344 747 58 INF 135 95 768 393 INF 133 742 INF 247 590 307 INF INF 391 INF 550 672 INF 516 180 721 670 188 155 519 579 457 745 INF 148 158
98 636 INF 716 INF INF 126 181 660 54 564 INF 690 252 172 302 INF 303 INF INF 0 INF 550 624 316 586 453 INF 374 320 507 587 305 INF 131 514 139 509 74 INF 278 INF INF 533 338 696 INF 669 752 INF INF INF 624 INF INF 611 124 234 375 363 549
399 INF 299 709 610 INF 239 410 226 102 INF INF 441 INF 739 123 INF 564 INF 170 553 0 696 123 493 101 INF INF 518 309 317 497 404 INF 200 261 232 468 514 INF 174 652 417 667 748 501 391 645 INF 250 545 754 INF 271 667 446 205 558 INF 418 INF
559 INF 131 INF 110 515 INF 95 520 INF 172 596 162 INF 422 686 213 INF INF 179 INF 274 0 367 INF INF 104 INF 534 INF 717 INF 105 769 117 482 431 723 684 221 INF 68 INF 323 INF 276 280 INF 376 INF 514 504 INF INF 693 768 588 460 384 526 INF
INF 341 INF 734 407 263 356 INF INF 734 47 746 152 134 INF 497 INF INF INF 738 144 144 218 0 389 696 396 327 INF 678 216 218 356 140 680 255 INF INF INF 104 INF 393 119 195 727 585 349 492 INF 445 INF INF INF INF 663 74 119 146 645 371 407
120 INF 156 460 688 441 463 INF INF 58 INF 641 INF INF 779 406 691 350 INF 550 INF 540 721 119 0 INF 548 583 INF 372 449 672 INF 676 543 INF INF 455 111 395 INF 149 544 INF INF 530 500 557 387 INF 706 459 77 690 INF 123 172 678 INF 498 189
INF INF INF INF INF 645 382 INF INF 64 710 INF 579 763 INF 442 181 511 INF 624 316 INF 679 510 283 0 592 577 337 328 INF 394 INF 119 666 118 INF INF 255 165 220 594 400 466 213 363 INF 572 128 119 INF 53 348 INF 275 439 577 INF 493 194 INF
65 INF 241 189 649 INF INF INF INF 317 INF 730 171 180 INF 194 134 557 654 570 INF INF 400 739 INF INF 0 INF INF 534 555 359 477 115 462 646 257 INF INF 111 480 75 INF 636 INF INF 353 322 142 INF 623 INF INF 151 INF 60 INF INF 326 462 108
518 303 735 INF INF 699 609 238 INF INF INF 309 INF 612 638 494 INF 355 INF INF 169 INF 394 689 71 398 615 0 403 INF 633 639 176 583 190 641 INF 83 INF 551 INF INF INF 731 88 123 609 547 555 553 773 97 INF 528 INF 721 200 366 INF 561 427
INF INF 633 747 465 INF 690 160 503 INF 455 218 374 398 588 649 432 423 INF 88 168 INF 594 INF 340 708 437 109 0 INF INF INF 561 134 770 INF 620 144 425 INF 74 406 479 184 75 148 INF INF INF 414 INF 260 INF 120 659 INF 770 612 694 INF INF
INF 570 INF INF 367 296 INF 724 156 732 INF 376 458 INF 218 446 673 470 186 INF 88 359 551 718 640 421 656 674 INF 0 431 442 244 410 277 187 203 494 INF 747 592 343 217 73 128 384 INF 449 47 381 505 484 768 219 754 INF 397 522 369 INF INF
INF 724 INF 109 495 473 INF INF 627 229 583 525 695 INF 698 362 744 INF INF 754 604 INF 262 698 359 472 355 421 342 316 0 113 163 538 507 757 702 INF 768 343 675 531 163 653 INF 101 141 INF 472 78 378 525 94 INF 581 125 358 237 INF 94 INF
173 780 66 575 445 430 159 122 299 706 406 502 181 INF INF 222 623 246 221 553 739 383 564 INF 597 123 INF 773 INF 132 612 0 INF 592 477 423 INF INF 101 184 478 INF 663 INF 762 661 INF 621 384 189 552 INF 728 297 INF INF INF 598 557 INF INF
267 INF 491 697 450 538 667 256 INF 630 548 INF INF 455 447 INF 725 563 93 649 398 444 475 143 INF 394 463 INF 369 751 508 758 0 624 352 INF 667 677 172 734 669 489 444 599 564 INF 694 229 INF 521 413 75 367 INF 415 INF 770 INF 397 INF 456
117 559 750 195 INF INF INF 214 INF 450 268 INF 483 646 356 386 397 INF INF 775 INF INF 523 INF 77 526 INF 225 457 184 145 477 INF 0 328 205 771 765 427 505 207 160 474 637 INF 109 423 INF INF 667 678 INF 309 169 INF INF INF INF 736 451 86
598 370 695 INF 350 435 INF 702 428 76 147 185 571 401 234 517 773 INF INF INF 503 INF 431 INF 549 INF INF INF 420 235 INF 239 564 385 0 475 INF 47 214 607 491 INF 112 318 596 474 769 224 INF 592 INF INF 572 133 INF INF 265 393 757 681 INF
274 209 701 230 450 INF 462 INF INF 199 166 203 INF 459 253 711 711 INF 728 119 738 469 205 683 297 685 699 265 118 INF 706 413 128 320 INF 0 381 265 384 412 190 684 164 294 253 INF 695 INF INF INF 627 426 674 540 189 739 171 INF 517 INF 614
658 396 487 INF INF INF 733 INF 168 717 301 INF 317 INF 507 242 411 288 123 405 468 369 INF 675 294 INF 344 508 INF INF 179 364 231 77 651 INF 0 203 447 276 430 697 182 101 INF 551 INF 491 365 249 INF 522 247 570 707 684 683 451 294 338 INF
746 726 647 INF 359 484 548 283 INF 462 615 333 INF 658 442 608 103 657 INF 134 INF 383 INF 141 INF 540 289 162 407 209 415 80 INF INF INF 126 481 0 465 INF 257 INF 693 INF 327 348 INF 99 283 INF INF 577 79 292 186 246 INF 553 782 207 121
INF 115 381 637 513 615 344 376 INF 393 444 INF INF 623 449 INF 78 INF 607 731 179 562 423 INF 217 426 719 INF 375 INF INF 215 555 754 INF INF 598 INF 0 INF 109 661 732 INF 64 INF 663 INF INF 336 374 264 746 INF 356 691 641 575 INF 692 149
INF INF INF 531 319 519 446 519 INF INF 82 209 430 109 435 188 462 75 INF 370 INF INF 400 144 398 577 INF 701 523 349 INF 195 112 213 165 349 INF 301 91 0 311 542 413 INF 426 337 703 585 495 589 188 INF INF 529 88 533 INF INF 623 443 457
662 INF 739 686 INF INF 244 566 172 72 92 507 592 419 449 304 347 INF INF 75 686 360 554 547 254 197 328 362 123 282 658 642 466 69 INF 734 717 197 681 INF 0 335 342 INF INF 400 INF 187 487 153 INF 684 166 119 INF INF 718 INF 289 134 INF
INF 348 700 INF 180 66 191 INF 85 INF INF 465 313 INF INF INF INF 507 290 550 INF INF 316 688 280 635 434 294 394 160 66 753 590 169 INF INF 387 365 586 302 623 0 161 INF INF 445 INF INF 233 140 599 INF 272 95 INF INF 434 251 609 382 722
INF 456 465 295 490 428 339 738 438 INF 534 423 538 524 INF 119 276 226 416 131 464 INF 482 349 229 INF INF 600 369 461 303 INF INF 469 INF 744 160 INF INF INF 152 544 0 714 385 161 491 671 INF 248 626 52 217 INF INF INF 609 INF 363 617 INF
699 317 INF 64 190 384 718 189 270 91 617 141 93 571 INF INF 553 117 579 INF INF 143 INF 259 INF 505 736 183 752 INF 179 256 650 610 INF 678 753 INF 298 334 INF 543 276 0 INF 411 INF 433 INF INF 187 386 676 INF 555 INF INF INF 721 INF 666
60 721 412 470 INF INF 614 361 546 506 INF 242 262 INF INF 445 INF 477 111 INF INF INF INF INF INF 397 726 722 INF 149 58 328 154 612 118 145 405 INF 308 295 588 446 INF 689 0 INF 66 INF 595 432 245 246 INF 692 INF 730 695 264 INF 192 393
INF INF INF INF 674 416 INF 177 208 INF INF 493 496 672 271 738 662 624 271 161 612 525 593 337 INF 522 320 INF 693 INF 525 160 INF 564 192 62 163 749 INF INF INF INF INF INF INF 0 INF 186 317 80 590 INF 164 146 INF INF 688 476 318 276 INF
114 INF INF INF INF 412 60 INF INF 201 567 INF 115 INF 128 738 701 375 449 INF INF 680 534 67 458 INF 693 406 449 576 529 190 673 567 INF INF 337 702 750 INF 393 660 380 49 572 252 0 269 INF INF 620 INF 651 732 164 113 456 87 553 775 INF
490 320 302 516 141 INF 729 INF 183 INF 226 341 220 INF 499 586 78 703 397 INF INF INF 470 641 INF 538 713 383 INF 90 572 INF 116 INF INF 152 375 744 66 INF INF 788 546 474 360 204 653 0 739 INF INF 481 455 130 102 INF 97 281 202 427 173
543 573 287 179 INF INF 123 248 INF 337 286 87 392 730 INF 726 224 498 702 224 510 661 680 653 INF 340 INF 220 INF 625 INF 236 585 745 644 677 601 124 184 484 293 331 INF INF INF INF INF INF 0 478 308 370 221 552 587 466 154 INF INF 709 692
281 755 192 INF 440 107 640 535 518 736 INF 197 215 437 INF 174 763 INF INF 436 582 574 132 403 57 INF 466 255 INF INF INF INF 623 INF 342 357 INF 286 551 686 704 INF 86 318 INF INF INF 404 407 0 760 352 386 INF 308 426 314 134 396 INF INF
457 INF 158 INF INF 490 617 INF 340 401 593 292 130 INF INF 361 115 209 634 301 318 525 277 163 639 INF 262 190 563 INF INF 733 560 INF INF INF INF INF 759 330 INF 94 INF INF 72 726 431 772 456 753 0 452 190 INF INF 75 INF INF 657 INF 398
503 139 679 133 INF 748 481 INF INF 673 485 INF 382 INF 793 INF 710 299 INF 412 552 755 INF 417 INF INF 93 483 INF 422 647 INF INF INF 577 INF INF 548 INF 390 INF 378 INF 86 485 100 228 390 767 INF 117 0 432 451 294 125 445 109 INF 773 321
728 INF INF 318 341 622 234 INF 337 492 757 INF 287 540 673 618 INF 44 248 629 743 751 235 INF 445 351 INF 304 138 INF 260 INF INF 748 165 INF 84 514 INF INF INF 608 INF 153 686 494 314 250 252 436 460 647 0 253 183 588 699 228 308 105 161
197 372 75 INF 681 504 INF 668 INF 666 392 200 339 569 INF 194 INF 470 180 784 723 251 112 205 352 336 368 70 694 66 225 525 164 127 INF 223 334 736 168 INF INF INF 594 INF 272 INF 258 337 283 315 641 245 INF 0 678 INF INF INF 315 INF 521
114 729 524 93 726 247 INF 296 501 INF 244 196 393 741 INF 98 767 INF 133 500 84 88 721 527 287 INF 74 618 INF 513 295 489 239 INF INF INF 638 289 INF 734 717 192 117 715 284 INF 688 149 343 157 INF INF 592 INF 0 392 INF INF 618 251 INF
647 459 INF INF 673 INF 287 INF INF 360 INF 746 354 345 INF 84 195 266 490 637 101 50 348 205 341 INF 472 42 INF 565 INF 159 756 INF INF 544 600 54 734 688 202 356 542 174 373 279 INF 214 INF 138 201 INF 434 251 553 0 333 351 94 377 244
63 741 286 496 70 618 INF 688 300 687 INF 753 761 584 251 415 489 INF 658 661 270 512 INF INF 347 INF 211 627 66 642 676 INF INF 152 85 153 200 INF INF 607 466 INF 163 667 180 573 INF INF 549 256 209 572 522 675 444 INF 0 169 INF INF INF
510 INF INF 329 557 611 INF 685 INF INF 664 709 700 INF 421 539 731 674 INF 349 263 715 733 360 192 420 INF 321 549 91 INF 623 470 72 INF 712 273 223 518 239 INF 165 754 602 72 574 769 563 INF 664 INF 723 313 INF INF 693 196 0 670 649 222
INF 499 INF 267 INF 310 INF 623 498 158 436 78 680 736 INF INF INF INF 320 325 348 152 521 320 INF 417 292 361 INF 506 586 INF 577 219 INF INF INF 149 301 354 565 398 328 391 732 433 INF INF 236 INF 383 INF 549 458 INF INF INF INF 0 116 615
INF 414 INF 711 295 72 INF INF 321 401 632 400 INF 75 694 384 414 INF 21 160 211 706 115 465 INF 338 INF 668 402 757 INF INF INF INF 501 643 482 772 173 208 601 585 142 INF 659 INF 297 276 INF 577 INF 560 INF 691 179 651 778 296 291 0 147
222 778 546 251 470 INF 684 225 665 INF INF INF INF 349 INF 108 INF INF 611 446 INF 47 INF 648 252 INF INF 338 38 581 INF INF INF INF 608 390 728 250 INF 454 INF 399 452 INF 636 INF 142 184 INF INF INF 267 INF 340 650 759 736 479 284 501 0
