0 510 217 615 82 INF 90 INF 76 578 736 427 284 266 187 INF 664 387 INF 734 631 335 608 INF INF INF 125 358 437 INF 763 INF 218 239 158 620 INF 303 716 INF 748 174 664 INF 692 538 INF 203 INF 285 299 272 INF INF INF INF 668 211 INF 239 657 472 117 385 INF 211 194 651 737 403 448 INF INF INF INF
99 0 350 348 85 99 INF 299 410 INF 107 INF 80 643 398 638 INF 493 59 400 467 755 230 608 91 138 708 750 730 619 INF INF 126 388 93 579 701 503 768 INF INF 760 463 76 148 720 767 INF INF 267 683 462 481 INF 128 307 394 388 118 116 257 279 394 INF INF 79 521 INF INF 614 402 83 INF 107 416
608 INF 0 391 INF 237 INF INF 347 615 536 607 INF INF 297 102 533 INF INF 91 INF 430 601 758 172 351 INF 170 INF 111 728 INF 767 INF 612 376 265 INF 589 439 INF INF INF 277 788 INF 523 614 336 443 301 734 574 238 349 538 676 455 203 INF 152 417 218 573 404 200 66 381 560 449 125 695 572 386 216
397 76 INF 0 435 411 INF INF 570 278 747 515 158 774 78 INF 250 496 572 500 624 408 101 INF INF 782 159 728 84 687 698 198 332 719 556 648 INF 625 108 767 181 INF 757 INF 513 INF 295 274 INF INF 752 232 425 INF 757 486 INF INF 99 563 476 INF INF 429 INF 118 637 529 INF 122 579 759 INF 685 67
INF INF 601 142 0 INF 520 472 INF 336 376 520 INF INF 651 508 174 356 774 589 356 INF INF 410 307 623 INF 553 INF INF INF 496 339 INF 741 INF INF INF 322 94 INF 642 738 759 210 INF INF 685 218 62 623 INF 664 558 693 345 INF 650 418 459 INF 316 697 394 763 434 241 INF INF INF 204 343 159 INF 276
INF 219 90 629 679 0 668 115 741 283 488 678 626 386 INF 178 260 169 436 779 551 380 739 INF INF 651 434 INF 375 630 212 682 84 335 682 INF INF 229 INF 326 INF 634 459 668 539 INF 637 703 571 272 695 INF 764 500 INF 360 159 INF 365 114 75 187 INF 220 165 284 INF INF 438 776 256 326 INF 96 INF
INF 109 783 580 253 519 0 671 91 369 INF 543 INF 193 547 INF 90 INF 129 347 584 428 308 300 INF 556 73 65 178 INF 574 361 579 194 662 430 651 597 INF 268 INF 331 INF 517 INF 704 INF 181 288 INF 673 327 INF 658 304 332 312 619 573 648 309 INF 68 INF 328 INF 603 285 639 506 187 471 583 404 250
INF 509 308 INF 208 INF INF 0 INF 230 590 693 INF INF INF 741 197 498 207 741 681 587 646 437 INF 190 746 486 633 712 INF 235 622 INF 286 INF 661 INF 471 517 INF 661 563 414 242 INF 624 607 650 690 463 314 INF INF INF INF INF 105 606 466 145 732 642 INF 191 494 INF 67 521 596 358 191 INF INF INF
INF 149 149 INF 572 INF 505 629 0 552 227 431 392 187 146 542 703 736 723 INF 302 688 222 154 INF INF INF INF 709 475 735 INF 586 664 509 INF 611 INF 442 INF INF INF 649 92 581 263 295 432 INF 481 INF 656 70 384 184 616 INF INF 275 INF 604 492 593 671 613 130 676 INF 70 284 351 631 314 281 INF
66 494 683 220 764 425 INF INF 188 0 605 538 INF 112 405 INF 434 507 556 162 279 211 769 INF INF 315 521 INF 658 177 INF 593 INF 139 446 765 INF 182 500 INF 787 155 598 696 633 704 INF 260 INF INF 86 216 103 775 466 576 290 INF 364 704 134 INF 182 INF 411 INF 318 594 INF INF 241 487 197 INF 705
473 74 662 549 299 360 235 501 293 445 0 655 INF INF INF 688 481 699 INF 79 121 INF 409 181 167 369 578 INF 448 613 INF INF 382 68 132 117 638 INF 189 INF 226 663 395 622 148 345 INF INF INF 356 257 INF INF 287 INF INF INF 766 312 344 618 529 159 INF 132 INF 323 511 246 554 218 95 726 INF 538
288 532 337 366 INF 258 INF 615 471 158 INF 0 286 99 643 INF 727 INF 230 INF INF 478 532 149 533 INF INF INF 265 INF INF 681 INF 683 672 427 INF 78 INF INF 340 INF 637 668 76 510 INF INF 262 556 INF 160 133 558 INF 129 INF 65 205 140 INF 423 455 197 485 763 INF 261 184 714 175 INF INF 269 INF
390 270 466 520 INF INF 700 273 770 208 298 551 0 INF 531 650 63 INF INF 360 INF 488 265 510 533 228 129 INF 516 INF 386 728 308 602 INF 530 339 526 331 592 INF 547 INF 68 INF 201 INF 411 INF INF 196 649 INF 737 599 INF 606 INF 506 INF 436 INF INF 208 INF 76 INF INF INF 358 INF 634 INF 194 647
INF 256 735 672 649 371 INF INF 617 INF INF 708 483 0 734 INF INF 272 478 752 394 90 176 INF 224 218 653 709 509 466 725 467 INF 467 639 275 199 338 626 398 253 INF 269 754 INF INF INF 738 690 235 661 INF 161 INF INF 536 INF INF INF INF 739 96 503 INF 626 INF 415 INF 492 513 INF INF 523 720 646
541 INF INF 256 79 212 INF 427 423 160 539 457 INF INF 0 466 421 372 INF 249 533 INF INF INF 591 700 INF 384 172 169 INF INF 759 286 711 689 608 649 244 364 520 526 INF 411 INF 156 550 257 125 579 INF 683 242 INF INF 314 392 627 705 INF INF 577 202 INF 624 628 375 INF 718 135 INF 569 INF 703 181
190 INF 319 569 709 260 474 INF 422 INF INF INF 146 INF 414 0 INF INF 572 INF 439 446 373 389 190 784 623 740 650 337 INF 732 633 291 570 INF INF 391 770 380 INF 358 INF 611 INF 434 149 INF INF INF 260 716 572 296 739 266 150 718 INF INF INF 501 INF 457 607 590 621 736 180 235 INF INF 63 717 140
432 411 411 605 200 INF 307 INF 609 INF 71 INF 558 448 661 INF 0 339 675 342 INF 330 INF 585 308 348 516 723 269 461 INF 473 105 722 301 682 INF INF 363 INF INF 283 465 687 158 78 INF INF 155 INF INF INF 678 162 589 400 164 INF 121 67 693 96 INF 497 INF 377 INF INF INF INF INF 260 INF 444 129
171 332 663 INF 652 332 112 INF INF INF 449 221 342 INF 482 263 INF 0 INF 572 INF 514 402 INF INF 148 309 621 259 574 295 707 322 INF INF 327 606 683 629 INF 675 498 500 770 504 INF 439 226 237 INF INF 343 247 153 490 103 132 INF INF INF 777 86 INF 463 INF 450 552 558 206 718 588 529 INF INF 271
597 740 305 329 265 INF 647 INF INF 395 528 INF 498 99 237 197 205 89 0 396 309 510 444 INF INF 326 152 559 574 541 INF 360 720 INF INF 167 265 165 INF INF 243 456 477 INF 600 641 694 337 INF 154 483 285 83 INF INF 483 INF 699 189 325 INF 385 72 252 INF INF 292 747 526 318 INF 639 INF 656 INF
104 INF 235 INF 432 384 196 173 347 104 INF INF 572 125 INF INF INF 198 559 0 622 INF 173 INF 99 INF 481 211 388 387 258 715 614 INF 735 615 241 631 158 71 481 INF 286 665 116 305 646 495 INF INF INF INF 751 561 757 385 452 700 INF 339 INF 605 INF INF INF 390 INF 384 658 564 681 404 INF INF 247
INF 503 445 297 420 INF 283 579 259 INF 206 302 732 167 692 INF INF 277 184 INF 0 INF 414 256 INF 539 704 125 740 INF 313 235 162 699 568 531 282 INF 409 534 503 362 292 205 INF 667 575 127 209 416 INF 420 INF 713 INF 415 391 INF INF 431 501 573 229 618 INF 278 543 INF 310 INF 165 458 753 651 490
722 INF 640 285 109 583 387 181 INF 379 448 149 523 549 734 100 INF 785 687 INF 533 0 679 105 479 82 620 INF 594 122 INF 614 740 555 INF 669 210 737 230 690 512 310 112 497 INF 387 390 121 407 574 599 INF 367 432 533 187 364 601 264 79 INF 126 238 737 373 326 INF 340 INF 498 INF 754 602 INF 756
130 565 INF 101 748 INF 768 360 INF 367 481 522 665 343 626 60 INF INF 299 375 356 454 0 INF 395 INF INF 71 INF 261 460 240 558 INF 240 INF 623 523 151 INF 110 119 301 INF 567 261 366 219 281 INF 304 397 190 INF 59 INF 602 76 INF 246 181 INF 247 460 443 191 659 347 516 INF 523 256 INF INF INF
364 385 579 314 583 100 435 INF 663 607 INF 265 205 72 760 INF 768 INF 609 97 667 287 INF 0 INF 379 INF 411 INF 441 INF 285 INF 202 212 INF INF 739 334 757 376 615 209 67 INF INF 210 INF INF INF 736 392 322 694 391 90 680 279 480 261 INF INF 253 398 131 349 280 565 294 532 233 769 615 296 INF
689 81 309 572 645 INF 276 386 705 206 419 INF 462 421 191 127 556 675 INF 278 616 650 INF 635 0 154 497 382 465 593 647 INF 497 199 724 266 771 INF INF 355 244 704 INF INF INF 390 INF INF 676 278 674 421 489 622 736 329 285 169 681 INF 267 549 INF 555 333 769 588 INF 665 209 INF 690 370 437 746
486 146 INF 216 243 659 288 INF 137 INF 631 INF 234 685 542 490 193 INF INF INF INF INF 438 INF 185 0 499 761 INF INF 229 326 INF 528 223 67 718 INF 403 INF INF 581 169 INF 741 448 228 332 INF 259 198 INF 664 521 INF INF INF 700 654 585 236 104 693 549 726 753 313 676 93 INF INF INF INF 237 413
106 INF 535 INF 300 662 142 INF INF 578 778 752 612 59 66 INF 167 111 284 INF 421 544 INF 449 732 775 0 INF INF INF INF 94 653 172 311 INF INF 94 755 546 738 384 98 234 INF 347 153 517 744 INF 385 INF 301 INF 450 271 INF 454 154 190 INF 508 INF 694 441 177 312 98 85 INF INF 464 391 147 378
303 478 124 254 INF 72 403 582 328 INF 288 INF INF 407 INF INF 641 365 151 163 283 224 721 INF 137 100 728 0 567 INF 289 INF INF INF 588 INF 761 86 INF 355 374 306 111 INF INF INF INF 490 659 684 INF INF INF INF INF 633 INF 518 INF INF 550 154 760 INF 260 366 INF INF INF 548 207 417 INF 414 INF
INF INF INF INF 600 723 99 INF 650 181 INF 557 122 INF 658 154 160 INF INF INF 595 180 161 74 INF 74 208 152 0 615 298 430 758 617 INF INF 776 648 318 657 518 137 INF INF 77 279 622 325 INF 381 678 765 333 INF 203 751 INF INF INF 608 INF 657 INF 455 178 431 556 INF 191 509 INF 457 INF INF 473
INF 691 604 INF 567 168 320 INF 518 757 INF 764 INF 506 783 380 111 INF 233 448 INF 526 INF INF INF INF 91 INF INF 0 572 351 611 65 267 381 INF 458 INF 238 288 INF INF 458 407 302 146 615 97 563 INF 731 INF 67 506 338 INF INF INF 723 482 INF 172 612 541 INF 505 564 368 INF 356 571 171 374 428
535 616 INF 559 INF 549 735 691 768 457 169 498 INF 353 INF INF 500 INF 427 INF INF 139 276 767 362 190 344 278 243 174 0 INF INF 91 INF 127 520 INF INF 634 463 INF 666 191 161 766 286 435 701 386 390 587 498 415 384 INF 530 INF 162 241 673 INF 258 333 INF 509 INF INF 588 637 488 656 107 436 660
389 INF INF INF 182 281 INF 628 401 314 463 701 INF 122 INF 188 600 588 INF 435 140 403 INF 676 INF INF INF 743 430 INF 317 0 141 INF INF 496 253 643 429 277 561 INF 678 733 617 779 754 INF INF INF 388 INF INF INF 540 INF INF 581 INF INF 186 INF INF 153 653 627 62 103 INF 736 709 692 INF 647 INF
273 107 INF 725 INF 692 177 INF INF INF INF 177 483 249 INF INF INF INF 242 577 320 228 736 530 180 INF 182 INF 433 341 88 693 0 INF INF INF 110 428 285 599 314 199 157 INF 485 626 224 360 739 212 69 488 499 INF 259 211 INF 431 746 INF INF 680 INF 470 181 INF 397 609 INF INF 639 633 736 531 581
INF 705 210 92 INF INF 512 433 683 358 171 INF INF 571 481 551 402 INF 688 612 549 540 217 582 INF INF INF 576 160 520 INF INF 142 0 INF 169 519 INF 494 654 314 409 230 305 132 563 279 759 INF INF INF INF 523 INF 285 521 202 INF 290 178 290 INF 93 730 INF INF INF INF INF INF 443 496 193 548 INF
601 INF INF 113 477 130 INF 258 333 INF 429 649 641 786 790 332 743 319 INF INF 723 652 582 INF INF 451 602 159 INF 490 451 607 504 381 0 208 INF 282 674 229 INF 433 248 INF 293 661 420 513 INF 632 657 344 662 228 198 253 546 491 84 129 580 482 INF 608 508 626 429 146 321 264 127 411 729 362 INF
INF INF INF 587 INF 569 INF 450 INF INF INF 512 188 48 INF INF 646 408 INF INF 462 80 210 241 INF INF 751 677 513 487 255 INF INF INF INF 0 700 220 631 585 636 384 INF 718 359 534 453 663 INF 396 754 250 INF 529 175 INF INF 573 INF 653 393 762 615 541 77 630 188 INF 299 489 INF 401 341 702 443
314 349 312 INF INF INF 116 428 622 549 INF 511 INF 443 231 INF 704 INF 141 500 391 218 INF INF 653 359 279 75 752 216 182 770 INF 241 667 244 0 331 INF INF 544 INF 662 121 660 205 670 INF 775 447 379 275 641 693 453 INF INF 501 724 333 200 469 667 752 INF 401 INF INF 696 INF 705 615 684 221 339
83 313 309 155 INF 449 515 INF 231 390 155 255 627 757 212 205 283 282 189 84 INF 266 118 INF 243 INF INF 183 630 500 INF 545 258 348 INF INF 113 0 155 INF 142 INF 329 665 736 217 INF 323 620 493 241 575 732 INF 226 516 716 INF 517 477 441 689 560 429 160 INF 355 151 INF 488 INF 329 INF 656 763
INF INF 232 563 INF INF INF 280 400 692 INF 70 277 224 INF 696 543 INF 128 504 531 383 189 327 INF 183 415 389 101 746 INF INF 148 75 299 612 212 INF 0 INF 427 448 INF 522 INF INF INF INF 69 176 520 463 INF INF 156 298 351 261 701 264 INF 240 483 587 466 570 745 304 154 117 694 591 756 INF 690
INF 480 89 533 503 INF 552 INF INF 207 165 722 INF 158 414 76 INF 709 598 INF 91 477 INF 366 INF 487 673 74 607 69 430 542 INF INF INF 424 519 535 635 0 561 198 352 INF INF INF INF 234 688 489 472 INF 705 491 761 INF 177 594 674 440 INF 385 INF 678 641 668 543 86 268 52 357 109 119 INF INF
569 INF INF INF INF 247 590 418 395 405 314 INF 452 INF 103 355 303 607 760 415 INF 116 593 INF 81 64 142 734 199 391 249 746 575 693 610 INF 556 185 659 134 0 139 487 403 232 235 518 241 INF 318 422 INF 126 713 694 625 747 INF 235 INF 698 88 286 INF 627 176 INF 760 139 533 INF 113 INF 386 342
765 195 550 139 154 738 INF INF INF INF INF INF 724 INF 735 INF INF INF 751 80 627 INF INF 526 397 282 INF 481 491 653 373 INF 205 209 494 INF 183 95 654 INF INF 0 301 689 128 452 INF 532 INF 348 592 751 INF INF 665 681 613 742 377 566 182 535 280 719 INF 471 304 INF 686 INF 73 74 INF INF 763
160 INF 347 681 602 181 166 224 697 636 281 186 INF 169 625 722 775 INF 433 464 172 592 INF INF 150 115 517 INF 598 471 643 222 538 461 INF 72 721 431 INF 717 621 418 0 460 736 INF 358 484 762 553 317 515 INF 700 INF 519 645 INF INF INF 318 INF 580 510 701 369 INF 569 561 INF 138 469 95 INF 96
48 INF 236 282 INF 284 INF 700 727 757 INF INF INF 582 753 INF 100 INF INF 416 155 INF INF 507 577 INF 765 365 230 112 313 86 188 INF 511 INF 726 386 68 477 667 229 776 0 668 83 INF 377 368 INF INF INF 248 INF 406 140 INF 335 INF 311 621 400 INF 657 INF 750 INF 62 213 INF 522 171 INF INF 231
599 INF 597 142 189 577 619 INF 214 323 638 576 147 INF 553 767 606 466 164 270 279 619 551 92 425 601 INF INF INF INF INF 264 172 472 476 INF INF INF INF 578 196 552 INF 106 0 79 735 130 161 INF 249 121 INF INF 751 733 249 INF 665 355 INF INF 525 707 INF INF 144 413 313 534 60 601 INF 377 266
132 147 INF 378 251 INF 686 INF 771 548 236 727 INF 358 240 587 95 447 406 229 INF INF INF 493 722 602 371 560 515 INF 201 85 INF 760 241 287 551 INF 253 INF 177 256 511 124 450 0 INF 345 INF INF 259 222 329 714 INF INF 666 INF INF 84 INF 625 360 498 504 417 274 527 328 INF 365 518 242 514 282
754 9 INF INF INF 124 43 371 129 399 208 INF INF 143 132 358 INF 474 INF 313 605 201 337 461 368 436 247 INF 479 413 709 207 433 479 445 INF 424 361 317 INF INF 630 719 676 INF 115 0 INF INF 744 746 618 660 660 365 730 INF 378 157 196 185 362 INF 270 262 515 INF 145 INF 642 INF 571 INF 542 INF
310 416 173 INF 78 INF 556 391 524 INF INF INF 162 433 403 648 220 INF INF 221 INF 746 89 496 281 671 INF INF 711 575 INF 325 319 582 INF INF 334 INF 79 536 729 648 235 398 691 657 243 0 649 540 633 INF 475 654 312 212 186 292 132 645 614 333 478 483 583 INF 675 INF 138 634 75 INF INF 285 64
INF 98 207 470 134 INF INF INF INF 100 674 186 220 160 294 681 INF 175 INF 274 765 INF INF 325 604 154 259 606 INF INF INF INF 254 446 717 581 INF 273 INF 660 198 INF 201 178 97 INF INF 252 0 388 250 467 390 702 INF 217 INF 678 219 INF 749 653 711 464 224 313 INF INF 290 INF INF INF 95 368 92
INF 219 430 465 INF INF 630 436 INF INF 158 498 INF 394 366 INF 468 221 INF INF 92 INF INF INF 455 624 506 462 230 593 172 INF 305 144 INF 685 416 382 602 198 INF 276 258 647 723 89 357 349 181 0 718 610 693 143 294 INF 296 622 INF 592 INF 599 INF INF 738 573 356 INF 187 INF 314 578 255 701 62
INF 572 472 INF 729 141 99 INF 641 486 625 666 INF INF 67 476 588 334 190 363 INF 558 INF INF 640 770 109 INF INF 300 516 90 174 INF 156 397 INF 447 INF 437 211 58 INF INF 544 INF 395 INF 330 570 0 523 INF 480 145 INF 713 631 658 548 582 INF INF 366 INF INF 153 132 INF 212 INF 252 INF 77 335
566 678 349 47 156 201 125 INF 205 62 544 INF INF 696 101 621 281 INF 673 93 INF 182 193 269 588 339 391 78 82 362 INF 559 579 523 INF INF 152 287 64 95 581 INF INF 83 172 329 416 508 279 588 714 0 486 INF INF INF 607 INF INF 68 694 INF INF INF 319 573 395 239 566 INF 589 261 INF 57 614
101 INF 548 565 139 555 370 INF 639 INF 633 INF INF 701 126 314 INF 102 513 698 INF 639 521 489 437 INF 82 INF 292 INF 332 403 358 126 INF 151 INF 402 154 503 549 370 267 143 441 218 94 INF 163 702 INF 259 0 227 237 497 184 INF INF 152 107 657 411 302 481 INF INF 730 654 INF INF 382 612 INF INF
638 INF 152 INF INF 141 533 89 153 709 INF INF 711 191 INF INF INF 733 INF INF 592 INF INF 242 761 484 INF 367 INF 685 490 118 INF INF 679 409 65 INF 255 INF 375 315 62 570 414 623 202 106 619 590 506 288 596 0 INF 129 390 712 115 403 379 INF INF INF 653 INF 587 534 294 INF 116 646 618 INF INF
167 214 650 685 531 INF 737 359 INF 576 INF 686 702 INF 350 INF 294 532 214 489 237 341 242 INF INF INF 233 140 INF INF 252 763 INF INF 765 638 INF 654 523 664 364 624 INF INF 510 462 407 INF 109 596 200 INF 581 551 0 630 775 642 INF 322 INF 414 147 759 346 274 381 INF INF INF 525 549 119 510 548
570 487 235 347 INF INF INF INF 204 423 226 INF INF 57 370 INF INF 506 INF 423 INF 133 INF INF 169 767 565 256 457 299 680 270 275 700 777 308 224 739 451 242 377 186 462 418 INF INF 237 217 214 INF INF 423 128 570 180 0 748 210 405 90 INF 379 735 INF 587 INF 626 709 167 662 90 778 495 INF INF
281 INF 112 282 INF 447 364 230 203 190 87 INF INF INF 623 769 261 677 INF INF 268 INF 478 78 INF INF 675 559 INF 504 INF 516 122 64 159 157 440 694 403 189 718 INF 487 581 463 556 282 376 INF 113 73 751 726 INF INF 247 0 626 INF INF 686 514 725 160 134 77 670 INF 208 698 171 INF 179 512 299
141 278 300 744 INF 242 442 70 88 762 200 725 98 114 149 256 486 INF 70 239 INF INF 389 115 425 489 INF 322 226 662 INF 230 INF 755 INF 251 368 INF 190 INF 322 657 129 704 INF 308 66 393 INF 717 153 704 431 409 644 639 248 0 776 310 INF 628 84 558 78 INF INF 757 INF 357 441 465 INF 339 131
574 INF INF INF INF 765 90 541 745 77 449 INF INF 713 518 395 INF INF INF INF 163 746 INF 124 76 701 112 80 INF 499 530 153 91 714 211 575 108 398 INF 203 191 INF 270 INF 541 INF 634 INF 441 617 512 341 INF 734 573 INF INF 392 0 591 486 519 114 506 INF 286 672 559 391 558 INF 567 532 375 248
552 INF INF 636 437 389 611 274 INF 426 696 103 INF INF 500 135 216 INF INF 67 188 491 193 456 552 355 121 228 445 553 439 637 730 INF INF INF 585 INF INF 599 775 INF 552 INF INF 374 INF 753 481 541 INF 95 531 INF 620 358 INF 173 INF 0 641 INF 407 409 INF INF 486 316 697 INF 142 677 768 448 180
155 256 108 296 741 731 INF 479 542 774 516 131 INF 50 733 777 701 596 INF INF 404 580 INF INF 656 262 596 INF INF 398 522 525 334 576 101 INF 297 212 357 189 683 742 INF INF 457 INF 260 601 INF 668 INF 581 INF 302 233 INF 601 208 295 78 0 349 332 161 413 INF INF 110 INF 270 647 INF 210 681 315
INF INF 597 243 153 INF 735 163 638 INF 551 152 251 444 INF 613 487 728 557 388 INF 72 754 INF INF 759 642 530 INF 506 INF INF 249 400 449 759 621 INF 741 762 615 587 INF 736 INF 528 INF 404 552 720 233 96 INF 180 430 INF INF 605 321 70 INF 0 155 364 INF 636 INF 455 521 458 347 403 147 INF 682
INF INF INF INF 575 638 INF 154 532 752 507 INF 527 INF 559 563 332 308 451 708 302 INF 69 589 676 86 395 462 424 538 INF INF 300 693 650 683 INF 421 380 201 INF 205 INF 389 INF INF INF INF INF INF INF 127 129 INF 362 227 487 343 INF 101 574 371 0 318 154 252 INF 428 315 223 INF 753 INF 544 INF
INF 664 78 768 679 82 INF 423 INF 653 INF 106 387 312 125 426 623 INF 746 INF 324 559 700 443 INF INF INF INF INF 357 INF 413 617 757 591 517 260 INF INF 416 464 755 186 324 319 463 186 562 455 INF 282 INF 355 INF 718 194 620 194 INF 314 701 INF INF 0 645 560 192 552 INF 691 INF 198 766 100 377
713 INF 521 758 758 689 274 76 536 78 286 INF 101 653 INF 693 510 INF 515 97 INF 604 570 INF 398 INF 469 248 658 450 595 536 766 143 INF 165 INF 329 119 523 INF 345 INF 268 272 350 373 638 315 414 285 55 INF 407 185 746 567 411 184 INF INF 709 INF 287 0 120 189 582 756 176 305 312 699 184 427
INF INF 708 INF 141 INF 756 147 700 129 568 181 492 INF INF 461 INF INF 487 702 171 515 INF 396 223 519 INF INF INF INF INF 751 716 747 INF 445 306 349 INF INF 104 INF INF INF 100 724 777 355 258 592 118 122 458 665 601 179 517 109 170 INF 525 380 377 577 185 0 739 INF 471 543 92 344 105 INF INF
621 263 INF 374 691 284 700 133 517 INF 268 709 INF INF 321 359 571 332 INF 80 583 619 454 192 123 273 240 210 INF 467 INF 94 494 394 183 378 649 INF INF 416 INF INF 497 143 518 INF 496 654 276 INF 520 328 INF INF 243 78 304 INF 613 INF INF 622 221 539 582 390 0 320 INF INF 642 INF 84 510 573
295 267 433 INF 355 640 311 467 211 INF 783 374 275 104 646 INF 188 INF 370 478 382 INF 726 68 342 396 244 663 375 561 418 292 641 INF INF 115 607 INF 422 235 557 277 INF 371 INF 388 561 698 549 INF 262 690 260 760 520 470 570 266 752 475 INF 502 301 356 INF INF 292 0 103 208 664 225 INF 610 274
87 228 INF INF 368 769 INF INF 616 INF 619 INF INF 598 56 678 INF 127 613 593 726 438 INF 346 110 240 INF 177 731 INF INF 291 INF INF 193 INF INF 427 INF 728 123 256 394 610 580 323 677 INF INF 722 INF 474 623 705 INF 356 590 INF 631 INF 91 INF INF INF INF 537 533 INF 0 INF 592 INF 431 239 652
INF 558 155 INF INF 663 611 INF 322 623 INF 249 672 355 430 452 INF 692 INF 157 INF 339 478 420 381 381 INF INF 248 778 394 143 INF INF 701 INF 191 362 265 INF INF INF 698 INF INF 774 INF 655 781 483 INF 558 167 126 597 620 INF 236 70 744 346 442 238 INF 178 498 426 347 558 0 INF 69 152 741 232
446 222 614 261 540 597 166 164 356 INF 439 INF 641 434 INF INF INF INF INF 169 INF 484 466 222 448 INF 110 687 678 INF INF 563 357 INF INF INF 245 726 234 319 INF 323 553 82 138 779 382 523 309 522 383 653 431 737 401 572 INF 425 235 594 713 INF INF 390 INF 572 INF 490 558 365 0 INF 578 125 669
174 47 91 628 INF INF INF 158 INF INF 510 107 INF 72 703 601 INF 295 INF INF 682 336 346 INF 681 159 665 237 INF INF 97 INF 413 120 77 INF 240 420 140 230 768 282 747 317 INF 520 330 313 INF 429 INF INF 571 240 596 INF INF 480 INF INF 200 INF 692 321 774 644 615 INF 653 356 267 0 266 182 322
298 INF 243 531 435 755 INF 338 INF 691 379 481 INF 653 248 INF 342 INF 52 238 INF 103 INF INF 753 INF INF INF 213 95 273 339 INF 417 581 INF INF 162 483 196 101 713 667 75 164 60 590 INF 526 INF 580 168 72 370 378 460 633 INF 117 132 INF 699 INF 350 705 738 325 INF INF 348 INF 482 0 INF INF
INF 194 INF 417 238 INF 54 627 363 623 579 INF 432 186 90 100 169 242 510 INF 560 604 397 INF INF 189 607 133 523 INF 561 752 INF INF INF 296 INF 213 INF INF INF 504 470 130 254 INF 556 206 116 255 INF INF 634 INF 588 INF 218 339 INF 662 437 428 INF 447 INF 253 INF 167 INF 57 INF 479 INF 0 667
335 633 INF 723 INF INF 257 INF 551 208 197 289 INF 319 INF 718 INF 116 669 455 INF 374 422 630 230 664 140 101 430 INF 486 356 INF 285 571 425 INF INF 721 INF 594 170 143 615 504 308 272 359 INF 404 INF 512 142 INF 423 251 597 570 INF 258 INF INF 194 416 205 442 INF 513 372 INF INF 109 597 125 0
