0 330 382 683 753 338 205 350 100 715 241 506 711 587 249 281 INF INF 172 410 768 468 156 203 INF 278 474 481 INF 644 403 383 783 INF 625 382 INF 548 INF 332 772 411 INF INF 110 INF 424 460 487 342 INF INF 249 162 167 247 535 161 INF 351 729 163 224 INF 766 190 62 INF
92 0 240 INF 197 155 66 364 INF 408 INF INF 693 698 352 496 INF 239 INF INF 272 158 INF 373 138 695 224 716 195 450 INF 377 INF 319 INF 553 253 185 179 INF 488 702 INF INF 266 379 INF 662 INF INF 456 599 461 518 INF 88 86 135 122 698 711 358 INF 95 238 729 697 446
93 478 0 347 INF 111 INF 766 719 437 680 542 460 648 243 INF 263 566 549 INF 353 INF 301 600 INF 598 324 INF 473 463 735 INF 737 156 INF 374 INF INF 706 INF 273 INF 437 INF 560 696 512 INF 764 INF INF 335 INF 536 395 281 INF INF 123 343 INF INF INF INF 386 INF 510 232
INF INF 191 0 INF 195 413 693 664 INF INF INF 506 394 616 INF 442 329 INF 342 INF 629 INF INF 619 754 INF 503 291 703 343 INF INF 570 INF 558 INF 526 235 268 118 447 INF 220 INF 312 INF 630 INF INF 423 INF 335 INF 596 218 INF 234 620 465 INF 476 INF 643 546 INF 668 551
503 634 340 INF 0 568 551 INF INF INF 588 443 INF 187 54 INF 318 761 551 600 574 INF INF 601 INF 233 480 429 373 47 718 INF 739 748 514 762 INF 719 264 115 275 308 719 461 570 303 350 INF 354 295 INF 362 284 INF 234 INF INF 408 630 INF INF 457 629 410 INF 628 INF 297
119 141 INF INF 223 0 INF 643 262 INF INF INF INF INF 221 771 194 384 341 106 326 682 171 429 563 573 597 339 477 418 INF INF 402 463 283 376 439 146 398 INF INF 328 153 249 84 70 649 213 113 INF 159 494 234 721 INF 335 INF INF 545 194 573 152 304 419 759 428 422 491
INF 402 478 319 INF 518 0 INF INF 546 689 83 714 751 135 730 288 662 463 INF 533 111 204 557 366 114 INF INF 695 99 728 762 INF INF 203 233 556 762 431 700 343 118 229 590 INF INF 134 INF 555 448 138 INF 260 221 140 521 637 559 INF 701 311 84 736 695 596 583 723 INF
INF 601 534 303 500 412 711 0 INF 721 231 518 751 INF INF 493 491 546 INF INF 731 170 INF 686 INF INF INF 118 402 INF INF 371 INF 771 342 554 136 776 666 INF INF 580 INF 295 523 583 95 INF INF INF 738 425 INF 411 INF 572 666 215 748 187 574 785 356 83 INF 66 INF 118
755 INF INF INF 164 191 355 732 0 INF INF 625 INF 333 81 353 INF 703 343 INF 572 INF INF 686 366 INF INF 537 626 137 INF INF 639 638 730 INF 771 INF INF 508 INF 688 INF INF 231 213 418 INF INF 303 INF 471 INF 665 205 606 615 INF INF INF INF INF 201 INF 340 166 731 716
408 INF 691 451 138 703 374 318 366 0 INF 737 INF 577 348 INF 626 292 762 INF 141 377 65 362 714 INF 379 INF 723 498 INF 411 514 INF 667 INF INF 376 98 645 593 763 766 479 INF 630 190 389 INF INF 417 INF 92 INF 371 469 INF 567 507 164 373 100 INF INF 240 701 456 765
626 INF 298 347 138 574 INF 308 INF INF 0 133 140 759 INF 654 INF INF 112 87 INF INF 79 730 INF 565 392 INF 351 523 562 758 INF INF 495 INF 332 125 262 INF 678 INF 348 125 INF 332 INF 656 INF 83 779 INF 587 603 560 372 428 249 424 277 102 INF 512 256 INF 424 100 INF
86 84 347 67 291 696 421 INF 58 506 264 0 590 300 510 581 INF INF 145 368 90 351 INF INF 325 393 383 701 562 696 750 515 447 291 INF 78 411 629 384 401 INF 159 324 676 INF INF 174 171 INF 166 671 80 152 663 420 INF 720 601 INF 506 INF 227 738 404 497 INF INF 412
INF 168 154 123 534 INF 743 231 516 718 270 INF 0 753 714 47 INF INF INF 478 INF 71 INF INF INF INF INF 581 415 298 INF INF INF INF INF 215 735 INF 747 590 INF INF 267 534 196 198 82 INF 468 302 INF 291 INF INF INF 591 157 INF INF 120 INF 581 497 154 546 452 INF 342
637 269 620 INF 346 361 555 403 192 INF INF INF 364 0 399 213 115 297 489 INF 683 523 744 193 585 259 246 INF 316 INF 510 545 INF INF INF 279 361 390 219 INF 205 298 423 182 417 508 590 INF 651 INF 456 340 782 429 INF 608 628 117 708 171 223 INF 492 576 INF 747 INF INF
INF INF 95 625 INF 634 INF 403 85 433 250 535 774 685 0 251 336 471 265 282 276 428 723 787 150 INF 662 555 562 INF 426 252 624 246 358 162 600 INF 482 699 162 318 INF INF 359 325 604 379 113 199 774 518 263 INF 742 INF 175 217 738 448 INF INF 73 INF 393 463 369 291
702 163 211 INF INF 293 479 480 393 INF INF INF 153 133 768 0 407 270 683 376 INF 128 293 INF 393 592 546 342 453 361 690 201 INF 229 750 785 700 223 INF INF 153 529 698 377 49 403 663 236 85 756 417 166 INF 468 647 757 745 585 147 349 425 251 122 INF 700 187 587 393
INF 554 115 INF 250 115 262 629 160 769 INF INF 714 INF 173 INF 0 INF 410 535 INF 546 INF 550 491 INF 681 417 126 381 725 INF 263 335 136 573 257 196 INF 760 614 INF 627 186 701 443 234 479 INF 770 103 INF INF 138 747 557 667 217 416 587 626 609 INF INF INF INF INF 177
543 295 274 506 361 INF 747 334 378 761 115 543 INF 434 215 407 468 0 INF INF 562 480 INF INF 268 640 INF 140 375 298 107 399 132 544 534 292 INF 376 460 INF 200 320 227 486 728 91 INF 489 324 INF 193 INF INF 286 412 382 473 151 460 640 120 81 611 463 INF 268 INF INF
INF 280 279 497 314 433 INF 240 296 551 458 712 487 INF 730 414 634 INF 0 INF INF 380 431 433 239 748 644 200 INF 136 297 410 552 568 234 INF 719 392 720 770 INF 481 INF INF 205 531 INF 658 70 INF 305 INF 219 615 405 380 765 INF 405 114 625 INF 73 784 555 INF 284 586
249 305 699 298 419 107 140 INF INF INF INF 517 76 INF 421 269 541 INF INF 0 317 322 747 INF INF INF 207 INF 217 344 421 678 398 INF 119 693 INF INF INF 325 620 INF 732 INF 450 190 489 249 430 106 258 521 509 149 INF INF 619 571 302 591 525 INF 765 705 INF INF 122 621
INF 496 INF 525 96 INF 376 745 INF 193 735 604 INF 433 INF 86 INF 94 614 500 0 447 615 269 535 433 665 INF 192 177 283 551 690 INF 698 243 83 271 723 INF 228 130 INF 520 365 538 630 298 514 55 INF 416 94 INF 643 714 INF 602 INF 606 496 465 523 201 INF 524 718 INF
140 INF INF 568 628 667 403 INF 272 INF 151 186 303 680 68 INF 157 80 454 143 INF 0 312 INF 94 415 92 367 INF INF INF 528 583 469 350 130 207 INF 614 439 496 492 384 636 154 475 126 55 503 INF INF 395 185 217 337 665 617 326 INF INF 679 177 166 742 114 INF 293 430
INF INF 712 484 554 INF INF 303 461 568 INF 277 640 98 INF INF 776 133 INF INF 100 INF 0 INF INF 453 447 772 INF 662 604 82 382 258 697 624 315 INF INF INF 513 INF 767 79 515 INF 470 325 INF 738 394 500 726 463 173 393 INF INF 176 INF 535 INF INF INF 80 430 67 INF
INF INF INF 246 INF 622 681 INF 539 118 INF 242 356 INF INF 483 INF 87 INF 130 144 529 645 0 316 751 INF INF INF 554 INF 241 INF 82 730 388 179 INF 694 453 565 363 INF INF 752 360 INF 104 73 111 INF 126 112 272 624 INF 72 412 126 INF 226 502 INF 98 84 INF INF 317
INF 660 677 586 456 656 561 733 736 INF 110 INF 710 INF 664 INF 149 377 640 684 110 254 130 363 0 INF 571 248 286 214 INF INF 681 131 260 677 448 INF 417 INF 309 438 166 INF 526 78 660 688 145 INF INF 770 106 171 119 182 554 INF 140 INF INF 166 INF 254 71 INF 346 603
564 385 INF 106 722 233 577 436 725 492 INF 750 177 287 108 INF 592 384 535 INF 458 715 154 617 281 0 INF 650 516 648 INF 60 INF INF 720 657 114 INF 146 INF 216 114 INF 572 660 INF 604 520 727 293 INF INF 655 636 166 INF 586 INF 179 387 626 INF INF 576 737 112 284 654
INF INF 280 280 143 308 385 654 293 503 473 INF 759 INF 160 INF 607 INF 591 INF 626 487 92 351 INF 533 0 138 430 375 INF INF 440 630 488 388 288 231 INF 422 INF 644 279 INF 102 473 673 INF 341 INF 703 329 137 INF 395 681 288 INF 646 INF INF 772 137 53 INF INF INF 457
379 INF 621 INF INF 137 516 606 751 618 INF INF INF INF INF 287 INF 356 INF 594 304 INF 146 743 105 INF 110 0 179 INF 615 100 361 83 766 500 87 668 185 638 348 258 369 639 INF INF 530 266 438 393 432 475 681 407 631 578 705 416 260 664 409 INF 151 363 696 INF 708 725
137 INF 184 431 568 589 INF INF 160 310 497 93 INF 487 INF 227 395 124 192 INF 573 436 460 INF INF INF 634 292 0 294 139 368 210 731 159 INF INF 774 363 266 575 212 495 108 449 INF 328 388 INF 717 366 INF 624 INF 664 315 INF INF 686 133 INF INF INF 57 657 178 INF 646
527 INF INF INF 333 213 INF 474 INF 509 459 377 INF 163 273 INF 627 154 INF 758 INF 198 315 580 750 704 546 INF 300 0 267 INF 424 201 INF 181 535 INF 174 220 152 INF INF INF INF INF INF 457 INF 87 INF 134 231 329 INF INF 531 569 243 575 276 424 INF 401 615 523 668 INF
565 INF INF INF 57 174 619 427 644 283 203 390 INF INF 367 568 390 676 INF 184 198 180 738 57 INF 716 INF INF 596 343 0 431 INF 589 INF 691 INF INF 311 INF 547 INF 652 INF 468 277 390 296 INF 594 452 INF 383 699 675 556 INF INF 503 436 288 59 289 483 INF INF INF INF
351 662 311 543 544 243 710 91 INF 153 591 INF 281 757 INF 390 408 261 562 INF 752 INF INF INF INF 368 INF INF INF 350 406 0 762 713 195 708 INF 436 346 INF 565 INF 157 679 445 INF 87 INF INF INF 535 570 650 INF 644 177 INF 642 737 INF 331 671 498 235 297 128 389 INF
529 157 106 INF 430 722 367 769 296 INF 511 290 728 INF INF 665 644 405 INF 658 323 INF INF 671 323 728 599 INF 773 INF INF 736 0 774 160 INF 209 139 634 540 516 300 441 INF 545 721 754 761 582 INF 151 208 211 75 INF 575 383 412 676 335 79 INF INF INF INF 448 743 672
115 196 598 773 415 INF 173 INF 171 120 49 INF 73 INF 79 267 64 582 347 INF 455 INF INF 385 332 INF INF 558 702 655 INF 132 INF 0 673 771 459 701 359 588 217 481 302 557 218 156 352 393 156 INF 536 614 INF INF 549 175 286 765 765 679 722 736 195 INF 473 650 141 312
INF 569 647 INF 224 111 184 377 44 648 414 118 267 INF 283 389 673 128 INF INF 306 INF 390 697 243 134 726 395 396 317 624 INF 313 575 0 155 311 523 480 INF 147 INF 318 120 688 282 364 394 383 146 INF 711 700 INF INF 325 174 274 INF INF 56 283 INF 688 427 INF INF 391
412 INF 623 518 385 INF 105 INF INF 190 224 537 422 INF 139 INF 214 INF 472 706 475 73 55 INF 598 INF 355 587 730 553 INF INF 205 379 102 0 683 90 527 INF INF INF 250 595 687 683 602 306 179 318 INF 234 INF INF INF 107 465 INF INF 87 744 INF INF 534 657 739 117 490
485 728 INF 591 275 INF 577 INF 553 INF 573 INF 687 599 287 INF 364 418 INF 701 525 INF 720 324 439 630 601 566 341 594 INF 731 INF 641 519 726 0 761 104 737 154 271 435 222 INF INF 694 INF 410 INF 92 INF 141 167 137 INF 462 INF INF INF INF 692 676 656 186 INF 437 537
246 INF 319 INF 539 INF INF 187 609 351 INF 293 INF 718 INF 308 289 100 181 616 621 252 INF 609 655 INF INF 611 INF 599 INF 515 459 INF INF 220 124 0 INF INF INF 508 218 INF 535 568 426 617 231 433 777 519 142 669 606 404 384 667 INF 593 424 706 285 668 INF 491 675 424
381 INF INF 286 581 83 593 INF INF INF 58 INF INF INF INF 150 696 INF 406 410 597 INF 497 320 INF 96 108 670 197 286 INF 639 60 82 154 300 INF INF 0 250 INF 192 293 562 418 72 79 INF 740 INF 218 INF 505 192 713 152 710 204 224 761 INF INF 754 INF INF 55 INF INF
INF 565 382 INF 611 INF INF 364 283 599 INF 523 146 171 559 85 262 INF 552 94 232 629 662 102 183 241 418 685 INF INF 122 122 518 498 585 INF INF 708 INF 0 468 660 INF INF 75 194 623 273 740 140 441 313 INF 666 INF 294 593 666 INF 629 INF INF INF INF 162 505 84 326
INF 509 INF 739 286 INF 45 INF 276 424 112 728 327 689 312 421 531 666 INF 141 INF 715 51 82 INF 220 535 562 310 INF INF 254 592 INF 598 271 252 207 INF 769 0 397 651 INF 226 INF 378 INF 748 278 604 480 166 273 INF 511 461 746 61 721 289 INF 524 378 263 212 93 70
INF 105 72 110 724 INF 226 539 304 106 INF 487 137 411 482 606 297 INF INF 258 758 366 INF INF 140 485 INF INF 618 670 744 INF 694 480 INF INF 584 434 421 334 73 0 INF 721 INF INF 368 422 INF 565 361 588 572 INF 487 571 742 INF 687 703 91 125 133 259 259 218 514 INF
332 INF 261 INF 448 457 INF 447 516 422 INF 120 402 INF INF 149 INF INF 384 631 242 INF 760 INF INF 392 INF INF INF 466 453 76 411 228 INF 613 107 INF 416 520 635 INF 0 INF 509 754 INF 115 INF INF 617 364 409 INF INF 244 154 INF INF INF INF 177 INF INF 178 324 INF INF
416 481 151 321 626 539 438 INF 131 INF 732 422 INF 464 382 154 161 INF INF 135 INF 104 695 611 INF 223 304 68 45 589 688 INF 267 INF 67 542 475 INF 383 730 450 INF 468 0 199 INF 630 666 607 767 607 264 538 647 81 213 INF 622 INF INF 626 486 333 INF INF INF 209 593
INF 689 205 314 200 522 527 493 539 112 259 286 286 INF 545 287 525 INF 592 100 121 244 INF 504 219 288 INF 246 INF 755 146 453 125 647 445 255 635 INF 133 239 INF INF INF 222 0 378 INF 383 105 279 INF INF 528 INF 531 231 526 513 INF INF 430 INF INF 275 INF INF INF 514
INF 146 517 574 INF 293 INF INF 481 648 94 70 393 173 84 253 566 INF 275 365 INF 291 157 177 83 295 524 489 INF 464 434 471 INF 486 INF INF INF 642 INF INF 369 100 378 INF INF 0 323 471 466 759 196 361 388 152 562 INF 543 600 INF 309 INF 197 657 INF INF INF 207 707
268 523 INF 634 INF INF INF 633 176 INF 123 570 INF 168 399 700 INF INF 200 419 INF INF 468 303 209 755 739 INF 492 163 INF 314 477 INF INF 88 441 557 743 INF 726 114 550 INF INF 652 0 INF 284 478 INF 107 INF 572 INF INF 301 402 775 505 INF INF 353 INF 207 INF 327 764
342 INF 655 260 421 231 413 731 INF INF INF 692 INF INF 751 600 768 343 755 141 INF 502 676 INF INF 744 52 638 INF 200 667 589 590 680 339 INF 320 428 331 INF INF 645 680 INF 314 INF 582 0 555 INF 171 769 695 278 INF INF INF 444 INF 417 688 692 INF 172 187 INF 694 98
703 344 596 INF 517 647 INF 502 272 601 97 INF 212 99 642 188 97 INF 68 618 INF INF 358 188 INF 762 639 417 146 694 598 145 217 715 INF 728 69 150 INF INF 161 148 INF 522 215 316 400 176 0 619 INF 199 422 433 INF 618 111 INF INF INF INF 178 INF 678 INF 731 195 325
194 447 619 248 64 518 566 INF INF 427 190 INF 740 INF 551 569 668 581 663 763 354 672 INF INF 295 537 367 629 INF 91 177 634 INF INF 665 87 INF 83 72 263 479 300 86 491 367 508 59 333 368 0 609 315 569 429 644 403 104 530 365 INF 82 INF INF INF 477 295 266 INF
INF 88 190 166 117 181 376 INF INF INF 572 763 308 569 INF 753 66 433 388 541 429 395 276 715 INF 603 INF INF INF INF 223 672 INF 160 608 315 INF 677 650 INF INF 343 INF 335 468 545 INF 493 130 667 0 INF 173 205 767 431 590 451 229 INF 715 425 247 132 180 234 275 156
INF 653 INF INF 460 INF 327 552 INF 193 315 530 483 INF INF 625 556 INF 610 INF 79 608 INF 66 708 163 171 INF INF 595 528 617 695 557 66 INF 671 INF INF 291 333 650 INF INF 257 539 INF 275 INF 133 400 0 196 INF 314 566 697 472 696 INF 98 INF 213 503 762 744 673 INF
INF 348 INF 609 332 INF 211 INF 401 508 505 490 INF INF 503 363 554 INF 638 779 INF INF 127 73 72 375 INF INF INF 58 220 INF INF INF 409 INF 152 220 INF 738 170 632 INF 438 INF INF INF 466 INF 243 INF 288 0 743 INF 411 282 INF 183 INF INF 633 601 177 264 198 225 740
INF 595 704 287 INF 699 145 619 732 513 INF 112 142 641 279 611 701 634 232 INF 135 201 709 649 447 305 INF 264 722 INF 464 433 392 INF 294 525 INF 260 INF 493 410 530 INF 772 605 551 434 129 316 417 750 87 293 0 467 124 419 762 INF 359 INF 283 INF INF 265 484 542 250
706 744 339 191 INF 750 542 INF INF 286 134 111 165 640 246 INF 303 INF 193 655 INF INF 368 INF 285 453 190 181 INF INF 193 INF INF INF 446 555 434 749 534 629 705 INF INF 557 662 337 454 578 667 639 INF 285 INF 660 0 INF 719 INF 249 INF 735 601 INF 760 245 212 INF 489
INF 125 698 674 715 INF 708 75 552 677 449 563 546 616 110 692 540 96 269 76 INF INF 540 233 615 540 514 235 INF 102 INF 560 233 INF 438 407 700 593 277 INF 483 641 318 763 INF INF 503 371 635 INF 73 INF INF 274 318 0 496 INF 267 313 284 378 INF 69 INF 332 INF INF
388 674 347 INF INF INF 438 493 INF 406 243 INF 616 INF 81 358 176 70 593 759 535 292 443 INF INF 173 568 548 INF 291 671 INF 276 635 INF INF 130 412 77 INF 321 141 410 INF INF INF 661 454 INF INF INF INF 217 514 391 737 0 338 210 261 507 INF 707 INF 325 INF INF 465
359 INF 49 544 INF 74 INF 425 664 INF 458 249 INF 72 INF 134 412 225 735 524 449 578 INF INF INF 428 INF 358 518 408 INF 513 438 549 211 448 198 INF 744 611 INF 427 INF 337 161 296 746 INF 157 INF 157 282 736 449 267 INF 211 0 713 INF 328 544 312 295 696 571 300 368
195 526 208 159 216 279 424 INF INF INF 413 609 INF 658 300 461 INF INF INF 375 505 INF 481 INF INF 328 475 44 INF 372 140 629 387 586 544 517 276 INF INF INF INF 160 INF 354 39 112 730 420 115 170 288 655 766 565 INF 193 560 INF 0 224 556 INF 351 121 INF 640 201 217
INF 425 170 173 INF 501 INF 463 INF 139 64 351 303 616 485 683 280 558 100 749 INF INF 641 684 186 117 60 146 367 295 311 228 275 319 252 INF INF 506 135 INF 561 INF INF 195 458 INF 152 328 640 378 INF 694 INF 498 INF INF 752 187 INF 0 638 293 INF 366 401 429 338 613
148 81 INF 303 645 502 INF 501 INF 84 INF INF INF 124 610 INF 124 230 INF INF 448 INF 514 379 INF INF INF INF 97 INF INF INF 115 462 385 INF 404 258 133 INF 505 102 256 INF 56 740 402 642 INF 451 611 607 209 556 473 159 INF 465 283 320 0 INF INF 625 368 684 589 INF
475 351 140 593 368 740 204 650 745 193 596 INF INF 286 INF 762 271 708 441 INF 396 158 504 INF 224 INF 346 568 409 281 106 373 183 INF 643 INF 219 434 593 355 428 766 771 751 397 154 568 53 574 INF 100 INF 406 INF 717 614 346 INF 305 INF 728 0 INF INF INF 96 538 728
445 469 INF 267 91 INF 57 INF 225 124 372 INF 360 132 154 477 289 INF 424 548 709 93 530 622 INF 348 INF 325 226 368 INF INF 568 INF 63 423 INF 620 469 INF 602 340 430 INF 732 111 67 285 259 INF 467 257 INF 699 INF INF 93 481 606 518 238 INF 0 744 355 299 168 210
131 INF 619 552 INF 217 551 198 756 657 461 510 187 75 INF 124 367 108 INF INF 718 760 566 510 INF 205 289 418 503 141 422 141 93 168 323 201 363 203 INF 335 191 153 INF INF 287 572 INF 273 726 241 226 342 INF 690 INF 305 INF 159 INF 614 229 408 256 0 452 INF INF INF
INF INF 667 INF INF INF 397 514 674 317 59 INF INF 294 INF 696 520 453 646 720 INF 431 189 250 593 INF 281 378 INF 634 59 345 99 INF 265 502 INF INF 658 496 492 99 INF INF INF 85 INF 451 INF 196 INF INF INF 618 INF 659 139 581 434 INF INF 741 769 68 0 378 INF 382
166 82 91 224 466 110 601 498 258 INF 61 491 INF 667 276 190 182 INF 596 691 382 410 INF INF INF 204 231 INF INF 256 524 391 INF 202 INF 766 INF 629 INF 311 212 189 485 453 739 692 523 335 INF INF 678 553 INF 743 646 499 INF 454 446 423 645 743 152 119 491 0 INF INF
578 69 INF INF 77 INF 660 INF 539 745 663 62 239 INF 112 INF 643 722 338 681 401 690 INF 531 INF 665 290 164 INF 665 124 439 INF 508 734 INF INF 423 174 675 647 427 168 378 INF INF INF 737 751 310 400 136 INF INF 142 INF INF 538 631 INF 609 INF 108 722 242 421 0 69
404 105 INF 510 451 749 110 316 479 700 INF 251 390 370 234 INF 662 708 109 440 INF 225 759 532 89 535 446 INF 84 564 542 INF 445 INF 543 310 685 339 INF 206 INF 500 INF 316 INF 621 INF INF 164 INF 421 209 716 INF INF 480 109 233 244 511 INF 751 86 404 333 313 INF 0
