0 243 347 521 527 556 INF 437 513 742 INF INF INF INF 723 219 282 477 331 285 INF INF 377 662 337 427 793 499 INF 272 50 617 INF 723 INF INF INF INF 234 405 783 INF INF INF 612 73 INF 341 169 247 INF 574 INF INF INF 748 216 574 INF 481 INF
751 0 479 130 INF 440 443 686 364 351 INF 132 636 INF 493 745 83 379 510 691 INF INF 690 528 690 INF 588 INF 749 131 INF INF 732 INF INF 680 427 665 155 264 INF 125 INF INF INF 296 651 510 259 361 INF 177 544 INF 391 INF 277 187 INF 644 487
716 404 0 749 100 INF INF 160 143 667 INF 763 483 INF 395 INF 627 INF 96 INF 81 INF 209 INF 60 510 INF 704 510 INF INF 599 380 INF 117 395 INF INF INF 755 496 587 758 555 65 210 INF 445 422 135 INF INF 525 602 348 INF 582 INF INF INF 279
731 505 181 0 488 594 INF 453 754 543 INF 666 INF 670 402 418 268 262 260 127 INF 689 759 711 580 INF 84 524 182 INF 430 82 630 648 INF 305 771 INF 274 INF 401 INF 712 279 590 536 632 651 622 INF 513 646 502 461 436 685 589 535 705 163 INF
121 754 INF 760 0 INF 81 645 591 617 INF 288 584 657 INF INF 560 INF 729 INF INF 76 103 590 385 619 424 INF 633 455 144 561 121 310 76 241 133 INF INF 751 425 344 598 INF 360 454 INF 286 INF 300 253 88 INF 476 772 714 INF 258 INF INF 579
331 285 INF INF INF 0 252 710 INF INF INF INF 503 389 533 268 455 INF 725 737 484 462 387 78 220 124 655 INF 505 INF 572 INF INF 357 770 INF INF 146 770 INF 301 INF 704 INF 733 658 789 157 216 INF INF 521 INF INF 112 262 181 INF 692 199 527
256 INF INF 150 176 394 0 INF 409 INF INF 765 INF 578 INF 562 482 INF 326 368 412 527 521 INF INF 315 236 INF 351 763 194 726 INF 580 474 320 592 619 363 85 545 224 514 107 INF 421 473 384 152 658 156 INF 381 INF 123 331 INF 504 693 467 372
433 59 INF 387 408 326 281 0 532 143 193 539 292 INF INF 162 INF 566 78 627 356 234 INF 539 66 486 407 INF 584 INF 339 INF 458 98 INF INF INF 461 541 636 INF INF INF INF INF INF 367 INF 127 540 468 INF 350 157 568 613 774 INF 360 310 422
377 INF 699 519 379 425 277 693 0 INF INF 640 188 INF 713 239 138 INF 523 278 314 INF INF 98 162 INF 195 97 240 INF 157 317 591 INF 311 611 557 179 282 INF INF 226 INF 713 INF 187 INF 490 425 338 INF 588 INF INF INF 348 220 644 752 494 234
INF 169 143 207 474 576 INF 308 607 0 119 INF 223 366 499 546 INF 435 120 INF 100 476 424 139 676 443 INF 732 256 460 559 483 386 367 221 152 303 INF 69 109 INF 735 83 139 421 430 INF INF 502 252 165 291 INF 355 INF 149 INF 129 INF 127 539
INF INF 285 453 626 548 331 544 422 INF 0 287 627 INF 75 620 404 580 207 550 INF 667 65 735 727 INF 415 116 330 661 INF 694 112 157 446 INF 481 473 177 732 428 710 138 222 INF 71 717 74 INF 610 476 754 498 INF 745 160 121 400 INF 336 604
598 758 85 INF 49 INF INF 142 444 267 261 0 757 563 620 231 475 INF 257 519 713 173 INF 382 783 INF 661 146 477 251 557 INF 424 720 697 678 538 70 INF 425 INF 288 INF 100 516 680 225 634 672 213 416 676 143 INF 542 55 397 INF INF INF INF
715 INF 132 692 INF 318 163 528 INF INF 166 INF 0 538 719 662 INF 336 INF 619 731 INF 527 INF INF 120 748 79 INF INF 220 INF INF INF 493 496 570 INF 200 290 743 160 INF 587 INF 261 489 564 INF 259 591 392 678 INF 421 INF INF 550 575 340 399
708 141 691 INF 346 INF 712 637 297 713 293 385 INF 0 70 361 INF INF 724 420 INF 180 INF 466 362 101 146 107 INF INF INF INF INF INF 143 INF 767 622 INF 212 680 697 INF 367 480 366 663 597 207 INF INF 307 442 568 171 345 698 INF 774 451 INF
166 688 101 625 699 441 353 INF 90 510 421 INF 415 INF 0 551 INF INF 717 INF 611 656 126 INF INF 434 INF INF 584 300 INF 563 769 745 580 655 356 INF INF 551 756 540 INF 455 559 INF 628 73 INF INF INF 161 456 748 333 INF 352 297 150 382 INF
345 INF 659 260 INF 676 INF 354 591 346 INF 203 501 283 INF 0 INF 364 336 INF 264 348 134 450 312 187 291 INF INF 230 600 INF 281 116 452 INF 160 INF 70 662 710 INF 757 393 INF 524 544 672 INF 191 159 735 INF 658 159 INF INF 554 INF 488 404
INF 292 607 INF INF INF 330 393 510 376 INF INF INF 679 589 150 0 INF 234 INF 321 502 INF 773 INF INF 272 342 INF 254 278 574 552 205 409 182 413 702 INF INF 244 760 INF 134 INF 333 INF 218 152 309 346 562 INF 554 757 570 INF 664 508 203 INF
760 483 411 537 INF 394 650 78 189 510 108 INF 608 423 348 488 INF 0 INF 175 65 516 223 696 759 INF 295 INF 772 645 424 307 220 336 INF 657 INF INF 244 774 725 263 251 INF INF INF 262 511 INF 280 569 348 754 468 413 INF INF INF 620 706 82
INF 465 437 456 INF 571 712 248 552 366 INF 709 INF 365 527 INF 264 127 0 487 777 61 624 517 INF 412 612 INF 99 706 477 336 INF 663 318 INF 466 372 399 298 INF INF 411 INF 714 502 INF 64 293 514 690 INF 588 480 376 INF 347 314 376 635 83
INF INF 565 INF INF 92 225 442 INF 635 185 693 INF INF INF 352 INF 171 448 0 INF 136 INF 110 INF 522 729 INF 121 INF 63 310 676 INF 421 INF INF 207 INF INF 613 381 141 727 76 679 330 285 335 397 139 INF 54 159 INF INF 126 423 462 INF INF
578 INF 422 463 INF INF 338 382 442 570 291 237 284 81 INF INF 612 68 INF 268 0 INF INF 610 411 362 366 382 INF 245 73 556 143 179 572 501 226 INF 112 INF 591 INF 183 176 289 652 307 381 INF INF 771 INF INF 499 408 375 279 INF 263 INF INF
INF 450 145 515 263 126 INF 178 725 147 286 353 355 694 INF 612 INF INF 303 110 395 0 722 90 INF 505 757 469 INF INF 199 469 488 INF 504 509 350 265 751 INF INF 187 362 INF 439 88 355 INF 750 327 665 381 738 INF 609 379 259 214 INF INF INF
INF 442 482 702 174 93 INF 76 428 70 733 121 190 INF 580 456 582 716 160 473 350 627 0 530 INF 291 INF INF 490 INF 62 713 INF 434 466 559 INF 688 198 183 120 549 108 INF 505 INF 678 258 482 394 493 257 205 751 515 180 516 511 INF 204 633
327 131 INF 770 278 388 INF 664 461 442 441 223 203 239 531 109 225 261 INF 764 INF 275 292 0 INF INF 792 431 INF INF INF INF INF 528 451 381 666 86 422 144 INF 441 173 679 INF 86 INF 284 85 356 693 186 769 INF INF 388 INF 479 307 INF 350
INF 252 438 359 INF 349 228 INF 276 556 380 INF 396 540 756 INF 438 428 619 393 178 348 410 253 0 697 406 756 181 277 INF INF 109 710 125 721 INF 580 518 INF 131 INF 405 589 INF 699 501 INF INF 206 443 588 118 408 511 INF 596 329 565 268 INF
INF INF 242 208 647 INF 440 497 136 457 644 287 577 541 INF 201 INF 739 INF 732 INF INF INF INF 446 0 INF 83 770 605 INF 523 166 226 697 INF INF 206 456 177 450 INF INF 114 287 564 687 INF 518 556 INF 245 291 INF 653 INF 378 529 INF INF 701
123 524 710 767 533 INF 157 746 400 INF INF INF 353 659 INF 524 125 INF 734 INF 684 171 218 INF 445 766 0 251 537 84 562 500 INF 170 374 138 702 124 480 INF 602 INF 202 INF INF 298 463 195 280 511 INF 606 666 669 INF 88 426 INF 459 287 INF
INF 486 INF INF 121 260 374 643 322 305 INF 438 600 126 699 INF 500 INF 664 597 INF 246 758 542 748 278 517 0 406 INF 282 347 INF 56 140 INF 125 503 538 INF INF 658 INF INF 318 258 INF INF INF INF INF 371 452 219 782 INF 172 415 INF 665 404
INF 343 420 283 373 INF 409 512 702 75 361 657 246 721 708 INF 342 INF 238 89 469 179 INF 492 707 INF 110 INF 0 296 674 INF INF 391 INF 259 327 365 INF INF 128 522 107 412 543 INF 302 INF 625 218 719 358 685 327 575 688 206 676 717 643 365
420 INF 251 INF 731 400 INF 147 370 385 587 255 534 221 INF 179 341 106 408 555 303 82 388 444 146 INF INF 423 INF 0 341 INF INF 327 INF 243 486 718 75 124 401 228 INF 266 177 760 526 INF INF 657 99 195 192 INF 202 572 INF 533 340 INF 162
744 388 308 179 774 637 611 285 574 625 INF INF 588 INF INF INF 767 493 INF INF INF 636 INF 744 350 339 74 217 431 INF 0 456 INF INF 195 575 INF 379 566 639 448 INF 503 261 223 INF 661 INF 222 500 INF INF 152 INF 588 INF 609 571 INF INF INF
INF 433 773 INF INF 289 INF INF 591 538 INF 199 183 INF 714 262 INF 419 626 374 192 355 392 INF 590 602 73 506 641 INF 544 0 499 356 742 INF INF INF INF INF 441 429 INF 466 591 730 335 INF 307 122 INF INF 393 INF 329 119 446 INF INF INF 222
591 761 509 675 INF 359 532 258 218 54 231 192 659 503 736 483 229 713 690 288 677 597 382 INF 344 INF 308 454 INF 556 INF 221 0 551 59 582 203 347 INF 193 INF INF 488 INF 490 644 148 219 567 266 670 488 508 280 INF INF 740 INF 211 630 430
753 82 INF 424 INF INF 464 421 INF 118 409 INF 629 444 479 484 616 318 INF 641 90 681 INF 139 INF 536 231 502 291 416 INF 597 613 0 INF 778 INF INF INF INF 412 INF 412 INF 461 INF 196 82 732 499 627 624 704 479 608 300 387 607 599 166 INF
INF 614 281 INF INF 158 107 INF 670 214 93 678 INF 760 64 INF 631 INF 365 288 698 787 424 229 INF 350 93 INF 188 474 INF 228 728 INF 0 404 766 727 660 512 151 INF INF 327 296 415 661 INF 480 729 638 308 209 299 INF INF INF 352 546 201 123
461 554 244 314 211 INF 483 INF 153 INF 597 411 698 INF 171 279 658 100 129 626 354 484 687 648 INF 127 145 125 660 400 633 288 62 139 181 0 645 129 INF 535 INF 397 332 INF INF 481 83 INF 716 87 46 583 612 596 246 INF 578 663 412 183 481
279 306 283 570 705 641 67 50 302 INF 259 INF 423 368 INF 748 INF 107 235 75 INF 118 INF 591 63 479 489 INF 409 INF 447 469 755 745 768 361 0 INF INF INF 77 628 INF 598 599 339 INF 566 INF INF 484 INF INF INF 188 460 512 INF 133 464 260
695 263 577 415 320 INF 327 560 486 642 751 INF 97 172 398 635 361 703 175 128 372 203 342 442 365 INF INF 251 222 535 INF INF 196 INF 404 INF INF 0 INF 221 INF INF 689 334 101 INF INF INF 262 INF 780 607 572 678 INF 102 120 INF 514 85 INF
528 267 780 INF INF 716 366 INF 454 202 383 INF 530 INF INF 196 478 INF 715 178 218 INF 308 78 697 753 640 470 721 656 298 223 133 INF INF 483 749 INF 0 671 INF 496 INF 361 461 INF 780 353 INF 727 INF 214 INF 500 563 INF 455 732 259 INF 611
INF 597 INF INF 97 INF 389 446 441 516 505 INF 392 649 552 270 INF 545 515 419 564 INF INF 642 487 443 INF 101 244 INF 164 INF 423 231 INF 559 446 678 INF 0 INF 471 INF 668 89 680 INF 583 INF 283 INF INF 236 683 INF 587 159 670 636 363 INF
696 364 INF INF INF INF 702 142 350 742 51 731 377 189 478 656 171 163 INF 520 INF 327 430 INF 519 206 661 526 110 654 INF 676 INF 254 101 260 667 282 488 766 0 767 INF INF INF 454 102 INF 290 INF 156 INF INF 443 INF 363 524 INF INF INF 739
268 250 414 183 713 658 INF INF INF 486 69 INF 582 155 245 628 INF 570 INF INF INF INF 350 INF 570 INF INF INF 561 INF 259 556 177 INF INF 353 310 INF 153 541 81 0 277 436 490 567 790 757 INF 706 327 561 INF 313 301 727 312 INF 278 INF 686
INF 298 288 533 INF 540 729 626 INF 643 583 213 92 199 310 631 INF 613 517 60 180 INF INF INF 466 535 INF 751 430 763 461 703 749 419 INF 270 INF INF 288 609 339 136 0 INF INF 101 640 660 704 138 263 INF 670 694 322 INF 634 INF 624 606 603
INF 288 302 688 750 135 672 INF 165 INF 570 INF INF 170 626 88 366 602 521 613 548 118 687 386 110 INF 651 333 703 261 417 713 INF 199 659 312 94 INF 434 702 610 INF INF 0 144 611 333 INF 565 559 724 INF 302 INF 757 534 INF 316 463 INF INF
INF 661 304 INF INF INF 338 687 577 411 INF INF INF 763 518 INF 358 INF 695 INF 668 INF 214 433 692 192 272 688 620 INF INF 651 679 INF INF 264 420 442 INF 620 INF 75 214 207 0 283 774 217 INF 317 78 355 335 541 108 203 382 INF 440 672 277
278 347 INF 718 572 85 276 197 618 307 561 589 214 INF 66 INF 656 INF INF INF 354 528 INF INF 328 INF 363 INF 162 654 INF 137 516 759 504 INF 295 151 247 429 312 145 INF 645 252 0 INF 336 602 INF 457 INF INF 304 738 583 298 457 584 689 INF
708 651 546 656 690 175 73 INF 768 607 INF 233 160 331 409 639 INF 350 624 INF 171 569 158 559 160 199 457 168 198 724 594 731 205 INF INF INF 606 280 INF 579 462 546 514 129 405 158 0 144 620 157 INF INF INF INF INF INF 117 600 INF 499 254
248 583 101 451 317 420 99 28 INF 536 396 INF 403 109 583 718 709 726 INF 480 266 539 771 468 INF 60 278 INF 715 561 662 INF 388 INF 371 395 200 INF 372 326 43 INF INF INF 314 INF 278 0 INF 545 443 155 446 491 425 INF INF 467 INF 222 217
479 INF 218 678 INF 448 203 686 305 INF 51 529 460 736 182 INF 660 670 519 INF 631 775 570 403 84 585 INF 436 INF INF 334 329 208 529 INF 421 638 162 281 91 563 INF INF 366 INF INF 732 527 0 INF 704 INF 350 300 756 INF INF INF 621 INF INF
417 65 461 592 346 INF 167 INF INF 454 265 INF 203 682 INF 534 338 142 589 INF INF INF 673 650 494 126 326 198 201 470 INF INF 432 446 INF 332 444 666 240 89 345 67 110 124 277 65 INF 760 INF 0 148 503 352 622 INF 248 290 INF 684 681 293
407 303 518 323 739 INF INF 346 531 416 519 610 656 481 INF INF 657 INF 362 630 INF 170 274 605 206 736 INF 354 INF 748 INF 739 INF INF INF 81 258 INF 659 502 INF 726 96 INF 359 INF 116 INF INF 137 0 204 INF 686 138 741 206 INF INF INF 649
45 INF 718 112 646 INF 239 158 601 323 111 258 732 698 INF 96 INF INF 612 INF INF 371 514 INF 366 INF 339 INF 678 660 172 323 139 764 230 144 278 607 72 393 377 INF INF 721 246 726 655 250 701 468 INF 0 INF INF 161 325 621 279 129 92 85
INF 607 INF 181 247 208 358 INF 670 INF 709 628 543 614 721 INF 730 355 359 304 155 626 708 INF 691 INF 140 INF INF INF 481 INF 68 536 632 199 763 438 216 INF 193 INF 171 INF 589 INF 442 79 82 743 INF 728 0 547 413 INF INF 92 INF 515 276
414 INF 125 608 362 737 INF 475 INF 716 720 INF 253 87 INF 94 INF 378 102 656 249 INF 474 INF 281 746 311 INF 90 INF 179 103 INF INF 269 420 INF INF 470 268 INF INF 180 INF INF 328 685 362 INF INF INF 678 407 0 255 74 INF 50 247 262 350
611 254 INF INF 438 INF 634 687 INF INF 607 179 INF 195 93 414 502 454 INF 750 INF 89 252 528 712 INF 770 760 774 339 103 508 INF 364 507 265 445 INF INF 475 INF 648 344 INF 89 INF 190 508 INF 461 INF 400 424 251 0 INF 76 INF 519 271 477
268 INF 151 622 INF 715 INF 546 INF INF 395 297 223 350 596 440 581 492 597 INF INF 557 176 510 INF 75 766 449 429 639 267 54 527 455 475 INF 68 261 631 217 104 INF INF 296 666 750 71 INF 492 147 275 INF 463 56 INF 0 720 739 370 219 291
INF 422 758 372 250 212 623 169 INF 636 383 363 363 298 INF 575 334 605 721 384 569 269 706 INF 592 INF INF 753 INF 198 INF 726 439 177 239 333 INF 768 216 539 271 INF 304 155 87 278 733 256 71 649 INF INF 418 INF 683 260 0 107 INF INF 146
364 114 401 INF INF INF INF 754 INF 266 328 INF 502 520 401 271 136 176 152 396 734 247 INF INF 577 274 INF 97 INF INF INF 693 INF INF 352 356 391 518 INF 630 116 INF INF 567 INF 289 517 INF 56 INF 765 INF INF INF INF INF 400 0 277 306 72
INF 151 505 460 536 348 631 625 405 568 132 155 715 735 INF INF 681 270 98 INF 649 558 107 INF 420 180 284 183 386 INF 475 INF 684 371 559 INF 700 INF 628 120 458 748 INF 640 250 240 125 228 108 355 INF 451 191 403 140 INF INF 270 0 96 INF
101 110 728 758 72 93 INF 58 739 265 121 376 INF INF 525 INF 220 134 INF INF 682 160 126 712 157 INF INF 376 INF INF 733 107 481 732 INF INF INF INF INF 211 729 704 INF INF INF 735 489 354 179 229 INF INF 143 253 260 384 INF 530 101 0 INF
INF INF 699 379 259 426 126 718 253 350 INF 161 112 193 132 INF INF 678 372 721 509 351 213 396 176 284 INF INF 271 100 748 199 112 575 344 694 724 663 458 474 238 483 420 272 299 278 321 INF 722 644 INF INF 329 INF 474 615 INF 377 INF 131 0
