0 INF 418 604 167 268 376 453 143 150 421 507 INF 525 INF 477 INF INF INF INF 755 485 342 403 719 142 659 350 260 INF 386 631 210 260 INF INF 124 INF 325 418 134 391 INF 119 756 190 INF INF INF 275 210 315 INF 208 INF INF 458 642 319 INF 617 INF 266 729 595 410 77 544 243 708 580 INF 660 INF 261 329 INF 138 INF INF INF 108 623 342 169 603 116 INF INF
INF 0 339 INF INF 577 174 INF 176 58 365 101 757 682 601 INF 339 618 143 INF INF 253 585 227 INF 407 INF INF INF INF 619 85 509 665 INF INF INF 752 INF INF 97 256 569 397 323 INF 395 228 INF 702 557 503 706 INF 734 212 150 INF 646 INF INF INF INF 349 654 495 INF 302 INF 730 397 416 283 INF 775 140 595 INF 544 618 270 751 INF 699 INF 677 INF 380 154
507 481 0 289 383 773 679 92 INF INF INF 216 205 356 417 179 316 INF 361 INF 215 767 472 INF INF INF 668 286 78 333 INF INF INF 604 708 612 137 754 439 619 72 INF INF 252 652 INF INF 681 101 425 705 455 INF 435 770 651 658 728 INF 701 534 INF 745 INF 620 379 INF 161 INF INF 662 102 INF INF 698 278 125 633 254 INF INF 543 103 INF 767 384 672 INF INF
225 INF INF 0 730 639 344 596 186 INF 622 INF INF 346 409 417 133 724 645 INF 74 566 INF INF INF 417 460 667 403 758 396 114 319 689 INF 306 INF INF INF 756 193 753 636 370 750 73 783 186 157 INF INF INF 287 INF INF INF 575 594 INF INF 82 233 INF 604 648 INF 169 56 INF 116 547 710 466 539 98 331 INF 214 94 241 647 663 266 764 685 637 402 INF 83
667 151 170 461 0 INF INF INF 623 603 414 652 235 INF 575 INF INF 736 INF INF 529 511 258 695 541 640 INF 715 397 INF 214 411 INF 339 510 289 655 703 INF 688 INF INF 101 253 555 282 634 66 INF 598 278 INF 319 241 INF INF 242 271 235 INF INF 313 INF 674 698 INF 277 337 604 484 INF INF INF 263 INF 122 INF 159 INF 684 72 98 85 136 175 256 180 725 INF
573 345 145 74 63 0 INF INF INF INF INF 315 INF INF 773 302 210 INF INF 483 266 564 449 487 307 189 187 86 INF 163 547 481 774 73 766 89 116 692 510 633 612 177 555 482 INF 358 376 225 INF INF 87 489 688 INF 291 INF 323 342 INF 766 456 INF 181 205 INF INF INF 277 82 330 652 INF INF 760 147 144 INF 739 408 490 INF 453 466 INF 344 INF 235 487 503
401 INF 677 637 INF 504 0 183 737 472 331 INF 723 320 201 514 683 563 621 INF 662 581 98 INF INF 420 165 578 509 600 771 70 795 INF 160 499 168 253 683 133 314 405 609 431 297 171 403 260 574 410 116 453 232 INF 193 189 INF 433 520 113 INF 709 220 418 135 575 INF 92 709 165 INF 287 INF INF INF INF 570 INF 328 664 615 580 INF 427 464 588 444 133 495
INF INF 609 INF INF 207 294 0 108 591 776 INF 354 473 INF INF 600 170 548 426 INF 302 522 457 INF 178 509 778 96 672 INF 481 453 179 715 487 289 694 716 406 INF 410 481 INF INF 419 183 111 472 343 158 INF INF INF INF 498 108 346 326 102 397 455 INF 190 309 INF 289 525 450 379 115 732 598 INF 615 76 INF 182 391 284 INF 747 INF 190 INF 107 505 353 657
200 INF 68 INF INF 538 INF 119 0 INF INF INF 263 INF 358 305 440 189 INF 452 154 INF INF 35 112 160 271 686 INF INF INF 586 736 INF INF 565 389 107 INF 461 453 383 172 271 INF 556 INF INF 579 328 512 248 522 228 410 671 133 INF INF INF 321 345 188 INF INF INF 712 565 268 64 286 480 INF INF 698 INF 767 INF 148 INF INF 639 INF INF 442 507 162 268 490
688 433 INF 632 362 620 119 512 286 0 INF 484 406 728 739 329 545 641 528 411 INF 740 INF 77 188 INF 688 INF 686 444 667 237 INF INF 749 242 483 637 558 258 726 241 INF INF 622 INF 643 615 INF INF 181 350 556 INF INF 726 747 88 443 429 183 140 INF INF INF 688 663 275 121 264 INF 377 INF 743 66 176 INF 437 154 INF 641 INF INF INF 766 779 204 INF INF
181 INF 275 INF INF 631 INF 260 694 561 0 INF INF 770 467 484 61 INF 371 356 132 INF 749 217 169 INF 256 INF INF 310 706 443 INF 258 330 INF 203 613 720 INF 149 INF INF INF 182 407 INF 102 790 225 125 500 292 219 752 300 648 476 INF 431 389 215 INF 576 760 175 386 619 408 171 386 INF 61 526 267 INF INF 200 102 572 453 INF 138 403 258 INF INF INF 220
540 311 149 480 654 695 INF 281 INF 289 768 0 275 201 436 266 471 561 382 INF 378 628 705 INF INF 472 INF 349 INF INF INF 89 481 95 196 288 470 722 257 286 339 657 416 INF INF 711 216 705 INF 570 575 INF 297 INF INF INF INF 148 INF 380 749 329 119 INF INF 561 201 764 497 INF 687 479 209 180 730 340 202 178 90 163 166 186 278 514 116 725 511 664 87
621 INF 554 INF INF INF INF INF 113 538 208 INF 0 756 772 344 244 378 447 700 540 131 435 687 259 568 562 615 635 532 746 612 284 774 273 692 60 350 572 140 168 438 151 565 636 INF 95 601 84 313 382 535 INF 457 278 INF 465 366 INF INF 89 INF INF 666 356 76 589 92 INF 464 INF INF INF 624 405 230 363 INF 746 274 318 248 608 INF 285 INF INF 760 503
INF 330 672 581 INF INF INF 311 INF 354 316 INF INF 0 363 INF 660 712 INF 623 193 615 INF 291 INF INF 629 446 552 352 320 572 INF 105 115 293 605 58 368 663 230 162 101 574 157 345 195 58 498 176 503 754 586 563 335 INF INF 459 461 149 INF 224 303 160 386 639 582 INF 349 530 504 223 582 60 388 586 181 109 203 86 248 INF 294 INF INF INF INF 188 82
95 775 424 208 276 238 284 209 123 610 353 INF INF 304 0 INF INF 164 391 INF INF INF 617 531 472 225 INF INF 147 355 111 238 299 582 515 INF 278 INF 664 258 INF 515 764 311 507 751 144 308 356 749 INF INF INF 734 429 482 INF 458 361 92 417 418 336 502 378 128 INF INF INF INF 737 INF 779 INF 189 745 249 INF 503 INF 316 INF 147 679 767 566 419 638 411
594 151 241 INF 725 324 548 439 INF 160 207 122 INF 345 145 0 INF 681 777 INF 149 INF 709 INF 117 INF 736 500 605 553 458 714 772 INF 440 INF INF INF 353 536 179 364 140 626 451 213 410 INF 220 380 538 741 INF 773 733 INF 246 INF 780 INF 689 INF INF INF INF 110 INF 529 83 INF INF INF INF INF INF INF 629 280 500 510 231 190 363 364 INF 410 INF 99 563
588 220 721 INF INF INF INF 718 605 342 733 INF 540 413 341 608 0 238 INF INF 164 125 572 564 437 691 130 617 760 395 276 INF 89 INF 339 588 INF INF 385 717 408 625 215 INF 142 629 INF 486 434 594 639 715 367 523 378 632 617 INF 441 669 INF 586 571 531 INF 558 474 INF 520 62 633 INF 95 206 642 681 263 INF 623 92 734 68 85 215 180 INF INF 222 567
503 240 747 INF INF 760 711 617 295 503 87 INF 756 625 INF 188 646 0 336 INF 566 411 425 INF 333 310 INF 167 INF 516 272 INF INF 673 100 391 608 172 726 INF INF 465 INF 385 564 571 695 387 475 INF 662 INF 418 723 385 252 453 INF INF INF 727 501 INF 625 INF 389 670 134 222 254 342 INF 577 519 INF 267 INF 72 INF 756 INF INF 195 441 358 599 271 564 328
INF INF 546 717 INF 525 102 INF 632 343 763 532 INF 282 INF 68 536 186 0 317 277 403 INF 384 INF INF 675 705 228 219 224 INF INF 130 INF 560 INF 164 INF INF 222 433 150 264 258 INF 697 146 699 742 649 377 467 684 INF 575 439 INF INF 222 732 236 INF 259 623 INF INF 138 INF 435 559 INF 662 215 149 481 INF 88 INF INF 238 INF 538 511 638 INF 139 INF INF
519 696 254 512 456 INF 482 215 68 779 136 528 648 583 INF 699 180 INF 248 0 488 521 305 698 INF 222 381 INF 135 487 155 287 380 176 INF INF 711 310 658 INF 726 663 INF 675 472 INF 656 290 624 428 731 273 INF INF INF INF 119 349 574 271 INF 492 679 INF 544 429 INF 698 INF 335 INF 165 INF 741 INF 445 451 342 339 112 INF 281 172 143 413 INF 730 708 632
183 170 239 626 701 374 INF 74 760 INF 139 INF 316 INF 699 INF INF 160 114 INF 0 INF 624 622 465 INF 525 126 289 598 560 181 568 628 345 87 457 253 604 387 311 564 771 INF 731 INF 790 614 INF 144 588 364 192 671 483 INF 112 INF 600 224 217 113 211 749 101 351 644 99 89 INF 666 INF INF INF 263 356 127 409 INF 371 193 244 178 544 285 497 116 INF INF
465 176 667 456 735 80 253 649 576 353 393 498 INF 670 INF 263 581 81 344 INF 540 0 INF 564 INF 490 665 INF 434 INF 687 INF 599 INF 731 752 263 713 316 533 INF INF 739 226 675 763 101 466 INF 276 320 258 199 INF INF 642 463 INF INF 766 INF 669 214 134 159 INF 499 591 152 INF 121 INF 243 INF 500 INF 515 265 492 595 109 INF INF 269 INF INF 275 232 427
143 772 290 INF INF INF 208 569 INF 191 INF 134 398 173 179 649 62 486 647 INF INF 722 0 410 580 674 590 129 INF INF 220 INF INF 275 689 399 INF INF INF 81 64 INF INF 362 487 524 INF INF 211 INF 656 156 INF 661 562 234 351 314 768 533 119 INF INF 419 INF 557 416 733 443 89 563 421 309 499 INF 275 122 600 568 582 647 INF 380 115 350 INF INF 276 393
768 INF 256 746 INF 502 149 248 215 333 635 INF INF INF 531 468 585 INF 583 133 139 INF 205 0 318 684 421 160 INF INF 707 364 651 206 421 INF 423 INF 337 INF 768 499 INF 642 297 356 484 525 359 561 230 172 126 409 710 360 INF 731 67 97 129 INF 237 113 326 INF 617 65 INF INF INF 775 357 686 356 684 INF 203 INF 420 617 INF 300 713 408 455 391 INF 185
416 123 115 INF INF 287 154 168 INF 339 619 328 212 INF 726 182 328 566 INF 204 604 INF INF 645 0 405 93 INF 328 INF INF 167 INF INF 560 165 INF 335 639 669 763 580 164 363 INF 489 INF 279 501 353 INF 690 INF 290 INF 358 355 686 159 INF 502 407 629 757 466 INF INF 748 625 INF INF INF INF 359 INF INF 759 761 695 INF 693 391 342 INF 157 615 648 124 81
560 109 566 344 INF 267 89 INF 255 INF 635 551 INF INF 728 INF 688 348 747 INF 443 INF 256 696 INF 0 INF INF INF 246 396 244 481 241 776 354 INF 497 620 INF 231 100 356 INF INF 768 INF INF 593 340 68 353 596 496 699 536 273 305 INF 253 INF 484 INF 345 406 496 INF 395 INF INF 133 131 208 422 518 243 INF INF 382 151 INF 422 213 INF 596 545 503 372 424
151 450 689 INF INF 148 395 662 INF 707 327 INF 450 685 192 425 728 105 759 695 INF 729 654 346 INF 249 0 INF INF 516 409 114 483 555 427 INF INF INF 384 434 514 INF 656 INF 390 130 INF INF 438 196 INF 130 277 INF 452 474 53 340 207 738 762 354 786 620 416 145 INF 94 310 INF 184 INF 402 655 455 INF 615 INF 93 INF 624 247 642 440 332 743 380 653 620
735 97 605 393 659 210 INF 220 770 361 677 INF INF INF 303 192 485 245 571 INF 150 553 455 159 281 326 470 0 512 759 INF 407 INF 533 INF 279 661 INF 193 INF 574 758 476 242 668 496 INF 741 609 INF 607 127 228 643 269 726 213 293 INF 328 744 INF 82 INF 552 203 226 473 287 INF 703 277 491 INF INF 401 98 669 101 INF 465 79 776 INF 352 544 421 444 INF
82 505 763 INF 642 668 638 INF 277 INF 623 213 114 228 114 311 592 INF INF 397 577 INF 529 521 INF 627 509 569 0 INF 176 71 658 103 200 558 368 405 369 663 203 INF 383 480 INF 347 546 573 118 75 766 INF 75 697 361 INF INF INF INF INF 554 147 INF INF 668 INF 456 INF 625 INF INF 246 168 INF 639 633 763 INF 108 543 INF 480 397 663 332 371 780 INF 453
414 INF INF INF 275 420 INF INF 375 INF 664 117 511 INF 121 122 524 INF INF INF INF 711 INF INF INF 143 INF INF 252 0 235 785 INF 300 529 287 INF 565 369 INF INF 501 INF 616 512 458 INF 324 120 623 INF INF 560 INF 695 142 INF INF 238 472 185 697 312 657 INF INF 636 593 607 97 322 680 INF 742 475 731 205 120 INF 78 674 INF 293 449 674 727 INF 164 135
564 223 INF 478 INF 202 358 551 529 522 655 781 63 INF 441 94 90 666 135 INF INF INF 130 598 737 384 655 INF INF INF 0 287 INF INF 509 149 616 280 INF 331 296 425 124 490 91 INF INF INF 400 130 INF 699 659 INF INF 416 117 INF 319 362 INF INF 163 224 361 417 760 787 512 INF 292 INF INF 310 INF 744 176 INF 171 454 607 INF INF INF 566 303 127 723 INF
INF 464 INF 219 515 INF INF 370 INF 618 463 531 INF 485 309 700 391 368 INF 241 INF 214 INF INF 665 INF 779 366 312 599 INF 0 584 599 INF 374 119 717 94 632 159 INF 192 700 344 70 756 531 INF 481 685 201 INF INF 130 399 539 134 INF INF 429 INF 439 346 433 454 405 386 304 381 INF 80 INF INF 168 213 153 551 176 INF 429 588 240 624 649 INF INF 326 INF
73 732 508 177 195 550 INF 617 138 INF 162 INF INF INF 423 INF 761 748 208 242 INF 232 220 634 INF 586 INF 221 754 INF 372 INF 0 INF 724 INF 475 232 456 87 INF INF 673 365 116 243 346 180 250 INF 621 454 INF 486 INF 606 744 441 INF 171 529 INF 160 551 288 141 492 INF 630 144 771 465 542 552 426 225 634 114 INF 538 INF 131 185 INF 517 INF INF 453 INF
71 484 INF 669 313 INF INF 317 431 INF 528 654 643 408 407 728 INF 700 64 335 537 676 126 141 249 45 164 637 INF 514 415 67 INF 0 542 INF 250 343 593 470 INF 290 480 716 615 INF 370 534 120 587 327 464 604 319 INF INF INF 385 423 INF INF 732 INF 709 242 215 INF 97 INF INF 683 631 495 726 373 INF INF 267 162 328 105 581 77 483 235 368 649 300 INF
712 577 INF INF 699 INF 512 419 498 INF INF 93 729 INF 435 253 212 214 INF 656 751 147 139 586 168 INF 576 INF INF INF INF 731 655 646 0 728 297 INF 133 574 255 319 655 INF 462 753 INF 68 422 131 521 523 435 INF 335 INF 646 INF 96 INF 59 INF INF 63 INF 422 650 664 295 INF 277 713 219 445 INF 492 234 519 269 744 254 210 750 547 186 INF 273 INF 674
532 463 335 INF 233 INF 95 499 INF 458 750 713 137 575 531 369 449 518 543 766 658 INF 692 335 265 INF 783 INF 576 INF 265 324 600 643 292 0 477 387 768 INF 531 592 171 INF 412 INF 786 463 369 413 282 INF 425 104 525 INF INF 158 337 INF 175 297 382 317 475 422 443 113 476 583 134 INF 534 INF 418 499 598 430 724 INF INF 408 299 319 INF INF 193 INF INF
INF 261 132 INF INF 183 84 214 INF 384 INF 113 217 INF 619 139 INF INF INF 372 219 INF 663 138 INF 367 INF 76 INF 577 INF INF 292 INF 258 330 0 254 INF 223 541 712 688 INF 486 310 720 260 INF INF 534 694 440 83 290 INF 436 699 318 681 159 436 524 237 235 INF 165 667 INF 108 379 733 721 204 628 INF 388 INF 740 339 675 INF 325 774 266 765 INF 591 INF
INF 105 282 717 INF 72 632 768 342 INF INF 101 INF 443 INF INF 160 173 599 524 159 704 473 135 INF 705 547 101 INF 289 704 507 INF 665 INF 579 INF 0 770 163 INF 702 INF INF INF 755 INF 323 211 298 511 133 140 520 INF 114 217 205 509 INF 385 628 203 710 407 261 129 INF 415 INF 495 252 119 637 INF 651 442 785 249 481 81 INF 212 99 INF 333 INF INF 429
416 INF 637 245 165 INF 255 281 495 749 322 266 544 437 693 175 462 INF 194 426 727 148 346 483 692 INF 96 769 INF 96 314 INF INF INF 655 166 INF INF 0 INF 594 330 730 INF INF INF 651 INF INF 434 585 490 368 463 130 414 665 393 713 616 60 INF INF 369 390 464 620 INF INF 422 533 471 502 INF INF 220 290 INF INF 762 INF INF 618 INF INF INF 226 421 196
554 64 137 INF INF INF 381 647 689 246 402 711 184 INF 503 573 INF INF 596 751 531 INF 621 571 70 720 605 INF 134 770 586 794 127 71 389 462 587 694 501 0 INF 108 534 178 554 INF 758 429 INF 155 65 145 INF INF 739 INF 517 INF 119 721 191 414 INF 332 289 300 INF INF 667 207 INF 637 217 461 753 INF 725 INF 665 54 291 75 INF 119 422 535 492 76 358
646 685 INF 93 INF 615 116 293 636 INF INF 355 INF INF INF INF 309 571 INF INF INF INF 362 522 569 106 206 INF 258 182 137 709 138 399 INF 225 INF 412 INF 338 0 432 116 300 INF INF 633 310 645 INF INF 374 INF 637 555 509 106 596 299 237 540 113 622 INF 407 72 234 136 513 635 621 INF 221 INF INF INF INF 479 565 INF INF 482 515 450 704 634 239 112 376
INF 767 112 444 114 143 500 INF 676 477 349 172 INF INF 237 549 INF INF INF 213 INF INF 416 499 INF 591 INF INF 296 279 INF 426 755 713 68 INF 309 589 INF INF INF 0 INF 560 374 INF 759 638 572 INF INF INF 745 533 INF INF INF 367 215 436 INF 561 427 404 420 INF 726 INF INF 489 158 525 306 754 124 INF 664 INF 527 372 503 665 709 341 391 170 89 376 487
INF INF INF 367 80 519 137 INF INF 389 254 538 644 637 193 160 INF 186 INF 162 INF 620 622 INF INF INF 564 311 INF INF INF INF INF 227 392 INF INF 78 INF INF 767 INF 0 INF 522 460 135 306 INF 76 INF 660 INF 341 INF 491 541 485 667 196 687 INF 756 399 777 477 94 226 617 459 INF 397 INF INF 548 718 89 INF 536 578 746 90 725 INF 585 392 207 320 595
272 INF 268 744 INF 487 720 INF 524 231 191 84 INF 476 324 INF INF 336 540 INF 512 680 INF 301 INF 395 INF 343 INF 195 INF 221 145 INF 399 413 INF INF 666 255 167 INF 533 0 256 762 755 611 102 110 296 102 INF 763 558 INF 104 526 211 537 613 125 523 INF INF 169 776 706 202 INF 601 391 410 771 536 INF 545 259 INF 201 INF INF 575 240 315 INF 228 INF 606
INF 646 INF 526 416 INF 323 INF 463 180 INF 557 697 468 555 507 330 INF 621 INF INF 573 766 708 INF 708 INF 725 419 INF INF 113 INF 469 INF 457 681 100 329 420 INF INF 110 340 0 130 205 INF 341 INF 423 249 724 INF 212 671 345 615 INF INF 185 INF 708 INF 306 INF 107 417 INF 274 123 64 513 703 665 309 744 82 INF 401 330 574 INF 598 470 60 479 204 90
INF 524 INF 372 692 INF 268 658 681 551 360 757 379 626 355 178 INF INF INF 146 288 536 INF INF 776 193 654 INF 535 173 700 569 744 98 INF 326 INF INF 326 359 215 362 142 767 603 0 INF INF 72 445 266 INF INF 491 INF INF 481 188 155 442 453 727 171 571 317 784 INF 677 108 565 213 204 INF 368 481 772 INF 309 INF 488 729 236 INF 82 781 496 690 INF 443
INF 517 226 117 292 682 703 INF INF 196 336 706 738 84 356 707 128 497 INF INF 270 INF 384 697 INF INF 379 INF 480 530 226 INF INF INF 774 302 438 INF 441 454 427 680 325 INF INF 559 0 INF 166 645 519 470 248 506 INF INF 369 719 746 178 202 INF 504 708 631 534 669 INF 739 768 498 INF 270 372 579 727 INF 766 INF 523 INF INF 644 614 615 489 INF 143 INF
429 390 580 INF INF 246 717 202 INF 530 229 130 INF 551 616 662 INF 177 637 351 138 756 110 44 133 63 INF 176 548 112 371 610 115 133 684 585 364 755 INF 557 410 INF 381 770 INF 375 330 0 INF 718 148 INF 424 INF 125 INF INF 325 561 228 718 695 235 80 INF INF 773 362 INF INF 598 INF 483 INF 329 104 178 INF 710 547 246 357 357 115 INF 589 INF INF 680
569 INF 591 INF 307 INF INF 750 151 INF 212 346 423 INF 578 338 INF 589 330 INF 770 487 INF INF 755 381 332 717 442 699 649 118 INF 191 504 720 518 738 226 INF 80 INF 341 INF 292 INF INF 94 0 204 397 502 737 INF 732 369 217 519 INF INF 286 INF 185 128 INF 115 496 INF 70 106 50 387 INF 260 743 157 INF 181 INF 526 INF 628 187 INF INF 626 761 214 402
95 543 INF 456 214 335 366 211 508 155 INF 110 INF 718 281 706 123 686 384 INF INF INF 770 37 294 216 504 INF 573 643 INF 625 INF INF INF 612 424 541 727 675 INF 538 461 INF 339 INF INF 535 370 0 632 446 INF 668 INF INF 393 INF 417 INF 531 432 INF 738 681 271 328 493 193 142 INF INF INF 622 156 240 INF INF 404 298 194 708 267 384 755 730 INF 632 INF
INF 552 INF 359 111 592 728 513 304 748 745 333 78 563 623 372 345 INF 357 INF 631 321 110 156 INF 148 INF 388 68 474 269 INF INF INF INF 518 462 379 624 731 371 721 108 441 682 709 438 692 680 450 0 INF INF 588 217 599 INF 270 243 421 258 93 152 503 73 621 539 720 205 598 254 INF 126 751 458 657 571 282 583 80 INF INF 75 486 494 INF 601 676 INF
INF 142 467 169 744 INF 129 686 572 142 287 242 184 438 277 614 406 312 352 INF INF INF 460 74 532 21 INF 129 544 INF 693 108 296 406 328 464 INF 630 143 550 510 726 253 601 215 INF 53 103 342 INF 655 0 402 735 705 INF 321 INF 235 INF 433 INF 298 717 543 148 103 288 280 INF 126 322 649 651 256 255 581 189 INF 597 351 205 INF 326 710 INF INF 277 44
107 640 230 300 152 695 264 INF 571 INF 359 505 INF INF 252 INF 453 655 123 470 219 INF 290 INF INF INF 122 747 INF 202 546 381 119 545 INF 271 357 282 338 440 249 152 548 425 496 INF 723 INF 566 390 291 78 0 450 257 694 594 704 238 194 INF 338 167 INF 758 INF 406 455 485 685 167 285 255 220 460 460 702 INF INF 283 606 133 INF INF 752 723 550 INF 687
612 INF 112 INF INF 193 142 423 584 511 461 INF 672 INF 390 INF 562 INF INF 294 281 120 699 351 INF INF 669 INF 99 INF 754 692 INF 134 96 591 586 INF 147 406 727 525 INF 647 INF 626 167 419 721 INF 640 234 334 0 135 370 558 242 INF 644 511 768 586 692 640 163 244 386 INF INF INF INF 316 374 INF 390 INF INF INF 645 INF INF 148 216 INF 220 661 INF 52
316 86 INF 475 721 622 617 158 INF 579 548 459 INF INF 109 60 93 368 454 92 417 129 664 81 429 585 INF INF 696 INF INF 218 123 INF INF 422 388 381 637 652 INF INF INF 641 617 INF 275 INF 412 INF 505 70 INF 239 0 542 INF INF 614 INF 296 309 508 776 438 127 509 INF 606 INF 656 122 459 581 302 339 284 INF 495 595 INF 603 159 718 INF 177 500 113 332
68 143 708 207 INF INF 669 INF 417 209 INF 688 748 INF INF INF INF 164 734 516 453 680 INF 342 345 INF 625 236 INF 372 452 145 551 INF 65 102 417 290 295 355 331 78 INF 524 666 193 262 328 49 69 INF 397 INF 91 INF 0 726 576 733 394 324 731 123 INF 716 INF 343 698 416 566 160 176 668 162 193 178 188 512 573 366 INF INF 714 597 742 360 545 158 457
746 411 589 463 251 66 INF INF INF 112 334 249 334 172 INF INF 165 643 INF 647 432 INF INF INF 413 616 732 309 721 170 240 369 662 206 329 686 INF 288 166 INF 142 INF 606 387 165 766 115 626 INF 214 724 545 727 181 354 419 0 262 744 304 534 620 INF 677 768 263 290 INF INF 65 579 607 653 INF 79 314 INF 587 INF 757 INF 130 196 626 INF INF 185 276 INF
534 718 INF 649 234 326 INF 728 INF 49 INF INF 568 749 220 356 INF 80 116 634 328 137 INF 571 531 341 450 INF INF 115 INF 527 437 301 77 461 103 624 746 179 282 630 683 645 591 INF 630 335 668 762 499 INF 436 408 INF 472 INF 0 766 INF 85 444 492 733 451 452 192 328 549 168 117 409 INF 351 277 INF INF 649 130 INF 86 685 128 757 INF 695 566 631 INF
INF 443 674 INF INF INF INF 213 502 169 758 INF 247 366 511 INF INF INF INF INF 454 602 397 368 392 279 236 756 INF INF INF INF 486 INF 502 80 INF 324 669 271 464 INF 523 409 279 441 565 527 713 716 296 INF INF 163 INF 204 648 171 0 264 597 460 633 154 118 464 INF INF INF 643 INF 547 740 134 INF 644 650 782 310 INF 243 INF 538 65 123 INF 240 311 INF
359 573 773 254 314 249 497 271 126 593 INF 236 INF 536 698 505 683 377 617 INF 540 INF 298 152 199 577 INF 672 422 INF 165 INF 502 206 INF 77 345 INF 542 665 562 211 INF 430 114 643 INF 486 405 586 INF 81 547 432 513 INF 273 420 186 0 240 773 403 96 710 INF 158 697 INF 728 512 69 INF 203 559 238 80 783 135 INF 380 143 75 618 349 168 358 370 312
364 INF 351 640 569 770 INF INF 647 INF 583 INF INF 700 INF 143 219 INF 181 INF 765 INF 491 226 INF 728 82 287 769 566 371 700 292 244 INF INF INF 767 755 735 INF 210 INF 407 296 127 295 134 527 136 765 61 723 INF INF 190 195 INF 56 270 0 INF INF 155 INF INF 390 INF INF 743 749 724 640 755 591 INF INF 646 INF INF 197 356 INF INF 115 182 516 245 INF
284 691 369 INF 434 INF 467 185 INF 204 INF 114 728 638 INF 383 557 212 340 627 307 457 INF 141 369 596 558 361 INF 740 662 383 412 INF 84 664 INF 764 745 233 288 INF INF 503 722 INF INF 532 769 303 INF 131 479 592 414 607 482 220 177 INF INF 0 437 566 INF 700 335 527 551 INF INF INF 646 444 432 262 INF 516 INF 133 753 378 INF 418 INF 198 422 INF 174
INF INF 262 INF 200 239 562 331 170 INF 498 446 61 588 730 INF 294 638 207 591 391 609 INF INF INF INF 616 203 344 575 569 508 252 INF INF INF INF 95 464 572 124 INF 526 141 INF 470 300 462 INF 390 362 196 599 572 INF 502 283 464 668 220 INF 731 0 INF INF 237 315 767 293 INF 234 INF 194 INF INF INF 88 246 228 INF 134 323 INF 564 INF 574 590 310 103
774 INF INF 301 INF INF INF INF 287 223 515 395 461 372 303 479 440 629 660 636 373 287 426 249 409 150 INF 455 527 132 712 418 490 534 INF 282 635 482 INF 599 258 INF 60 INF 430 170 222 758 697 109 INF 471 INF 729 577 INF 686 388 117 579 480 INF 363 0 226 722 251 82 536 575 INF 95 477 521 INF 604 422 622 116 46 590 INF INF INF 409 INF 500 81 693
INF 576 INF 193 195 751 712 126 135 751 107 INF 528 69 585 483 INF 742 748 INF INF 59 610 589 238 298 712 480 INF INF 648 748 478 496 700 120 INF 157 325 213 INF 357 INF 480 279 459 INF INF INF 711 523 253 INF 740 159 758 INF INF 601 INF 771 503 125 358 0 548 329 INF 575 274 474 349 INF INF 243 728 464 INF 184 703 INF 629 276 182 605 327 96 175 112
192 INF 395 INF INF INF INF 572 INF 70 672 INF 585 INF 172 87 INF 385 266 INF 440 INF 691 253 771 173 INF 530 731 INF 437 749 545 660 706 INF 59 690 INF 694 385 513 536 INF 571 515 236 387 94 INF 581 INF INF 678 663 565 626 486 192 INF 321 INF INF 175 420 0 427 133 749 174 351 INF 421 INF 466 467 534 109 152 526 INF 454 764 141 773 484 297 666 INF
765 INF 243 INF 753 INF 591 INF 400 570 212 322 565 665 83 702 INF 758 INF 584 INF 205 407 450 491 440 739 INF INF INF 349 127 720 543 368 INF 388 INF INF INF 91 691 INF 573 675 INF INF 154 INF INF 419 775 84 173 582 536 476 124 86 INF 487 305 482 188 284 INF 0 467 INF INF INF 597 289 121 446 257 INF INF INF 345 357 INF 172 394 INF 189 INF INF INF
561 630 174 57 419 316 226 INF 94 357 602 INF 153 358 749 453 712 737 107 359 260 756 342 418 70 INF 210 121 INF 349 INF 304 475 INF 479 103 553 INF 332 135 754 541 509 483 INF INF INF INF INF 400 696 INF 637 513 191 593 333 338 INF 670 156 INF INF 320 470 INF 438 0 633 INF 71 471 176 395 INF 106 169 404 524 594 INF 496 664 INF 514 INF 506 406 126
605 433 260 604 554 233 INF 86 210 321 362 121 415 214 652 651 170 697 INF 293 574 INF 727 INF 784 INF 105 586 780 134 602 636 751 288 119 171 559 72 400 561 608 500 INF 689 INF 604 544 575 344 312 133 INF 73 648 INF 398 614 INF INF INF 481 INF 604 157 INF 203 INF 122 0 159 603 445 702 694 INF INF 578 261 267 INF 474 INF INF INF 507 143 84 328 602
534 INF 650 203 119 INF 436 INF INF 647 INF 284 289 156 475 INF 741 669 481 261 765 166 INF 503 INF 69 INF INF 585 542 126 INF 141 159 INF 390 510 176 696 219 178 595 INF INF INF INF 429 531 663 395 76 INF INF 672 459 637 INF 114 INF 426 473 733 73 442 222 173 219 413 296 0 641 547 INF 98 415 721 INF INF INF INF 768 244 INF 78 99 438 759 INF 244
INF 113 INF INF 328 351 690 INF 742 514 478 128 INF 136 622 132 INF 158 374 90 534 INF 62 INF 722 INF 760 217 252 INF 280 221 698 INF INF INF 223 742 INF 748 130 INF 72 208 85 187 573 745 INF 536 INF 151 697 70 INF 147 459 490 INF INF 405 INF 333 347 691 500 514 331 178 INF 0 INF 516 715 275 766 552 497 687 INF INF 377 76 INF 770 109 509 575 271
131 299 INF INF 190 INF INF 494 408 INF 99 257 INF 184 INF 197 INF 407 INF 177 INF 387 260 475 77 180 INF 430 768 342 INF INF 437 429 462 INF INF 667 INF 675 435 INF 586 527 INF INF 499 INF INF INF 563 INF 121 754 266 599 234 466 INF 619 409 761 INF 592 699 720 INF 710 474 407 669 0 131 INF 695 178 INF INF INF INF 139 INF 312 566 186 INF INF 359 369
INF INF INF INF INF 381 167 339 309 577 INF INF INF 377 417 679 418 549 INF 217 696 INF 306 553 INF 182 INF INF 712 249 195 350 INF 342 INF 711 173 188 176 636 78 682 724 INF 83 85 INF 165 122 730 403 99 INF 536 INF INF 361 INF 404 459 INF 290 INF INF 221 122 394 646 585 599 690 737 0 INF 273 INF 519 220 713 141 302 636 123 211 282 81 INF INF 543
129 INF 121 171 INF 170 579 INF 147 131 169 369 343 490 INF 55 INF INF 751 214 734 INF INF 579 356 333 143 85 193 659 713 697 615 207 210 INF INF 517 392 648 562 INF 146 438 516 508 INF 247 INF 668 760 732 INF 475 772 87 74 310 746 313 INF 642 464 INF INF 412 295 INF 175 553 418 INF 677 0 750 259 88 548 INF INF 127 118 625 76 INF 185 INF INF INF
727 443 INF INF INF INF INF 335 702 INF 619 INF 413 INF 229 INF 249 340 357 450 INF INF 227 387 534 114 69 462 610 INF 213 395 312 92 235 114 INF 522 INF 320 629 INF 702 532 214 458 403 86 147 INF 500 INF 306 465 180 219 407 112 607 INF 516 268 237 179 INF 258 265 537 INF 375 325 781 INF INF 0 245 341 343 643 431 113 175 INF 399 INF 257 167 INF 516
528 210 INF 153 INF 242 688 203 312 339 364 98 142 INF 263 484 767 655 211 579 383 626 447 504 INF 221 347 INF INF 648 341 755 INF 252 INF INF 249 183 389 462 688 157 347 542 INF 96 561 296 386 783 248 347 INF 770 83 711 326 140 INF 663 690 456 INF 716 734 INF INF INF INF 487 300 INF 535 123 INF 0 177 INF 216 INF 481 INF 120 98 751 75 684 INF 57
174 INF 357 INF INF 240 INF 551 285 118 INF INF 520 643 75 185 240 263 INF 643 INF 703 INF 576 INF 672 215 INF INF 675 275 377 INF 123 521 365 582 73 527 INF INF 678 INF INF 70 INF INF 456 639 INF 432 INF INF 566 130 438 INF INF 85 496 INF INF 540 210 326 182 114 200 543 299 INF INF INF INF INF INF 0 166 126 304 644 163 617 58 INF 446 265 636 65
577 139 65 774 76 INF INF INF INF 285 INF 335 144 456 280 770 404 573 695 83 671 459 690 412 493 INF INF 489 597 89 497 456 INF INF INF INF INF 326 INF 94 149 INF INF 776 488 104 INF 710 INF 679 216 785 680 325 INF INF 104 247 670 INF INF INF 411 227 INF INF INF 489 171 INF 542 117 273 INF 772 151 725 0 INF 136 687 INF INF 583 INF 482 79 INF 401
603 531 INF INF INF INF INF INF 684 INF 604 INF INF 532 INF 768 695 227 INF INF 429 403 INF INF INF 549 INF 492 734 550 INF INF INF INF INF INF INF 69 141 691 737 489 525 75 158 600 INF 144 426 516 721 INF 567 INF INF 672 497 512 641 207 293 380 532 129 282 INF 420 INF INF 386 686 655 636 461 532 INF INF 701 0 93 133 136 352 INF 535 327 436 528 103
INF INF 292 426 239 547 INF 91 INF INF 711 149 320 INF 729 269 87 244 INF 332 INF 80 69 INF 418 194 687 229 INF 152 353 INF 425 701 INF 321 482 194 251 INF 367 567 307 INF INF 230 715 209 INF 326 723 712 INF 638 645 320 563 606 INF 480 313 INF 747 468 INF INF 80 364 58 266 580 INF INF 518 INF 260 419 695 INF 0 107 INF 679 556 123 741 INF INF 82
537 INF 176 272 634 INF INF 748 672 INF 312 INF 376 INF 144 95 733 INF INF 548 599 INF 670 479 395 673 240 388 INF 470 392 INF INF 664 491 INF 688 214 184 375 115 644 677 653 249 122 135 INF 628 732 INF 480 600 INF 777 754 INF INF 654 659 572 498 495 286 508 INF 285 762 488 INF 308 INF 503 484 346 687 534 289 789 INF 0 109 INF 263 252 96 137 174 562
423 725 544 INF 211 464 53 379 160 657 133 654 56 628 INF INF INF 444 INF 741 564 INF 123 310 202 INF INF INF 251 570 543 77 731 166 INF 620 457 INF 232 467 INF 359 54 680 586 311 483 641 188 INF 302 605 423 200 660 271 131 130 588 INF 400 723 INF 211 717 349 729 INF INF 742 496 198 301 87 85 100 588 163 INF 591 443 0 INF 603 INF 247 134 INF INF
INF 120 INF 295 467 INF 285 325 307 647 260 707 489 662 157 422 745 346 329 280 386 234 320 664 INF 553 INF 414 377 90 INF 206 INF 753 INF 76 251 INF 559 381 158 433 593 319 524 INF INF 683 INF 69 INF INF 430 766 617 INF INF 438 761 INF 192 64 211 510 635 371 INF 518 INF INF INF 465 163 124 INF 601 367 INF INF 205 692 INF 0 470 706 INF 372 INF INF
761 330 INF INF INF 166 524 696 INF 504 520 60 INF 454 396 121 444 INF 763 73 128 769 524 INF 462 174 340 634 363 395 196 INF 233 102 602 142 126 INF 647 INF 174 INF 609 167 622 575 215 INF 158 184 INF 129 753 574 INF 188 553 INF INF 124 358 172 136 447 85 INF 732 INF 432 539 125 778 INF INF 187 756 155 395 273 710 677 782 INF 0 610 452 107 594 316
INF INF 704 82 549 162 INF 544 337 INF 767 609 INF 97 287 590 581 692 325 741 526 INF INF 57 79 631 118 INF 85 173 136 195 353 290 INF INF 154 560 INF 704 INF 364 689 674 654 154 295 275 677 INF 206 INF 172 749 INF 614 INF 87 INF 630 160 533 INF 756 371 123 359 367 183 774 269 704 745 57 INF INF 466 INF 321 185 INF 298 319 63 0 INF 762 204 124
464 145 423 399 692 291 INF INF 341 INF 562 682 460 337 613 589 INF 174 INF 743 372 471 254 116 239 378 226 452 INF 688 527 INF 766 259 INF 762 INF 341 203 271 126 INF 373 INF 116 INF 649 311 442 INF 148 INF INF 480 701 INF 466 389 347 431 460 353 120 INF INF 72 121 484 682 636 625 INF 415 692 324 440 162 302 778 228 INF INF 212 INF 485 0 503 347 INF
INF 376 86 449 621 397 332 208 INF INF INF 402 223 375 722 724 649 748 INF 397 733 126 INF INF INF INF INF 594 565 752 353 INF INF INF 465 INF INF INF 507 INF 212 INF 139 INF 228 273 589 248 710 90 642 87 188 369 745 468 710 582 164 571 642 458 607 243 INF 466 700 362 334 INF 93 732 INF INF 80 INF 90 287 775 646 133 359 INF 431 INF 601 0 324 436
478 487 596 INF 518 776 364 INF 216 619 326 187 730 INF 166 706 359 201 290 INF 684 493 755 543 INF 268 85 533 INF 211 239 758 INF 450 702 226 INF 120 720 386 INF 374 691 632 INF 532 703 661 307 632 389 INF 568 655 INF 782 361 716 INF 122 INF INF 214 662 589 248 INF 196 327 275 699 INF 525 654 717 INF 538 406 INF 735 487 190 624 679 INF 142 236 0 338
521 434 INF 658 510 265 547 INF INF 465 406 765 INF 334 551 663 285 577 636 582 386 66 765 INF INF 194 106 INF 293 250 INF 467 464 644 75 287 INF 527 INF 285 120 420 302 410 639 175 600 INF 741 144 INF INF INF 434 61 298 758 INF INF INF 703 184 639 INF 646 INF INF 748 INF 438 471 117 741 760 732 77 742 143 INF 654 INF 283 133 INF INF INF 357 241 0
