0 703 318 708 506 441 570 57 INF 344 INF 759 491 251 105 404 403 192 INF 713 70 619 INF 192 229 INF 171 INF 582 334 501 404 364 743 477 INF 309 573 755 438 270 687 INF 203 300 INF INF 426 INF 410 639 INF 320 244 145 INF 351 INF 74 219 383 640 INF 291 554 460 329 INF INF 520 374 INF 685 INF 623 INF 177 711 124 INF 297 INF 769 456 INF 424 INF INF 707 453 298 513 61 654 INF 538
INF 0 471 742 504 509 INF 613 324 224 257 INF 501 281 INF 612 INF 191 598 INF INF 161 INF 710 142 INF 117 775 INF 331 310 700 89 121 INF INF 149 700 577 80 774 478 INF 359 97 358 336 98 632 739 413 719 267 558 INF 404 INF 520 595 700 669 144 391 643 INF INF 234 558 399 INF INF 334 253 288 325 INF INF 651 459 486 704 208 239 578 INF 200 INF 554 473 529 601 634 INF INF 712 674
INF 568 0 386 INF 304 INF INF 716 379 332 662 551 149 756 666 INF 493 347 INF INF 227 145 INF 596 523 214 INF INF 528 325 INF 278 677 703 INF 767 INF INF 253 INF 621 520 576 247 195 INF INF 556 629 589 275 INF INF 504 255 INF 293 617 450 INF 512 133 165 412 INF 407 150 628 INF 250 410 137 514 314 552 198 742 658 INF 386 630 747 INF INF 763 INF 273 611 590 INF 514 318 280 249 301
INF INF 691 0 668 774 653 227 INF 719 506 128 INF 771 647 266 765 384 760 566 INF 740 583 397 753 676 INF 500 INF 264 684 333 126 193 INF INF 406 147 62 481 578 160 119 774 INF INF INF 317 INF 703 741 735 510 155 277 602 564 INF INF 551 175 205 INF 743 503 735 INF 327 208 168 163 580 337 INF INF 434 610 437 685 INF 598 536 292 INF 544 INF 150 706 447 221 INF INF 571 692 INF INF
321 571 458 84 0 220 636 INF 148 586 233 58 537 INF 462 272 760 INF 569 616 78 343 291 INF 191 53 INF 323 757 INF 158 115 INF 440 222 622 284 381 415 294 545 328 453 260 80 INF INF INF INF 588 674 INF 52 580 INF 102 INF 532 INF 550 INF 162 698 INF INF 99 184 621 216 348 INF 199 INF 726 647 INF 201 607 INF 364 483 INF 105 189 207 INF 540 INF 359 507 INF 104 657 763 302 115
373 INF INF 482 667 0 INF INF 514 277 INF 664 477 INF 211 INF 289 105 INF 717 682 160 INF 134 239 328 570 241 INF 710 106 416 312 INF 363 INF 323 INF 780 439 INF 466 88 433 672 INF 302 INF 303 INF 651 604 178 71 INF 774 INF 492 INF INF 231 690 739 340 771 INF 598 611 455 276 760 194 INF INF 333 INF INF 228 INF 447 715 576 534 427 218 INF 465 INF 411 180 110 705 330 98 401 136
662 INF 558 567 631 INF 0 INF 602 443 246 620 INF 396 166 INF INF 679 583 306 INF 713 190 111 INF 127 767 115 487 373 349 192 382 647 INF 231 INF 426 INF 513 INF 345 174 INF 160 660 INF INF INF 449 INF 107 709 INF INF 188 96 INF INF 773 INF 455 694 395 INF 781 INF 374 118 572 308 INF 744 INF 500 INF 561 284 568 335 574 INF INF 434 647 453 369 324 269 663 585 INF 769 INF 648 484
418 INF 624 557 589 103 420 0 578 703 INF 110 144 INF INF 706 INF INF 636 710 682 222 610 542 441 402 648 740 106 713 323 267 287 579 462 361 542 584 274 INF 654 271 87 175 INF INF 394 684 645 INF 375 76 506 INF INF 137 497 573 INF 160 INF INF 383 781 INF INF INF 663 385 221 INF 549 649 750 167 INF 406 INF INF 378 79 780 330 134 733 376 236 631 488 INF INF 104 INF 645 INF 139
59 INF 487 INF 247 491 296 265 0 527 171 374 458 664 INF 76 667 617 INF 378 INF 156 INF 145 364 768 560 INF INF INF 748 280 INF 277 79 546 747 285 423 208 124 108 617 173 709 595 279 INF 186 306 611 INF 438 295 578 235 191 631 INF INF 760 411 90 559 266 90 746 INF 321 499 574 428 INF 726 INF 356 396 398 488 362 628 114 226 697 563 671 INF 621 INF INF 719 534 684 751 INF 241
INF 493 379 INF 306 692 602 557 INF 0 INF 491 INF INF 437 INF INF INF 697 671 161 INF INF 273 434 INF 146 738 247 434 452 INF INF 427 352 INF INF INF INF 634 273 199 INF 449 INF 621 273 446 543 INF INF 554 123 86 546 168 104 INF INF INF INF 266 INF INF 302 INF 496 INF INF INF INF 560 INF 528 384 INF INF 79 INF 252 INF INF 549 125 INF 405 332 566 747 INF 302 269 594 103 146 639
INF 77 INF 303 INF 163 522 103 682 552 0 673 231 77 235 217 INF 250 INF INF 261 477 144 591 455 362 INF INF 576 691 460 INF 488 615 496 109 152 INF 714 318 732 445 533 66 INF 272 301 538 312 598 639 307 446 382 INF 444 INF INF 334 554 INF INF INF INF 509 558 234 132 645 361 297 182 100 222 76 INF 539 INF 75 INF INF 367 574 630 INF INF 385 348 698 INF 761 608 771 156 787 68
INF INF 245 INF INF INF 561 INF 609 661 135 0 466 115 INF INF 270 380 274 380 228 122 173 424 377 216 603 233 INF 712 605 610 753 589 455 130 135 INF 523 603 402 302 759 250 617 671 700 641 484 INF 645 INF 160 71 271 66 606 616 690 261 INF INF 594 INF INF 243 751 60 202 INF 342 591 687 INF 538 439 INF 259 671 499 INF 369 562 749 INF 669 INF 245 456 INF INF INF INF 199 INF INF
140 INF 555 486 308 INF 489 727 INF 135 737 275 0 351 140 INF 460 108 341 INF 433 INF 464 INF 200 INF INF INF 164 INF 281 INF 600 INF INF 281 INF 733 641 INF INF 628 INF INF INF 185 337 362 649 240 588 357 62 INF 206 INF INF 255 194 709 193 INF 442 365 578 758 597 INF INF 317 199 436 116 624 INF 686 481 549 INF 760 642 165 INF 190 544 INF 269 122 765 205 314 647 721 INF INF 156
351 243 155 199 374 763 INF 767 161 212 352 339 117 0 93 285 INF 240 INF 441 337 623 310 INF 560 233 317 INF INF INF INF 612 INF 163 691 779 733 729 298 390 225 365 96 574 INF 392 487 INF INF 466 339 INF INF INF 738 552 262 533 89 INF 304 394 147 INF 67 639 178 651 INF 631 110 504 762 156 283 180 630 INF 332 INF INF 362 INF 150 468 579 INF 374 394 696 381 474 INF 646 INF INF
277 341 527 486 296 INF 527 INF 721 140 135 253 165 504 0 135 INF 73 INF 343 159 151 569 118 INF 694 725 278 INF 746 621 INF 358 INF 78 INF INF INF INF 198 254 INF 508 594 INF 276 196 638 276 INF 401 692 699 291 INF 595 349 727 INF 763 INF INF 352 245 438 97 INF 142 INF 123 INF INF 406 241 679 INF 292 619 INF 712 169 INF 322 294 339 630 626 519 325 256 493 INF 557 676 545 INF
735 667 99 INF 668 INF 577 669 218 INF 775 588 561 INF 360 0 695 128 INF 566 INF 271 384 104 163 395 445 INF 150 178 INF 628 643 61 169 113 593 682 INF 148 673 INF 511 INF 246 770 176 746 550 561 485 330 701 359 543 INF 591 INF 634 255 119 INF 452 103 626 530 197 INF 287 INF 167 490 160 INF 121 777 INF 320 232 693 715 713 761 232 760 659 INF 611 141 352 451 288 INF 110 443 692
219 313 320 INF 525 234 INF 466 625 INF INF INF 518 365 87 156 0 205 INF 82 338 INF INF 258 158 446 INF 127 469 INF 522 252 459 INF 370 742 INF 684 700 99 264 635 87 496 687 132 INF 352 192 676 594 438 538 502 284 INF INF INF 637 568 513 INF 240 647 111 INF INF 677 429 431 448 459 INF 782 290 INF INF 231 216 INF 598 163 263 INF INF 289 INF INF 492 654 INF 201 INF 318 790 INF
INF 278 595 INF INF INF 590 INF INF 723 466 546 463 435 727 175 575 0 388 INF INF 428 242 412 585 INF INF INF 486 INF 144 593 618 392 135 470 762 171 INF 139 66 724 515 355 233 176 INF INF 678 447 INF 465 737 326 742 767 90 INF INF INF 775 INF 553 INF 121 85 183 712 INF 783 479 362 498 570 INF 762 INF 305 335 INF 291 INF 383 599 197 706 534 353 INF INF INF 121 INF 473 INF 177
730 430 INF 535 229 559 INF 522 299 INF 533 264 757 242 376 INF 689 572 0 499 660 INF INF INF 501 359 INF INF 495 201 256 629 170 651 485 INF 526 INF INF INF INF 720 504 161 541 INF INF 399 88 INF INF 76 149 135 480 403 INF INF 413 339 INF INF 83 INF 345 283 379 INF 691 INF 549 INF 115 624 126 716 632 764 INF 212 INF 686 667 594 419 708 312 INF 413 262 538 366 556 254 678 INF
98 372 232 431 64 INF 617 758 312 167 INF INF 617 INF 94 755 581 173 491 0 INF 733 209 649 146 315 INF 387 INF 246 530 INF 119 414 721 INF 410 222 195 INF 261 INF INF 697 346 689 722 626 65 INF 768 732 547 INF INF INF 289 270 102 INF INF 203 703 570 754 344 465 INF 520 INF 129 INF INF INF 262 INF 246 740 INF INF 318 151 173 435 120 249 771 392 INF 271 INF 507 386 146 INF 485
INF 385 INF 401 169 INF 741 606 117 INF 438 552 491 218 80 INF INF INF INF 329 0 333 645 76 597 85 372 215 407 745 627 INF 748 INF INF INF INF 717 62 752 598 616 481 133 292 523 INF INF 691 INF 355 374 89 INF INF 151 506 182 329 INF 212 423 INF 114 INF INF INF 337 501 INF 652 576 234 276 437 696 539 345 INF INF 205 295 397 231 363 340 222 194 INF INF 90 INF 607 270 INF INF
199 INF INF 283 233 116 INF 521 61 INF 740 615 636 751 583 503 86 682 152 INF 683 0 745 277 INF 270 338 INF 325 256 INF 187 INF 416 157 INF 124 INF 757 INF 462 INF 80 497 171 717 INF INF INF INF 253 661 INF 484 755 562 143 INF INF INF INF 469 INF 377 193 518 585 538 INF 437 611 INF 155 724 INF 447 405 736 INF 543 714 INF INF INF 214 73 667 432 190 748 177 395 766 INF 440 119
575 188 INF 707 422 INF INF 669 358 INF 682 254 762 669 INF 426 INF 412 INF 499 INF 56 0 262 509 571 INF 622 INF 472 351 83 INF 414 597 422 608 443 305 722 INF INF INF 739 660 98 603 677 INF 718 176 INF 105 781 INF 758 INF 601 763 375 INF 576 719 INF INF INF INF 388 INF 343 269 461 INF 207 651 126 INF 149 143 INF 389 662 INF 728 437 INF INF 593 529 469 355 364 INF 170 733 INF
239 INF INF 55 771 270 INF INF 496 416 512 687 439 502 82 INF 303 108 INF 260 155 566 213 0 621 INF INF INF INF INF 660 626 635 331 487 727 INF 480 167 207 INF 700 650 690 775 351 132 352 237 168 266 526 536 342 691 INF 197 INF 600 INF INF INF 730 102 387 185 INF 254 INF INF INF INF INF 360 INF 394 669 INF 439 INF INF 654 INF 654 INF 81 521 INF 750 651 INF INF 650 INF 279 706
INF 505 165 476 197 INF 198 290 INF 771 334 695 INF 356 INF 189 716 INF INF 131 INF INF INF INF 0 229 613 INF INF 107 INF 146 362 INF 768 INF 627 253 599 INF 638 385 615 414 483 83 INF 94 246 482 INF 437 INF 302 785 669 491 INF 564 499 INF INF 575 445 282 63 269 199 466 621 INF 125 253 124 INF 538 INF INF 84 INF 576 500 INF 246 715 755 698 111 411 INF 614 672 225 433 INF INF
INF INF 499 INF 433 427 411 329 INF INF 420 395 155 310 INF 324 177 INF 748 608 294 438 430 613 399 0 517 INF 661 INF INF 694 230 INF 255 279 INF 92 INF 549 257 542 612 688 INF INF INF INF INF 266 INF 640 INF 110 103 475 443 166 INF INF 261 274 INF INF 291 INF 569 INF 81 225 360 INF 538 448 240 220 511 587 INF 698 611 INF 468 INF 740 INF INF 475 318 203 711 274 678 675 489 341
417 INF 324 713 740 764 259 INF 654 293 611 198 340 356 INF 397 393 629 697 209 165 237 INF 214 INF 425 0 378 INF 350 534 717 INF INF 211 350 558 616 515 INF INF 640 461 INF 533 642 429 483 466 669 653 252 INF 605 714 INF 584 INF 304 170 INF 238 INF 375 469 145 174 666 INF INF 222 470 122 584 INF 375 INF 662 101 338 INF 540 INF 415 244 437 INF 319 333 INF 748 547 427 518 80 580
638 INF 275 451 INF INF 429 633 317 598 301 INF INF INF 587 602 713 INF 675 286 184 382 688 789 269 62 475 0 524 767 570 528 701 699 360 316 197 556 62 648 426 668 174 161 INF INF INF 349 453 152 INF 405 708 465 INF INF 283 255 678 111 237 152 189 318 INF 449 123 463 286 670 INF 274 762 466 108 337 62 INF 714 684 413 INF 266 570 123 INF INF 471 264 581 106 299 458 INF 631 743
INF 500 96 196 573 532 674 638 573 149 696 348 449 450 577 716 502 86 312 356 510 419 76 238 174 430 299 757 0 721 409 703 199 201 177 571 340 INF 155 INF 345 668 429 INF INF INF 557 762 667 466 INF INF INF 719 685 92 174 713 210 737 433 81 481 294 589 INF INF INF 603 INF 364 605 250 254 142 INF 382 605 723 INF 425 692 507 438 448 INF 218 209 404 360 INF 697 137 420 INF INF
262 762 INF 329 342 107 646 616 579 604 603 INF 373 163 563 725 666 456 752 597 INF INF 601 77 621 INF 729 INF 181 0 INF INF 535 225 779 INF 74 474 285 INF 629 INF 215 765 84 106 279 762 56 223 104 533 INF 718 429 498 739 719 343 689 INF INF 614 742 450 750 108 INF INF 81 340 412 711 INF INF INF 731 284 121 154 INF 86 648 369 574 84 173 274 489 278 413 110 638 277 255 INF
208 INF 398 INF INF 229 80 235 183 676 415 INF INF 543 718 450 59 477 216 588 479 273 578 234 143 310 495 650 429 474 0 593 63 542 295 INF 622 450 344 INF INF 643 757 610 409 648 345 337 INF 326 176 INF 557 594 INF 523 INF 465 168 738 487 185 644 714 INF 588 INF INF 500 379 66 INF INF 768 INF INF 502 INF 745 545 INF 521 665 555 INF INF 514 536 INF 88 732 INF 624 737 INF 94
330 351 INF 488 751 452 647 510 70 INF 704 511 208 502 732 591 INF INF 675 683 INF INF 398 97 397 720 132 INF 181 527 258 0 235 416 684 INF INF 226 387 392 504 INF 106 685 306 399 INF INF 658 717 273 473 359 95 241 214 86 666 696 141 253 512 568 390 668 297 566 552 102 INF INF 128 126 143 649 327 639 508 399 614 695 693 INF INF 86 133 INF INF INF 597 INF INF 556 INF 599 571
161 INF 144 161 293 748 173 INF INF INF 626 235 291 INF INF INF 133 INF 229 401 597 777 311 413 223 INF 121 313 631 296 103 INF 0 INF 489 176 INF INF 628 87 739 576 INF 95 104 INF 763 166 531 127 777 360 173 418 423 83 655 308 264 284 486 532 208 672 71 695 INF 463 INF 582 297 774 99 INF 746 179 761 658 INF 266 119 530 366 409 757 INF 634 317 100 134 215 565 609 91 425 74
380 INF 441 531 144 62 399 384 INF 127 141 INF 373 INF 436 INF 368 150 568 275 179 INF INF INF INF 400 648 493 487 592 734 727 486 0 277 446 125 370 343 477 INF 118 INF 664 490 INF INF 709 INF 710 INF 498 620 425 INF INF INF 723 612 764 INF 714 258 INF 551 406 261 149 653 INF 430 348 INF 476 156 600 296 INF 604 82 INF 494 INF INF INF INF 667 141 695 INF 188 524 84 670 INF INF
406 612 721 425 667 539 603 INF 467 165 INF 554 434 707 570 527 555 93 INF 76 777 621 638 593 605 371 INF 250 310 INF 166 504 385 INF 0 61 498 458 134 66 93 155 750 INF INF 379 INF 519 INF 761 230 375 INF 661 192 532 438 INF 400 714 INF 193 461 622 290 136 91 INF INF INF INF INF INF 300 471 128 INF 639 INF INF 110 197 549 257 420 314 296 365 94 192 517 376 INF 114 INF INF
201 443 INF 258 430 440 INF 515 INF 442 777 110 590 286 INF 623 649 260 608 INF 183 328 762 INF INF INF 294 191 361 225 745 115 734 148 744 0 INF 341 753 528 118 INF INF 610 289 INF INF INF INF INF INF 623 INF 546 200 INF 661 669 473 245 INF INF INF 589 INF 219 INF 492 378 683 682 170 364 INF 619 620 502 177 259 INF INF INF 416 514 INF 411 INF 370 161 164 147 580 242 INF 288 289
INF 489 198 377 270 704 INF 560 INF INF 512 INF 497 509 INF 645 736 440 INF 284 127 INF 435 622 INF 668 INF 468 646 579 INF INF 607 649 358 67 0 111 INF 443 INF INF INF 114 INF INF 302 INF 753 672 152 303 339 158 289 312 244 INF INF 363 INF INF 585 121 147 219 554 INF 293 411 274 179 75 INF 452 101 570 251 139 95 623 568 429 494 INF 616 INF 146 INF 582 439 190 578 356 INF 266
INF 435 360 INF 258 547 INF 416 INF 109 INF 464 391 179 INF INF 468 748 586 INF INF INF 564 592 299 INF 122 663 647 327 92 INF INF INF 328 67 651 0 INF 204 INF INF INF 687 661 INF INF INF INF 770 366 INF 368 683 INF 686 INF 629 192 208 634 146 INF 679 530 400 198 INF 700 INF 392 581 277 337 572 581 INF 385 INF 335 549 447 INF 756 109 INF INF 423 750 INF 598 761 INF INF 446 INF
687 211 255 354 278 701 INF INF INF 400 75 464 75 259 672 342 667 177 245 699 INF 261 251 250 226 INF 711 513 532 96 559 413 662 687 699 INF INF 239 0 88 492 INF 575 306 564 719 INF 219 567 INF 628 294 INF 405 474 760 409 INF 279 408 168 385 INF 559 INF 239 289 569 513 672 INF 158 568 INF INF 628 354 INF 170 392 65 505 INF 93 INF 732 737 764 INF 221 664 641 INF 256 114 250
84 541 INF INF INF INF 792 INF 366 364 527 725 94 INF 525 772 545 205 INF INF INF 686 INF 519 95 INF 387 INF 242 115 239 455 526 INF 60 735 131 INF 87 0 369 403 547 73 INF 424 503 INF 617 96 INF INF INF INF 467 INF 343 232 551 678 608 INF 717 INF 521 INF INF 167 INF 444 704 445 557 256 137 623 INF 146 671 171 80 262 619 353 INF INF 281 155 194 334 INF 542 INF INF 84 512
222 INF 45 218 INF 743 356 INF 350 730 INF 591 INF 88 95 INF 332 263 INF 259 477 243 408 656 176 INF 204 305 667 INF 242 698 452 428 556 148 671 235 211 489 0 437 INF 672 739 232 405 303 INF INF INF INF 737 383 498 INF 393 348 753 421 181 520 INF 664 482 INF INF 414 INF 204 INF INF INF INF 207 561 348 702 121 INF 665 198 101 627 INF INF 240 481 INF INF 599 INF 282 125 463 199
612 INF 100 INF 115 760 705 281 601 774 INF 333 INF 465 548 283 499 83 641 62 651 INF 280 361 INF INF 315 194 INF 143 INF 198 557 477 INF 389 353 INF 760 421 INF 0 INF 772 233 582 INF 432 INF INF INF 726 359 548 499 INF 237 INF 210 407 INF 504 65 396 INF 303 723 INF 776 219 744 INF 340 689 INF 731 598 147 659 549 265 766 602 213 87 765 667 571 INF 712 594 INF 615 124 205 517
INF 746 523 431 327 613 686 299 643 346 193 353 213 516 INF 333 INF INF INF 621 640 467 180 INF 148 681 63 645 767 INF 241 138 761 INF 103 113 INF INF 157 INF 274 723 0 103 240 623 514 701 726 INF INF INF 122 536 INF 439 287 254 671 INF 491 INF INF 348 556 619 INF INF 508 INF 342 248 455 471 616 INF 305 420 INF 251 301 705 153 575 INF 621 579 346 478 661 INF 193 505 INF 757 INF
INF 293 587 435 INF 640 INF 701 606 339 INF 243 INF 181 87 461 INF 660 443 INF 560 192 715 597 280 522 302 598 469 695 725 INF 239 324 247 INF 108 732 562 346 774 INF INF 0 222 485 INF 557 652 443 277 567 177 INF 654 103 426 562 705 675 146 571 430 242 INF 620 INF 337 261 72 INF INF 232 88 583 INF 454 INF INF 763 355 407 267 141 440 535 593 INF 518 399 119 682 128 INF 715 628
468 175 69 497 INF 634 85 474 413 INF INF 505 INF 104 546 INF 489 573 196 112 672 671 300 545 113 INF 482 INF 694 226 577 INF INF INF 730 228 INF 67 626 157 603 INF 131 INF 0 563 377 224 498 663 281 655 696 INF INF 653 776 140 681 293 INF 531 INF INF 697 INF 438 712 INF 774 704 569 190 INF 102 INF 278 246 64 536 576 760 INF INF INF 124 653 371 INF INF 451 INF 510 303 INF 581
587 731 INF INF 653 120 654 518 INF INF 466 280 202 416 INF 241 INF 501 365 748 739 INF 136 INF 679 230 INF 306 361 756 198 558 118 497 INF 100 767 293 164 INF 183 298 INF INF 511 0 721 169 726 INF INF 213 INF INF 322 INF 429 97 352 INF 176 491 460 INF 504 414 INF INF 358 196 421 745 281 173 INF 369 709 INF 388 INF 737 INF 105 390 414 653 INF 445 318 593 487 409 INF INF 348 109
514 INF 203 INF 779 103 477 776 INF 382 576 INF INF 107 445 102 166 INF INF 292 INF INF 216 246 593 INF 703 600 553 389 523 INF 254 INF INF 154 723 INF 550 INF 624 211 INF 223 INF 637 0 483 INF 624 345 INF 424 681 706 INF 610 374 279 INF 434 164 183 INF 305 361 INF 294 524 396 INF 331 432 INF 770 617 268 INF 571 249 495 INF 73 374 217 356 461 656 763 516 76 303 INF 227 436 136
501 INF 472 681 INF INF INF 343 458 711 628 568 611 133 563 INF INF 452 82 695 260 INF 166 INF INF 483 396 510 714 361 709 640 INF INF INF INF 426 INF INF 677 191 682 545 INF INF INF 331 0 275 331 368 413 527 INF 512 493 262 514 476 INF 342 77 273 291 625 225 267 289 248 INF 259 680 413 322 633 INF INF 294 INF 604 721 INF 699 633 714 INF 161 639 INF 562 INF INF 175 540 117 667
236 119 INF 774 491 84 INF 534 INF 548 INF 140 INF 674 521 298 INF 776 INF 763 INF 721 230 INF 532 628 359 INF 142 598 699 INF 232 154 INF 486 INF 663 428 724 114 362 INF 521 379 194 347 INF 0 INF 660 152 168 INF 760 288 670 INF 527 INF 441 627 558 INF 125 INF 143 INF 156 640 220 526 INF 223 487 INF 621 121 359 387 248 235 INF INF 129 INF 510 INF 589 334 732 INF 239 INF 402 157
INF 680 516 705 INF INF INF 381 482 335 INF 665 117 INF 455 INF 311 INF INF INF INF 407 321 INF 451 302 INF 97 429 682 INF INF 582 99 108 INF 714 229 INF 92 61 287 283 619 INF 756 INF INF INF 0 INF INF 67 203 INF 178 INF INF 767 420 310 INF 517 493 591 INF INF 723 INF INF 621 INF 176 INF 607 482 559 INF 67 511 INF INF 578 256 615 INF 600 379 454 91 INF INF 651 754 INF 383
523 203 618 INF 276 288 222 INF 607 INF 177 150 INF INF INF 633 INF 178 253 66 443 641 INF 159 455 363 390 611 586 174 INF INF INF 148 735 INF 301 156 481 751 330 INF 494 INF 378 INF 346 450 86 300 0 588 INF 393 761 742 613 INF INF INF INF 210 420 INF 455 INF 185 525 88 330 INF 610 INF 159 INF 581 282 398 481 322 INF 597 652 755 277 203 759 774 626 420 573 490 INF INF 573 427
INF 256 659 INF 757 INF INF 606 342 220 INF 620 107 315 672 INF 280 309 INF INF 174 137 548 INF 242 459 781 664 415 524 INF INF 153 447 70 INF INF INF 532 729 INF INF INF INF INF 162 374 677 642 378 77 0 INF 784 645 591 139 438 599 520 INF 713 666 335 INF 498 516 602 128 647 INF INF INF INF 181 684 INF INF 469 99 252 379 116 INF 731 482 INF 230 581 INF INF INF 662 333 INF 299
INF 591 383 INF 221 247 778 488 608 760 INF INF 397 328 500 636 INF 381 INF INF 637 INF INF 273 286 INF 483 190 368 386 613 INF 258 INF INF 183 523 INF 615 730 388 646 INF INF 478 INF 691 INF 236 605 343 472 0 387 INF 630 464 INF 782 142 234 65 INF 247 210 INF INF 164 INF 490 626 286 231 INF 639 295 290 550 INF 551 310 INF INF 140 70 INF 83 491 INF INF 337 366 327 INF 765 396
448 592 366 INF 446 INF 351 INF 376 480 598 INF 462 411 434 48 668 493 498 INF INF 215 INF 312 INF INF INF INF 375 78 290 INF 759 226 150 559 318 585 665 INF 671 561 INF 678 INF 531 221 53 434 INF INF 220 106 0 547 107 INF 454 420 450 756 422 INF 232 INF 712 501 434 721 INF INF 175 531 INF INF 555 162 163 280 INF INF 571 INF 312 INF 726 INF 92 73 262 568 693 608 553 INF 163
195 INF 241 INF INF 743 585 INF INF INF 58 635 308 715 496 287 INF INF 307 363 678 423 INF 703 252 INF 207 415 358 542 INF 64 115 INF INF INF 58 INF INF INF 111 662 566 INF 205 71 194 424 111 INF INF 646 INF 55 0 INF INF 42 INF 654 529 353 INF INF 264 INF 306 716 INF 733 INF 535 430 731 INF 423 108 703 INF 728 540 INF 143 535 INF INF 432 217 INF 473 539 375 INF 242 INF 721
109 497 INF INF 382 155 573 INF 665 INF 368 175 739 INF 307 202 188 641 655 INF INF INF INF INF INF INF 193 279 INF 527 366 INF 596 387 740 INF INF 226 73 746 397 698 113 INF INF 285 120 633 INF 548 563 754 58 308 INF 0 INF 372 62 INF INF INF 427 INF 401 379 INF 416 INF INF 762 688 278 576 INF 707 INF INF 468 235 761 482 524 450 495 425 371 680 INF 108 69 INF 469 INF 190 112
INF 622 592 INF 208 397 278 INF 536 752 INF 549 INF INF 179 INF 257 INF 357 472 551 INF INF 410 698 423 INF 280 572 688 591 337 INF 486 INF 302 625 99 INF 426 362 98 INF 611 683 510 727 190 280 155 INF INF 118 436 INF 75 0 229 149 INF 457 589 INF INF 624 571 139 INF INF INF INF 216 628 136 411 591 622 502 234 55 INF 454 77 316 INF 155 INF 397 191 69 303 72 537 786 556 300
689 726 285 INF INF INF 152 INF 607 394 491 433 401 210 412 282 322 293 175 147 300 447 60 INF 137 INF INF 621 70 INF 108 645 INF 445 240 INF 634 INF 717 INF INF INF 207 711 121 760 INF 305 387 672 657 682 543 297 765 INF 757 0 INF INF INF 534 475 384 82 123 124 91 INF 433 301 INF INF 327 208 662 INF INF 709 INF 146 INF 83 84 422 643 565 673 INF 426 435 313 470 744 438 INF
INF INF 696 INF 270 730 353 111 729 INF INF 724 760 210 INF 75 INF INF 337 712 INF 432 427 631 INF INF 145 238 INF 270 189 INF 59 456 385 246 INF 705 INF 225 INF 669 708 341 INF 396 290 509 85 153 573 INF INF 495 209 INF INF 338 0 598 462 496 INF INF INF INF 81 INF INF INF INF 762 359 357 603 INF 297 INF 222 451 665 INF 685 485 412 INF INF INF 621 726 574 538 381 261 744 199
435 INF 707 224 INF 239 INF 510 514 INF 190 130 714 532 480 INF INF INF 117 INF INF INF 467 741 507 410 452 579 331 INF 586 180 264 193 259 204 INF 81 311 540 INF 444 INF 374 579 359 435 585 58 324 479 753 282 512 630 INF INF 377 746 0 453 INF 214 INF 608 507 INF 411 513 392 475 605 364 INF INF 206 729 96 INF 222 180 702 145 INF 128 INF 486 209 INF 123 111 346 INF 109 783 485
506 INF INF 85 INF 258 360 534 200 299 767 507 INF INF INF INF 508 598 INF INF 732 400 INF 421 763 767 INF INF 84 562 INF 159 325 351 258 194 403 311 INF INF INF 611 353 315 105 213 210 109 338 INF 212 INF INF 265 INF 554 537 527 185 INF 0 479 393 489 322 607 148 252 432 765 248 556 402 81 589 INF 134 INF INF INF 400 INF 103 619 552 INF INF 92 INF 341 INF 323 INF 759 INF 404
412 442 58 INF 487 87 732 125 242 56 603 570 657 694 351 244 706 INF INF 586 536 540 INF INF 283 277 187 597 268 INF INF 77 INF 331 INF INF INF 69 542 159 289 INF 505 75 756 82 605 INF 608 173 INF 754 735 70 185 INF 634 399 474 288 INF 0 INF 419 371 89 257 INF 128 393 689 614 373 382 546 765 335 690 74 596 INF 741 INF 402 INF INF 189 INF 140 599 500 334 280 317 227 INF
INF 344 483 683 INF 148 INF 589 61 403 227 670 INF 208 462 INF 565 593 670 100 483 INF INF INF INF 394 232 INF INF INF 362 INF 339 335 INF 289 280 169 INF INF 238 557 611 INF 692 600 INF INF 306 428 INF INF 692 165 715 617 INF 503 INF INF INF 131 0 365 691 400 617 681 198 230 172 406 718 445 68 INF INF 603 248 724 488 636 440 244 379 748 338 181 96 INF 580 94 INF 385 429 241
177 119 234 596 335 556 INF 416 INF 683 538 708 723 338 342 583 INF INF 385 532 404 587 454 407 495 111 441 786 347 INF INF 155 122 553 657 85 520 730 183 722 INF 601 INF 137 613 508 628 INF 636 INF 198 334 176 INF 692 487 352 741 683 640 755 334 526 0 751 335 581 437 486 657 615 INF INF INF 770 663 179 696 421 INF 517 522 INF 362 71 INF 113 INF 747 INF 621 346 INF INF 141 527
86 73 467 656 659 704 728 453 INF 392 346 191 588 402 INF INF 114 154 540 329 407 112 711 INF 249 INF INF INF INF 163 464 284 231 250 748 342 225 454 661 395 260 INF 188 587 708 INF INF INF INF INF INF 465 INF 89 250 76 INF 335 323 327 256 531 INF 687 0 INF INF 265 59 622 INF 685 109 770 603 217 INF 759 INF INF INF INF 253 574 144 447 372 INF INF 482 271 INF 622 171 445 735
266 446 456 366 65 487 INF 461 391 INF 614 634 INF INF 649 INF INF 84 730 288 715 568 528 208 386 525 INF 693 450 523 INF 651 191 101 388 672 650 225 INF 379 322 INF 160 633 214 410 95 INF 696 338 523 INF 453 INF 482 357 245 INF 746 INF 539 625 148 230 167 0 460 INF 176 INF 729 679 INF 428 673 INF 588 219 468 630 INF 185 86 113 298 INF 609 INF 244 708 180 446 166 479 INF 622
502 INF 262 627 INF 298 INF 124 INF 133 651 103 INF 683 632 691 INF 420 427 304 465 INF INF 308 INF 774 186 412 INF 704 515 319 427 INF INF 629 709 309 INF 360 133 527 210 INF INF 431 INF 677 INF 715 686 162 179 INF 575 285 374 556 INF 791 425 INF INF 284 164 412 0 430 502 365 216 INF 180 66 333 86 127 116 272 INF 178 208 INF INF 487 733 618 425 INF 169 INF INF INF INF INF INF
284 INF 401 257 417 216 739 INF INF 694 INF 291 331 649 534 738 111 757 270 418 659 222 INF INF 51 710 153 341 364 331 277 103 557 INF 696 346 686 356 INF 773 189 747 698 349 479 378 195 INF INF 299 INF INF 64 INF 143 754 447 INF INF 264 764 INF 488 INF INF 464 INF 0 217 INF 62 INF INF INF 107 269 INF 261 633 INF 626 INF INF INF 160 INF 90 216 INF INF 441 574 103 620 609 170
126 446 INF INF INF 67 INF 383 717 471 INF 156 141 INF 451 388 425 170 664 274 INF INF INF INF 191 328 372 764 439 729 INF 387 INF INF 643 272 188 INF 139 250 527 INF 157 INF 556 599 370 279 534 131 490 226 463 691 588 190 INF INF 239 INF 116 INF 557 357 688 INF INF 307 0 267 INF INF INF 500 592 732 440 773 692 INF 415 726 209 INF 172 468 408 644 723 58 INF INF 433 INF 693 489
INF INF INF 147 240 348 691 777 INF 78 INF 738 740 206 INF 655 INF INF 286 190 INF 713 476 358 560 603 372 INF 506 557 375 626 INF INF INF INF 522 100 INF 289 INF 665 INF INF 528 627 726 INF 374 111 433 INF INF INF 450 656 766 INF INF 586 223 374 271 776 674 714 234 INF 469 0 INF 139 184 637 376 714 490 134 INF 565 420 INF INF 769 438 INF 324 619 707 658 762 773 589 INF 149 215
472 485 INF 555 706 647 748 INF 258 INF INF INF 197 INF 157 INF 516 782 487 379 660 619 INF 379 402 345 501 355 563 683 INF 203 732 700 532 INF 226 INF 257 551 INF INF INF 554 422 527 534 701 241 INF 199 92 689 154 INF INF INF 436 731 127 INF INF 425 INF INF 493 271 341 718 241 0 151 INF INF 190 486 589 101 INF 738 INF 697 334 624 719 INF 120 380 INF 733 776 286 INF 527 211 372
INF 409 INF 449 523 INF 130 273 INF INF 536 457 145 235 INF INF 567 398 INF 432 227 248 358 INF 375 387 645 487 INF 753 INF 278 282 746 INF INF INF 641 722 340 INF 363 421 361 INF 608 INF INF INF INF 652 241 143 INF 594 INF 451 108 446 609 INF 324 INF INF 752 80 INF 454 481 689 INF 0 625 402 291 115 INF 513 521 INF 430 529 740 INF 174 773 326 545 INF 134 617 INF 450 371 INF INF
625 363 38 INF 110 587 INF 279 INF 700 500 519 429 340 107 INF 288 676 445 775 INF INF 779 INF 770 INF INF 358 324 INF 98 756 434 585 INF 453 177 91 INF 271 62 371 INF INF 96 261 614 581 263 INF 351 INF 475 752 751 INF INF 60 358 488 167 INF INF 184 INF 72 722 INF 145 715 INF 61 0 INF INF 618 INF INF 65 740 260 INF 190 INF 463 INF 108 666 430 141 692 486 INF 87 390 437
703 502 435 756 INF 528 781 406 INF 279 626 589 353 312 203 INF 192 INF INF 179 487 562 INF INF INF 486 265 INF INF INF INF 392 600 248 575 INF 57 386 754 195 316 496 INF 598 INF INF 327 488 647 INF INF 575 INF INF 634 572 352 INF 569 554 92 382 611 675 INF 517 INF INF 433 710 INF 489 602 0 INF 622 88 INF 625 277 630 303 INF 294 680 584 570 684 INF INF 248 544 INF 676 606 INF
526 294 INF INF INF 50 INF INF 632 INF INF 289 534 472 289 INF 638 424 124 473 INF 483 352 573 447 INF INF INF 760 INF 730 50 INF 306 69 INF INF INF 661 243 645 439 361 INF 724 684 INF INF INF 485 303 257 81 457 482 92 325 725 446 INF 169 256 218 499 INF 145 632 543 489 283 540 198 419 INF 0 INF INF 248 492 738 541 593 261 INF INF 266 339 423 639 615 764 322 288 537 INF 624
568 267 467 537 739 INF INF 294 480 550 240 INF 653 749 INF 244 185 INF 342 408 284 439 361 INF INF 587 INF 117 394 397 777 INF INF 562 INF 291 693 INF 260 713 INF 289 743 141 INF INF 103 735 INF 349 INF INF INF INF INF 706 INF 335 242 240 198 INF INF 464 594 INF 532 INF 668 400 INF INF 295 689 INF 0 INF 639 597 362 670 INF 259 684 436 323 701 667 554 318 391 344 565 733 198 575
INF 652 INF 574 396 763 238 693 285 754 335 498 INF 273 537 210 658 656 INF 424 358 INF INF 704 745 282 INF 557 INF 619 INF INF 162 204 261 INF 537 197 INF 314 INF 368 INF 781 134 589 701 298 INF 602 INF 770 139 90 266 281 INF 558 287 558 564 229 INF INF 173 579 384 215 781 INF 721 289 638 440 389 INF 0 INF 755 429 INF 571 462 INF 344 251 754 457 779 631 429 INF INF 172 580 575
646 661 180 144 INF INF INF 613 134 INF 344 703 362 79 114 INF INF 202 320 INF 231 588 767 INF 763 521 INF 687 INF INF 277 474 454 INF 701 359 663 669 434 746 648 373 721 753 495 INF 343 INF 150 INF 757 683 INF 330 276 746 232 535 773 612 739 INF 76 773 INF 191 INF 668 INF 396 551 682 717 412 INF INF 185 0 689 INF INF INF INF INF 388 INF 697 452 464 INF 722 INF INF 289 224 452
181 711 288 408 INF 148 506 347 435 INF 688 750 404 INF 304 604 619 INF 655 380 INF INF 190 644 90 281 198 INF 286 642 350 569 INF 135 INF 315 294 424 INF 361 493 96 155 557 669 INF INF INF 578 122 516 643 199 109 91 125 685 590 768 INF 565 INF 429 689 INF 113 188 INF INF 419 340 763 INF INF 701 530 710 216 0 431 87 INF 680 INF 658 246 420 450 277 410 INF 262 188 650 160 INF
620 INF INF 91 499 730 353 437 535 149 330 INF 48 INF INF 628 636 273 INF INF INF INF INF 221 INF 434 509 INF INF INF INF 364 INF 592 INF 228 631 677 658 609 752 575 637 622 INF 469 138 278 INF INF 254 367 666 347 222 743 508 184 582 275 716 INF 45 177 406 INF 267 546 INF INF 433 270 INF 169 403 400 INF 331 168 0 614 140 INF 279 258 626 584 197 175 348 INF INF 302 461 INF 219
INF INF 307 194 INF 624 449 INF 284 234 749 412 651 INF INF 506 658 290 345 INF 560 729 INF 699 224 270 INF INF 445 728 INF 333 610 617 378 576 337 INF INF 115 INF 265 273 INF 78 704 214 160 INF INF INF 257 362 INF 490 161 713 351 INF 453 INF INF INF INF 597 INF INF INF 388 525 484 546 170 575 INF INF 87 541 INF 589 0 344 572 729 389 INF 275 82 630 INF INF INF 616 182 INF 489
465 INF INF 439 312 333 98 230 224 326 211 INF INF 351 311 528 434 693 545 527 188 397 226 662 474 INF 332 INF 391 422 173 487 427 204 235 485 INF INF INF INF 316 525 INF 618 85 542 487 460 720 458 145 417 341 664 INF 401 INF 338 115 131 688 180 294 INF 634 119 INF 67 250 560 311 141 346 675 109 492 316 693 INF 650 INF 0 INF 213 349 310 515 579 INF 560 113 INF 241 478 INF INF
INF 440 INF INF 174 229 364 737 150 INF 314 658 156 362 303 INF INF INF 675 415 INF 175 337 540 110 INF 159 INF INF 756 655 INF INF 93 549 330 INF 581 737 141 131 540 577 INF INF 725 INF INF 74 234 125 362 408 394 62 245 394 216 INF 241 INF INF INF 63 719 770 750 INF 744 540 686 496 INF 611 316 426 736 316 INF 451 659 631 0 723 323 710 759 INF 113 718 INF 603 175 INF 249 538
INF 526 453 89 291 105 191 469 378 235 INF 313 404 448 743 617 INF INF 389 587 433 477 660 271 565 754 309 350 467 742 761 299 INF INF 431 176 INF INF 434 70 573 INF 133 252 768 511 617 INF 512 209 INF 754 243 171 INF INF 590 635 764 INF INF INF 196 681 73 INF 482 219 681 INF 430 351 670 262 604 542 80 INF 655 646 299 279 INF 0 287 INF 667 102 87 547 364 INF 711 INF INF 580
509 469 173 INF INF 597 173 197 485 INF 334 417 251 INF 456 691 419 311 INF 256 162 649 INF INF 669 275 587 133 189 716 601 422 INF 78 163 89 INF 366 INF INF 384 INF 733 765 754 287 257 259 389 699 123 INF 524 241 771 INF INF 85 584 INF INF INF 287 INF INF 676 INF 569 479 INF 242 INF 68 INF 166 433 641 103 INF INF INF 672 468 574 0 426 312 152 71 INF 466 INF 622 657 INF 609
INF 753 163 509 473 INF 204 257 INF 542 696 INF INF 609 364 INF 269 473 421 427 INF 449 555 INF 98 355 229 85 264 INF 459 INF 750 154 506 INF 688 664 551 322 INF INF INF 276 INF 516 401 INF 402 INF 559 INF 182 INF 496 132 521 539 INF 552 INF 769 86 INF 758 325 694 223 INF 172 147 82 INF 649 678 721 437 INF 606 639 727 558 211 167 207 0 525 102 710 INF 261 224 762 INF INF 583
138 236 295 275 261 730 491 496 430 INF 634 581 232 109 60 211 506 460 198 739 429 INF INF 67 INF 419 298 INF 237 329 INF 690 INF 86 401 INF 62 134 322 INF 762 276 124 394 502 80 191 674 76 439 INF 388 385 736 INF 476 INF INF 598 INF INF INF 756 INF INF 461 INF 501 INF 199 401 561 INF 235 771 130 INF 237 470 597 388 603 INF INF 303 647 0 61 INF INF INF 667 656 379 287 64
321 185 261 60 670 136 INF 207 235 615 704 INF 362 268 693 617 INF 162 766 736 INF 162 INF INF 222 INF 559 688 496 INF 716 INF 146 INF INF 673 216 350 INF 512 384 492 448 INF INF INF 276 345 282 280 305 259 INF 733 105 670 360 38 226 654 741 424 INF 755 655 240 221 42 INF 37 667 INF INF INF 357 225 153 354 175 152 194 76 434 423 INF INF 130 0 137 201 681 733 730 INF INF 634
633 743 176 338 116 INF 286 546 333 167 686 521 517 492 588 747 90 654 496 INF 489 256 INF 521 INF 569 331 200 INF INF 270 304 220 196 421 INF 199 96 INF INF 392 INF 689 INF 489 INF 477 INF INF 215 INF INF 590 437 244 INF INF INF 468 438 INF 193 736 724 INF 593 INF 522 690 403 241 INF 302 202 INF INF 56 86 344 673 INF 217 INF 254 186 572 INF 783 0 219 389 310 INF 302 527 INF
INF 483 162 INF INF 207 INF 452 503 722 773 633 INF 543 INF INF INF 715 527 761 INF INF 756 295 180 639 213 439 765 INF 351 543 200 398 360 INF 100 620 191 659 96 INF 748 702 475 764 663 INF INF 173 224 124 108 688 526 223 INF INF INF 428 428 371 INF INF 641 367 639 80 INF 692 137 INF 218 INF 336 234 INF 84 707 587 315 INF 475 427 INF INF 410 277 703 0 579 170 244 INF 157 INF
730 489 211 670 558 INF 675 INF 389 338 136 102 563 INF 371 245 INF INF INF 478 682 709 705 642 474 467 INF 697 254 248 542 440 543 741 291 129 468 INF 435 395 768 454 INF INF 465 INF 87 INF 511 INF 320 755 541 INF 702 401 678 INF 751 87 INF 679 INF 725 218 417 688 INF 248 273 344 693 INF INF 607 592 530 INF 648 408 267 694 INF 342 433 INF 107 238 294 512 0 INF INF INF 508 402
436 INF INF INF 344 INF INF INF 63 430 256 INF 492 168 279 138 444 259 232 592 INF 210 677 INF 73 82 213 429 214 507 81 584 283 135 443 INF 140 329 456 450 INF INF 203 INF 693 717 INF INF 215 529 135 548 339 88 317 595 438 578 299 INF 665 346 545 174 95 619 INF INF INF 350 198 INF INF 160 100 442 99 259 540 558 453 INF 537 86 364 161 INF 467 110 699 387 0 185 INF INF 743
INF INF 307 239 543 590 439 554 INF 512 148 397 INF INF 564 327 690 319 113 273 727 599 487 INF 320 248 INF 300 517 INF 676 777 INF INF 383 142 659 282 466 275 147 INF INF 626 645 546 671 INF 325 463 590 600 INF 92 264 134 INF 164 416 INF 247 756 INF 464 193 418 643 399 522 549 298 INF 91 726 INF 68 205 687 362 INF 517 INF INF INF 309 191 656 INF 267 INF INF INF 0 699 241 484
INF 223 364 715 652 447 193 600 117 INF 288 INF 203 472 723 INF 434 INF 537 587 533 280 INF INF 123 661 710 605 305 424 674 437 313 INF 629 763 81 274 606 356 541 620 INF INF 277 596 726 740 517 601 INF 107 726 616 515 INF 309 733 INF 122 354 177 674 407 670 248 296 544 374 416 63 INF INF 543 227 207 282 611 INF 571 487 149 282 INF 118 663 679 356 262 603 INF 715 584 0 627 209
465 INF 204 114 INF INF INF 665 541 524 210 INF INF 758 INF 732 586 715 INF 724 INF 319 INF 670 440 77 612 INF INF INF 288 272 745 573 316 737 INF INF 535 INF 494 598 INF INF 78 INF INF 165 698 511 259 590 481 365 INF 116 INF 294 567 689 246 174 INF INF 406 660 456 526 INF INF 576 264 454 122 640 685 INF 450 206 487 492 272 INF INF INF 651 INF INF 111 157 INF INF 500 79 0 632
448 685 INF INF 65 663 656 419 140 200 698 731 44 396 299 87 187 INF 460 640 389 INF 56 584 354 INF 517 361 559 INF 105 422 155 723 740 INF 136 111 772 745 210 INF 508 297 602 590 291 446 INF 721 401 581 INF 183 287 381 715 INF INF INF 304 683 INF INF INF 536 INF 555 751 INF INF 486 INF 538 705 741 113 397 505 493 217 119 211 416 INF INF 185 INF 325 INF INF INF INF 355 INF 0
