0 INF INF 564 84 54 INF 504 314 166 700 238 664 501 468 INF INF 588 213 479 411 277 INF 400 72 INF 701 168 INF 301 507 641 INF 197 97 473 345 167 235 484 468 491 531 INF 468 522 INF INF INF 466 649 INF 72 708 138 670 76 502 INF 324 190 251 762 342 573 INF 489 INF 643
675 0 722 INF INF 150 561 600 239 378 405 INF 574 233 362 479 INF 579 466 INF 390 241 388 197 637 INF 745 446 193 INF 660 545 720 132 554 330 INF 641 446 INF 453 342 244 313 466 INF 120 INF INF INF INF 72 244 INF 92 505 514 555 467 442 439 566 489 198 550 264 487 409 746
400 INF 0 686 449 566 163 INF 728 499 INF 219 569 143 INF 134 443 INF INF 352 444 734 INF 263 350 119 781 745 161 654 630 173 339 330 INF INF INF 223 731 661 INF 372 462 267 557 338 331 INF 671 431 INF 760 461 163 273 555 117 INF 416 430 INF 701 INF 552 433 122 566 235 INF
166 228 478 0 704 INF INF INF 470 INF INF 692 570 661 INF INF INF INF 280 579 INF INF 699 357 INF 77 80 495 744 358 434 INF 646 474 101 392 577 421 606 INF INF 420 681 289 420 INF 518 INF INF INF INF INF INF 764 760 INF 745 749 184 186 INF 238 80 246 INF 195 INF 475 261
289 479 586 416 0 763 386 405 696 INF 633 205 459 189 742 454 INF 590 691 568 112 748 307 130 145 INF 585 552 INF 290 139 752 752 356 783 244 INF INF INF INF 667 396 719 96 97 764 INF 76 INF 659 662 380 408 748 INF 189 603 138 122 307 INF 330 INF 418 INF 130 776 340 518
INF 127 399 INF 433 0 646 148 INF 125 562 621 487 736 739 138 75 387 77 409 307 INF 636 512 403 166 740 192 157 INF INF INF 212 INF 548 592 263 INF INF 127 396 INF 272 INF 569 706 INF 196 398 196 INF 228 INF 513 507 160 INF INF 263 INF 275 INF 143 171 347 INF 653 INF 456
630 INF INF 567 181 INF 0 INF INF 191 INF INF INF 602 INF 321 INF 686 INF INF 675 516 120 364 INF 511 221 INF 354 760 110 171 242 73 404 582 242 611 436 INF 695 596 97 517 269 713 99 568 634 578 302 486 126 80 639 551 INF 202 537 500 249 117 296 INF 515 665 481 INF 736
558 730 693 634 483 461 711 0 INF 196 INF 277 705 252 634 780 651 442 INF 104 196 619 567 470 374 684 61 INF INF 263 670 135 INF 649 407 242 INF 373 629 729 INF 597 766 406 257 INF 570 INF INF 236 159 769 630 520 510 157 INF 327 INF 464 108 INF 531 INF 156 781 INF 335 INF
710 223 409 529 INF INF 164 250 0 INF 212 559 308 INF INF INF INF INF 591 INF 281 INF INF 207 239 168 INF INF INF 640 INF 209 273 369 691 375 123 544 372 324 582 628 556 454 692 295 776 396 INF 696 INF INF 717 703 151 82 717 472 682 INF 65 281 INF 223 643 INF INF 337 86
128 389 657 333 INF 716 136 INF 664 0 647 751 60 300 601 190 667 522 223 591 521 INF 591 705 119 497 INF 465 INF 486 314 INF 581 INF 75 92 INF INF INF INF INF 688 INF 568 INF 93 699 INF INF 215 INF 702 707 INF INF 492 620 INF 148 INF INF INF INF 481 729 INF INF 625 117
493 66 INF 185 428 227 INF INF INF 541 0 767 747 469 503 662 INF INF INF 353 566 305 131 299 INF INF 111 533 INF 713 163 INF 432 389 250 115 105 627 516 531 INF INF 488 776 467 749 537 INF INF 253 770 319 444 506 781 253 70 183 645 INF 237 572 INF INF 316 160 516 96 INF
111 INF 118 165 293 136 112 599 240 299 INF 0 217 281 381 567 INF 145 671 79 INF 423 INF 525 575 135 335 431 685 87 628 INF 344 INF INF 139 514 203 293 466 INF 487 771 636 INF INF 399 INF 615 INF INF INF 625 INF 581 561 502 95 602 382 INF INF 153 508 135 477 281 608 446
316 582 293 364 INF 341 INF 612 755 90 445 INF 0 332 361 706 517 INF 763 426 141 258 INF INF INF INF 633 INF INF 325 742 188 719 553 564 292 541 INF 103 INF 570 INF 709 339 INF 430 594 625 INF 618 INF INF 733 INF 524 564 645 INF 470 INF 98 602 774 95 INF 267 735 INF 538
669 INF 325 INF 352 325 733 227 INF 343 520 INF 251 0 700 566 155 INF INF 681 370 260 430 271 INF 390 312 INF 398 386 INF INF 532 INF 307 INF 138 728 INF 732 INF 326 168 325 612 305 211 204 707 703 INF INF INF INF INF 90 240 671 59 635 237 731 770 215 INF INF INF INF 493
327 676 INF INF 201 759 391 123 INF 197 534 693 109 560 0 INF 323 INF INF 379 123 INF 620 INF 281 INF INF INF INF 400 INF 380 398 688 436 INF INF 571 INF 418 507 242 493 644 626 147 126 642 INF 378 631 281 650 INF 177 505 178 277 INF 415 248 INF 520 113 INF INF INF INF 669
634 230 572 356 71 246 INF 91 INF INF 770 458 78 459 620 0 INF INF 279 INF INF 414 572 INF 478 INF 277 583 253 393 634 482 371 519 749 578 610 313 463 439 706 434 772 660 INF INF 712 432 700 401 352 INF INF INF 451 INF INF 277 759 486 INF 481 132 674 293 INF INF INF 444
56 450 686 643 INF INF 517 INF 526 150 541 INF 408 770 724 332 0 INF 698 INF 142 INF 409 568 706 INF 326 649 251 658 574 769 INF 374 767 477 INF INF INF INF 459 INF INF 601 INF 635 INF 101 INF 613 INF 113 393 INF INF INF INF 113 417 INF 569 80 700 756 526 138 INF INF 340
273 INF 626 139 240 338 INF 551 341 309 355 510 INF 775 707 INF 94 0 INF INF INF INF 476 496 620 INF 663 INF 100 180 198 INF INF 74 335 380 58 INF 338 519 INF 463 707 INF 161 603 629 633 INF 778 INF 168 133 419 INF INF 204 INF 439 INF 200 557 99 INF 558 163 491 601 INF
601 741 INF 203 477 381 99 INF 531 111 INF 339 553 INF 631 591 327 INF 0 439 124 127 533 257 279 648 180 590 INF 309 514 356 88 610 205 82 389 INF 552 163 265 611 INF 523 125 INF 676 458 INF INF 271 331 755 759 438 771 261 186 702 INF 275 215 555 483 INF INF 176 87 394
426 INF 318 138 INF INF 370 384 INF 193 88 546 234 115 362 577 358 496 500 0 178 INF INF 498 INF 307 511 INF 461 INF 777 365 706 INF INF 266 463 INF INF 565 575 247 INF 646 INF 553 427 INF INF INF 467 608 INF 96 INF INF INF INF 174 478 323 104 INF 714 675 654 INF 148 INF
256 504 INF 278 468 745 311 656 371 INF INF INF INF 638 728 INF 422 219 98 270 0 216 INF INF INF INF 326 653 585 277 474 INF 425 INF INF 378 INF 130 INF INF 155 INF INF 215 83 INF 473 INF INF INF INF INF INF INF 336 INF INF 481 INF 276 240 407 351 527 INF 203 490 670 583
486 223 553 438 INF 479 INF 570 623 592 126 707 661 554 315 INF 544 494 620 INF 254 0 317 495 82 INF 431 INF 379 661 704 547 151 109 366 INF 327 308 INF INF 565 267 INF 619 421 349 468 613 INF 248 516 719 191 208 176 INF 546 746 INF INF 570 572 288 642 282 INF INF 359 605
490 218 326 INF 714 INF 489 INF 261 329 530 764 529 552 373 297 716 INF 279 INF 470 INF 0 INF 301 INF INF INF 441 241 59 INF INF 114 697 606 INF INF INF 132 138 610 488 113 INF 656 91 113 602 540 696 459 229 381 INF 648 94 430 570 216 278 INF 507 699 INF 338 706 779 514
442 511 578 INF 635 476 774 375 514 719 671 418 INF INF INF 335 428 327 583 204 588 INF 246 0 726 639 276 548 592 251 INF 120 254 675 510 INF INF 481 77 INF 347 100 261 375 676 310 259 INF INF INF 368 INF 71 636 INF INF INF 190 INF 140 84 96 220 230 233 387 775 INF INF
INF 303 540 INF 211 653 398 455 INF 514 263 203 INF 222 INF INF 724 767 147 INF 437 523 INF 593 0 62 277 640 473 459 501 458 145 INF 125 768 547 720 INF 561 INF INF INF INF 130 234 INF 707 132 343 433 512 677 354 543 156 188 193 539 717 INF 530 281 324 571 137 287 INF 639
336 348 304 INF INF 385 576 INF INF 520 86 512 INF 603 274 571 INF 505 INF INF 458 203 INF 738 INF 0 701 INF 151 632 614 INF INF 272 619 INF INF 122 INF INF 642 248 579 INF 645 INF 606 786 100 369 366 661 592 751 INF 448 132 163 509 INF INF 690 610 INF 261 75 86 523 702
INF 466 261 407 530 513 344 107 678 172 776 680 INF 337 478 INF INF 690 INF INF 669 INF 456 254 516 INF 0 483 INF 427 512 INF 593 759 593 INF INF INF 575 INF 410 178 688 206 231 INF INF INF INF INF INF INF 356 INF 704 INF 280 306 724 505 INF 168 INF 608 497 411 692 232 505
557 200 542 INF 231 INF INF INF INF 158 INF INF 730 103 138 694 INF 332 88 INF 204 720 669 656 761 129 INF 0 582 INF 569 734 594 748 211 116 300 522 127 INF 433 INF 102 214 452 586 INF 338 481 223 420 262 INF 421 637 INF 331 332 INF 418 580 INF 678 701 296 INF 456 INF 529
229 INF 95 INF 630 721 INF 191 INF 538 401 INF 122 558 707 INF 693 64 698 INF INF 407 397 245 INF INF INF INF 0 532 590 660 701 758 INF 73 INF 502 326 508 562 579 INF 383 INF 352 512 198 668 224 372 408 263 433 INF 421 706 380 706 INF 253 246 633 269 INF 571 521 INF 286
337 INF INF 312 118 71 INF 637 338 658 INF 685 622 483 407 INF 786 514 646 323 548 INF 730 INF 589 734 275 683 614 0 582 INF 259 143 637 407 INF 498 171 792 563 478 143 143 417 374 69 291 606 INF INF 99 272 INF 507 106 242 523 369 411 85 98 166 465 INF 466 INF INF 629
INF 166 754 730 INF 181 781 748 463 INF 529 66 689 428 588 INF 369 82 INF 199 616 126 INF 567 726 INF 211 189 223 INF 0 719 INF INF 365 368 555 INF INF 108 514 306 196 655 172 630 689 INF INF INF 179 248 476 278 INF 332 450 INF 68 639 664 481 INF 208 INF INF INF 708 186
72 612 90 INF 449 278 200 749 776 INF 112 583 662 INF 488 INF 434 523 INF 373 INF 533 590 362 766 INF 156 471 614 369 185 0 355 INF INF INF 647 81 583 INF INF 762 409 131 144 77 272 478 706 425 INF 720 INF 201 683 443 473 153 87 730 INF INF 594 414 515 INF 589 419 389
58 705 747 774 INF 793 760 632 190 771 INF 474 215 530 604 714 314 576 651 INF 247 INF 489 535 421 358 255 313 INF 607 744 125 0 INF INF 603 305 558 406 267 71 INF 467 516 137 INF 647 INF 773 762 657 93 INF 375 INF 743 INF 464 511 INF INF INF 503 INF INF 176 INF 503 294
INF 567 327 INF 683 INF INF 230 INF 707 620 259 INF INF 448 548 478 774 312 584 304 INF 93 687 601 INF 441 INF INF INF 100 201 100 0 409 336 72 INF INF 503 748 742 727 467 124 142 441 405 364 INF INF INF INF 583 229 INF 159 INF 423 268 INF 379 352 INF INF INF INF 536 704
365 INF 482 INF 184 INF 259 INF 215 INF INF INF INF 342 65 INF 781 681 489 INF 80 683 398 254 497 699 627 511 INF 774 296 269 INF 175 0 INF INF 501 INF INF INF 733 196 INF 662 768 733 734 INF 334 607 95 INF INF INF INF 80 698 INF 461 417 785 767 515 INF 207 334 INF INF
INF 660 INF INF INF 621 283 INF 475 544 644 575 INF 199 409 88 317 313 100 264 INF INF 693 INF 178 INF 498 344 673 108 INF 675 657 INF INF 0 121 360 INF 295 522 INF INF INF 92 INF 711 412 723 761 124 INF 538 768 INF INF INF 327 304 730 INF 555 494 548 346 558 INF 517 INF
542 INF 328 621 578 INF 575 368 660 INF 610 482 181 505 INF INF 589 516 513 141 566 INF INF 659 285 INF 530 INF 637 203 INF 539 147 INF 391 296 0 INF 746 INF INF 356 742 INF INF 702 INF INF 542 INF INF INF 659 INF INF 420 INF 690 703 452 203 INF 165 130 INF 513 INF 612 INF
351 581 439 INF 659 525 96 529 82 127 696 461 INF 97 INF 296 578 212 511 606 702 167 INF 301 INF INF 565 INF 175 235 447 INF 92 396 661 374 724 0 219 INF INF INF 627 310 147 133 312 INF 331 428 INF INF 430 191 INF INF INF INF 314 127 465 INF INF 408 736 763 572 194 560
730 640 INF 145 INF 507 228 535 206 495 489 INF INF INF 587 INF 536 INF 294 294 408 683 207 608 263 359 638 185 INF 654 653 484 316 495 551 521 INF 479 0 70 766 764 83 153 445 INF 599 521 INF 641 INF 581 290 95 755 INF 722 INF 561 INF 128 505 234 400 INF 328 657 428 INF
86 488 460 385 INF 557 INF 196 104 323 INF 645 INF 377 137 INF 613 508 465 421 606 650 INF 751 447 698 INF 218 105 68 486 INF 464 INF INF 268 633 768 INF 0 83 703 413 INF 310 442 311 680 INF 231 285 INF INF INF 205 733 101 675 237 INF INF 471 393 INF INF 379 429 258 614
INF INF 220 669 INF 330 INF 636 INF 502 294 392 120 770 INF 684 736 INF INF 318 643 324 763 721 INF 56 540 504 720 516 161 464 368 544 113 511 536 420 549 376 0 288 INF 355 594 196 611 INF INF INF INF INF 614 INF 420 536 678 363 210 488 INF 731 236 INF 499 INF 636 647 152
366 229 INF 787 571 644 91 408 INF 464 INF INF 684 732 INF INF INF 420 458 INF 416 457 238 779 298 512 762 INF 78 201 INF 782 729 158 199 327 442 195 327 85 INF 0 545 592 INF 549 264 497 INF 674 277 519 INF 686 INF INF 762 95 313 554 786 766 INF 178 INF INF 673 71 592
372 643 512 154 241 235 INF 564 INF INF 702 419 144 583 399 785 262 INF INF INF 752 INF 122 739 176 191 INF 570 INF 704 INF 728 273 391 INF 598 597 743 727 221 INF 683 0 666 INF 775 356 INF INF 218 663 384 207 INF INF 338 INF INF 163 INF 507 407 291 80 437 406 INF 294 521
732 INF 137 INF 750 422 INF 584 INF INF 424 INF 214 INF 305 757 699 204 INF INF 312 669 294 INF 346 INF 261 605 INF 592 INF INF 705 750 484 287 547 INF INF 51 INF 472 INF 0 762 119 INF 91 585 764 207 207 362 INF 565 INF 319 720 738 276 255 427 299 145 304 616 738 142 392
469 177 454 742 756 446 706 520 597 328 411 INF 467 457 405 659 INF INF 449 356 545 288 INF 283 INF 554 INF 364 765 INF 244 INF INF INF 292 552 327 671 236 INF 260 500 INF 540 0 122 152 712 545 606 466 497 181 477 386 132 707 327 INF INF 398 83 INF INF 311 INF 629 750 INF
565 INF INF INF INF INF INF 80 INF INF 328 302 725 INF 116 266 484 INF 751 INF 274 465 628 453 INF 247 711 653 433 INF 319 INF 537 544 722 286 273 568 294 INF 650 INF 87 213 368 0 INF INF 109 INF INF 534 226 INF 485 INF 601 467 INF INF 728 565 754 INF INF 195 541 395 78
434 73 340 INF INF INF INF 233 INF 362 INF INF 352 634 768 479 350 INF 720 546 INF 308 455 762 INF INF INF 108 INF INF 296 INF INF 188 559 122 320 734 INF 142 273 INF 128 276 INF INF 0 176 418 666 683 505 667 558 768 137 INF 579 230 611 INF 647 213 253 627 INF 736 587 224
INF 226 551 INF 154 128 238 505 374 409 465 656 INF 632 559 433 389 INF 720 328 INF 402 83 INF 499 332 468 INF INF 374 INF 193 178 500 167 647 151 140 548 INF 179 71 INF 482 498 595 497 0 668 579 329 INF INF 312 INF INF 408 374 625 425 INF INF INF 449 611 73 410 552 INF
INF INF 169 INF 681 270 367 549 742 768 533 776 109 INF 609 228 INF 721 459 682 145 INF 749 INF 622 162 699 103 523 237 INF 125 313 294 INF 354 409 541 369 545 515 435 674 INF INF 339 280 331 0 INF 84 159 268 INF 330 62 INF 675 494 INF 439 INF INF 744 704 604 719 295 515
435 711 763 279 159 311 303 316 137 INF INF 264 110 351 INF 567 755 258 332 435 INF INF 474 709 INF 322 98 118 INF 435 476 163 636 385 INF 356 INF 162 INF INF INF 149 INF 276 125 INF 784 172 207 0 291 270 289 397 INF 662 INF INF INF INF 650 645 374 INF 268 547 625 INF 79
381 777 488 404 INF INF 580 445 412 430 INF 343 599 INF 153 698 INF 352 724 104 219 INF 488 208 172 355 98 694 436 247 760 INF 112 304 662 76 402 INF 405 INF 313 INF INF INF 720 INF 240 539 INF 699 0 INF 765 INF 146 640 INF 189 544 400 400 696 358 291 INF 79 INF 247 763
674 427 469 401 761 473 289 395 287 649 INF 100 654 INF 746 787 INF 178 INF 286 INF INF 661 334 520 INF INF 401 INF 698 INF 668 204 574 INF INF INF INF 78 115 INF 214 INF INF 248 706 170 INF 688 INF INF 0 INF INF INF 432 INF 289 INF 445 248 416 INF INF INF INF 448 701 171
312 550 332 187 INF 339 INF 573 184 INF 307 708 765 609 482 512 100 INF INF INF 564 130 INF 140 INF INF INF 706 INF 302 154 344 324 574 INF 663 363 705 INF INF 726 297 410 321 INF INF 380 322 431 INF 598 INF 0 742 INF 570 314 125 494 535 281 475 INF 236 INF INF INF 540 INF
459 INF 168 658 440 642 INF INF INF 306 INF INF 168 INF 687 329 INF 125 INF 332 262 INF 120 589 INF INF 538 332 362 646 321 757 687 INF 526 535 399 484 410 INF 586 78 INF 722 489 INF INF 466 INF 318 443 408 358 0 93 235 356 686 289 INF 442 314 INF 217 INF INF INF INF 552
INF 221 471 615 474 403 264 403 696 INF 650 379 INF INF 617 614 124 554 428 131 466 711 79 INF 713 INF 606 311 527 INF 510 INF 478 INF INF 209 193 669 457 187 INF 381 INF 256 525 602 158 144 479 86 730 431 229 562 0 INF 469 745 428 236 670 INF INF INF INF 241 505 262 268
354 554 INF 158 307 324 163 608 INF INF INF INF 326 240 368 262 293 570 623 350 178 292 476 756 INF 385 INF INF 470 767 768 217 580 215 571 INF 219 INF INF INF 262 INF 434 INF 600 304 INF 415 INF 578 177 389 281 637 167 0 INF 77 INF 278 250 INF 355 INF 723 767 480 739 269
637 740 INF INF 541 634 INF INF 211 87 183 384 604 657 672 700 INF 270 207 INF INF 510 668 593 341 184 INF 84 641 330 INF INF 628 640 614 110 759 INF INF 524 451 INF INF 171 293 641 787 495 INF INF 128 INF INF 218 INF 705 0 348 161 INF INF 584 177 215 457 INF 488 72 INF
INF 89 648 INF 639 227 INF 144 135 INF INF 540 604 613 505 721 INF 263 249 INF 278 176 INF 761 401 729 165 238 581 INF 663 509 262 423 463 INF 402 INF 265 324 311 INF INF 781 553 295 336 INF 263 615 INF INF 329 90 INF INF 535 0 754 INF INF 346 421 78 283 620 271 149 762
233 INF 700 132 451 483 366 291 INF 224 185 61 297 INF 403 179 289 154 INF 149 88 76 744 625 554 493 181 314 316 550 INF INF 268 INF INF 643 521 201 579 655 INF 404 INF 714 489 98 550 INF 461 INF 499 324 129 INF 498 INF 648 151 0 442 171 655 INF 500 520 INF 637 INF 629
457 578 509 INF 784 INF 588 83 466 INF 130 INF 449 INF 305 96 INF 751 382 335 INF INF 233 270 510 580 INF 404 120 155 INF INF INF 100 660 416 84 205 INF INF INF 167 INF INF INF 524 INF INF INF 755 477 332 273 416 INF 388 454 224 INF 0 INF INF 70 777 218 INF 666 155 549
INF INF 343 INF 478 198 303 106 119 746 310 324 361 509 320 171 INF 185 484 175 554 336 271 661 404 INF INF 708 INF 242 169 608 473 321 695 269 INF 408 701 103 496 723 729 282 394 116 INF 637 770 221 179 538 INF 490 365 INF 429 623 419 450 0 95 354 212 375 INF 543 244 561
269 670 584 142 711 233 INF 346 INF 138 636 INF INF INF INF 156 764 INF INF 553 INF INF 139 453 INF 146 687 362 760 774 643 548 716 528 676 295 543 659 INF 98 496 INF INF 620 294 241 613 INF 621 INF 194 593 315 389 579 INF 687 198 530 INF 735 0 640 INF 419 INF 554 612 INF
399 150 INF INF 80 573 INF INF 543 207 680 INF INF INF 703 576 INF INF 502 277 469 INF INF 623 722 292 212 205 547 INF 72 INF INF 667 91 160 251 243 727 214 481 765 INF 589 304 144 552 450 INF 712 476 636 INF INF 95 438 INF INF INF 370 INF INF 0 276 650 773 130 INF 793
289 INF 388 77 506 INF 548 358 INF 344 404 398 648 430 INF 148 INF INF 553 251 731 486 768 180 493 INF INF 107 372 195 399 368 INF 87 716 583 297 INF 482 247 391 INF 513 INF INF INF 605 INF 437 541 588 422 309 758 INF 279 INF 304 290 631 379 615 755 0 515 448 366 82 71
756 149 INF 255 352 332 592 444 INF 725 INF 732 670 280 205 559 630 INF 670 202 379 744 408 477 663 462 461 INF INF 613 INF 388 82 411 INF 505 INF INF INF 123 750 INF 644 138 INF INF 377 250 INF 369 431 283 486 456 337 230 INF INF 102 171 143 603 INF INF 0 733 701 107 INF
576 767 263 307 675 INF INF 689 103 698 INF 630 INF 728 348 670 INF 176 574 609 INF 756 INF 81 INF INF 481 INF 344 INF 120 INF 646 INF 139 INF 168 269 INF 334 529 INF INF 209 619 168 INF 581 546 160 281 495 107 541 713 709 INF 394 717 725 INF 610 INF 560 703 0 114 INF 482
291 INF 101 363 696 299 459 171 700 INF 138 INF 627 451 290 666 577 730 371 389 150 INF INF 747 91 191 729 480 284 477 INF 118 156 524 INF 583 INF INF INF INF INF INF 736 618 779 716 671 299 309 613 155 235 485 183 737 533 287 158 233 INF 343 760 187 INF 461 778 0 354 544
INF 517 545 95 INF 511 599 INF INF INF 587 495 INF 328 576 INF 568 106 INF 554 740 723 678 639 656 INF INF 207 456 301 98 417 745 INF 90 203 537 294 582 548 220 INF INF 319 676 357 490 434 437 753 420 INF 302 74 765 458 INF INF 551 245 204 INF 589 410 217 452 535 0 159
152 60 INF 368 721 629 265 463 INF 450 236 315 INF INF INF 112 203 668 556 511 510 INF 168 INF 640 334 187 323 732 INF 273 INF INF INF INF INF 679 INF 361 644 134 INF 413 INF 513 309 665 304 549 149 INF 664 640 720 555 INF 694 437 710 INF 76 INF INF 387 193 245 INF 75 0
