0 INF 500 INF INF INF INF 545 INF 93 471 144 682 479 267 767 351 INF 334 479 356 INF 220 INF 123 134 424 INF INF 216 INF 193 540 460 80 INF 416 238 558 201 624 282 650 750 309 311 195 INF INF 753 430 372 205 406 502 368 INF 677 621 563 771 353 INF 572 217 606 INF
INF 0 99 393 518 INF 554 INF 222 INF 125 294 173 114 692 210 521 INF 154 151 105 157 693 542 INF 147 761 138 159 708 302 569 INF 279 INF 732 256 INF 167 INF 188 746 INF 396 INF 745 553 291 678 INF INF 765 INF 589 INF 533 645 392 343 398 579 INF 770 INF INF 629 INF
114 186 0 INF 249 45 294 393 520 432 562 702 INF 105 96 INF 760 INF 448 694 60 552 INF 245 424 INF 282 299 680 658 INF INF 730 675 647 212 715 559 INF INF 104 INF INF 267 59 716 187 79 211 703 188 422 262 677 INF 449 INF INF 452 341 510 148 INF 762 INF 336 87
269 520 450 0 INF 231 175 474 INF 417 INF 686 87 431 INF 597 83 333 334 377 INF INF 289 INF 197 792 INF 379 679 686 307 573 INF INF 143 INF 722 643 648 INF 671 216 INF INF 362 120 INF 645 645 441 74 INF 734 665 664 172 INF INF INF INF 708 537 667 287 389 492 INF
238 265 182 INF 0 INF 80 707 INF 280 298 INF INF 263 118 791 443 INF 214 511 INF 375 547 270 208 573 473 357 255 706 407 INF 231 INF INF INF 125 219 INF 458 172 690 473 INF 175 505 INF 89 180 INF 366 459 478 732 135 452 INF 396 INF 621 INF 762 411 608 INF 249 444
496 584 110 611 388 0 515 201 INF 76 INF 657 591 INF 357 273 INF INF 154 68 INF 394 232 INF 765 695 INF INF 666 294 INF 270 INF 127 INF 638 297 92 INF 690 552 96 564 INF 259 331 704 255 73 217 461 315 469 INF 309 668 154 455 762 INF INF 576 537 INF INF INF 294
144 462 INF 525 719 496 0 INF 114 580 618 INF 399 512 252 722 752 236 109 INF 295 652 410 INF INF INF 619 75 487 267 204 497 314 INF 753 266 INF INF INF 74 INF INF 475 472 212 INF 671 497 INF 180 498 INF 138 542 568 188 436 489 INF 610 104 334 203 163 300 682 667
418 726 709 402 557 697 683 0 82 413 INF 338 685 INF 518 496 INF 430 572 INF 253 218 371 519 389 INF INF 778 469 447 INF 548 583 715 406 INF INF 589 548 282 435 606 INF 219 INF INF 671 INF 438 156 410 262 312 INF 90 INF 695 INF 375 270 INF 407 290 563 INF 239 INF
724 185 734 INF 117 INF INF INF 0 721 657 637 325 371 483 319 559 INF 224 INF 195 INF 471 458 713 199 INF 343 446 89 INF 496 379 INF 229 312 121 421 422 639 244 521 388 307 146 144 604 729 100 579 695 INF 199 756 675 419 61 INF 611 INF INF 777 115 INF 160 552 381
INF INF INF INF 110 INF 648 616 669 0 INF 264 94 337 INF 545 INF 237 747 INF INF 129 262 INF 470 201 INF 728 INF 597 87 468 351 INF 268 397 740 396 457 439 102 129 66 190 INF 184 656 609 INF 239 723 120 755 INF INF INF 573 INF INF INF 658 631 597 576 INF INF 690
INF 698 INF 115 INF 192 518 731 293 INF 0 130 760 INF 347 765 647 256 INF 112 559 324 382 401 494 INF 194 INF 559 681 INF 453 547 564 531 INF 474 88 INF 576 414 467 INF INF INF 429 720 62 509 353 INF 353 683 INF 637 171 300 105 794 156 INF 206 584 403 743 745 229
INF 524 INF INF 483 674 241 616 430 INF 340 0 INF 222 647 456 INF 767 207 496 174 100 638 INF 191 INF INF INF INF 660 681 INF INF 489 379 66 INF 700 690 619 218 282 480 INF 338 480 INF 53 669 733 268 INF 316 396 136 INF 161 123 INF INF INF 655 549 164 INF 132 385
INF INF INF INF 521 222 339 208 728 348 273 487 0 286 576 726 88 199 INF 383 749 INF INF INF 293 324 241 710 INF 519 INF 613 696 INF INF INF 130 388 132 INF 302 690 191 582 124 669 217 INF 202 751 INF INF 775 418 198 492 INF 81 681 INF 192 448 638 522 143 INF 64
433 INF INF INF 468 554 78 730 423 INF 137 727 635 0 78 148 774 641 775 731 315 391 767 222 658 657 INF 375 437 698 INF INF 384 742 360 INF 145 449 441 300 673 407 INF INF 137 753 INF INF 304 157 294 INF 722 INF INF 731 705 172 INF 400 INF 245 393 INF 457 INF 626
170 678 521 408 INF INF 611 89 INF INF 554 733 636 INF 0 INF 490 INF 448 INF 671 582 152 INF INF 109 INF 55 466 99 INF 484 526 494 393 282 485 118 271 233 693 139 INF 238 548 660 465 255 94 INF INF INF 718 746 709 157 605 303 615 594 463 INF 589 INF 657 114 INF
287 INF 358 INF 400 INF INF 430 INF 95 438 506 387 766 INF 0 371 97 218 316 INF 255 INF 68 253 INF 715 INF 67 108 150 INF 290 747 553 610 663 550 706 INF 630 INF 729 401 INF 643 402 383 INF 718 125 INF 542 658 537 INF 171 INF 174 INF 535 INF 348 437 121 734 662
642 761 INF INF INF 400 141 144 115 INF 583 161 INF INF 283 773 0 348 649 672 353 453 707 203 INF 70 191 213 176 300 375 610 458 INF INF 297 97 86 740 697 735 754 197 711 262 INF 418 381 447 162 592 310 382 179 INF INF 396 247 435 339 168 693 INF 551 INF INF INF
INF 472 INF INF 673 INF 737 INF 689 INF 566 552 546 371 INF 144 434 0 446 INF 472 INF INF INF 624 INF 595 371 724 INF 457 174 450 275 397 776 292 109 755 370 99 483 423 INF 115 417 369 INF 108 107 INF 396 221 111 INF 636 703 170 233 507 328 723 646 INF 661 237 278
556 526 299 167 729 58 248 72 363 756 121 401 277 745 INF 247 156 INF 0 416 125 717 581 62 244 175 81 590 156 627 605 411 757 271 539 292 332 418 114 INF 45 554 751 INF INF 663 274 INF 610 545 INF INF 319 145 669 85 297 174 766 417 260 287 INF INF INF 78 168
324 INF 505 398 INF 283 698 490 208 227 653 514 347 705 778 80 INF INF 247 0 512 INF 654 381 INF 333 INF 690 74 INF 361 413 232 INF 746 590 INF 412 INF 668 INF 210 443 INF 160 INF INF INF 290 INF 422 589 603 INF 620 361 INF 637 360 119 642 INF INF 290 INF 211 INF
INF 97 INF INF 429 425 483 205 105 664 777 479 715 214 INF 314 INF 434 193 INF 0 587 326 704 786 INF 369 547 182 INF 601 INF 129 118 583 212 INF 714 461 INF 673 207 317 221 726 380 672 INF 532 INF 74 171 157 509 399 551 329 569 INF INF 451 132 449 114 149 INF 348
INF 763 149 INF INF 187 INF INF 184 INF 366 512 380 662 INF 645 INF 560 587 149 161 0 175 486 608 INF 56 373 116 236 INF 351 131 443 INF 110 334 383 639 124 88 76 315 INF 170 429 INF 88 395 INF 426 INF 501 589 485 INF INF INF 412 374 596 INF INF 183 154 474 746
732 629 381 INF INF INF INF INF 112 INF INF 233 303 224 405 692 527 256 INF 712 176 87 0 122 370 609 646 367 598 185 INF INF INF 387 INF 373 614 582 442 334 141 704 687 657 62 333 668 INF INF INF 274 INF 771 754 670 442 276 70 INF INF 465 INF 453 192 INF INF 308
425 586 695 159 INF 252 129 INF 353 159 INF INF 176 241 104 671 476 INF INF 321 723 482 INF 0 INF 406 INF INF 132 409 722 192 579 349 INF 698 484 132 INF INF 624 INF 381 INF 153 704 761 686 INF 266 336 466 269 562 INF 177 160 177 353 321 INF 318 INF 486 INF 181 510
INF INF 607 217 209 385 124 142 265 191 83 128 225 570 679 INF INF INF 586 154 178 556 350 108 0 INF 107 638 417 INF 510 625 469 INF INF 109 627 271 115 292 255 490 77 572 754 764 343 668 766 258 565 INF 79 INF 558 366 93 569 513 574 INF INF INF 376 384 102 INF
171 368 INF INF 478 INF 210 248 116 300 INF 445 INF 407 INF INF 686 634 118 649 730 193 122 738 INF 0 239 INF INF INF 101 INF 313 INF INF 363 INF 116 286 661 501 435 268 521 INF 703 712 631 555 446 INF INF 304 107 406 593 233 318 659 267 INF 225 550 737 180 459 297
213 343 119 278 108 261 INF 563 358 INF 425 683 INF 720 647 232 INF 293 452 175 INF 450 INF 753 500 116 0 135 421 658 388 625 536 239 588 INF 593 565 634 405 145 INF 406 128 577 INF INF 331 INF INF INF INF 239 INF 102 446 55 583 INF INF 421 380 401 167 99 INF INF
INF INF 520 INF 265 610 INF 151 690 267 530 640 409 397 154 69 INF 653 445 480 521 284 179 673 674 305 INF 0 323 559 259 138 INF 712 722 INF INF 418 INF 677 210 346 241 252 INF 651 640 INF 391 706 245 600 INF 573 191 515 490 434 418 INF INF 273 INF 743 685 INF INF
711 360 INF 657 617 636 299 INF INF INF 634 INF INF INF 125 INF 754 INF 660 INF INF 675 492 INF 498 462 130 689 0 366 505 INF 322 119 601 150 118 487 475 299 INF 86 INF 160 INF INF 531 487 620 406 321 718 INF 430 227 INF INF INF INF 789 INF INF 716 INF 512 85 INF
INF INF 643 198 281 216 INF 706 377 INF 407 214 INF INF INF INF 666 INF 119 105 577 142 INF 485 325 615 INF 578 INF 0 348 172 66 INF 173 283 716 381 384 284 INF 261 INF 259 283 580 719 275 382 96 423 INF 171 503 190 INF INF 349 INF 133 INF 507 199 463 762 208 522
INF 727 321 INF 221 604 601 241 420 316 490 498 205 106 640 INF 344 377 68 696 63 INF 383 407 318 116 INF INF 523 339 0 INF 109 401 INF 717 551 236 690 345 748 380 INF 465 INF INF INF 327 682 147 509 236 471 INF INF 641 INF 505 697 INF INF 690 120 INF INF 662 532
728 467 474 INF 711 580 491 502 460 225 275 572 263 455 INF 402 INF 734 INF 241 INF 269 522 297 326 INF 100 82 598 432 382 0 INF 641 132 185 INF 427 INF 432 753 INF 128 INF 712 INF INF 595 677 219 713 524 545 474 INF 546 184 INF INF INF 321 INF INF 118 INF INF 464
740 564 436 654 699 729 296 INF 728 167 599 INF 757 557 INF INF 378 INF INF 782 INF INF 427 264 181 552 69 INF 220 298 INF INF 0 621 INF 174 264 116 INF INF 410 196 INF INF 265 189 INF 491 157 56 INF 693 INF INF INF 440 449 286 304 INF 711 INF INF INF 75 531 INF
INF INF 513 386 INF 491 INF 419 196 INF INF 750 326 496 INF 388 727 743 141 INF 577 INF 571 351 443 INF 187 INF INF 312 502 660 339 0 511 46 689 INF 257 233 488 234 79 634 266 INF 236 672 INF 232 335 248 375 234 240 505 299 532 198 169 649 178 INF 537 426 522 227
INF INF 486 659 INF 164 624 INF 213 445 401 INF 592 INF 327 610 154 610 489 INF 238 INF 129 709 517 INF INF 270 481 340 520 636 224 523 0 INF 178 118 425 633 INF INF 707 345 722 INF 324 INF 746 175 INF INF INF INF INF 102 457 INF 80 380 206 INF INF INF 642 707 236
444 374 170 INF 681 125 486 INF 491 192 317 INF INF 254 766 730 309 291 INF INF INF 406 414 INF 193 731 INF INF 474 606 73 456 779 INF INF 0 380 177 566 250 189 302 553 INF 96 163 INF INF 321 279 597 INF 184 84 295 101 672 INF 409 713 550 456 299 575 517 INF 146
215 INF 545 662 603 450 65 404 235 599 775 INF INF 463 INF 278 70 715 163 150 166 83 515 579 380 657 261 90 INF 707 583 110 466 INF 676 619 0 INF 407 INF 128 316 373 683 INF 517 279 356 INF 734 77 622 INF INF 438 306 326 327 INF 426 391 373 327 INF 64 421 444
609 683 84 94 INF 698 73 87 670 123 301 341 517 INF 495 274 542 INF 571 INF 286 INF 427 INF 258 174 INF INF 476 INF 752 INF 326 150 INF 388 561 0 403 INF INF 365 67 INF 317 495 419 368 58 231 613 714 INF 294 513 181 INF 414 540 391 703 230 536 254 INF 358 INF
INF 572 INF 87 400 INF 291 219 301 345 510 INF 302 202 368 702 165 INF 693 276 709 274 607 550 566 636 459 347 INF 221 763 693 INF INF 432 621 126 134 0 401 437 612 437 734 438 159 528 529 648 456 616 355 313 INF 120 753 644 160 INF INF INF 79 605 359 459 775 INF
INF INF INF INF 720 235 668 607 INF 563 425 402 454 542 INF INF 119 377 407 385 INF 537 284 317 745 597 324 531 90 721 309 721 INF 179 315 505 555 INF 444 0 INF 480 570 INF 685 210 INF 164 233 352 756 194 514 265 INF 778 192 471 663 INF 273 226 INF 537 INF 603 229
284 71 INF 533 INF INF 292 754 INF 67 694 231 INF 527 211 382 470 INF 288 478 192 358 461 471 301 139 673 345 210 INF INF INF INF INF 628 INF 109 702 728 456 0 524 356 336 443 660 250 176 INF 644 348 683 738 659 INF INF 337 589 749 558 545 INF INF INF INF 688 641
213 261 477 517 591 INF 160 630 662 383 242 745 INF 130 INF 309 393 INF 205 INF 440 INF 667 74 752 202 524 INF 684 INF 263 479 567 INF 506 114 156 159 409 157 401 0 538 INF INF 289 401 336 550 723 160 INF 83 542 77 677 INF 104 560 91 301 473 616 INF 509 INF INF
INF 224 528 INF INF INF INF INF INF 667 INF INF 246 91 147 328 517 134 449 631 464 717 INF INF 347 282 672 INF 292 776 572 322 483 460 678 766 675 INF 239 INF 575 659 0 540 INF 555 710 668 616 INF 501 422 87 INF 738 284 733 251 INF INF 261 655 193 755 225 INF INF
INF INF 190 669 454 126 526 267 INF 641 INF INF 685 INF 235 466 INF 746 INF INF INF 587 INF 257 279 514 INF INF 508 465 659 554 193 481 300 671 INF 602 INF INF 537 621 155 0 281 496 200 102 INF 231 704 INF INF 288 INF 106 148 495 INF INF INF 116 387 INF INF 352 416
110 INF 185 INF 709 373 247 420 331 613 349 INF INF 475 149 687 524 638 746 224 469 INF 392 299 318 INF 397 INF 141 92 INF 225 INF INF 744 315 INF 684 392 138 741 735 153 707 0 754 INF INF 63 47 562 737 720 141 INF 747 427 604 438 355 589 158 693 254 701 207 93
637 INF 382 INF INF 104 INF INF 284 113 634 551 INF 465 404 568 INF 392 700 74 572 466 424 490 288 140 INF INF INF 552 INF 473 702 98 INF 243 203 INF 363 719 661 199 INF 366 108 0 INF 623 620 168 150 255 112 600 265 612 398 171 INF 653 INF INF 630 239 INF 341 INF
195 258 644 INF 439 INF 216 INF 304 105 592 INF 565 640 398 573 402 INF 765 135 285 186 255 INF 472 425 INF 362 656 78 395 INF INF 575 680 151 256 172 151 INF 168 342 INF 753 236 333 0 759 666 INF 612 141 INF 423 687 560 179 INF 354 675 330 INF INF 539 203 361 485
INF INF INF 755 179 599 INF INF 672 INF INF 746 683 749 209 609 690 265 246 113 376 477 511 581 187 180 768 368 492 INF 716 502 665 426 452 484 742 INF 63 486 INF INF 205 622 235 533 343 0 594 371 638 INF 432 INF 258 INF INF INF INF INF 191 INF 467 759 INF 298 189
505 649 562 INF 236 529 524 INF 136 442 93 542 400 INF 115 293 586 124 INF INF INF 298 INF 219 471 INF INF INF 401 428 648 179 INF 55 666 165 211 INF 696 192 151 INF 575 454 493 291 378 INF 0 568 INF INF 353 332 INF 418 762 113 77 74 463 420 338 704 68 474 INF
INF 274 554 665 644 684 610 INF INF 168 301 231 772 329 292 456 INF INF 106 738 751 624 INF 74 734 INF 382 INF 344 INF 420 INF INF 300 637 361 50 INF 763 63 INF 242 102 INF 251 INF 192 INF INF 0 INF 608 242 INF INF 131 647 INF 647 275 659 INF INF INF 308 283 642
249 174 618 INF 340 493 480 208 INF 107 719 590 155 113 507 INF 284 INF 301 119 371 INF INF 238 INF INF INF 479 320 133 749 INF 423 INF INF 524 650 261 426 539 185 606 INF 278 724 238 681 INF INF 490 0 90 261 94 459 INF 307 INF 522 110 299 INF 637 INF 191 INF 136
61 INF 108 443 371 498 623 493 370 INF INF 193 488 163 488 692 501 INF 208 INF 376 454 233 440 264 INF INF 225 590 216 465 75 INF INF 696 241 INF INF 292 INF 425 429 INF INF INF INF 110 718 607 188 INF 0 553 186 200 454 130 67 INF 59 INF 452 728 252 INF INF INF
645 INF 537 400 364 189 INF 436 251 663 INF 407 400 716 179 139 545 533 347 681 INF 751 367 754 115 739 INF 81 95 704 INF 139 520 506 INF 471 INF 578 90 INF 100 INF INF INF 281 764 INF INF 779 728 INF 543 0 307 500 INF 220 751 706 196 339 707 INF 540 418 320 676
233 INF INF 643 739 514 437 311 INF 264 78 INF 607 234 INF INF 554 372 508 111 592 91 174 381 541 478 755 INF 387 86 473 96 INF INF 653 445 420 483 436 769 592 INF 308 390 655 INF 62 470 461 682 242 391 133 0 738 INF 383 INF INF 766 INF 490 241 136 224 508 784
664 187 77 INF 132 549 INF INF 511 INF 751 INF 481 346 INF 532 624 INF INF 356 494 INF 139 INF 87 769 223 INF INF 497 543 370 184 382 INF 117 381 606 355 433 347 INF 503 503 598 528 137 767 INF INF 740 376 INF 157 0 188 INF INF INF 579 INF INF 162 75 190 INF INF
419 728 575 223 INF INF 339 228 INF 692 183 INF 235 250 357 67 INF 665 365 75 736 120 INF 517 INF 117 INF INF 107 233 325 727 138 684 INF INF 549 545 151 143 414 69 300 INF 186 INF 567 576 681 INF INF INF 74 INF 351 0 INF 278 687 INF 217 INF 604 120 228 299 96
433 381 96 682 516 INF 464 INF 266 INF INF 728 INF INF INF 776 INF 538 160 INF 326 279 271 681 548 534 INF 604 INF INF INF 560 INF INF 590 484 551 INF 460 582 730 INF 342 550 485 287 718 235 516 56 517 INF 776 INF 599 130 0 INF 312 INF 607 226 163 644 INF 355 239
699 334 INF 781 77 555 INF INF INF 422 INF INF 90 INF 537 65 INF INF 250 142 97 455 686 500 649 551 INF 494 69 338 INF 417 70 645 INF 286 INF 365 INF 341 757 356 434 348 443 540 757 INF INF 667 697 INF 685 658 INF 416 INF 0 706 INF 750 447 INF 719 INF INF 237
359 INF 280 731 INF INF 712 318 321 386 342 74 251 INF INF INF 192 434 267 388 368 526 606 INF 81 249 566 INF 634 739 441 603 INF INF INF 307 579 INF INF 642 322 664 436 591 INF 124 125 684 288 557 487 590 271 INF INF 458 292 278 0 638 INF INF 217 611 INF INF 586
314 387 208 233 INF 439 202 INF INF 484 INF INF 86 324 INF 394 534 428 583 250 INF 78 374 86 465 58 291 146 527 283 101 INF 555 640 51 INF INF 500 INF 53 288 INF 547 INF 500 649 602 679 736 INF 252 614 INF 679 235 INF INF 719 INF 0 661 630 125 52 241 332 447
INF 528 652 INF 81 INF 298 645 725 INF 91 148 166 254 177 315 224 259 81 INF 421 INF INF 575 196 INF INF 195 390 207 290 INF INF 648 314 200 328 304 238 463 601 261 351 603 108 494 INF 182 406 INF 396 754 276 539 INF 548 741 INF 742 INF 0 INF 44 489 686 317 INF
INF 73 INF 627 INF 465 647 311 662 INF 146 469 450 455 529 436 INF INF INF 348 113 730 INF 392 INF 398 INF INF 242 INF 720 INF 754 548 INF INF 225 INF 580 525 612 INF 339 INF 680 602 435 412 177 277 78 385 539 564 117 INF 226 616 117 111 INF 0 743 355 290 77 324
190 INF 424 INF 720 472 INF INF 232 413 INF INF 224 INF INF INF 572 INF 94 565 711 396 678 512 125 91 391 279 632 INF 230 INF 302 623 INF 376 98 INF 325 431 INF INF 643 500 201 66 680 92 300 207 183 204 292 730 463 INF 244 724 692 INF INF 313 0 724 INF INF 412
235 749 616 299 INF INF INF 706 634 160 INF 131 411 INF 523 INF 464 283 INF 599 520 538 152 313 INF 482 385 667 INF INF 469 INF INF 486 253 333 INF 780 86 344 615 734 689 INF 432 INF 355 INF 262 INF 254 INF 299 INF 662 539 329 533 337 500 581 INF 233 0 101 783 INF
503 540 INF INF 419 684 696 400 168 711 350 INF 504 105 792 INF INF 76 INF 360 419 156 445 776 531 INF 499 342 406 476 475 INF 659 71 391 752 468 328 196 INF 671 314 468 344 733 533 319 234 478 306 201 408 527 84 132 350 INF 570 INF 665 324 641 INF INF 0 601 INF
INF 457 350 445 641 115 INF INF 490 206 666 79 785 756 646 163 440 267 201 223 INF INF 342 334 INF 655 243 581 127 INF 444 614 213 248 597 INF INF 349 588 107 459 495 317 175 126 176 INF 270 INF INF 687 75 366 391 652 INF 373 423 INF 517 246 INF INF 241 457 0 272
338 685 537 INF 113 623 92 634 459 INF 376 INF 251 701 INF 655 264 INF INF 526 358 453 INF INF INF 666 INF 569 INF 366 623 393 INF INF 324 INF 583 INF 69 INF 292 365 INF INF 81 416 628 303 382 INF 295 565 592 INF INF 650 247 551 INF 631 175 718 559 INF 144 INF 0
