0 590 INF 352 713 739 372 66 272 471 517 498 62 358 60 653 INF INF 608 142 115 537 218 453 INF 347 INF 406 INF INF 342 723 721 INF 431 INF 638 688 617 290 471 INF 522 61 731 108 138 373 INF 560 550 612 360 243 INF 271 215 INF 79 INF 371 143 INF 502 317 770 533 533 506 INF 590 197 INF 727 INF INF 544 729 158 179 102 737 97 580 651 128 INF 245 502 INF 315 233 556
INF 0 581 488 344 INF 596 INF INF 69 INF INF 71 112 INF 702 673 INF 653 INF INF INF 724 376 622 INF 596 225 646 497 370 194 572 INF INF INF INF INF INF 145 143 INF 278 542 INF 549 INF INF INF 345 INF 651 244 345 INF 96 536 737 585 145 488 673 610 299 INF 446 437 INF 197 327 233 634 INF INF 106 INF 267 305 261 315 62 INF INF INF 89 200 446 INF 621 653 157 739 652
113 506 0 381 289 INF INF INF 452 INF 339 INF INF 511 386 378 447 319 INF 273 INF 617 INF 554 INF INF INF 374 615 INF 589 474 INF 360 266 76 780 INF 185 129 325 332 166 157 554 616 660 490 INF 292 363 502 428 107 INF 638 375 288 INF INF 713 453 699 583 INF 491 489 776 746 INF 141 422 INF INF 415 151 153 106 450 270 696 567 54 INF 381 INF 137 725 401 INF INF INF 126
INF INF 235 0 INF 689 INF 72 647 459 615 779 203 687 666 686 753 654 424 295 INF 488 139 506 344 789 INF INF 366 272 INF 564 INF 566 509 INF 780 90 513 INF 212 702 556 269 415 536 342 726 541 628 INF 724 INF 432 514 645 115 142 765 551 INF 605 320 INF 551 664 INF INF 378 137 228 179 INF 408 728 386 589 305 378 INF 393 565 INF 363 216 410 523 467 83 408 526 498 INF
INF INF 365 INF 0 INF 237 431 INF 257 164 669 607 222 625 INF 675 769 417 126 359 INF 208 535 536 743 664 223 INF 722 402 367 598 752 INF 421 673 661 757 379 494 165 INF 570 450 120 139 INF 170 309 INF 568 169 291 INF 635 439 767 299 INF INF 157 177 484 282 370 411 369 330 646 INF 587 758 551 330 268 291 277 INF 312 383 354 652 INF 417 INF INF 439 INF 758 467 784 INF
INF INF INF 183 697 0 INF 677 328 382 761 INF INF 455 126 251 INF 757 INF INF 530 453 INF 547 INF 245 537 739 713 INF 426 240 INF INF 378 INF 645 727 INF INF 456 INF 70 INF INF 387 696 531 339 INF 450 530 728 360 692 654 173 INF 495 723 237 123 752 387 694 369 INF INF 198 497 236 568 699 INF INF INF 534 295 601 308 658 564 571 362 138 443 530 106 324 INF 102 609 INF
724 532 219 INF INF 371 0 659 220 269 INF 190 INF 368 518 INF 81 627 675 INF INF INF INF 349 93 486 749 351 INF 293 602 INF 510 INF INF 725 372 INF 751 INF 681 613 INF INF 243 INF INF INF 382 INF 777 INF 188 INF 754 524 INF 170 420 INF 696 424 INF 371 259 INF INF INF 724 556 719 392 748 748 579 513 684 698 INF INF 598 297 INF 301 INF 734 INF 431 INF 266 INF 359 175
320 INF 143 INF 559 342 243 0 INF 572 191 INF 381 INF INF 303 558 68 752 556 INF 517 552 INF INF INF INF INF 119 680 88 INF 322 288 229 107 163 521 705 84 INF INF 434 INF 106 645 144 193 INF 709 INF 348 154 388 INF INF 303 670 INF 125 282 261 INF INF INF 350 INF INF 426 547 78 80 INF 635 705 INF 129 772 INF 438 231 696 435 754 645 171 450 455 620 INF 635 INF 483
674 INF INF 201 169 233 705 520 0 536 408 681 613 INF 329 INF INF 316 618 321 578 INF 462 506 706 236 276 163 167 287 432 90 622 363 518 INF 167 537 INF INF 728 722 116 575 INF 479 INF INF 347 500 690 644 657 INF 515 771 INF INF 193 INF INF 642 388 701 182 102 745 482 107 524 164 INF INF 153 176 INF INF 73 INF 109 INF INF 113 INF 385 302 463 664 290 107 97 INF 751
156 388 67 INF 554 776 485 INF 521 0 693 INF 95 557 INF 461 167 707 79 624 INF INF 253 INF INF 76 690 INF 261 INF 446 76 INF INF 658 INF 623 530 353 447 342 206 INF INF 451 556 329 753 INF 147 690 438 654 INF 584 INF INF 227 561 165 660 173 INF 517 82 366 583 105 410 630 518 623 238 INF 516 674 279 INF 77 INF INF 540 INF INF 591 397 208 INF 484 357 INF INF INF
INF INF INF 441 285 188 195 INF INF 448 0 451 529 467 INF 66 377 INF 603 124 INF 112 147 369 564 564 171 357 700 111 184 240 85 682 234 592 125 100 701 INF 471 309 82 469 149 419 315 INF INF 145 126 98 464 234 687 INF 103 418 547 632 246 287 600 INF INF 712 271 653 674 INF 237 INF 476 580 INF 708 397 158 INF 755 638 121 INF 365 672 144 INF 765 464 119 342 INF 247
614 INF INF INF 437 INF 508 542 261 259 355 0 357 INF 618 259 75 633 685 369 174 INF 311 326 770 774 378 INF 146 INF 600 413 633 519 141 INF INF 271 492 INF INF 140 517 305 INF 656 INF 275 660 333 250 92 INF INF 101 231 208 772 141 612 INF 694 597 337 657 310 703 INF 163 323 518 711 631 614 482 289 INF 117 197 433 611 744 269 231 529 770 INF 671 718 INF 148 180 192
380 273 730 42 724 INF 198 456 121 283 67 INF 0 353 INF 374 115 INF 226 163 649 97 726 110 INF INF INF 430 INF 202 INF 771 628 562 234 721 INF INF 310 314 INF 104 452 INF 388 128 713 INF INF 90 450 250 180 INF INF 211 INF 617 446 INF INF 169 INF 246 746 INF 589 INF 750 598 INF 485 INF 578 719 69 724 165 262 INF INF INF INF 779 INF INF 422 INF 619 INF INF INF 211
INF 308 734 INF 525 336 INF 674 335 341 381 630 311 0 INF 462 INF 677 INF 557 INF INF 140 554 561 106 777 193 232 409 INF 681 INF INF 683 242 377 INF 349 176 INF 387 460 INF 137 418 630 355 209 603 381 317 INF 88 381 171 INF INF 350 529 648 413 INF 639 741 316 317 INF 745 576 340 INF 237 67 INF INF 324 INF 684 559 626 764 134 603 161 492 INF 664 74 INF 641 392 477
INF 384 INF 85 359 166 INF 362 552 INF INF 551 712 INF 0 213 80 259 295 INF 763 697 INF 266 649 INF INF 379 526 305 364 124 INF INF 672 117 378 664 171 INF 644 769 INF 629 INF INF 702 155 126 INF 472 430 INF INF 724 766 207 INF 609 97 275 INF 752 351 INF INF 193 217 289 184 INF 390 INF 698 INF 202 367 INF 688 358 598 473 INF 147 291 INF INF 697 INF INF 754 313 425
409 201 INF 310 227 431 INF 321 288 349 631 371 121 435 INF 0 598 756 405 INF 416 463 519 INF INF 394 INF 419 434 249 INF 85 INF 431 448 INF 744 529 INF 353 243 INF 76 482 484 INF INF 773 238 742 526 INF 486 INF 187 689 116 INF 742 273 683 674 404 INF INF 588 667 INF INF 581 351 INF INF 514 130 413 661 INF 162 INF 486 429 179 111 INF INF 201 208 185 752 681 INF 527
INF 328 55 291 INF INF 433 118 498 772 391 737 647 84 298 506 0 INF 732 559 INF 101 INF 455 188 375 338 228 INF 762 545 553 376 153 INF INF 395 401 575 INF INF 690 90 INF 497 INF 153 250 677 157 INF INF INF 128 731 518 102 254 614 217 788 INF 547 INF 127 403 106 203 681 526 553 280 INF 453 INF 545 INF 687 374 445 INF INF 581 370 710 284 INF INF 419 274 223 616 233
176 632 728 612 607 83 563 106 647 707 122 648 617 70 191 571 198 0 561 765 316 191 93 INF 651 339 INF 585 228 665 756 450 406 429 INF 481 INF 165 436 613 224 65 251 183 INF INF INF 374 636 736 INF INF 720 525 657 321 133 INF 377 283 465 655 INF INF 727 INF 72 175 230 745 INF 694 391 613 481 343 695 187 659 368 514 710 761 INF INF 560 261 561 INF INF 419 512 INF
674 147 307 INF 628 168 272 339 INF 465 322 INF 518 INF 140 107 INF 644 0 647 460 258 466 INF 626 504 159 473 716 108 INF 510 480 772 659 INF 714 585 635 69 602 638 350 66 INF INF 764 INF INF 216 282 INF 727 138 226 INF 738 69 233 72 INF 345 192 520 INF 187 INF 457 158 247 621 664 690 INF INF 569 490 541 455 INF 670 INF 386 515 581 253 381 445 392 INF 253 157 243
INF 296 INF 743 430 495 90 656 219 408 401 543 623 643 377 514 267 149 73 0 604 527 575 560 630 INF 599 INF 746 625 264 INF 563 656 INF 349 700 437 INF 662 546 559 606 481 86 INF INF 103 277 213 126 606 INF 235 INF 211 INF 359 518 664 INF INF 776 546 667 420 INF 571 343 INF 668 513 INF 308 680 749 319 396 282 460 296 101 INF 330 669 341 252 83 392 120 INF 549 200
335 293 INF 362 412 162 579 462 156 163 INF 246 607 669 540 505 722 INF 338 611 0 515 381 740 355 497 710 INF 130 661 156 608 474 INF 285 INF INF 549 600 540 88 669 777 643 245 716 242 INF 505 574 203 144 INF 587 440 237 397 112 INF 468 61 252 359 177 INF 605 619 560 316 298 INF 667 224 INF INF INF 256 403 165 656 INF 241 694 448 INF 278 575 253 205 722 436 466 INF
INF 74 INF 636 99 700 328 186 INF 148 465 INF 61 664 341 770 INF 184 642 509 106 0 INF INF 140 606 509 INF 366 364 INF INF 459 INF INF 786 209 INF 458 609 264 591 INF 232 554 96 378 81 569 691 656 162 422 278 98 510 199 250 570 302 INF 577 INF INF 497 INF INF 477 INF 91 INF 361 447 INF 638 INF INF INF 168 650 447 INF 568 388 INF INF INF 719 INF 468 348 750 212
91 INF 496 INF INF 420 INF INF INF INF INF 703 735 664 420 216 393 284 274 INF 498 188 0 195 141 565 187 77 231 718 INF 726 155 670 635 INF 312 86 INF 559 INF INF 240 767 INF 93 430 INF INF 230 561 606 INF INF 397 175 356 INF 322 95 187 INF 709 695 125 266 595 630 467 INF INF 200 INF INF INF 548 218 INF 515 INF INF INF 770 188 199 739 162 INF INF INF 610 162 449
88 178 230 290 609 INF INF 202 669 740 133 680 INF INF INF 416 INF 713 204 462 645 357 INF 0 204 744 592 289 INF 353 96 285 299 293 INF 460 INF INF 68 INF 214 INF INF 451 393 420 249 325 669 261 INF INF 377 669 301 206 752 INF 193 518 328 148 538 694 497 180 INF 322 295 474 335 118 677 636 INF 666 347 334 279 INF 419 319 112 INF 344 INF INF 113 348 INF 230 491 INF
393 INF 742 308 130 643 339 686 437 304 711 435 507 543 173 INF 773 194 293 573 577 597 75 271 0 686 INF INF 713 141 482 709 244 337 235 458 INF 683 677 175 247 INF INF 326 676 707 323 177 INF INF 637 INF 708 194 472 INF 83 INF 523 484 351 658 758 290 INF INF 283 209 INF 662 91 434 INF INF 169 INF 199 447 679 INF 479 427 INF 159 INF 663 INF 135 INF 240 INF 164 INF
335 391 428 706 757 438 88 383 295 628 INF 372 424 452 526 638 535 115 86 238 461 INF INF 630 486 0 393 411 297 419 92 664 INF 627 175 409 INF INF INF 663 283 INF 665 534 308 570 140 408 700 INF INF 719 483 683 INF 502 INF 517 610 518 415 775 513 200 595 562 INF INF 102 283 175 504 687 INF 97 308 INF INF 704 371 252 INF 157 INF 669 233 INF INF 593 INF INF 81 593
206 INF INF INF 310 336 190 428 INF 726 718 513 319 INF 221 369 631 728 454 641 INF 593 582 410 INF 76 0 INF 138 397 INF INF 442 99 231 746 736 403 180 623 664 55 371 INF INF 527 175 INF 752 462 INF 454 73 INF 683 442 761 236 INF 234 218 634 74 445 227 325 INF INF 302 202 449 659 644 750 93 INF 710 INF 295 767 524 INF 79 INF 699 647 324 INF 107 INF INF INF INF
INF INF INF 57 INF INF 145 324 454 INF 237 287 INF 389 INF INF INF 512 228 INF 292 713 569 INF 165 511 INF 0 433 INF 122 INF 646 548 478 INF 240 586 417 INF 313 276 550 252 114 INF INF 663 211 216 227 INF 142 766 743 INF INF INF 392 281 708 INF 703 571 364 280 300 INF INF 431 67 459 98 125 127 328 535 INF 584 308 736 INF INF INF 111 384 525 756 644 INF 660 271 734
493 515 257 INF 659 308 547 370 737 INF INF INF INF 656 INF INF 401 608 743 INF 378 536 INF 393 510 419 744 INF 0 522 INF 503 638 136 610 270 453 723 452 176 412 165 INF 783 436 86 103 675 INF INF 349 138 254 748 702 274 191 507 421 256 INF 725 662 381 698 501 511 INF 526 496 289 700 INF 410 267 INF INF INF INF INF 740 INF INF INF 109 INF 714 INF 313 295 601 INF 468
81 103 242 124 326 INF INF INF 164 399 423 488 124 201 INF 183 291 584 178 622 553 276 661 114 INF 708 647 793 681 0 336 INF 223 INF 717 293 INF INF INF 134 546 625 170 734 625 300 452 224 285 674 109 INF INF INF 728 418 INF 256 500 INF 194 106 116 77 INF 436 785 INF 140 275 654 561 126 INF INF 366 556 482 INF INF 695 INF 441 560 496 710 759 242 540 242 159 INF 290
INF 346 INF INF 617 605 54 INF 145 INF 83 INF 692 144 INF 516 148 416 168 INF 384 363 736 269 INF 672 INF 121 371 INF 0 640 74 232 419 478 718 608 429 INF 687 618 228 INF INF INF INF INF 665 294 471 116 INF 304 INF 528 INF INF INF 768 INF 490 379 440 INF 569 INF 316 713 270 768 INF 765 492 303 538 INF 184 196 552 466 729 496 INF INF INF INF 151 INF INF 484 INF INF
114 637 219 90 INF INF 679 735 INF 355 596 452 347 65 INF 486 194 310 355 477 63 217 145 237 774 INF 367 INF 235 287 INF 0 731 669 551 388 INF INF 363 443 195 INF 130 509 INF INF INF 332 614 INF 719 182 584 INF 240 414 198 286 671 INF INF 313 548 309 432 454 740 INF INF 478 312 99 377 445 INF INF 124 445 INF 413 456 596 565 INF 166 INF 400 114 682 643 797 455 193
647 695 543 168 432 598 406 INF INF 335 331 INF 756 397 714 INF 140 INF 355 485 305 659 INF 321 INF 169 INF 265 INF 497 286 648 0 766 426 206 117 167 764 648 679 125 INF 373 392 INF 673 INF 364 136 637 728 299 118 INF 291 456 159 583 328 INF 637 487 489 633 382 71 480 346 INF INF INF 405 697 557 661 136 INF 661 275 393 INF 124 151 INF INF 663 517 720 538 224 INF 490
INF 765 362 INF 239 695 112 INF 90 INF 640 567 508 33 704 467 436 278 104 544 552 250 252 710 438 479 406 546 695 285 INF 260 521 0 INF 683 264 65 INF 232 INF INF INF 404 219 243 INF 508 751 60 155 404 97 537 INF 235 624 588 INF INF 503 274 297 286 INF 213 112 744 279 727 346 375 523 625 421 615 INF 283 85 INF 742 376 INF 320 INF 105 728 162 220 271 INF 466 368
344 514 708 INF 518 INF 54 INF 296 120 INF 490 540 377 INF INF INF 703 INF 309 INF INF INF INF INF 129 467 320 477 737 INF INF INF 640 0 224 329 INF 694 109 355 INF 656 604 INF 588 INF 698 465 521 INF INF 579 509 366 522 INF 584 INF 247 348 347 INF 586 734 397 253 624 443 396 INF INF 250 588 561 782 298 559 754 INF INF 771 INF 114 472 637 INF 156 424 473 343 INF 131
70 161 533 INF INF 599 419 173 INF 697 735 245 348 453 INF 549 731 352 547 764 463 98 387 INF 132 526 INF INF 303 553 270 INF INF 250 178 0 153 73 INF INF INF 131 481 535 376 INF 121 340 66 328 494 INF 454 685 INF INF 574 INF 559 383 224 702 726 323 118 185 246 INF 201 77 301 INF 155 INF INF 661 620 478 INF INF 301 271 373 625 584 362 314 590 569 INF 611 747 INF
172 381 INF INF 588 75 49 INF 570 INF 686 293 125 147 543 INF 627 773 613 INF 514 407 INF 505 INF 768 318 263 INF INF 62 108 INF 544 584 INF 0 INF INF INF 653 92 INF 94 746 566 232 156 INF 230 104 INF 227 INF 187 330 INF 336 708 335 INF 129 432 768 93 INF 382 145 105 194 INF 591 71 411 INF INF 148 INF 178 290 375 402 INF 461 569 INF INF 494 189 692 INF 109 616
INF 528 226 251 479 INF INF 348 577 88 445 207 INF INF 450 INF 223 355 INF 120 575 469 241 INF 736 438 291 170 200 140 INF INF 343 INF 603 501 250 0 INF 111 642 INF INF 543 INF 322 189 INF 656 INF 611 530 171 INF INF 127 177 253 INF 332 210 488 685 INF INF INF 722 367 146 INF 303 INF 672 473 403 INF 241 INF 615 708 417 367 60 INF 556 473 449 611 642 INF 383 INF INF
534 INF 410 464 562 772 496 207 770 132 574 INF INF 324 756 INF 549 INF 199 517 450 INF 669 257 735 265 INF INF 371 INF 152 677 513 269 INF 578 INF INF 0 206 253 422 609 259 568 250 517 625 63 INF 748 498 315 405 INF 201 INF INF 431 INF INF 776 503 INF 241 384 236 151 128 501 100 477 266 129 496 267 451 INF 192 253 57 526 598 INF 142 INF 445 204 162 185 88 719 673
98 INF INF 661 315 230 INF 310 INF 139 121 INF 676 220 INF 585 429 517 INF 523 490 INF 585 INF INF 540 655 741 554 491 515 778 301 317 282 INF INF 560 INF 0 178 659 INF INF 100 429 448 INF 65 INF 648 163 330 632 262 615 378 252 INF 56 687 INF 400 INF 771 INF INF 342 INF INF 338 785 509 INF INF 74 444 440 157 645 649 715 607 363 421 463 323 486 111 84 498 364 145
174 513 731 INF 432 703 740 702 308 596 383 INF 272 INF INF 562 409 119 INF 700 INF INF 736 INF 632 247 435 INF 663 INF 371 415 236 INF 442 534 553 INF 206 256 0 422 INF INF 372 583 685 62 322 INF 408 503 139 426 414 711 633 250 INF 702 383 474 757 304 140 390 433 123 251 INF INF 741 396 424 574 370 317 INF 494 513 109 INF 71 437 INF INF INF INF 629 INF 397 INF 218
INF 301 INF 83 223 INF INF INF INF 512 INF 297 689 606 61 INF INF INF INF 265 424 INF 542 INF 641 INF INF 93 621 98 181 444 374 108 327 INF 488 329 INF 89 213 0 INF INF 382 471 INF 545 141 348 291 463 246 184 682 612 INF 158 757 559 INF 447 305 490 467 727 INF 331 226 137 195 227 552 234 76 358 277 313 157 91 482 INF 130 459 448 476 697 616 257 185 188 INF INF
410 785 INF 465 INF 305 INF INF 467 369 229 657 318 702 120 241 576 299 621 622 60 746 725 608 INF 733 767 96 313 597 100 INF 291 667 673 INF INF 194 427 INF 782 206 0 271 497 89 435 395 202 159 INF INF 188 515 419 597 INF 427 INF INF 149 INF 152 111 223 183 INF 333 370 669 459 429 INF 168 624 INF 288 INF 184 542 554 456 INF 558 INF INF 556 210 293 INF 646 227 761
69 694 INF 567 234 INF 244 369 629 184 115 565 INF 420 458 736 590 183 284 202 INF INF 370 INF INF 379 202 INF 276 517 374 689 187 530 INF INF 650 609 INF 285 INF 303 INF 0 287 547 259 154 683 172 269 INF 216 INF INF 524 680 INF 488 INF INF 130 INF 189 INF 554 386 303 INF INF 239 386 650 302 495 532 334 122 533 INF 55 149 599 INF 751 215 334 624 609 342 INF INF 761
643 712 688 INF 160 57 INF 72 317 572 512 133 INF 232 399 484 INF 135 678 62 137 INF 281 234 143 277 INF 96 411 748 492 187 INF 682 386 INF 569 505 215 INF INF INF 503 INF 0 INF 464 214 INF 644 771 258 307 214 721 INF 631 324 210 INF 469 481 711 INF 641 381 366 685 590 371 624 217 351 158 562 274 317 493 136 498 532 302 INF 73 INF 393 679 642 245 389 723 INF 542
395 718 433 INF 336 INF INF INF INF INF 153 555 191 362 483 215 64 81 498 74 361 495 546 480 INF 319 783 310 595 470 728 INF 511 INF INF INF INF 116 183 581 226 450 553 INF 144 0 248 141 INF INF INF INF 57 277 412 INF 434 783 410 INF INF 307 644 520 499 INF 274 684 INF 693 334 650 515 746 INF INF 350 660 INF 769 112 INF 435 785 611 407 568 104 193 210 675 609 INF
165 347 INF 142 INF INF 720 INF 761 164 INF 706 INF 363 334 332 533 INF 719 390 747 431 650 599 690 522 639 INF 721 572 INF 351 INF INF 103 INF INF INF 420 478 657 602 INF 770 234 198 0 INF 78 125 140 184 INF 563 594 339 INF 756 INF 77 208 INF 65 667 372 434 681 INF 647 285 114 682 INF 301 577 310 210 588 607 358 398 449 INF INF 79 329 204 INF INF 533 469 714 INF
745 357 390 307 762 INF INF INF 621 614 INF 495 284 738 740 428 INF 419 INF 227 INF 626 INF 301 412 191 582 348 68 681 155 408 423 590 INF INF INF 103 522 224 600 560 INF 183 180 INF 200 0 373 INF 691 INF 447 359 53 133 402 INF 333 695 INF INF 335 80 776 644 INF INF INF 124 INF 299 654 340 INF 684 INF 474 90 INF 130 658 183 INF 558 403 345 615 698 59 307 174 591
169 INF 573 534 278 632 464 228 387 INF 771 INF INF 311 INF 708 INF 300 INF 104 716 INF 109 453 759 195 149 382 INF INF 505 538 128 425 INF 292 INF 536 392 321 INF 559 677 INF INF 467 INF INF 0 394 477 348 639 INF INF 334 607 468 567 412 695 98 638 INF 513 764 INF 586 203 429 INF 70 INF INF 495 INF 497 83 INF 408 657 INF 391 119 94 267 INF INF INF 664 100 INF 348
197 418 247 INF INF 210 INF 437 INF INF 645 INF INF 455 486 651 INF INF 170 INF INF INF 658 673 742 302 506 INF 509 476 560 70 644 200 557 558 137 771 255 286 338 INF 340 466 458 549 425 380 INF 0 300 INF INF 343 568 240 455 574 506 INF 249 357 INF 781 702 358 INF INF 517 689 333 593 167 187 601 INF 123 INF 91 244 544 469 378 INF 696 INF INF 425 142 613 INF 96 784
INF INF INF 328 583 532 98 713 316 550 154 71 INF INF 586 682 48 715 INF 298 94 392 189 480 586 522 412 INF INF 681 446 INF 343 587 353 286 INF 64 INF 367 762 392 476 773 INF 118 494 INF 526 450 0 117 INF 411 INF 275 246 INF INF 643 INF 495 INF 571 INF 589 64 INF INF INF 314 INF 493 118 296 547 351 INF 414 INF 264 683 728 325 582 INF 309 583 76 INF 496 695 484
324 404 618 321 519 721 159 629 263 INF INF 498 278 404 386 381 INF 320 218 INF 528 262 418 366 631 INF INF 374 288 INF 496 369 INF 247 INF 589 INF INF INF 381 184 466 129 INF 724 633 410 285 632 274 INF 0 INF INF 300 INF INF 517 INF INF 752 553 198 INF INF INF 498 357 367 113 751 INF 165 INF 270 429 230 75 698 726 377 696 INF 606 681 INF 177 INF 634 112 665 561 INF
376 INF 320 400 INF 419 126 INF INF 311 INF 99 INF 105 68 561 684 INF 99 597 419 INF INF 406 295 691 531 INF 684 206 178 INF 435 157 INF 537 547 INF INF INF 492 430 733 362 338 410 INF INF 193 785 INF 250 0 178 554 189 686 530 223 140 329 560 523 334 62 251 108 618 741 315 655 INF INF INF 66 INF 68 INF INF 688 500 238 717 INF 373 INF 646 INF 118 733 269 308 INF
INF 392 243 166 234 409 INF 377 INF 763 628 INF 89 INF 188 INF 577 INF INF INF 692 70 387 626 367 328 INF INF 255 572 203 645 INF 590 626 INF INF 383 529 636 454 222 283 359 INF 92 INF 225 173 344 68 383 723 0 418 737 INF 289 INF INF 492 165 INF INF 118 254 436 321 616 INF INF 248 440 INF 434 INF 728 INF 659 553 635 465 77 INF 579 630 INF 695 135 767 INF INF 637
559 458 141 224 537 INF 291 346 INF 122 INF INF INF 728 336 INF 685 389 INF 709 231 614 INF 373 INF INF 693 415 708 62 411 670 505 309 115 INF 750 636 103 INF INF 374 INF 771 701 294 236 90 585 411 INF 354 203 127 0 741 690 INF 165 238 304 784 619 INF INF INF 727 300 640 112 352 INF 255 INF INF 290 456 INF INF 629 533 284 INF INF 312 143 INF 512 INF 660 415 INF INF
749 371 505 INF 486 611 INF 532 702 569 INF 523 411 646 INF INF 389 583 664 144 INF 123 519 304 INF 152 695 INF 731 542 174 693 289 INF 609 665 104 335 440 209 INF INF 573 728 INF 550 738 526 339 339 476 INF 758 674 INF 0 161 286 431 365 716 266 476 INF 156 347 684 400 INF 304 564 INF 697 432 INF 158 90 INF 570 INF 632 750 649 416 204 272 427 541 INF 133 132 INF 318
283 268 134 750 83 INF 490 89 144 750 272 INF INF 432 INF 65 324 439 477 65 INF 524 INF 521 INF 160 423 INF 661 INF 414 229 597 717 308 68 INF 715 INF INF INF INF INF 102 640 486 444 INF INF 68 348 729 456 655 INF 536 0 190 291 55 184 182 650 440 135 622 INF 646 81 684 INF INF 692 235 306 INF INF INF INF 350 INF INF 591 219 216 747 256 INF 337 663 INF 213 INF
746 447 86 223 INF 451 472 INF 103 155 INF 554 INF INF INF INF 445 665 530 INF 506 631 252 219 INF 662 694 277 385 596 494 625 663 341 INF INF INF 684 71 154 INF 740 310 INF 613 262 153 INF 443 INF INF 675 INF 736 402 376 314 0 INF INF 261 414 493 582 604 263 65 399 534 669 448 INF 375 INF 711 219 724 533 679 714 396 314 540 477 98 753 118 INF 371 327 561 752 INF
483 686 563 145 445 619 260 INF 518 425 423 337 266 INF 751 185 120 108 INF 138 175 INF INF 323 358 756 658 INF 128 INF 726 433 INF 119 484 682 267 288 357 259 430 509 INF 655 629 384 472 650 565 450 257 491 INF 632 INF INF 762 495 0 175 INF INF INF INF 582 775 526 320 126 570 INF 430 627 240 402 699 402 77 449 595 INF 527 INF 632 718 299 478 437 391 784 121 INF 348
74 INF 443 INF INF INF INF 395 550 765 247 INF 495 653 INF 520 692 INF INF 497 121 673 INF 324 INF 373 INF INF 288 INF 480 462 INF 332 INF 410 638 350 717 608 INF 274 639 785 736 707 343 252 207 271 INF 362 475 295 269 INF INF 533 761 0 401 348 INF INF 610 222 679 INF 93 INF 599 249 642 INF 191 763 523 160 INF INF INF 93 60 747 487 INF INF 738 INF 296 INF 606 772
INF 773 INF 404 424 INF INF 522 70 340 INF INF INF 333 INF 228 581 546 596 546 273 81 94 529 280 271 740 112 339 370 324 543 INF 77 611 698 576 427 INF INF 698 569 442 415 594 459 185 471 INF INF 628 486 INF 700 750 INF 661 INF INF INF 0 174 INF 288 721 643 550 INF 717 584 257 INF 120 235 473 INF 658 506 INF INF INF 229 161 INF 645 726 INF INF INF 291 363 70 149
669 443 INF 545 131 271 640 INF 178 214 748 INF 98 738 404 66 667 741 181 INF 652 INF 582 701 190 449 264 INF 139 INF 389 INF 425 INF 734 626 621 INF 235 773 470 INF 567 722 219 INF 446 363 224 125 627 INF INF 515 557 INF 538 301 INF 532 724 0 INF 106 348 155 389 INF INF 542 706 444 INF 765 548 571 423 505 INF 432 303 INF INF INF INF 325 INF 764 INF 504 738 530 340
INF 245 574 INF INF 540 133 212 149 505 495 193 257 306 INF 586 601 324 540 INF 604 615 326 215 INF 387 679 415 668 406 617 549 INF INF 115 632 483 200 725 INF 160 INF 210 749 INF 626 145 717 712 156 346 217 359 257 769 INF INF 648 208 451 707 458 0 INF 467 743 668 329 92 INF 778 INF INF INF 186 INF 756 421 246 415 315 INF INF 211 429 82 270 INF 82 113 277 702 343
INF 536 335 713 291 INF 593 474 660 570 450 723 450 72 INF INF 78 316 INF INF 571 181 INF 340 598 INF 514 350 520 INF INF 97 463 INF 106 553 584 375 232 173 INF 406 INF 522 INF 618 INF 47 224 318 INF 480 685 738 566 774 564 539 750 366 INF INF 758 0 INF 745 INF INF 426 103 725 669 INF 388 INF 613 719 INF 661 753 INF 537 626 104 690 152 561 409 INF INF 329 610 70
295 433 437 INF 170 738 INF 240 642 INF INF INF INF 268 353 INF 291 355 INF 734 678 339 INF 709 264 356 INF 736 173 542 INF INF 298 640 154 INF INF 212 65 390 454 773 745 138 281 222 735 INF 635 659 206 INF INF 295 594 653 181 396 80 INF INF INF 385 INF 0 INF 507 446 330 311 INF INF INF INF INF 289 INF 289 522 667 INF 563 INF 425 592 442 INF 614 93 550 INF INF INF
124 384 INF INF 54 303 146 703 210 706 INF 430 INF 575 704 493 249 98 536 499 659 445 673 476 546 INF 440 INF INF INF INF 438 319 173 572 775 INF 124 INF 752 661 229 559 327 INF 345 520 758 213 88 757 INF INF 450 346 INF 104 243 INF 402 539 INF 610 738 508 0 489 INF 715 INF INF 293 669 INF INF INF 241 590 138 INF 517 492 INF 582 178 INF 338 345 INF INF 490 72 INF
232 410 121 273 INF 763 524 INF 597 INF INF INF INF 310 275 576 728 345 754 597 565 INF 405 545 688 658 480 184 630 444 383 230 617 INF 379 374 391 INF 99 INF INF 81 INF 169 588 138 688 656 396 374 566 555 330 INF INF 702 612 625 INF 387 575 356 INF 694 325 169 0 718 INF 578 189 379 742 513 INF 405 INF INF INF 179 INF 343 640 489 413 529 631 INF 496 504 INF 727 101
757 523 INF INF 574 603 389 625 85 INF 289 757 634 102 INF 163 623 687 38 INF INF INF INF INF 318 INF INF INF INF 457 609 INF 388 674 279 723 673 591 271 INF 158 INF 743 INF 187 INF INF INF 183 373 373 INF INF INF 608 153 591 701 599 INF 186 135 INF INF 430 INF 335 0 INF 764 770 86 80 758 INF 674 INF 144 INF INF 281 693 631 INF 123 697 281 175 601 144 125 INF 449
547 INF 466 99 INF 238 745 INF INF INF 544 548 122 392 206 INF 682 INF 191 INF INF INF INF 95 392 686 INF INF INF INF INF 274 94 639 INF 121 624 490 INF 726 INF 464 566 INF INF 397 221 419 467 340 366 INF INF INF 121 INF 742 INF 736 105 385 249 283 184 INF 151 207 INF 0 INF 157 531 370 669 315 INF 173 198 431 278 766 INF 344 506 699 397 770 380 INF 82 INF 230 229
158 342 INF INF 638 553 195 INF INF 433 INF 503 INF 297 INF INF 690 345 523 586 INF INF 57 333 721 381 346 INF INF 517 569 254 692 353 INF INF 163 580 739 542 160 505 713 745 136 391 99 430 591 599 493 579 280 INF 734 302 98 INF INF 501 INF 453 INF 604 INF 321 122 INF 223 0 369 INF 226 64 INF INF 574 282 359 INF 224 395 INF 698 82 518 367 692 122 276 439 151 INF
48 558 INF INF INF INF 547 INF 344 431 606 INF 230 496 140 244 INF 313 341 INF 759 58 160 INF 744 560 612 INF INF INF 332 436 637 INF 64 355 125 654 649 519 567 162 90 177 760 INF 765 512 589 INF INF 529 INF 198 632 INF 163 INF 214 98 559 578 768 INF 309 776 710 384 599 INF 0 135 202 682 267 767 INF INF INF 151 532 484 INF 133 484 54 391 INF 755 250 244 INF 583
557 INF 241 INF INF 537 674 691 227 644 618 587 478 INF INF 706 INF INF INF INF INF INF 394 513 INF 358 305 365 704 INF 379 220 INF 373 316 INF 565 INF 261 494 368 INF 500 INF 704 79 493 470 413 INF INF INF INF 322 464 347 INF 767 INF INF 539 INF 743 559 311 449 431 INF 468 641 567 0 212 463 616 655 115 290 543 INF 695 94 252 543 479 95 484 108 529 221 340 613 133
738 331 701 INF 751 732 504 INF 97 353 INF 136 556 167 384 679 481 336 537 INF 95 471 INF 165 INF INF 238 INF 541 667 429 388 514 740 751 400 634 742 688 INF 154 514 191 INF 252 777 332 INF 645 INF 199 INF 521 219 INF 379 277 INF INF 233 758 INF INF INF INF 739 INF 115 759 186 255 INF 0 164 361 INF 740 INF 226 275 381 717 329 499 467 231 INF 788 592 270 122 INF 205
INF INF 487 375 674 109 108 315 INF 660 156 711 INF 167 488 483 308 723 626 670 754 INF 573 401 550 INF INF 129 INF INF 718 454 INF 761 660 750 271 INF INF INF 586 95 54 INF 356 571 INF 131 INF 315 62 728 616 INF 188 440 233 INF 191 422 111 254 725 127 INF 651 128 574 INF 224 498 INF INF 0 318 INF 738 637 INF 200 698 INF 60 261 INF 587 392 INF INF 461 644 474 INF
56 INF 78 INF 652 INF 518 87 189 694 INF 404 168 219 INF 433 636 334 INF 778 INF 273 INF INF INF INF 193 257 472 606 INF 283 230 597 202 260 INF INF 242 648 78 323 351 105 220 466 430 INF INF INF INF 143 778 67 519 193 514 305 INF 296 285 86 355 INF 467 INF INF 467 181 INF 550 402 370 458 0 132 170 617 365 280 72 INF 716 201 104 303 583 339 724 288 357 642 263
747 341 671 INF INF INF 238 421 INF 170 595 INF 88 596 INF 768 INF INF INF 91 211 532 381 794 602 340 650 268 769 263 762 314 INF 201 INF 319 INF 186 281 765 546 300 INF 526 646 128 572 348 357 248 784 566 700 602 711 INF 644 INF 254 INF 654 615 712 257 112 INF 126 INF 740 404 762 705 173 INF INF 0 350 INF 567 154 147 111 701 415 616 298 788 INF 762 625 261 474 705
328 692 604 INF 595 717 603 169 348 INF INF INF 547 311 361 399 766 472 INF 494 375 765 278 746 581 267 INF 706 690 200 453 530 155 INF 218 515 510 208 478 464 INF INF 166 549 385 INF INF 511 184 197 177 361 226 206 INF 413 217 582 INF INF 453 INF 147 INF 230 89 INF 730 565 INF 645 78 443 INF INF 426 0 INF 110 INF 698 529 428 359 INF 748 INF 700 INF 445 561 701 423
INF 455 437 INF INF 719 INF 545 INF INF 142 INF 325 INF 329 460 INF 146 666 670 733 117 INF 66 INF INF 270 698 381 739 223 758 254 127 INF 399 INF INF 270 652 INF 372 313 788 332 451 694 INF 94 INF INF 124 INF INF 330 304 110 INF 174 690 INF 632 INF 555 390 157 INF INF 584 372 649 INF 458 514 340 512 206 0 744 321 515 680 INF 263 INF INF 727 356 INF 209 INF 305 687
102 394 581 168 INF 424 99 161 408 INF 531 328 562 INF 614 179 INF 567 703 302 128 INF 113 550 331 760 641 655 93 218 INF 189 INF 425 632 INF 507 356 INF INF 425 348 284 302 101 418 INF 351 88 505 370 95 INF 70 206 INF 428 402 154 INF 574 INF 649 INF 119 580 INF 432 379 296 87 410 INF 460 INF 691 561 178 0 312 731 346 737 INF 712 351 338 INF 361 695 102 449 401
739 198 218 INF 433 553 INF 257 INF INF 415 INF 217 437 270 591 650 180 496 107 382 INF 399 580 INF 742 239 INF INF 71 531 683 INF 300 INF 72 140 INF INF 94 97 330 406 212 478 INF INF INF 463 INF 653 381 370 680 94 INF 317 365 740 731 142 INF 760 690 INF 327 INF 308 180 670 311 637 332 INF 338 762 779 438 562 0 541 INF INF INF 482 INF 425 444 INF 299 429 704 94
684 INF 755 189 INF INF INF INF INF 761 352 INF INF 210 111 157 INF 384 567 501 INF 268 269 250 351 157 136 INF INF 382 INF 348 INF 298 INF 607 381 93 394 458 INF 352 358 INF 244 441 INF 455 453 712 101 INF 662 781 INF 651 249 INF 737 87 667 318 739 755 518 141 INF 194 603 INF 698 148 INF INF 287 138 777 INF 376 263 0 420 128 307 761 409 INF INF 294 661 564 673 186
237 INF 115 INF 756 596 221 465 INF 167 490 INF INF INF 111 598 624 181 187 INF INF 228 INF 99 391 INF 426 260 661 INF INF INF 750 INF 403 572 561 409 529 597 558 INF 539 547 INF 741 273 INF 405 331 786 INF 725 706 INF INF INF INF 323 INF 772 681 296 INF 170 505 INF 224 INF INF INF 210 785 318 330 INF INF 242 INF 476 274 0 60 INF INF 202 516 457 72 700 339 664 156
72 534 63 INF 357 757 593 INF INF 145 94 INF 334 219 INF 496 INF 616 270 INF INF INF 454 INF 274 INF INF INF 695 745 517 INF INF 605 610 INF INF 395 609 INF INF INF 157 159 550 684 64 137 INF INF 224 631 66 683 156 683 546 736 INF 424 581 218 94 450 390 424 249 INF 325 150 197 572 744 604 110 INF 516 543 78 534 INF INF 0 687 489 295 753 558 482 452 136 370 558
598 INF 167 622 INF 649 123 208 216 221 430 INF 178 498 INF 206 INF 578 304 INF 669 133 INF 647 INF INF INF INF 777 681 INF 678 730 INF INF INF 719 INF INF 482 230 302 290 INF 393 725 671 INF INF 600 599 185 307 INF 423 INF 168 434 583 556 740 260 284 INF 524 INF 647 INF 218 INF 746 206 415 INF INF 77 458 758 INF INF INF 141 622 0 672 537 518 INF 697 INF 667 106 153
442 668 INF INF 113 504 664 399 266 INF 438 INF INF INF 172 INF 328 INF INF INF INF INF 110 575 307 222 596 598 136 81 667 321 448 764 INF INF 189 INF INF 354 INF 193 INF 610 302 176 423 211 217 411 INF 345 INF 633 INF 150 631 391 INF INF INF INF 632 485 INF INF INF 392 350 76 INF INF 507 357 230 368 128 57 216 INF 693 392 319 INF 0 308 692 122 708 526 INF 451 INF
INF 453 354 471 362 693 INF INF INF INF INF INF 350 157 INF INF 96 111 INF INF 514 175 290 366 723 751 646 INF 262 589 688 642 INF 366 INF INF 594 484 218 122 192 214 129 INF INF 82 216 407 INF INF INF 224 130 431 378 662 INF 449 453 482 INF INF 322 INF INF 574 INF 247 699 INF 658 INF 703 551 152 701 721 INF 620 477 676 655 INF 528 642 0 171 330 INF 270 INF 661 INF
667 INF 377 INF 79 755 556 82 INF 733 INF 601 INF 601 343 590 53 449 INF 451 INF 373 INF INF INF INF 498 150 INF 405 543 755 INF 170 INF 104 291 INF 678 426 INF 284 223 INF 580 INF 74 166 INF 629 676 INF 766 384 INF INF 237 490 122 681 231 443 INF INF 710 INF 407 417 INF 439 251 443 INF INF INF 520 230 INF 118 308 INF 213 111 154 122 450 0 712 644 256 INF 283 190
INF 351 311 138 536 103 609 761 254 610 INF 237 INF INF 757 367 489 INF 233 INF 358 INF INF INF INF 532 INF 432 270 INF 513 457 376 248 INF INF 222 402 INF 477 458 INF 196 542 302 673 746 324 425 INF 345 318 575 INF 614 INF 676 473 247 69 INF INF 690 INF INF 179 178 INF INF 511 INF 751 INF INF 140 123 INF 244 560 635 593 INF INF INF 102 547 393 0 INF INF 703 INF 352
INF INF 376 309 INF INF 111 510 95 66 330 666 INF INF INF 381 147 379 105 INF 582 725 INF 645 673 339 403 492 506 319 275 INF 495 702 INF INF INF INF 95 INF 69 593 433 613 311 INF INF 489 598 625 114 616 699 550 INF 745 INF 373 435 582 584 INF INF INF 602 INF 533 662 537 752 183 653 INF 208 INF 323 INF INF 122 692 729 273 580 303 INF INF INF 547 0 502 278 348 500
658 657 201 108 684 408 211 INF 525 166 360 INF 465 59 489 409 97 INF INF 503 INF INF 167 91 570 221 178 137 441 650 400 413 INF INF INF INF 321 INF 722 INF 401 INF 293 193 349 695 INF INF 452 598 765 453 INF INF INF INF 679 165 457 584 INF INF 52 768 INF 250 565 INF 73 INF 390 329 437 252 424 475 519 INF 209 INF 673 480 INF 74 672 92 INF INF 684 0 572 453 INF
INF 139 130 INF 420 INF 156 343 261 INF 82 INF 642 85 343 INF 648 679 109 INF 286 INF 668 INF INF 751 INF 725 250 109 216 INF 563 187 INF INF 767 INF 293 INF 771 130 494 181 INF 464 769 415 363 616 565 369 746 INF 610 723 INF INF 498 212 782 INF 456 588 609 201 250 427 461 415 489 INF INF INF 573 733 101 266 485 INF INF 282 INF 758 260 354 427 241 INF 399 0 669 466
126 95 INF 697 179 63 575 688 INF 369 346 686 738 83 514 452 499 INF 399 262 INF INF 383 INF 685 672 619 INF 624 201 328 666 135 215 INF INF INF 549 677 294 510 307 604 INF INF INF 604 371 605 459 INF 370 149 713 INF 443 501 INF 512 355 396 126 353 89 INF INF 475 503 506 189 337 174 410 INF 518 INF INF INF 135 INF 542 243 560 156 516 309 INF INF 404 182 INF 0 707
453 209 333 356 340 644 683 452 267 621 685 INF INF 172 651 598 INF INF INF INF INF INF 624 INF 142 311 INF 145 68 530 100 765 713 INF 599 214 674 INF 518 203 INF INF 154 368 INF 311 267 495 306 INF 700 INF 720 392 752 264 438 119 481 100 INF 612 534 652 348 INF INF 144 322 68 493 82 266 278 590 635 758 636 218 329 673 75 204 460 690 300 INF INF 404 756 INF INF 0
