0 378 113 298 284 191 92 145 INF 332 246 394 244 INF INF 236 733 INF 92 135 667 745 654 493 INF 493 INF 421 478 291 268 673 410 624 495 537 INF INF 82 INF 659 632 91 623 INF 734 273 405 303 383 477 666 351 INF 584 420 556 110 INF INF 264 272 INF 623 605 611 440 INF 700 INF 311 553 599 169 INF 466 229 592 243 700 387 INF 561 571 693 INF INF 80 283
694 0 447 368 378 135 691 376 421 172 536 INF 782 693 197 207 64 130 202 455 592 INF 324 282 665 INF INF 197 647 INF INF INF INF 622 610 440 513 317 725 202 INF 131 620 INF 305 666 377 INF 763 INF INF INF INF 182 343 420 689 486 141 252 606 INF 671 316 INF 697 761 172 534 INF INF INF 733 274 96 236 554 INF 247 146 760 INF 274 751 205 INF 296 INF 588
202 348 0 INF 314 698 730 127 INF 67 153 INF INF 725 551 204 65 229 INF 542 453 424 INF 320 403 INF INF INF 470 688 170 606 INF 200 591 734 INF INF INF 396 356 INF 270 294 196 128 91 716 127 165 565 358 576 INF 414 INF INF 162 INF 562 733 565 INF INF 444 670 INF 377 566 145 756 INF 211 INF INF 314 688 102 275 298 INF INF INF 265 495 444 475 INF 651
INF 293 315 0 280 743 405 329 383 751 128 675 165 711 110 INF 327 383 513 109 738 INF 628 583 INF INF 606 INF 500 494 610 INF 475 511 INF INF 98 INF INF 226 258 779 460 INF 681 INF 612 INF 474 328 382 665 752 753 101 416 INF 299 279 INF 139 568 INF INF 468 INF INF 725 591 389 537 INF 363 124 371 254 185 INF 430 657 INF INF INF 607 615 303 INF INF 646
279 285 763 558 0 INF 160 84 646 107 274 454 480 188 431 INF 351 274 647 371 133 665 656 361 INF 493 546 INF 511 413 684 INF 688 451 192 78 550 482 480 476 785 183 217 579 562 INF INF INF 377 280 INF 654 768 INF 245 677 639 171 157 118 INF 220 590 INF INF 677 760 INF INF 428 92 INF 648 136 INF INF 536 201 476 173 INF 120 634 363 766 280 INF INF 591
INF 570 146 609 331 0 INF INF INF 334 741 263 723 272 INF 190 654 176 389 227 718 INF 392 INF 677 INF INF INF 357 148 INF 676 INF 212 321 721 INF 387 620 732 INF 135 INF INF 502 INF 420 200 265 343 738 INF 251 156 INF 602 369 561 590 314 INF 190 432 724 INF 661 INF 518 775 INF 88 390 770 INF INF 87 635 INF 172 77 615 639 INF INF 763 757 INF INF INF
INF 214 394 99 555 INF 0 704 INF 292 INF INF 769 411 631 188 INF 50 185 INF 384 INF 119 252 476 501 565 605 406 762 682 INF 317 703 430 613 714 INF INF 549 INF INF 660 423 INF 298 76 608 595 314 INF 91 734 INF INF INF INF 658 145 412 531 692 82 406 INF 304 703 118 251 577 INF INF 641 INF 236 456 92 INF INF 260 96 569 729 732 385 INF INF 750 458
INF 410 769 INF INF 430 INF 0 535 INF 190 597 398 410 166 596 INF 281 341 INF INF 712 69 555 652 337 INF INF INF 334 571 633 INF INF 715 241 178 INF INF INF 60 428 129 INF 532 288 378 572 371 INF INF 156 372 INF 657 733 INF 181 INF INF INF 135 338 186 77 335 INF 147 INF INF 677 728 283 162 721 238 INF INF INF INF 723 358 387 616 363 632 748 170 INF
649 445 322 198 231 INF 533 153 0 566 INF 195 252 INF 154 388 402 721 339 381 121 717 334 578 INF INF 556 125 INF INF 739 INF 107 INF 654 INF INF 251 502 408 411 678 INF 71 INF 378 440 INF INF 680 604 573 INF INF INF INF 490 614 201 414 609 INF 145 97 503 672 720 INF 589 94 INF INF 94 478 743 INF INF 290 628 750 INF 218 116 170 624 716 577 660 INF
195 INF 86 265 665 402 106 INF 700 0 INF 742 609 136 340 INF 686 691 452 211 INF INF 533 128 379 552 471 465 INF 232 759 106 INF 258 INF 430 731 671 611 104 269 INF INF 363 134 642 329 INF INF INF 478 90 324 INF INF INF 61 348 292 451 512 681 627 INF 129 80 498 603 104 560 297 INF 345 132 INF 329 463 INF 77 INF 418 233 INF INF 487 INF INF 676 514
225 679 INF INF 83 121 INF 231 291 INF 0 610 338 250 165 349 178 645 232 393 703 364 656 318 738 328 282 INF 570 193 514 662 373 INF INF INF 445 567 333 INF 730 260 372 205 INF 630 228 704 217 675 INF INF 760 292 465 580 515 441 INF INF INF 134 INF 522 INF 65 497 472 INF INF 623 514 INF 478 121 209 441 657 INF 456 195 628 444 INF 422 INF INF 432 INF
INF INF 234 INF INF 102 288 INF INF 484 247 0 739 680 131 74 263 752 372 467 INF 696 INF 125 635 186 420 728 245 661 753 INF 505 690 INF INF 704 111 425 214 171 79 400 284 INF 380 294 720 INF INF 302 INF 293 169 INF 488 421 493 510 INF 442 INF 349 541 669 INF 466 270 524 703 INF INF INF INF 427 580 426 401 195 360 307 543 715 556 613 582 437 INF 680
407 364 117 538 608 602 INF 399 322 240 INF 203 0 398 269 97 INF 298 464 749 763 123 422 644 359 INF 367 INF 412 INF 316 284 718 216 136 182 279 150 623 INF 74 INF 119 INF 218 622 59 153 INF 577 289 INF 95 326 496 705 452 510 445 325 INF INF 252 INF 433 641 INF 642 INF 292 534 94 530 446 228 INF 274 393 300 750 446 INF 414 INF INF 412 649 INF INF
496 INF 694 INF 573 INF INF 628 638 INF INF 235 429 0 390 INF 722 244 120 264 728 255 INF INF 141 284 INF 773 INF 257 INF INF 524 88 INF 394 INF 599 225 217 115 INF INF 178 INF 230 298 INF 79 270 746 344 497 703 INF 208 235 363 449 INF 291 523 INF INF 447 640 123 558 256 325 387 338 190 INF 131 350 405 356 439 INF 388 136 273 329 388 518 676 551 198
INF 758 165 INF 286 INF 361 542 359 203 INF 155 448 354 0 377 116 641 98 550 INF 126 131 692 INF 547 480 412 320 377 439 INF INF 180 670 INF 710 INF INF INF 651 77 294 405 256 582 538 616 568 INF 216 493 609 479 776 292 778 INF 245 282 670 720 489 INF 253 INF 684 391 INF 233 481 INF INF INF INF 668 INF INF 130 66 438 INF INF 753 693 753 INF 349 292
497 362 INF 625 526 180 551 602 548 159 219 584 327 454 418 0 445 446 INF INF INF 585 INF 701 155 299 520 168 INF 577 359 117 156 544 INF 123 687 INF 534 INF 105 759 316 INF 94 510 198 230 266 445 425 INF 419 INF 477 97 57 INF INF INF INF INF 111 362 INF 328 674 INF INF INF INF 97 723 675 197 127 661 453 679 277 296 115 443 701 183 419 670 212 INF
429 419 304 495 565 621 566 466 INF INF 745 INF INF INF INF 197 0 INF INF INF 616 INF 122 581 318 124 519 407 717 INF 706 INF INF 277 650 INF 210 INF 284 137 600 568 514 INF 371 INF 600 653 720 233 538 270 INF 737 INF INF 579 INF INF 250 INF 270 INF 129 INF 277 261 271 INF 375 461 637 296 97 413 119 609 566 300 380 INF 352 244 464 INF 545 510 359 556
INF 536 INF INF INF 588 524 588 247 714 375 64 INF INF INF INF 257 0 INF 228 INF 107 INF INF INF 546 INF 482 INF 427 INF 77 303 465 183 506 330 311 723 577 INF 246 680 506 755 INF 514 577 346 INF INF 192 726 INF INF 320 INF 287 INF 708 239 INF INF 777 INF 737 269 INF 496 627 INF INF INF 243 INF 396 443 699 575 494 143 670 INF INF INF 771 219 690 INF
INF INF INF INF 108 648 INF INF 71 INF 200 509 INF 506 INF INF 259 366 0 769 439 547 INF 242 96 761 370 122 INF 471 INF 750 INF 772 245 760 536 432 709 INF 574 378 INF INF 393 INF INF 308 INF 480 585 INF INF INF 330 97 71 511 INF INF 544 250 571 646 INF 668 288 498 162 INF 734 INF 279 522 INF 657 INF 475 139 610 558 669 INF INF 327 725 318 273 INF
738 293 289 277 480 135 INF 461 762 INF INF 326 INF 194 653 357 287 661 INF 0 553 INF 365 INF 570 458 INF 121 138 599 INF INF INF 620 248 INF INF 214 INF INF 383 708 INF 155 131 228 608 INF INF 342 INF 245 727 INF 349 388 190 771 606 INF 482 537 385 634 148 206 INF 565 INF 398 INF 260 INF 618 76 564 256 669 INF 243 370 INF 606 582 216 INF INF 598 INF
INF 467 277 INF 193 510 596 420 INF 606 638 139 INF 119 239 INF 722 244 182 513 0 503 161 INF 569 404 87 291 INF 219 735 178 123 276 645 109 193 567 760 503 INF 85 683 287 512 INF 501 539 INF 571 INF INF 630 716 412 326 361 102 INF 171 INF 494 INF 697 375 644 INF INF INF 70 246 INF 289 631 596 INF 708 162 288 466 162 245 INF INF 325 640 256 728 INF
621 478 INF 337 INF 449 152 107 INF INF 356 444 INF 699 713 458 INF 651 273 716 INF 0 181 311 766 591 529 312 191 618 434 INF INF 413 INF 349 INF INF 200 INF 404 321 INF 178 INF 761 134 288 117 262 INF 314 INF 65 246 545 INF INF 712 330 158 INF INF 322 INF 211 106 INF 281 INF 524 96 159 631 137 INF 397 INF 674 195 432 INF 223 INF INF 552 266 133 INF
602 INF 594 93 120 664 138 INF INF INF 465 139 INF 246 638 541 308 179 174 263 134 570 0 INF INF INF 312 INF 646 INF 615 INF 640 78 82 622 INF 525 INF 405 290 70 396 712 559 598 629 349 INF 391 INF 202 381 INF INF 426 557 84 INF 689 INF INF 602 INF INF INF 731 INF INF 613 INF INF 444 622 INF 533 266 INF INF 612 532 INF INF 190 699 INF 311 488 143
INF INF 178 250 635 INF 368 89 469 INF INF 622 120 586 INF INF INF 386 726 262 450 101 345 0 653 INF INF INF 335 205 791 768 659 593 267 671 491 314 87 INF 196 203 140 225 INF 146 273 INF INF 227 508 INF 305 583 INF 643 212 434 780 161 175 656 INF INF 418 766 INF 343 649 247 INF 680 242 125 273 534 668 INF 552 768 103 INF INF INF 207 INF INF 599 139
680 284 328 349 91 269 642 680 INF 553 INF 215 174 INF 742 481 331 INF INF 209 INF 706 INF 558 0 430 INF 128 370 403 INF 162 INF INF 423 701 327 INF 737 459 239 621 INF 667 INF INF INF 359 417 109 320 180 495 93 746 431 341 INF 298 136 INF 72 451 662 INF INF 494 582 330 193 680 INF 744 706 496 INF INF 442 281 181 575 INF 80 INF 529 124 338 355 387
INF 260 INF 218 136 244 INF 330 INF 287 272 201 INF 759 483 753 119 INF 466 294 115 354 INF 617 137 0 INF 708 INF INF 327 INF INF INF INF INF 339 245 247 INF INF 107 451 363 310 282 458 206 295 626 791 73 437 INF 512 INF 500 780 219 251 INF 127 INF 721 INF 564 118 451 507 410 INF 756 INF 313 410 66 709 INF 205 INF INF 595 588 511 690 INF 742 INF 477
206 INF 506 INF INF INF 508 147 518 INF 206 646 721 366 282 91 661 725 379 428 INF 358 593 481 596 INF 0 INF 81 INF 700 INF INF INF 496 INF 306 471 490 542 INF 774 INF INF 569 682 306 INF 317 230 742 INF 451 563 162 INF 332 454 728 386 105 210 121 750 663 INF 250 770 269 665 737 INF 198 INF 79 668 754 INF 721 INF 723 414 INF 457 INF INF 315 109 542
190 661 INF 284 171 663 102 281 377 INF 97 776 716 INF 556 272 173 INF 578 507 366 676 553 298 565 691 INF 0 314 INF INF 372 INF 386 487 502 519 INF 163 659 713 INF INF 523 INF INF INF 521 117 292 423 484 525 INF INF INF INF 623 169 91 475 INF 252 184 721 497 327 INF 282 INF INF 600 216 646 779 679 720 576 666 INF 578 INF INF 436 228 249 INF 710 707
INF 712 110 131 INF 238 INF 82 INF 371 167 441 773 534 68 479 124 152 60 201 736 218 120 267 INF 673 506 INF 0 210 INF INF 536 698 197 INF 388 681 111 604 INF 232 124 698 145 143 298 394 INF 611 530 74 INF INF 320 INF 408 INF 664 496 654 INF 717 84 272 255 98 320 INF 625 INF 743 692 635 INF INF INF INF INF 395 INF 199 581 67 INF 361 INF 759 INF
367 88 226 466 INF 462 274 168 INF 196 INF 123 INF 734 81 77 INF 118 198 350 INF 503 579 470 550 288 INF INF 737 0 INF INF 528 INF 191 523 397 INF 678 192 464 431 359 INF 513 706 676 118 193 563 672 INF 711 420 INF 571 670 336 286 129 495 424 328 INF 205 702 INF 446 INF 628 719 INF 335 244 370 INF 193 INF 729 652 631 INF 125 434 426 323 210 93 500
145 194 347 71 122 INF INF INF 527 186 INF INF INF 342 INF 635 574 INF INF 526 INF 618 249 576 238 233 418 INF 422 311 0 397 INF 219 208 INF 508 153 253 INF 135 211 314 630 623 744 546 INF INF 212 169 INF 645 723 776 449 INF 71 490 457 172 INF 645 INF 560 281 629 769 INF 592 492 INF 189 INF INF 307 INF 113 INF 262 INF 447 183 488 490 452 INF 397 659
149 508 620 130 262 132 236 142 404 INF 646 INF INF 285 175 115 315 486 223 321 INF 213 294 702 462 94 82 INF 745 408 768 0 247 INF 459 INF 149 420 464 388 272 INF 750 354 INF 460 269 240 534 565 623 523 76 INF 671 748 INF 146 302 651 620 379 489 263 295 160 760 221 355 667 INF 369 188 INF 364 227 630 696 399 INF INF 147 387 490 505 140 655 248 INF
398 226 135 174 594 INF 435 437 267 INF INF 494 424 320 INF 190 275 INF INF 265 757 701 INF 686 INF 697 302 684 663 81 247 376 0 677 784 INF 649 298 379 568 289 662 397 349 94 227 400 291 142 INF 617 INF 768 534 INF 460 142 425 INF INF 430 70 INF 609 INF 232 386 375 INF 618 425 181 INF INF 616 244 763 243 INF INF INF 59 683 INF 535 456 INF INF 90
236 529 746 INF 483 INF 378 344 535 INF 181 399 502 698 451 571 INF 454 INF 764 INF 126 68 727 INF 320 288 143 587 231 INF 155 644 0 INF INF 414 186 549 241 449 358 INF 382 675 210 397 509 INF 138 INF 633 84 133 373 INF 459 710 443 361 716 724 608 INF INF 570 669 396 219 86 INF 525 INF 251 656 337 175 167 338 751 568 574 INF 96 418 570 365 638 374
147 328 INF 377 142 185 742 641 386 INF 506 782 713 366 206 657 262 428 INF 642 463 615 INF 302 478 684 INF 445 326 668 INF INF INF INF 0 INF 163 114 223 521 128 106 210 551 154 609 658 162 126 518 666 INF 522 170 89 634 304 482 642 644 497 INF INF INF 84 INF 409 386 INF 446 INF INF 348 368 606 528 310 133 603 425 INF INF 492 INF 761 387 305 296 631
502 INF INF INF INF 261 344 408 251 233 INF 585 INF INF INF 351 412 250 405 170 715 631 384 INF INF INF 617 330 725 530 608 679 429 776 INF 0 INF INF 248 79 644 384 INF 198 58 104 773 219 INF INF 571 INF 74 385 701 668 312 INF 752 476 INF 197 394 432 666 589 576 182 INF INF 522 349 537 520 242 264 555 INF 442 483 INF INF 552 290 582 336 INF 465 INF
593 INF 530 743 697 377 506 166 735 INF 102 336 462 753 INF 514 719 214 INF 727 711 117 122 708 747 INF 568 144 67 689 93 574 INF INF 143 INF 0 543 688 INF 429 147 395 422 627 595 638 505 INF 133 518 366 615 672 730 452 INF 410 122 144 772 INF INF 222 488 605 INF 682 185 INF 630 752 INF 329 INF INF 630 542 506 556 INF 461 INF 61 511 522 INF INF 543
229 665 640 58 254 INF INF INF INF 571 243 INF 223 459 311 INF 150 105 774 772 INF 400 INF INF 361 97 71 568 663 618 INF 289 98 369 491 195 INF 0 770 94 INF 123 INF 90 486 308 INF INF INF 256 550 770 INF INF 502 INF INF 277 INF INF 762 INF 363 INF INF 69 495 503 575 250 523 661 549 411 312 593 INF INF 168 475 261 INF INF 628 INF 210 194 146 INF
INF INF INF 727 541 643 88 648 INF 277 156 374 INF INF INF 236 197 567 INF 543 747 425 480 INF INF INF INF INF INF INF 377 321 INF 262 631 61 456 349 0 INF 154 691 INF INF 393 64 INF 487 325 INF 124 692 INF 774 769 616 INF 272 574 434 INF 217 INF 283 382 567 226 111 712 360 772 INF INF INF 420 716 394 INF INF 682 386 593 117 96 304 INF 567 516 INF
INF 641 649 INF 366 391 392 458 INF 321 INF 457 174 INF INF INF 523 452 INF 206 104 INF INF 486 60 491 170 711 353 739 INF INF INF INF 511 586 172 INF 171 0 133 137 INF 481 627 291 69 381 258 INF INF 434 423 413 INF 509 INF 234 736 INF 760 INF INF 406 721 477 363 109 424 INF INF INF INF 187 301 INF 397 INF INF INF 164 INF 160 247 222 694 583 672 INF
402 INF 398 139 425 134 58 70 INF INF 595 INF 668 585 679 74 INF INF 581 626 150 311 INF INF INF INF INF 179 181 487 752 INF 602 515 INF 470 INF INF INF 176 0 320 267 INF 725 INF INF INF 494 237 INF 240 276 244 499 INF 213 392 INF INF INF INF 452 569 INF 65 INF 451 373 INF 680 INF INF 204 663 INF 786 713 520 205 332 71 INF 573 504 INF 284 428 121
339 INF 640 88 INF INF INF 452 416 565 INF 617 417 INF 285 98 72 650 263 INF 272 INF 579 431 120 INF 499 INF INF INF 467 412 587 723 472 88 176 INF 662 641 355 0 420 431 164 525 INF 214 724 159 114 INF 527 184 INF 591 INF INF INF 87 545 INF INF INF INF 623 734 470 INF 522 INF 305 339 538 288 343 INF INF 341 495 INF INF 282 457 374 344 INF 634 123
305 INF 534 INF 471 117 INF 164 105 276 405 INF 327 219 663 326 398 514 INF 426 INF 569 INF INF 112 INF INF 512 295 521 367 566 INF 338 226 INF 731 259 INF 420 318 414 0 416 INF INF 770 524 503 INF 570 402 INF INF 60 772 INF INF 764 INF INF 279 165 INF 604 INF INF 538 739 178 INF 657 684 746 62 545 714 638 INF 767 384 139 120 341 370 460 INF INF 315
72 470 463 549 62 237 292 116 INF 668 INF INF 591 INF 581 INF 139 456 652 INF 359 719 136 INF 315 135 527 226 496 INF 628 INF INF 256 395 INF INF 706 166 514 72 INF 311 0 253 124 567 INF 643 237 724 308 INF 376 INF 533 683 572 178 513 554 642 INF 486 INF INF INF 235 533 INF 504 464 390 86 215 469 545 301 428 525 INF 113 INF 236 578 308 INF 755 747
INF 210 669 61 399 324 INF 469 772 135 371 INF INF INF INF 455 637 INF 287 176 605 215 663 INF 281 INF 109 INF 721 570 497 492 220 651 244 INF INF 565 INF 583 75 452 486 70 0 309 728 640 559 748 195 613 768 INF 173 367 INF INF 767 730 531 549 238 668 125 556 663 592 321 527 784 322 751 345 290 342 655 364 INF 561 247 122 461 238 552 201 579 300 135
142 INF 219 104 614 INF 612 608 549 214 106 272 549 INF INF 739 618 329 INF 681 528 476 INF 653 739 519 737 362 INF 230 INF 390 INF INF 359 INF INF 401 INF 88 157 756 291 368 523 0 371 504 571 INF 492 411 INF 202 705 194 INF 575 INF INF 563 406 INF 441 INF 706 109 470 255 137 555 361 INF INF 248 INF 353 INF 155 522 312 278 INF 286 INF 141 558 552 215
238 60 221 559 534 751 345 537 495 396 INF 523 709 266 INF 145 319 128 770 759 729 713 81 INF 248 680 578 181 221 106 503 764 685 268 INF 256 288 INF 501 91 INF 617 INF 308 116 554 0 INF 200 269 169 253 243 557 INF INF 264 INF INF 521 704 629 708 474 304 118 597 732 491 INF 82 INF 276 INF 685 673 399 INF 650 691 398 436 304 INF 421 459 755 715 INF
358 466 505 INF 714 INF INF INF INF 140 116 729 732 221 113 INF 696 692 INF 292 671 267 135 61 151 430 INF 660 INF INF 767 79 128 INF 262 549 401 550 INF 664 527 547 INF 425 260 INF 709 0 178 INF 633 INF 776 580 427 412 INF INF 575 INF 613 749 259 682 INF 764 343 73 INF 323 INF 118 590 344 609 266 723 INF 58 INF 457 370 735 INF 64 112 INF 618 699
712 INF 510 325 497 INF 522 INF 735 INF 302 327 770 256 327 432 143 644 671 545 393 550 269 435 311 INF 689 507 159 731 628 329 371 672 744 757 675 408 141 INF 703 369 INF 725 INF 353 656 391 0 719 713 673 221 734 250 615 479 531 103 425 INF 211 363 561 701 116 INF 606 83 INF INF INF 176 INF INF INF 476 196 INF 253 INF 370 180 468 165 454 87 341 764
INF 409 501 476 INF 414 INF 501 76 749 INF 81 279 680 275 460 638 235 676 189 759 445 INF 56 534 491 657 725 INF INF INF INF 322 209 INF INF 486 425 629 621 700 558 744 403 386 408 609 729 514 0 526 572 INF 90 327 472 INF 115 INF 720 INF 112 INF 652 158 INF INF 665 INF 679 INF INF INF 261 144 INF 121 570 353 INF 428 571 211 723 775 652 379 125 768
170 622 614 INF 107 334 250 197 530 298 INF 234 434 445 INF 198 INF 339 547 444 INF INF 151 INF INF INF INF INF INF 515 485 668 INF 148 154 140 344 INF INF 415 728 499 INF INF 96 86 129 225 377 490 0 INF INF INF 412 471 INF 123 122 651 72 INF INF INF INF 307 73 434 INF 455 476 INF 474 INF 474 65 375 515 INF 249 400 486 INF 96 218 422 523 INF INF
186 690 62 330 792 INF INF INF 286 396 326 192 760 INF 177 309 359 633 65 INF INF 715 768 INF INF 654 222 200 105 260 489 582 524 61 100 332 636 515 124 282 434 364 INF 209 363 331 636 INF 194 96 82 0 684 257 403 INF 392 363 770 102 INF INF 56 560 518 720 INF INF 697 696 573 185 568 740 INF 218 158 459 INF 184 360 673 409 292 693 414 391 542 460
296 166 192 INF 235 INF 644 275 712 50 INF 252 519 548 364 523 INF INF INF INF 416 65 278 682 INF 622 INF INF 455 162 INF 161 538 85 593 INF INF INF 477 480 221 733 INF 469 349 693 172 INF 303 INF 270 234 0 373 509 INF 484 INF 90 191 306 780 508 500 665 INF INF INF 358 692 348 INF 550 130 717 387 280 205 INF INF 678 282 INF INF INF INF 141 395 678
INF 713 693 242 INF 101 286 520 54 INF 746 293 451 INF INF 557 INF 627 469 531 779 101 684 557 443 315 728 386 INF 88 648 149 INF 513 525 INF 502 200 INF 421 199 INF INF INF 251 580 325 211 562 612 269 685 393 0 528 392 INF INF 760 243 249 INF 752 175 INF INF 431 360 200 INF 483 429 INF INF INF 268 INF INF 748 326 209 96 647 INF INF INF 231 366 496
INF 500 497 129 94 230 631 301 INF 86 61 568 595 INF 466 227 INF 205 INF INF 660 INF 203 INF 622 340 INF INF INF 196 676 430 768 INF 161 745 490 704 98 INF 144 553 757 302 INF 614 521 498 93 551 319 650 INF INF 0 587 INF INF 636 652 INF 564 82 709 480 645 INF 257 INF 666 INF 730 INF 566 INF INF 467 413 194 367 INF 88 349 615 786 INF 370 535 600
476 287 382 INF INF INF 373 530 715 INF 354 125 356 580 INF 549 INF 340 408 246 136 736 INF 555 112 INF 272 787 701 451 378 530 665 INF 293 INF INF 287 637 INF INF 162 522 635 INF INF 714 685 71 INF 741 211 681 INF 410 0 538 344 702 306 60 195 409 INF 172 95 INF 379 INF 232 376 INF 471 155 531 599 INF 322 758 INF 513 238 INF 746 691 576 INF 569 553
250 INF 67 445 256 683 316 494 416 378 INF 462 INF 237 522 INF INF 763 76 58 INF 700 253 INF 389 INF INF INF 552 735 455 INF 633 288 INF 118 391 666 665 591 458 INF INF 109 INF INF 484 515 INF 263 INF INF INF 640 648 427 0 INF 760 371 INF 438 230 INF 343 261 744 190 INF INF 603 236 344 583 436 284 640 62 468 INF 555 269 701 615 678 375 72 366 110
INF INF 703 681 INF 765 333 496 INF 773 INF INF 576 759 181 554 578 INF 341 516 690 93 658 140 INF 451 INF 176 428 596 354 INF 306 92 708 552 431 INF 81 668 202 688 179 INF 118 609 534 INF INF 136 INF 445 INF INF 694 148 INF 0 723 201 632 INF 241 INF INF 587 INF 511 619 624 INF INF 648 466 275 139 501 475 509 INF 685 766 124 INF 267 173 INF 238 124
INF 214 239 94 148 INF 103 495 656 253 INF 247 300 672 378 535 INF 99 410 522 255 463 151 147 592 500 219 INF 96 335 INF 79 INF 275 396 158 INF 142 107 243 385 INF INF INF 506 665 INF INF 268 INF 607 474 INF 543 701 169 421 INF 0 768 INF INF 690 INF 238 INF INF INF 272 679 189 94 614 INF INF 775 INF INF 456 154 INF INF INF 546 758 INF 160 139 203
449 513 165 INF 724 379 306 543 INF 143 137 579 INF 75 INF 569 550 234 510 449 INF 642 INF INF 673 INF 272 727 138 INF INF 721 543 INF 105 INF 659 232 224 185 67 79 INF 71 50 318 272 INF 741 INF 310 126 624 599 724 151 627 600 418 0 323 INF 270 129 626 INF INF 144 564 INF 384 INF INF 163 INF 348 149 212 199 353 60 716 INF 745 321 449 185 609 544
209 593 INF 444 INF INF INF INF 596 550 INF 575 INF 97 136 115 INF 273 479 179 660 617 207 INF 267 INF 183 620 724 655 670 479 145 INF 398 661 438 INF 433 603 505 349 718 INF INF INF 618 756 INF INF 286 661 80 79 INF 245 757 691 257 325 0 519 347 243 83 INF 767 631 INF 321 541 INF 390 510 INF 230 318 102 142 383 587 INF 556 504 406 275 457 568 703
305 563 692 394 498 733 INF INF INF 251 653 497 488 725 INF INF 97 INF 701 756 644 306 338 654 351 716 624 769 769 260 338 INF 658 581 INF INF INF INF 138 INF 669 256 INF 515 220 375 696 INF 498 634 750 INF 88 INF 464 227 121 INF INF 326 697 0 476 246 INF INF 435 759 544 702 606 531 INF INF 365 675 INF 139 661 126 INF INF 82 70 522 INF 672 INF INF
INF 495 139 580 196 684 348 167 345 INF 479 341 544 INF 704 INF 292 INF 189 697 INF 403 117 INF 96 219 88 164 INF 593 INF 361 INF 403 INF 652 INF 624 302 265 65 528 431 470 689 409 574 84 724 474 664 INF INF INF INF 140 187 122 157 668 321 INF 0 307 INF 97 140 234 INF 273 598 INF 374 119 729 INF INF 738 572 546 INF 339 286 INF 339 444 442 145 472
683 INF INF 448 231 681 INF 442 206 INF 252 700 INF 66 756 INF 275 407 689 INF 418 INF 98 328 393 311 460 205 129 145 INF INF 440 INF 753 731 276 448 181 416 504 326 INF INF 515 710 485 INF 501 612 558 340 INF 571 522 711 INF 268 INF 327 INF 733 399 0 INF 407 INF 592 423 470 729 249 INF 467 INF INF INF 62 INF 347 256 569 456 INF 552 603 587 INF INF
589 629 INF INF INF 265 294 388 INF INF 616 553 554 INF INF 711 434 741 188 INF INF 591 INF 160 272 530 INF 144 267 INF INF 129 186 INF 319 96 672 70 234 533 576 630 394 INF INF 419 748 722 581 120 363 572 INF INF 181 INF 119 460 763 101 INF 234 INF 206 0 INF 188 INF 584 199 INF 262 353 293 153 INF 633 692 604 INF INF 642 483 682 212 161 INF 517 573
545 343 INF 103 INF 136 439 INF 554 153 INF 92 651 327 444 INF 227 575 196 192 INF INF 749 661 INF INF INF INF 444 570 INF 350 610 453 410 289 639 513 699 769 INF INF 63 INF INF 75 INF 234 134 667 210 270 238 190 INF 597 623 226 INF 342 INF 692 650 INF 441 0 141 INF INF 540 281 173 167 498 671 264 INF 138 718 130 719 409 523 INF 258 552 692 202 575
492 INF 510 326 652 434 337 251 536 557 284 INF INF INF 692 INF 545 393 205 INF 344 538 INF INF INF 455 INF 227 759 580 352 729 318 378 105 INF 608 339 315 489 692 370 696 256 306 131 INF 658 101 INF 556 456 198 64 INF 716 226 500 524 266 337 INF 758 INF INF 705 0 627 538 753 608 554 INF 211 677 634 INF INF 257 112 433 INF 121 475 95 278 506 INF 741
218 INF 483 630 INF 455 545 566 INF 153 534 INF INF 140 243 INF 659 INF 96 639 180 INF 135 230 102 INF 288 745 679 120 INF INF 449 584 INF INF 101 109 666 729 87 485 618 INF 388 606 INF 779 INF 411 646 120 404 INF 616 338 263 175 116 697 509 582 INF 689 263 INF 516 0 708 536 159 473 349 INF 235 INF 135 INF 134 478 INF 257 431 INF 556 127 INF 198 157
673 155 277 687 180 330 566 397 401 511 410 INF INF 620 INF 501 640 507 INF 668 431 635 506 317 499 708 97 618 243 201 522 616 737 728 550 754 380 730 INF 755 75 INF 193 INF 416 76 746 INF 701 542 INF INF 764 INF 240 INF 449 125 533 224 519 INF INF 766 554 450 370 INF 0 219 284 140 274 106 664 753 461 INF 558 INF 720 INF 79 INF 305 722 693 INF 435
119 INF INF 229 INF 559 590 INF 522 424 456 396 INF INF INF 762 119 114 777 495 INF 484 234 160 374 161 678 130 302 INF 83 359 161 622 538 369 INF INF 382 201 181 680 275 725 644 INF 117 252 620 INF 506 INF 290 293 INF 222 627 204 INF INF 604 767 INF INF 367 INF INF 739 INF 0 490 INF INF 471 596 210 INF 593 INF INF 179 INF 365 316 731 236 166 209 737
503 509 INF 482 694 INF 511 295 INF 705 104 398 405 564 455 552 398 727 263 398 486 211 152 627 371 234 INF 744 INF 484 INF 128 101 579 INF 274 INF 740 650 715 376 557 INF INF 249 INF INF 386 177 INF 592 519 418 227 481 676 155 729 615 457 390 INF 184 162 INF INF 621 663 INF 492 0 229 556 INF 302 309 INF 567 507 INF 313 733 714 508 INF 333 131 301 460
INF 420 665 682 INF INF 737 INF 134 INF 668 293 421 INF 702 586 INF 55 INF 564 494 132 INF INF INF 603 INF 261 68 484 INF 249 196 INF INF 84 703 INF INF 298 79 623 417 156 INF 333 528 INF 583 INF INF 490 393 INF 538 587 760 99 679 713 INF 77 641 124 390 265 535 INF INF 216 510 0 645 225 192 712 INF 722 INF INF INF 369 289 194 106 450 INF 364 165
209 670 INF 637 584 240 773 160 296 675 INF 795 602 INF INF 453 484 529 441 INF 300 529 606 INF 496 589 588 459 153 INF INF 558 606 370 481 590 INF 759 782 INF 502 593 INF INF 273 530 263 711 448 INF INF INF 254 INF INF 390 INF INF 740 INF 461 INF 335 INF INF 456 371 683 387 384 INF INF 0 587 418 200 INF 378 202 INF 93 204 257 142 INF 749 177 776 INF
748 278 608 379 INF INF 102 385 655 488 63 368 INF 322 INF 338 INF 597 246 714 240 INF 279 576 700 INF 650 67 749 255 516 170 545 97 498 444 246 485 132 665 130 413 INF 608 729 120 INF INF 738 289 447 737 INF INF 353 INF 212 INF INF INF INF 228 649 337 209 INF 440 INF 200 410 523 506 INF 0 169 559 INF 128 570 INF INF INF 227 784 INF 286 130 354 603
253 INF 168 87 INF 424 570 615 208 265 INF 144 INF INF 236 370 671 71 753 400 INF 388 227 INF 737 759 INF 320 729 409 547 748 INF 220 77 INF 449 402 INF 590 INF 276 737 503 391 301 76 INF 688 115 587 75 INF INF INF 143 INF 751 INF 779 INF 183 INF INF INF INF 188 617 INF 537 INF INF 223 744 0 494 INF 460 INF INF 255 617 INF INF INF 757 533 INF 74
609 149 INF 457 INF INF 353 143 700 480 231 214 INF 275 653 107 INF 430 660 226 492 488 122 588 619 INF 192 INF 481 744 628 363 648 337 709 483 INF 404 INF 201 116 INF INF 474 579 INF 212 197 749 INF INF INF INF INF INF INF 488 174 69 INF 697 275 INF INF INF 673 INF 189 INF 337 INF INF INF 608 70 0 INF INF 652 376 177 INF INF 521 INF 624 149 INF 647
469 230 310 605 INF INF INF 651 INF 715 244 697 INF 56 558 367 417 54 INF 104 647 497 531 415 245 718 INF INF 224 INF 174 115 INF 470 296 251 INF 750 INF 529 INF 252 610 750 INF 187 564 81 676 556 686 269 587 766 INF 548 401 INF INF INF INF 69 INF INF 257 271 355 INF INF INF 553 762 INF INF 507 173 0 312 INF 499 174 INF 561 INF INF 358 760 INF 741
287 161 622 714 337 556 749 INF 609 INF 298 INF 128 INF 225 233 185 309 138 223 363 118 378 447 752 676 INF 428 711 161 98 INF 434 INF 100 461 INF 101 662 675 534 578 739 684 INF INF INF 606 606 444 593 480 INF INF INF 436 226 681 INF 663 308 182 758 599 682 235 INF INF 173 394 INF 129 156 159 INF INF 597 0 531 353 INF INF 265 420 448 INF 430 777 490
76 INF 295 416 INF 366 INF 292 INF 131 708 166 INF 140 85 509 736 734 384 625 492 103 752 556 INF 97 INF 79 INF INF 427 652 171 INF 350 561 INF 64 INF INF INF 254 168 677 INF 567 INF 135 457 168 134 218 491 140 444 INF 167 187 398 237 INF 428 613 713 583 370 769 353 INF 177 85 INF INF 751 98 136 INF 756 0 559 603 INF 115 392 549 495 546 INF INF
738 329 INF 640 136 INF 398 354 561 INF INF INF 318 INF 108 384 667 472 INF 755 640 318 INF 375 665 251 167 INF 594 495 758 INF 126 INF INF 481 132 739 707 76 251 184 655 INF INF 398 162 712 INF INF 651 753 176 391 94 69 INF 152 261 743 567 532 173 774 729 751 484 INF 242 130 410 73 INF 751 187 687 88 489 298 0 742 461 246 224 771 335 463 478 707
124 526 779 456 INF INF 700 552 288 INF 321 601 354 344 228 517 INF 132 201 742 INF 200 187 301 469 471 568 776 363 397 103 171 INF 402 548 550 421 555 INF INF INF 81 INF 460 257 INF 414 422 INF INF 141 89 230 INF INF 103 496 403 INF 312 INF 69 INF 124 INF 278 INF 641 INF INF 779 INF 303 643 356 638 INF 140 450 593 0 270 INF 66 244 197 649 INF 666
INF 378 618 327 503 661 598 584 492 405 768 340 250 INF INF INF 91 INF 503 136 INF 532 INF INF INF 278 240 233 INF 359 544 INF 353 616 611 INF 389 293 118 INF 122 514 400 INF INF INF 409 134 INF 271 229 166 323 303 107 75 185 199 520 INF 244 691 281 576 370 INF 119 721 INF 238 INF INF 190 INF 79 523 564 272 274 INF 458 0 450 650 405 INF 219 551 222
434 671 523 195 306 84 416 INF INF 717 379 INF INF 440 458 394 159 574 163 INF INF 745 169 169 INF INF 119 86 375 498 199 INF 406 492 INF 563 155 449 431 672 INF 313 373 305 728 169 277 259 475 INF 242 588 758 382 474 563 269 726 INF 322 INF 586 434 INF 253 451 INF 641 INF INF 492 171 INF INF 475 393 631 INF 494 441 406 268 0 INF 237 700 242 INF 231
498 INF 144 758 INF 663 649 764 INF 535 517 INF 659 INF 602 372 INF 216 571 669 520 279 104 182 INF 155 547 315 INF 524 750 75 INF 632 540 168 INF INF 733 667 INF INF 440 558 489 429 215 INF 696 69 240 INF INF 735 334 INF 211 775 INF 535 145 303 340 INF INF 91 357 130 INF 430 606 INF 491 623 148 INF 681 349 INF 649 143 153 54 0 126 INF 109 741 INF
539 561 INF INF 718 339 562 205 616 INF INF 564 INF INF INF 654 INF INF INF 638 126 INF 679 688 307 INF INF 448 528 483 68 263 INF INF INF 270 132 INF 337 555 704 430 291 765 355 INF 528 110 187 87 316 79 470 449 356 INF 689 483 INF 417 INF 683 236 INF 124 312 252 INF INF 756 193 589 362 85 174 623 INF 229 INF 121 INF 675 165 634 0 114 481 445 69
212 478 635 INF INF 573 67 355 381 INF INF 690 642 116 INF 496 INF 550 471 61 495 INF 580 535 542 690 INF INF 160 INF 221 INF INF INF 404 INF INF 440 128 347 668 INF INF 191 141 562 55 INF 64 208 352 337 276 129 212 143 340 301 INF INF 297 749 418 160 303 INF INF INF 233 274 601 512 INF INF 662 522 INF INF 480 INF INF 653 147 486 404 0 504 674 INF
133 INF 600 INF 435 712 260 525 INF 573 432 110 INF 407 INF 106 542 489 INF 681 769 449 152 105 218 294 INF INF 379 INF 498 499 320 INF INF 487 INF 409 491 396 INF 352 323 INF 525 INF 635 189 688 229 99 134 508 458 782 INF INF 684 529 429 INF 701 267 483 334 283 445 175 540 309 INF 442 757 395 68 285 738 748 INF INF 254 362 INF INF 772 326 0 122 372
INF 674 573 INF 466 609 96 338 300 442 INF 576 INF 256 INF INF 351 721 INF 266 INF 682 246 229 730 INF 193 566 481 577 263 449 372 314 192 639 INF 420 190 INF 757 165 432 INF INF 269 INF 287 701 532 139 263 530 502 435 INF INF INF 308 410 321 INF 716 INF INF INF 694 57 146 INF 140 INF INF INF INF INF 633 INF 216 392 INF 80 545 388 INF 700 INF 0 INF
342 453 245 INF INF 83 172 42 537 INF INF 551 116 493 170 475 635 340 708 INF 440 632 682 411 452 509 503 685 191 663 INF 725 526 63 72 INF 585 129 309 619 237 257 INF INF 248 475 46 518 76 696 714 INF INF INF 124 INF 490 INF INF 152 71 651 173 INF INF INF 712 144 664 410 INF INF 543 565 456 128 INF 401 760 291 232 564 369 174 114 INF 735 102 0
