0 INF 488 586 515 291 INF 437 583 431 INF 63 654 212 131 194 INF 127 493 INF 609 314 559 INF 721 536 198 INF 231 391 INF 466 INF 187 561 350 664 497 132 INF INF 469 258 405 722 INF INF 494 462 INF 341 INF 170 INF INF 314 INF 736 171 368 226 118 573 153 700 205 494 347 213 INF 710 INF INF 124 INF 725 654 INF 424 682 138 INF 763 149 INF 196 INF INF 85 360 540 478
758 0 476 734 INF 157 346 INF INF 307 399 441 INF 243 344 506 418 INF 380 INF 716 75 INF 159 307 104 INF 424 662 INF 762 718 785 INF 287 505 665 665 511 260 166 447 INF 366 103 137 250 INF INF 527 500 472 97 INF 617 789 684 545 INF 109 643 574 460 654 76 245 250 219 624 278 171 250 415 INF 528 311 133 171 472 665 252 82 INF 536 444 INF 343 296 107 653 INF 730
508 INF 0 INF INF INF INF INF 446 INF 549 INF 534 INF INF INF INF 494 350 153 493 INF 466 INF 343 536 INF INF 614 161 164 90 596 689 563 663 619 411 275 INF 577 INF 109 INF INF 540 665 484 420 164 350 327 382 INF 455 439 INF 153 416 279 633 183 680 723 740 95 578 INF INF INF 320 794 708 385 94 INF INF 425 125 503 485 233 INF 755 500 602 224 552 537 INF INF 735
344 612 INF 0 INF 327 INF 646 INF 474 INF INF INF 473 INF 559 156 603 242 INF INF INF INF 333 INF 135 INF INF 348 INF 451 690 605 643 598 210 577 552 157 INF INF 662 574 370 INF 622 351 624 INF INF 737 564 471 INF 524 79 INF 597 543 INF INF 478 INF 678 INF 604 347 537 INF INF 468 598 480 543 339 642 112 INF 108 419 728 INF 529 655 186 287 130 455 221 INF INF 533
252 124 210 601 0 389 543 551 442 630 INF 307 636 INF 214 INF 270 223 348 470 505 243 INF 591 307 380 434 401 127 549 174 INF INF INF INF INF 266 INF INF 340 INF 111 INF 637 166 748 118 INF 678 563 148 INF INF 750 INF 227 527 INF INF 747 667 INF 586 INF 336 625 225 132 INF INF 636 INF 94 222 689 619 102 388 159 85 765 INF 451 554 513 INF INF 315 INF INF 378 429
526 112 781 INF INF 0 229 528 456 223 562 INF 517 454 INF 673 INF 396 682 207 578 628 622 672 INF 428 672 INF INF 714 384 167 69 583 241 93 324 585 709 INF INF 633 154 256 INF 439 482 190 176 777 66 INF 648 INF 699 483 368 455 276 70 209 724 666 603 INF INF 321 340 653 712 318 INF 783 187 125 INF 579 INF INF INF 361 137 INF 274 647 511 380 612 INF INF INF 214
408 236 198 610 INF INF 0 378 INF 354 185 INF 773 INF 312 389 779 714 492 INF INF INF 268 INF INF 273 410 88 290 531 104 INF INF INF 227 296 INF INF INF 419 674 556 308 396 257 754 INF 653 INF INF 153 INF 124 495 INF 536 88 664 648 653 INF INF INF 108 INF INF 191 INF 496 613 562 INF INF 384 284 160 INF 177 646 289 515 INF 161 577 575 641 395 390 763 222 501 382
407 435 488 720 477 515 756 0 INF 701 748 194 417 401 635 231 716 175 INF 179 INF 299 399 INF 141 375 186 INF INF 573 628 254 688 INF 183 68 476 318 INF 654 INF 781 136 687 290 INF 720 331 517 715 INF INF 333 INF 113 459 380 220 406 775 562 298 163 623 609 710 139 295 121 700 736 381 412 INF 553 INF 273 644 459 INF 612 INF 312 INF 571 INF INF 773 774 140 563 253
INF 444 219 611 642 547 164 INF 0 357 INF 203 INF 703 782 235 157 585 315 584 INF 73 INF INF INF INF 653 91 569 346 431 748 72 INF 150 197 147 97 INF 410 INF 690 INF 659 INF 136 406 370 INF INF INF 207 169 INF 485 640 738 484 477 654 367 INF 650 INF 84 565 226 82 256 308 156 443 685 263 463 620 337 407 321 605 INF 495 359 INF INF 273 INF 719 471 INF INF 475
INF 632 662 120 615 INF 277 274 584 0 459 INF INF INF 566 INF 701 587 652 563 99 750 703 212 INF 209 754 517 284 407 INF 346 350 INF 702 INF 160 INF 229 276 INF 297 213 189 755 281 540 618 679 518 INF 345 157 337 295 INF 283 203 INF 193 INF 741 459 95 573 450 INF 227 726 106 257 321 653 137 INF INF 689 741 345 246 616 INF 380 159 626 INF 50 214 273 INF 628 91
408 INF INF 274 653 INF 649 INF INF INF 0 728 INF 520 705 330 175 INF INF 177 120 447 196 273 439 370 193 INF INF 561 236 INF 114 420 89 288 253 288 713 473 138 264 INF 357 INF INF INF 351 346 721 109 704 720 167 605 INF INF 533 INF 150 532 555 621 504 INF INF 762 224 INF INF 157 248 482 INF INF 529 INF 76 681 594 366 INF 226 320 INF 743 373 657 775 762 INF 464
385 INF INF INF 530 INF 262 270 187 89 520 0 661 50 372 663 INF INF 564 INF 128 87 139 INF 310 INF 316 617 INF INF 75 226 INF INF INF INF 108 515 265 205 407 144 315 618 136 320 133 INF 702 342 INF 538 309 633 INF 492 INF 459 219 197 683 310 614 601 157 522 122 INF INF 663 396 121 542 283 INF 512 335 INF 377 764 113 687 305 575 INF 597 308 339 INF 310 INF INF
325 INF 431 600 INF INF INF INF 104 INF 552 419 0 INF 354 181 396 774 237 643 159 534 INF 272 INF 712 410 386 390 767 INF INF 315 INF 231 334 739 644 391 378 253 355 717 692 INF 373 INF 230 418 723 INF 758 582 INF 502 153 215 137 517 543 INF INF INF 550 246 330 325 453 570 393 404 463 647 INF 279 187 335 INF INF 446 INF INF 343 INF INF 182 736 INF 295 308 740 779
INF 583 INF INF INF INF 140 709 514 394 INF 563 626 0 205 INF INF 415 INF 779 776 576 364 438 758 689 75 INF 176 456 518 INF INF INF 183 539 735 300 457 236 601 631 476 301 665 740 398 INF INF 158 184 137 395 362 247 658 434 287 489 INF INF 428 INF 610 532 407 324 INF 652 INF INF 701 INF 646 720 INF INF 202 372 INF 772 INF 740 79 706 118 207 INF INF INF 391 437
493 302 INF 617 INF 588 661 448 354 INF INF 453 413 549 0 115 72 INF INF 479 86 714 658 INF INF 92 580 INF 303 INF INF 597 606 252 INF 414 159 207 419 607 202 INF INF 494 INF 80 756 674 462 575 INF 767 76 596 125 266 206 168 328 664 INF 469 750 INF 639 326 355 INF 502 133 513 666 INF INF 447 280 INF 499 263 84 563 INF 765 125 437 253 382 746 261 616 742 INF
133 355 INF 282 584 INF 729 723 192 693 INF 273 618 163 INF 0 INF 508 INF 244 342 INF 74 INF 693 INF 581 INF 432 INF 425 721 INF INF INF 675 468 590 291 INF 289 299 INF 452 372 296 269 748 367 322 INF INF 180 INF 159 727 684 566 INF INF 630 INF 335 585 INF 562 639 125 INF INF 68 INF 236 INF INF 95 558 630 542 261 665 491 309 INF 415 INF 369 530 607 537 INF 461
INF INF INF 213 243 684 368 389 489 INF 731 91 376 452 303 668 0 INF 384 INF 172 539 260 66 680 INF 294 536 146 508 523 679 216 INF 689 INF 256 INF 409 258 599 323 483 INF 149 INF 90 577 75 218 INF INF 293 INF 657 INF 338 INF 166 INF 667 180 INF 287 189 449 629 496 374 621 INF 175 INF 385 487 558 690 291 232 INF INF 162 196 514 174 173 INF INF 285 619 240 INF
258 475 177 379 155 710 123 579 INF 403 286 617 INF INF 533 INF 218 0 730 560 INF 622 376 INF 322 380 141 INF 756 198 388 66 INF 254 INF 100 727 249 INF 437 60 362 162 461 539 65 313 436 274 165 INF INF 742 216 339 169 198 360 INF INF 548 444 414 320 INF 449 INF INF 407 INF 748 741 162 501 77 654 644 385 INF INF 416 144 343 273 284 661 306 517 162 192 346 INF
649 255 98 303 INF 414 219 469 499 147 398 INF 300 530 586 572 302 526 0 726 INF 254 600 INF 189 INF 557 516 536 328 301 INF 134 144 89 396 INF 751 444 435 INF 347 739 INF 689 724 423 INF 468 667 438 INF 340 356 157 321 INF 711 INF 509 463 683 378 INF INF 568 127 269 413 318 394 442 87 511 INF INF INF INF 205 747 205 487 374 492 461 INF INF 217 INF 634 INF 566
INF 408 INF INF 701 INF INF 683 451 383 519 INF INF 602 498 379 INF 140 INF 0 662 INF INF 169 302 INF 621 766 287 235 512 INF INF INF 699 498 532 218 136 505 280 173 457 INF 346 665 INF 654 449 201 234 63 INF 761 774 330 INF 620 405 INF 513 INF INF 422 618 651 543 INF 176 470 INF 763 INF INF INF 219 187 745 220 762 524 INF 102 INF 685 477 INF INF 680 655 780 506
526 444 379 279 INF 432 379 412 637 INF INF INF INF INF 759 INF INF 170 INF 249 0 INF 162 167 561 254 768 752 706 260 140 INF INF 167 INF 771 403 529 INF INF 217 391 630 389 357 INF 677 237 211 INF INF 745 157 538 INF 321 396 749 INF 507 573 INF 279 536 598 732 190 75 INF 317 INF INF 545 646 INF INF 402 454 654 594 INF 289 INF 398 277 401 437 88 523 614 352 391
281 89 INF INF 520 646 79 571 745 136 352 INF 702 337 INF 193 INF INF 652 515 412 0 408 354 270 600 253 INF 531 INF 551 526 739 307 378 INF INF 207 INF 742 171 736 INF 450 INF INF INF INF INF INF 682 INF INF 559 523 680 391 INF INF 425 136 493 INF INF 256 295 257 771 INF 641 66 INF 567 543 227 INF 154 495 730 INF 689 744 599 INF 714 715 INF INF 159 INF 488 708
INF INF INF 680 INF 411 234 185 528 INF 702 152 INF 562 677 612 INF 278 477 713 364 INF 0 154 INF INF INF INF 696 626 184 INF 690 621 INF 718 308 723 514 226 549 403 620 INF 287 INF 348 INF INF 321 INF 330 672 396 602 203 INF 470 711 670 140 90 348 INF 614 INF 401 688 263 61 INF 169 277 490 509 INF 560 693 INF INF 392 INF INF 188 304 124 733 485 INF 510 706 443
INF 548 628 INF INF 697 637 472 452 INF 651 INF 341 757 INF 492 521 160 131 283 INF 538 INF 0 INF 596 INF INF INF 138 154 375 INF 59 269 367 INF 688 662 114 252 INF 500 691 570 INF INF 533 774 INF INF 330 598 324 INF 632 516 432 259 INF 473 426 288 INF 733 512 INF 700 367 INF INF INF 143 568 252 125 INF INF 94 66 INF INF 209 249 INF 271 INF 178 759 225 180 INF
INF 346 213 INF 328 INF 697 INF 128 432 522 237 INF 426 515 715 INF INF INF 266 686 135 119 429 0 525 INF 481 287 INF 456 INF INF INF 174 645 INF 627 593 134 434 294 393 384 INF 451 173 418 INF 153 INF 387 684 61 694 585 706 145 INF 442 INF 466 212 INF 410 293 265 457 555 513 360 INF INF 62 695 610 425 738 INF INF INF INF 639 246 276 629 139 612 337 672 745 INF
533 INF 287 INF 443 140 577 252 INF 478 605 690 INF 106 INF 72 INF INF 708 683 258 INF INF 672 225 0 INF 94 INF INF INF 95 INF 691 201 190 193 INF INF INF 152 618 200 INF 331 150 INF 602 INF INF 341 615 INF INF 439 INF 444 448 718 534 INF 362 224 82 123 199 402 685 INF 631 752 745 391 398 742 617 321 526 543 172 165 514 524 709 571 190 762 267 INF 458 647 244
523 548 645 618 INF INF 201 729 672 INF 177 608 621 INF 435 71 639 515 236 139 596 INF 583 INF 274 467 0 419 INF 440 258 77 334 334 419 522 186 INF INF 729 532 389 530 441 INF 494 108 465 307 633 INF 364 658 619 366 INF 576 INF INF 449 283 470 INF INF INF 438 636 659 INF INF 509 INF 749 347 INF 130 298 397 692 686 710 369 534 76 614 269 288 445 605 759 676 491
439 736 458 439 INF 634 354 INF INF INF 709 146 506 73 INF 221 INF 93 691 561 315 578 577 INF 126 167 724 0 403 692 170 724 356 189 87 INF 347 INF INF 364 191 INF 370 194 126 INF 418 INF 320 510 693 761 312 234 395 143 639 306 INF INF INF 77 258 741 581 INF 68 755 INF 199 290 INF 236 340 INF 455 INF INF 86 701 273 INF 184 585 INF 232 661 217 657 403 INF INF
553 INF 186 645 640 187 206 254 313 104 775 355 INF 310 337 INF 284 90 629 360 INF 668 276 549 316 623 256 511 0 101 INF 643 740 259 211 INF INF 420 INF 215 630 380 561 INF 526 743 539 492 INF 363 INF 441 87 592 233 638 572 525 271 INF INF INF 585 535 526 INF INF 597 88 707 85 776 INF 651 585 INF 537 INF INF 489 79 INF 607 INF 190 736 INF INF 783 208 INF 430
INF 437 78 398 686 641 INF 73 INF 350 356 INF 80 348 202 240 455 500 755 208 INF 340 677 523 INF INF 749 INF 143 0 98 305 705 90 710 517 315 562 437 331 609 290 INF 285 142 600 469 597 719 INF 342 568 652 506 INF 534 306 62 129 243 INF INF INF 155 571 INF INF 539 134 650 INF 254 172 312 388 624 196 598 432 INF INF INF 562 INF 110 79 69 INF 624 INF 571 669
INF 593 330 INF INF 618 426 361 INF 167 220 INF 344 171 97 381 449 200 390 400 INF 614 135 103 746 614 706 INF 435 INF 0 INF INF INF INF INF 662 INF 746 375 739 293 227 INF 511 INF INF 299 733 INF 199 184 131 INF INF INF 130 445 174 477 403 777 67 670 INF 111 346 INF INF 547 283 139 621 INF INF INF 769 231 INF INF INF 667 224 663 INF 79 105 457 616 INF 736 70
INF INF INF INF 542 215 64 256 INF 380 386 240 INF 276 134 614 141 INF INF 507 INF 300 INF 141 755 558 729 358 INF 450 74 0 INF 709 206 276 531 INF 645 362 INF INF 333 INF 508 204 93 711 115 122 INF 433 INF 173 591 570 INF 439 345 229 711 130 250 INF 322 386 267 INF 228 205 492 443 590 INF INF 338 551 INF 583 93 INF 779 86 675 192 INF 168 107 695 560 INF 604
747 431 INF 598 638 INF 312 INF INF 170 700 321 481 187 INF 500 420 460 508 701 416 218 484 INF 701 705 INF 255 555 INF 428 INF 0 132 78 173 INF 449 423 512 182 INF INF 549 INF 363 176 252 735 INF 314 INF INF 115 507 343 90 INF 75 437 553 434 INF 630 INF 313 442 445 144 172 155 INF 748 245 210 387 INF 465 226 531 494 748 153 165 INF INF 168 327 645 174 INF INF
599 333 180 INF 627 257 139 516 446 INF INF 674 482 522 547 499 526 INF 592 653 336 302 430 INF 406 693 613 INF 58 369 651 INF 62 0 673 INF 575 219 618 272 INF 533 396 107 532 181 716 411 INF 288 INF 726 152 INF INF 661 298 INF 439 283 INF 138 192 629 721 193 420 INF INF 493 INF INF 683 572 420 INF 677 INF 94 274 INF 194 598 668 139 152 INF INF INF INF 648 400
273 444 418 INF 732 419 213 611 106 389 449 741 INF 431 304 329 375 276 INF 412 367 346 387 605 163 679 INF INF 121 759 INF 441 323 INF 0 INF 362 INF INF 755 703 364 605 232 264 664 748 INF INF 437 INF 664 INF INF 297 INF 193 209 INF INF 279 435 499 105 764 535 740 670 INF 740 INF 718 INF INF INF INF 477 INF 163 INF 630 731 463 INF 184 394 INF INF 413 327 INF INF
461 INF INF 109 498 464 INF 601 INF INF 684 INF 705 316 497 599 INF INF INF 563 160 INF 236 INF 204 INF INF 421 698 INF INF INF INF 356 73 0 86 754 INF INF INF INF INF INF INF 112 INF INF INF 120 INF INF 584 INF INF 394 422 245 464 288 312 604 INF 366 INF 615 522 585 509 INF INF 427 249 79 162 655 INF INF 492 INF 388 INF INF INF 169 INF 450 311 299 INF 766 469
403 296 INF INF INF 265 411 INF 758 472 INF 620 550 202 142 INF 591 INF 559 INF INF 771 287 658 INF 263 INF 447 500 497 653 553 144 INF 338 INF 0 760 294 96 138 337 238 INF 211 164 241 198 INF 736 490 INF 477 501 554 302 667 195 538 INF INF 507 774 141 681 512 515 639 184 INF 194 329 621 553 370 724 491 INF 78 543 319 425 INF 635 213 INF 531 INF 383 665 286 503
606 469 642 INF INF 350 INF INF INF 496 371 INF 616 445 670 122 INF 197 269 158 601 607 INF 139 710 458 INF INF INF INF 333 137 465 339 INF INF INF 0 INF 160 670 311 668 INF 767 432 672 574 493 INF INF INF 327 579 532 367 INF 85 540 INF 732 363 INF 695 59 535 667 767 286 594 301 709 582 646 726 497 INF 355 INF 186 229 86 537 743 613 INF 102 356 623 227 577 INF
INF 185 INF INF 236 258 754 INF 227 INF 628 233 314 INF 408 INF 315 367 INF 754 234 245 INF 392 722 544 INF INF 491 457 584 371 509 746 INF 123 INF 430 0 253 185 429 INF INF 714 INF 235 287 742 363 187 539 456 570 567 144 143 672 70 INF INF 499 INF 441 INF 185 678 INF 151 242 366 510 INF INF 778 INF INF 489 606 444 377 458 INF INF 127 459 463 336 310 295 729 INF
672 364 INF 84 528 258 638 639 INF 126 242 INF 353 INF INF INF INF 699 339 INF 142 699 293 82 703 410 770 INF 333 652 546 527 577 INF 624 228 467 407 431 0 608 717 153 INF INF 381 732 403 INF INF 425 735 319 632 264 439 INF 219 INF INF 425 INF 704 INF 785 655 505 INF INF 771 64 INF 682 611 208 INF 679 511 INF 508 486 143 INF 774 70 687 630 485 273 272 170 183
223 735 454 INF 173 624 244 608 599 364 382 INF 313 579 INF 737 INF 477 INF 317 565 766 741 769 INF 468 359 INF 325 INF 372 INF 231 684 595 INF 432 149 99 745 0 582 INF 234 INF 664 734 INF 361 708 INF 325 544 644 449 334 597 320 647 INF INF INF INF 571 INF 137 424 91 694 616 246 467 175 712 208 INF 404 361 INF INF 312 INF INF 688 218 417 492 484 683 219 INF 597
679 121 INF INF 417 INF 473 INF 663 377 111 INF INF INF 215 745 473 472 571 462 108 372 INF 412 INF 425 100 284 68 707 422 INF 437 142 534 775 INF 130 565 373 776 0 INF 104 520 740 INF 500 759 189 139 INF INF 324 496 INF 401 53 493 121 INF 494 INF 421 INF 100 INF 369 307 369 INF 517 65 475 INF 730 566 772 304 560 293 266 329 209 574 685 385 INF 264 248 INF 462
404 724 412 INF 647 71 80 529 INF 418 461 730 762 640 INF 360 INF 543 INF 666 87 INF 633 INF INF 656 527 INF 392 INF 78 578 301 352 154 INF 411 162 342 714 58 186 0 191 INF 151 248 135 682 472 697 INF 552 INF 260 530 413 433 324 733 INF INF 465 696 337 INF 770 258 INF INF INF 280 552 132 INF 673 276 400 INF 755 337 90 690 INF INF INF INF 273 INF INF INF 767
645 344 172 417 182 578 694 496 781 INF INF INF 630 INF 563 INF INF 76 INF INF 643 INF 390 INF INF INF 342 352 518 INF 229 INF 270 317 289 INF 671 308 INF 311 INF 145 INF 0 610 573 751 408 745 INF INF INF 206 INF INF 389 89 123 737 INF 293 305 589 INF INF 96 531 INF 484 INF INF INF INF 521 740 INF INF INF 696 370 182 INF INF 786 357 251 762 142 89 574 239 663
INF INF 720 380 478 INF 245 366 550 INF 437 484 INF INF 601 INF 639 INF 94 INF 776 692 609 567 INF 608 INF INF 676 INF 314 319 80 127 561 90 742 242 229 736 345 501 702 160 0 133 379 714 104 139 702 485 655 729 INF 127 71 389 456 262 779 334 INF INF 421 73 INF 270 501 INF 637 118 INF 776 INF INF 747 690 INF 118 408 INF 606 562 INF INF INF 769 INF INF INF INF
599 382 474 607 163 INF 623 268 470 INF INF 672 664 360 210 187 152 140 INF 156 INF 544 INF 646 678 187 751 626 751 536 98 INF 746 247 167 640 691 221 249 335 INF 150 671 391 690 0 525 626 INF 554 391 224 530 292 533 325 INF INF 395 351 INF INF 292 INF 168 536 100 130 383 53 296 747 351 93 INF 158 INF 106 INF INF 671 517 INF 328 INF 581 501 105 INF 745 95 259
403 218 276 713 524 569 315 555 314 INF 590 315 269 230 397 511 64 757 756 552 154 362 348 INF 736 INF 116 245 INF 91 680 357 283 653 455 356 INF INF INF 196 INF INF 165 723 619 296 0 533 INF INF INF 727 540 614 324 339 185 63 503 141 296 395 104 INF 260 240 INF 265 INF 251 637 INF INF 691 718 416 434 INF 110 INF 389 76 691 515 437 186 436 428 194 INF INF INF
476 INF INF INF INF 637 225 545 94 593 383 770 INF 226 INF 639 131 INF 244 594 306 INF 510 INF 506 INF 366 182 486 INF 67 715 483 587 524 467 544 201 222 319 INF 382 INF 421 INF 161 685 0 477 INF INF INF 299 INF INF 298 INF 339 766 423 587 472 248 404 INF 150 538 716 638 INF INF 118 620 154 INF 356 212 408 255 INF INF 413 INF INF INF 241 734 279 669 INF 576 INF
INF 702 INF INF INF INF 135 INF 412 114 406 447 615 584 INF INF INF 89 460 INF 232 373 145 538 776 INF 470 342 111 576 54 INF 398 INF INF 577 INF 451 57 INF 136 333 INF 547 INF INF 89 130 0 INF 491 INF 716 753 367 453 INF 506 755 769 INF 457 768 395 77 124 556 591 INF 100 INF 64 627 74 INF 590 347 100 742 414 106 633 492 INF 670 134 INF INF 354 472 INF 253
INF INF 762 230 350 572 569 679 77 INF INF INF 595 676 261 INF INF 678 366 438 533 INF 546 INF INF INF INF INF 212 520 188 440 728 528 605 100 307 INF INF 777 766 621 450 INF 601 718 97 303 587 0 559 463 542 396 288 INF INF 574 583 305 422 81 279 355 217 452 451 INF 699 INF 382 396 506 485 543 543 533 704 308 INF 759 INF 396 254 239 168 INF INF 521 INF 512 INF
360 689 768 377 570 722 542 INF 407 INF 646 348 678 INF 716 INF INF INF 270 171 INF INF 778 162 197 776 INF INF INF INF INF 535 495 INF 389 INF 442 INF INF 429 450 INF 653 272 312 280 INF 403 402 519 0 484 717 INF INF 370 668 99 INF 255 614 427 INF INF 99 75 397 415 INF 82 330 729 770 363 147 336 528 430 114 504 INF INF 693 460 INF 76 INF 407 218 740 115 INF
INF 726 710 618 INF 525 INF INF INF 545 INF 543 223 INF 640 132 327 INF 545 395 457 274 761 INF INF 340 703 697 INF 210 580 119 306 INF INF INF 588 544 430 INF 173 INF 197 662 126 605 446 478 INF 776 716 0 654 705 66 95 INF 611 INF 380 690 740 183 510 INF 493 364 INF INF 637 653 455 437 594 INF INF 355 INF INF 743 548 INF 121 330 INF 565 439 367 665 INF 740 644
775 143 INF 693 577 75 621 536 602 INF 469 603 389 INF 682 156 728 INF INF 542 INF 249 445 103 207 382 756 528 526 587 83 INF INF 99 275 488 398 672 393 304 INF 767 82 INF INF 272 97 INF 656 561 750 669 0 208 651 INF INF 789 INF INF INF INF 99 123 285 552 366 INF INF INF 624 INF 719 686 283 130 424 175 262 INF 425 677 718 766 291 INF INF INF 132 INF 202 512
268 568 339 292 INF 333 461 INF 644 326 250 681 142 294 224 INF 318 355 INF 144 612 543 762 INF 96 INF 587 644 102 287 319 INF 625 220 INF INF 441 445 303 319 605 725 244 INF 620 282 460 155 316 183 646 478 719 0 713 INF 645 383 311 449 162 529 INF 158 90 INF INF INF 540 106 235 623 298 218 213 228 INF 460 470 312 507 726 INF 499 251 INF INF INF 408 271 359 555
123 INF 258 136 471 694 473 87 116 343 383 INF 153 672 543 221 697 INF 578 641 INF INF 586 INF INF INF INF 754 INF 481 137 628 180 INF 563 250 299 286 774 699 650 128 206 525 INF 97 146 INF 508 INF 533 475 177 220 0 669 522 759 INF INF 222 95 303 534 587 INF INF INF 780 INF INF 491 294 INF INF 684 173 INF INF INF INF 682 629 246 289 589 INF 214 INF 355 INF 444
INF 509 INF 210 INF INF INF 730 413 INF 634 INF 102 INF 165 INF 297 736 592 214 169 186 INF INF 543 390 72 INF INF INF INF 644 67 INF INF 435 618 342 246 623 INF 686 INF 653 INF INF 165 63 567 INF 240 765 238 649 669 0 INF INF 259 118 INF 565 INF INF INF 342 429 698 INF 389 INF 728 509 274 INF 542 351 682 705 578 INF INF 400 539 INF 140 490 161 INF INF 337 INF
257 426 INF 713 694 315 138 273 712 INF INF 689 INF 567 INF INF 692 633 106 752 653 INF INF 517 191 590 294 500 737 751 404 588 438 549 INF 625 398 INF 713 INF 643 INF 260 715 INF 710 313 466 INF 185 112 290 INF 544 383 122 0 706 671 752 733 INF 559 255 305 INF 90 462 INF 237 INF INF 653 431 383 INF 304 INF INF 630 INF 174 429 439 680 108 INF 764 446 INF 768 410
649 INF INF INF 492 187 INF 305 141 INF 190 718 752 INF INF 735 172 407 INF 137 INF 582 INF 389 558 INF 676 263 208 161 INF 688 242 INF INF 176 414 473 456 284 402 340 527 361 502 INF 733 337 309 287 280 INF 174 406 INF 201 INF 0 552 INF INF 630 419 INF INF INF 548 625 INF 541 INF 188 189 462 610 INF 489 INF 563 INF 402 688 482 350 618 INF INF 143 674 327 INF 427
INF 198 713 636 750 682 512 INF 182 171 730 INF 470 INF 409 699 INF 199 266 576 514 290 582 INF 665 INF 445 INF INF INF INF 137 228 518 578 233 125 700 INF INF 553 INF 227 747 571 INF 197 252 667 437 INF 407 710 751 INF INF 778 INF 0 421 INF INF 500 416 284 173 434 696 463 146 123 INF 145 413 INF 525 691 691 INF 423 INF 357 707 INF INF 424 472 756 657 INF INF INF
127 INF INF 733 457 INF 755 99 329 296 89 427 227 115 227 INF 232 INF 564 INF 195 INF 559 467 331 398 320 239 170 653 707 71 534 574 501 510 413 INF 312 INF 391 INF 641 587 342 INF 381 362 INF 141 573 INF 308 370 148 INF 325 INF 98 0 INF 430 INF INF INF 604 438 74 185 217 409 INF INF 731 INF 160 INF INF 269 224 498 746 489 INF 140 505 INF 572 575 INF 702 INF
759 60 INF 752 283 INF INF 68 204 326 INF INF 228 461 310 INF 233 499 739 449 569 INF INF 356 157 146 155 306 386 INF INF INF 215 INF INF 132 244 443 146 INF 528 INF INF 476 584 265 INF INF INF 433 311 INF INF 157 321 INF 313 502 212 560 0 639 297 154 118 INF 636 511 698 INF 255 738 INF 165 INF 204 776 360 332 INF 380 335 562 180 544 439 561 161 INF INF INF 267
INF 252 INF 744 443 496 266 276 INF INF 366 628 545 378 100 677 665 587 640 INF 476 505 145 95 571 774 718 170 187 413 295 573 77 563 517 INF 527 313 758 615 559 479 651 645 766 INF 188 734 196 167 753 207 209 240 612 INF 675 738 INF INF 168 0 331 156 263 546 604 722 INF 326 272 349 558 230 401 208 311 INF 684 INF INF 273 104 775 155 646 751 713 546 317 465 INF
81 INF INF 236 INF 206 INF 637 187 699 INF 317 391 433 654 INF INF INF 198 316 552 692 196 593 359 212 477 610 297 139 461 179 775 INF 226 470 INF 304 315 INF 541 537 INF 360 179 532 102 282 277 693 581 INF INF 224 216 INF 180 160 233 INF 702 INF 0 432 550 729 INF 740 143 713 INF 711 546 673 453 INF INF INF 537 INF 407 INF 706 151 537 339 INF 748 587 175 INF 75
511 INF INF INF INF 189 INF 526 657 412 481 225 674 464 INF 495 655 745 310 INF 694 INF 692 610 649 INF INF 300 766 179 228 179 171 443 562 596 239 INF 472 314 164 INF 463 INF 202 182 697 INF 607 167 INF 351 468 608 INF 764 INF 178 504 274 INF 100 359 0 458 692 115 228 415 INF 144 207 INF 685 INF 467 389 221 186 119 356 INF 703 663 563 734 117 737 105 436 INF INF
102 93 645 104 719 55 783 INF 323 521 INF 71 INF 323 74 750 403 453 186 303 197 565 107 226 773 743 685 322 163 459 72 INF 193 INF INF 439 368 INF 511 INF INF INF 168 243 108 94 774 INF 90 346 635 678 407 511 INF 618 INF 295 257 115 129 INF 647 528 0 INF 621 INF 320 333 485 667 695 759 263 INF 161 INF 705 111 INF 175 INF INF 460 285 443 INF 133 499 737 610
INF INF 768 INF 534 560 169 167 INF 310 INF 787 INF 449 600 INF 98 444 239 230 INF 80 62 363 274 131 INF 305 688 452 619 329 543 656 INF 463 225 685 400 96 INF 500 762 INF 457 399 INF INF INF INF 146 548 369 255 260 721 INF INF 171 140 771 515 444 180 210 0 INF 336 INF INF 505 88 386 661 76 INF INF 217 INF INF 592 745 INF 485 485 648 608 156 INF INF INF 130
370 678 632 778 553 636 256 INF 771 518 442 192 INF 291 INF 415 756 697 101 752 316 281 512 275 307 399 INF 441 105 358 173 156 121 386 141 224 250 554 519 682 417 218 INF 432 INF INF 544 772 181 387 INF 90 123 INF INF 409 INF INF 755 466 524 659 255 480 602 191 0 656 747 INF 466 258 INF INF INF 225 677 INF 573 INF 585 INF 349 143 328 699 INF 233 643 138 INF INF
216 INF 407 198 761 499 217 525 663 521 289 708 511 686 101 INF INF INF 214 248 678 INF 385 64 307 143 630 415 374 541 331 INF INF INF 508 498 401 68 187 750 INF INF 256 449 INF 125 513 INF INF 525 457 INF INF 244 627 INF 391 INF 435 166 574 265 INF 442 407 469 INF 0 INF 761 206 145 560 350 719 INF INF INF 213 INF INF 633 226 INF INF 527 545 593 INF 266 120 451
455 INF INF 87 304 349 756 243 392 INF 340 652 529 663 130 717 453 475 621 INF 465 250 282 INF INF 185 168 674 362 721 125 771 INF 242 INF INF 62 348 253 238 93 238 507 690 435 713 675 352 INF 393 INF INF 69 224 794 254 670 457 INF INF 191 156 740 298 INF INF 586 483 0 529 252 654 596 200 INF 630 445 373 164 INF 126 517 216 203 644 677 174 686 527 185 496 563
INF INF 446 267 708 174 771 707 242 433 297 112 235 INF INF INF 167 681 348 742 627 84 501 390 273 644 INF 773 226 INF 184 167 732 570 580 299 490 482 773 613 INF INF 299 366 247 599 521 INF 721 225 INF INF 538 660 561 INF INF INF 412 734 731 INF INF 109 180 493 546 620 239 0 268 310 772 643 INF 498 312 478 INF 704 259 218 INF INF INF INF INF 120 INF 210 538 545
500 612 INF 216 INF 496 463 107 778 INF INF INF INF 459 778 INF 490 78 469 348 106 INF 411 INF 730 99 INF 621 310 INF 366 INF 642 INF INF 248 587 766 224 467 INF INF 645 777 452 657 588 417 235 483 328 710 INF 376 INF INF 294 554 INF 387 INF 67 INF 711 103 INF INF INF INF INF 0 INF INF 84 528 316 413 INF 529 INF 664 318 61 296 327 182 INF 759 INF 288 667 691
118 282 375 572 INF 178 INF 462 350 735 497 INF 399 389 224 INF 371 529 473 INF 475 499 541 636 742 65 352 768 97 447 111 619 INF 248 333 784 INF INF 730 INF 199 191 INF 329 479 67 521 488 66 564 730 INF INF 356 INF 160 95 656 534 INF 99 231 399 INF 750 725 483 270 INF 374 INF 0 132 356 499 550 INF INF 319 INF INF 270 286 517 648 261 INF INF 223 70 INF 333
INF 782 INF 497 654 INF 769 664 286 625 146 INF 244 426 INF INF 236 384 INF INF INF 685 117 345 134 339 INF 635 239 INF 488 363 122 INF 683 INF 568 431 705 342 INF 671 778 753 536 505 INF INF INF 673 153 324 INF 159 176 748 INF INF 356 237 INF INF INF 633 INF INF 705 139 INF 201 732 256 0 INF 446 INF 506 INF INF 377 610 173 INF 733 500 195 367 INF INF 443 INF 398
348 639 INF 272 INF 437 670 276 692 567 INF 412 542 262 711 595 242 INF 178 INF INF INF INF 516 741 108 354 INF 573 222 211 520 INF INF 276 INF 481 645 421 INF 428 241 605 123 744 158 INF 367 INF 216 INF 239 257 INF INF 303 641 565 INF 736 555 574 205 434 102 327 INF 93 INF 523 454 INF 107 0 607 INF 327 241 341 480 644 364 656 240 685 175 49 INF 345 103 92 703
INF 117 INF 278 224 INF 643 476 81 633 367 560 424 128 265 220 331 336 427 457 101 350 440 717 INF 170 291 256 677 203 692 INF 425 250 205 352 229 INF INF INF 318 592 765 81 116 414 723 INF INF 733 221 513 220 INF INF 605 642 203 INF INF 705 INF 306 630 INF 587 553 INF 534 396 203 720 97 619 0 INF 568 744 INF 160 219 306 497 423 INF 458 338 108 350 300 640 348
INF INF 220 INF 77 INF 394 INF 317 75 INF 470 321 INF INF INF 78 687 INF 256 732 500 431 INF 447 INF 186 385 INF 145 527 233 548 205 609 363 640 596 INF 687 570 336 536 569 274 381 726 282 353 441 405 145 625 INF INF 567 INF 477 632 54 559 562 425 179 643 INF 100 372 196 INF INF 374 INF 675 196 0 INF INF INF 395 INF INF 420 INF INF INF 716 473 710 INF 691 INF
69 258 434 257 66 670 655 INF 112 707 488 122 325 549 INF 82 127 762 198 INF INF 494 INF 640 204 768 406 581 374 377 505 625 INF INF 319 72 INF 573 743 552 INF 206 INF 404 475 524 213 INF 409 666 636 328 103 241 190 543 138 97 388 356 62 463 554 366 624 INF 414 166 737 740 INF 255 130 INF 276 537 0 INF INF INF 527 597 338 202 598 314 INF 478 332 121 248 132
114 80 256 769 651 678 509 699 235 164 504 73 294 500 221 105 259 473 INF 540 538 468 INF 491 INF 557 164 238 365 731 INF 420 361 INF 608 71 719 INF 761 327 62 145 INF 388 693 428 475 611 255 111 INF 505 134 375 284 INF 472 384 INF 83 779 221 508 419 INF INF 565 193 259 INF 687 INF 157 INF INF INF 631 0 INF 324 223 422 405 718 INF 311 586 694 INF INF INF 674
550 118 665 648 491 INF 157 574 732 130 539 174 146 146 93 317 212 527 245 INF INF 724 776 467 INF 305 607 698 770 314 429 402 143 99 INF 345 368 INF INF 336 552 643 605 544 INF 729 INF 214 INF 700 INF 295 409 116 162 687 132 329 454 INF INF 561 INF 148 580 205 INF 594 770 241 INF INF INF 634 104 456 73 376 0 INF INF 380 504 INF INF INF INF INF 471 INF 612 403
470 INF 328 INF 352 583 183 697 INF INF 176 INF 698 279 318 260 417 580 INF 60 INF 62 508 INF INF 700 339 INF 210 INF 633 142 185 INF 696 INF 167 313 642 534 340 INF INF 138 INF 117 483 406 647 759 526 189 99 INF 728 398 INF 42 387 INF 421 138 501 INF INF 562 INF 644 97 603 INF 205 657 617 490 INF 357 276 728 0 444 387 INF 584 664 647 INF 249 INF 90 595 INF
636 731 734 INF INF 748 272 INF INF 343 659 130 238 448 180 INF INF 158 509 205 649 757 699 INF 545 INF 327 376 INF 508 733 139 386 INF 697 100 183 429 INF 628 271 INF INF 319 163 704 INF 409 202 559 763 157 782 544 INF 570 518 531 INF INF INF 156 543 617 84 750 INF 376 INF 755 583 INF 567 781 104 86 131 761 648 408 0 587 758 770 INF INF 590 380 677 517 577 122
108 INF 200 85 INF INF 240 INF 147 589 INF 468 525 375 673 647 166 INF INF 198 701 INF 500 320 121 537 INF 221 76 680 99 293 113 110 773 313 599 INF INF 253 INF 108 INF 741 655 259 444 483 492 659 INF 371 144 INF INF 574 529 561 687 INF 730 595 574 377 INF 571 221 INF 427 INF 678 INF INF 295 574 673 745 475 64 454 348 0 762 INF 605 196 INF INF 632 197 INF INF
678 INF INF 284 740 136 178 INF 696 604 751 INF 380 748 415 INF INF 250 INF 171 INF 297 234 584 INF 181 508 INF 741 249 INF 527 243 INF INF 132 423 417 INF 613 724 481 INF 554 492 166 102 INF INF 193 INF 241 685 440 INF 340 177 INF 687 INF INF 645 686 756 137 304 521 483 260 740 465 281 INF 763 INF INF 754 INF 376 638 773 158 0 681 587 592 INF INF INF 710 INF 747
562 612 628 INF 396 INF INF INF 748 271 522 INF INF 353 INF INF 113 INF INF INF INF INF 160 INF 117 522 378 581 537 65 464 243 261 INF 586 768 459 685 287 349 128 676 637 468 INF 585 772 634 700 158 467 730 129 233 509 780 582 442 434 INF 536 159 INF INF 234 INF 408 INF 275 318 746 459 230 714 446 617 652 146 654 303 617 357 INF 0 480 222 INF INF 597 INF INF INF
126 INF 356 INF 406 INF INF 302 92 571 623 INF 352 562 542 INF INF 571 INF INF 332 INF 141 225 704 512 788 INF 677 109 172 631 260 INF INF 506 INF 707 667 616 INF INF 617 277 INF INF 437 INF 352 311 419 760 INF INF 364 159 93 503 167 161 303 244 INF 108 INF 130 254 143 351 162 INF 463 643 161 144 303 INF 635 250 INF 167 525 636 499 0 641 272 722 663 INF 706 728
120 460 285 INF 403 277 406 INF 569 90 286 INF 485 55 96 INF 600 657 INF INF 89 212 187 636 231 530 270 372 INF INF 497 199 287 776 360 275 123 68 625 622 653 INF 512 INF INF INF INF 244 INF 326 83 658 132 749 716 268 180 INF 628 INF 528 277 INF 218 INF 648 709 INF 179 350 INF 589 525 300 749 INF 741 85 327 INF 537 INF INF 212 INF 0 747 INF 458 247 493 INF
INF 379 503 571 98 493 231 152 INF 77 691 417 INF 406 647 549 INF INF 498 88 693 196 INF 753 461 486 437 INF 185 553 682 INF INF INF 350 238 103 228 442 INF 105 712 384 390 310 538 292 607 424 448 451 INF 568 362 666 INF 523 INF 714 366 INF 486 782 INF 505 675 635 322 INF 456 193 452 619 569 INF 125 373 354 260 223 155 INF 526 536 72 493 0 168 INF INF 216 266
198 472 453 303 715 131 113 499 157 INF INF 608 INF INF 559 504 284 INF 569 467 671 INF 729 754 140 677 INF 253 590 81 INF 109 INF 253 364 677 345 329 INF 386 INF 298 417 INF 303 530 220 127 387 208 INF INF 266 INF INF 61 INF 434 544 722 693 590 62 83 601 320 193 INF 603 442 INF 147 614 606 INF INF 664 474 318 504 INF 316 INF 427 525 270 INF 0 INF 199 INF INF
577 448 394 777 INF 291 INF 524 INF 155 765 534 155 255 333 527 INF 379 126 239 669 188 699 248 138 INF INF 144 751 186 605 412 377 548 570 314 192 633 INF INF 338 291 153 530 INF 73 INF 598 714 661 525 667 374 562 INF INF 340 149 INF 386 658 172 492 266 268 INF 733 359 637 593 330 345 573 426 288 INF 482 430 INF 297 216 565 INF 214 412 INF 469 727 0 400 143 438
456 513 INF 419 205 336 633 660 INF 268 INF INF 697 155 INF INF 695 INF 76 166 INF INF 510 406 INF 139 INF INF 754 491 373 128 INF 72 INF INF 249 INF 471 443 163 781 INF INF 281 393 137 449 197 INF 218 INF 157 401 INF 136 188 377 729 INF INF 353 517 641 353 724 781 346 692 INF 740 253 318 230 INF 191 745 445 502 109 173 427 418 INF 724 586 INF INF INF 0 INF 296
543 199 491 INF 462 463 603 326 757 INF 87 691 INF 251 410 301 660 178 304 622 540 INF 383 735 INF 228 INF 150 INF 445 INF INF 86 145 139 269 INF 761 INF 229 INF 639 294 224 390 INF INF INF 140 INF 404 INF 692 INF 84 563 514 676 583 639 282 INF INF 367 108 457 167 202 325 224 284 293 INF INF 444 INF 653 540 79 608 INF 588 INF 353 266 509 465 INF INF 423 0 698
60 313 INF 509 INF INF 710 INF INF 666 627 INF 85 INF 499 INF 520 650 INF 235 INF 762 246 INF 501 253 INF 337 473 357 767 INF 277 INF 398 679 760 636 578 128 447 728 759 521 240 210 307 154 INF INF 772 INF INF INF INF INF 683 313 INF 368 INF 178 476 246 INF 515 INF 767 643 314 512 241 683 155 171 INF 387 443 70 INF 764 INF 750 280 INF INF INF INF 125 143 509 0
