0 274 480 172 161 455 441 473 773 331 INF 278 INF 62 661 386 389 590 704 388 INF 329 89 688 328 INF 681 239 398 480 658 584 400 INF INF 484 527 685 340 INF 562 INF 97 687 585 INF 347 537 681 216 INF 514 227 495 682 INF 299 652 745 296 335 INF
INF 0 INF 166 656 725 452 INF 86 INF 601 151 INF 258 682 345 INF 494 709 INF 472 INF INF INF 366 INF 68 109 INF INF 770 INF 427 252 INF INF 779 INF 456 INF INF INF 181 INF INF 482 735 INF INF 329 252 481 INF 575 INF 151 INF INF 734 579 544 473
231 385 0 658 INF 378 336 760 605 158 658 347 86 647 INF 493 352 317 611 345 776 322 70 INF INF INF 500 508 INF 155 612 761 590 676 INF 655 INF 673 677 INF INF 666 518 INF 618 423 475 450 INF 323 581 254 INF INF 66 208 429 INF INF 366 401 INF
736 164 337 0 339 490 225 255 INF 728 708 559 INF INF 664 608 560 INF 287 398 100 662 440 284 INF 584 713 INF INF INF 222 744 INF 576 572 INF INF 448 571 51 INF 725 508 398 175 489 94 740 706 INF INF 412 499 INF 164 INF INF INF 432 INF 708 474
INF INF 77 378 0 176 591 210 759 684 498 INF 507 671 587 INF 730 611 INF INF INF INF 150 INF 366 INF INF 437 571 INF 453 411 136 487 INF 350 290 736 69 INF 111 745 714 INF 680 155 INF INF 436 278 376 231 659 353 74 56 311 INF 301 INF 377 501
663 317 355 423 743 0 270 200 704 531 425 316 428 372 451 459 INF INF 657 410 INF INF INF 400 662 235 INF 685 INF 513 INF 669 244 INF 483 484 76 726 INF 344 54 294 INF 644 326 499 368 INF 627 INF 50 INF INF 266 758 116 INF INF INF 128 146 60
114 342 487 INF 714 INF 0 724 INF 617 544 74 425 458 655 731 620 639 168 INF 609 INF INF 374 INF INF 598 623 625 444 460 67 INF 240 83 292 541 727 367 64 694 135 255 580 INF 641 INF 337 INF INF 128 685 411 275 INF 443 716 272 354 INF 147 129
714 613 INF INF 154 96 511 0 433 103 232 INF 568 709 344 728 INF 726 462 123 95 579 INF 555 430 584 369 469 INF 376 705 336 445 595 INF 381 90 548 193 429 406 513 INF 421 560 705 756 INF INF 664 INF 524 621 INF INF 766 330 591 472 INF 358 271
117 INF 511 INF 645 INF INF 323 0 604 INF 104 395 INF 162 INF 191 753 INF 87 422 329 741 419 747 46 163 INF 298 666 217 INF 208 INF INF 410 281 167 395 518 531 INF 541 542 149 INF 176 401 203 592 150 586 INF 52 507 91 354 329 409 INF 575 421
219 677 INF 601 765 392 693 INF INF 0 INF 739 INF 211 124 256 INF 769 313 INF INF 702 463 133 578 INF 504 269 592 INF INF INF 209 396 INF 120 INF 691 50 224 INF INF 146 368 246 740 INF INF 269 584 INF 296 175 660 245 730 594 INF 592 160 312 INF
629 357 535 INF 713 519 160 INF INF 108 0 726 691 720 126 INF INF 157 673 749 350 86 334 422 INF 443 123 INF 54 204 INF INF 768 128 771 345 245 INF 488 554 INF INF 375 773 212 525 INF INF INF INF 749 INF 272 543 INF 206 645 INF 351 464 393 84
126 539 396 INF 766 253 713 258 733 INF 169 0 486 419 257 483 119 INF INF INF INF 347 INF 210 154 649 98 763 304 315 219 INF INF INF 107 747 101 672 INF INF 620 477 69 INF 544 633 INF INF 490 329 743 767 561 INF INF 466 714 INF INF INF 635 630
INF 662 INF 775 222 203 667 INF INF 554 INF 775 0 184 INF 562 462 588 273 484 751 615 476 INF 303 475 INF INF 344 INF 358 545 704 294 INF 651 685 444 103 INF 540 262 196 527 715 683 INF INF 663 431 INF INF INF INF 97 375 338 450 423 INF 731 366
178 INF 722 409 281 754 481 INF INF INF INF 106 429 0 173 INF 417 INF 599 324 548 287 INF 416 110 449 INF 391 730 447 535 230 INF 759 INF 424 INF 725 563 683 672 INF 384 328 124 85 INF 468 102 INF 619 331 116 INF 784 355 765 INF 582 557 451 510
155 332 417 INF INF 272 INF INF 537 INF INF 209 INF INF 0 519 166 95 654 INF INF 575 720 INF INF INF INF 319 665 302 INF 560 INF 550 244 INF 624 231 620 471 753 226 103 80 494 557 613 483 INF 325 204 INF 192 INF INF 101 729 535 INF INF 64 285
631 788 INF INF 605 120 499 INF 584 INF 109 INF 157 530 377 0 777 INF 649 683 INF 141 INF 198 515 385 514 92 280 616 328 728 INF 457 514 INF 301 304 289 734 427 721 INF 493 719 462 751 476 483 INF INF 105 558 252 371 240 727 86 INF 645 774 INF
INF 276 INF 291 415 348 732 281 631 713 INF 680 75 192 127 114 0 INF 307 642 549 310 INF 407 INF 513 267 750 INF 122 613 760 INF 338 328 INF 786 119 234 354 INF 515 391 664 703 628 201 224 153 INF INF INF 610 117 230 143 565 INF 129 286 INF INF
715 202 INF 356 72 349 108 689 538 INF 242 INF 123 590 199 364 677 0 INF 239 744 INF 372 211 224 346 INF 334 590 658 161 INF 380 746 INF 204 INF 389 786 152 510 INF 332 INF 711 INF 328 INF 785 704 457 678 328 114 450 93 INF 601 94 INF 255 394
INF 64 INF INF 695 INF 465 INF INF INF 197 INF INF 626 448 60 583 713 0 315 702 642 709 INF INF INF INF 551 575 254 INF 216 404 282 776 410 696 537 607 552 732 671 INF INF 656 721 INF 164 INF 531 547 INF INF 64 INF INF 719 619 INF 361 728 424
283 224 144 435 408 191 257 589 759 263 587 146 148 INF INF INF 626 99 694 0 181 462 651 INF 691 229 INF INF 563 566 242 INF 623 343 INF INF INF INF 179 INF 617 587 214 584 571 INF INF INF 405 84 INF 442 INF 341 149 738 571 INF 728 INF 539 178
492 78 INF 339 INF 63 334 INF 608 503 520 508 390 584 591 420 710 184 450 686 0 268 INF 229 INF 758 INF INF 718 INF 700 214 678 INF INF 349 INF 731 160 748 INF 380 732 534 185 INF 576 346 743 472 INF INF INF 693 261 INF 262 679 INF INF 308 493
606 INF 393 422 INF INF 568 210 489 384 77 543 321 250 329 658 INF INF 139 INF 487 0 344 522 457 439 162 671 419 369 318 313 571 INF 197 716 INF 133 441 692 INF INF 381 326 INF INF 155 210 465 141 419 393 INF 344 INF INF 488 706 196 412 INF 751
INF 598 109 INF INF 408 296 701 INF 314 436 528 709 INF INF 584 763 77 544 685 766 INF 0 INF 170 489 116 694 INF 51 114 INF INF 257 565 173 128 774 495 351 268 491 442 614 757 206 INF 215 INF 549 188 698 INF 686 173 INF 378 305 679 325 618 43
678 423 267 670 INF 170 INF 646 380 547 736 453 726 INF INF INF 261 INF 569 622 INF 663 461 0 INF 88 653 105 94 120 INF INF 513 165 581 INF INF INF INF 62 INF 315 734 403 INF 569 201 INF 434 684 INF INF 237 INF 516 INF 437 571 INF 143 INF 360
INF INF 236 536 362 287 164 182 INF 429 286 322 INF INF 664 362 460 INF 376 118 483 597 369 742 0 469 436 457 483 662 560 INF 590 584 606 688 455 321 606 117 309 717 394 362 128 479 672 464 219 576 INF INF 328 INF 41 415 279 76 177 660 681 267
121 755 227 INF 556 351 768 344 INF 181 267 182 INF 137 INF 447 313 127 INF 663 199 INF INF INF 553 0 402 207 INF 744 INF 551 75 INF INF 453 676 767 INF 605 199 319 226 641 625 774 732 283 107 219 72 160 INF 664 726 INF 683 76 343 81 747 607
735 207 INF INF INF 653 620 288 657 663 388 INF 287 228 335 752 738 208 721 286 INF 68 INF 259 156 272 0 361 INF INF 724 INF 647 740 INF 660 INF INF 136 689 201 64 INF 421 INF 476 629 INF 750 INF INF INF 272 485 186 488 514 468 363 INF 73 747
655 INF INF 472 295 680 INF 666 445 INF INF 128 397 296 729 714 627 764 INF 525 164 INF INF 789 600 699 INF 0 379 136 96 785 200 211 INF 352 INF 588 258 INF 95 INF 594 141 339 177 INF INF 475 280 544 INF 332 INF INF 142 175 714 404 541 441 664
114 687 221 191 697 246 93 126 141 81 INF 405 309 110 330 323 514 469 200 224 INF 763 430 724 84 127 INF INF 0 377 283 296 INF INF INF INF 302 593 609 71 737 340 632 678 INF 554 464 INF 380 500 INF INF INF 385 INF 382 INF 730 753 146 347 85
217 INF 699 INF INF 732 306 597 340 INF 225 INF 713 INF 716 350 344 INF 704 431 571 439 601 777 699 370 INF 282 762 0 528 346 INF INF 193 INF 212 335 318 INF INF 155 724 INF INF INF INF 136 99 200 INF 685 INF 134 147 303 188 252 646 INF INF 381
206 INF 176 371 555 INF INF 712 498 INF 130 58 INF 210 INF INF INF 752 INF INF 173 406 INF 724 457 391 131 50 INF 308 0 629 753 376 680 INF 155 592 INF 724 INF 683 754 INF 604 313 128 INF INF 413 459 INF 409 321 400 143 INF 255 404 560 70 703
INF 365 422 INF 353 INF 140 516 INF INF INF 304 197 292 181 247 INF INF 212 588 INF 83 INF 380 362 INF 682 INF 262 707 264 0 738 193 132 353 INF INF INF 708 445 INF 491 INF INF 672 INF INF 712 559 INF INF 730 517 570 115 INF 611 INF 476 160 184
749 163 693 INF INF 110 402 149 772 142 INF 380 359 521 INF INF 691 536 354 59 237 230 246 752 445 INF 457 111 59 632 171 614 0 INF 578 653 696 INF 204 171 INF 176 450 443 512 159 98 122 355 INF INF 315 750 504 448 INF 371 INF 389 755 93 306
INF INF 367 757 715 132 555 359 125 INF 672 INF 602 440 97 INF 764 135 INF INF INF 659 82 INF INF 142 770 519 755 INF 398 259 INF 0 531 INF 623 INF INF INF 723 679 124 386 INF 699 501 478 164 338 INF 265 107 405 428 681 482 153 INF 453 INF INF
537 INF 323 152 127 98 763 295 74 INF 389 INF 144 131 591 524 473 704 772 INF 764 418 INF 459 INF INF 65 INF 115 INF 304 194 INF 258 0 INF 105 523 484 INF 673 INF 211 748 719 220 376 74 92 84 768 543 106 577 301 INF INF INF INF 595 54 INF
558 INF 204 531 157 492 131 131 94 INF 595 INF 546 INF INF 340 INF 298 350 603 331 382 253 205 658 INF 122 529 643 603 INF 292 INF 758 INF 0 158 335 INF 354 447 INF 189 193 INF 187 539 459 446 521 106 576 INF 315 618 402 130 INF 278 78 154 INF
331 INF 198 142 321 356 678 234 INF 354 467 68 385 75 148 INF 458 386 264 205 772 250 INF 677 585 476 547 165 755 311 130 677 365 INF INF 430 0 296 INF 661 355 INF 353 INF INF INF 176 760 474 INF 76 INF INF 380 INF 517 304 251 INF 648 INF 632
292 378 671 393 INF 516 397 INF 86 INF 621 473 INF 146 INF INF INF INF 669 INF 325 580 321 167 INF 543 INF 422 INF 439 INF 502 342 396 132 81 364 0 131 INF 205 455 192 352 INF 370 70 511 680 447 747 212 224 450 183 609 742 INF 633 254 553 607
INF INF 290 349 INF INF 404 INF 580 191 277 183 INF INF 534 INF 659 423 78 467 279 426 231 INF 659 123 INF 501 171 INF INF INF 147 735 438 303 308 278 0 675 INF 101 INF 109 INF 230 634 381 INF 469 INF 339 512 350 402 609 475 705 706 INF INF 261
73 68 351 342 730 INF INF 431 INF 139 INF 212 538 INF 189 INF INF INF INF 500 106 748 302 247 INF 404 296 355 189 723 236 305 INF 194 774 541 283 609 607 0 190 571 782 INF 416 506 662 268 450 656 266 89 INF 138 INF 283 INF INF 103 INF 296 256
INF 412 513 741 507 INF 447 329 432 442 INF 602 INF 277 INF INF INF INF 362 INF 174 661 75 586 INF 227 271 742 175 736 188 510 106 INF 418 446 119 265 INF INF 0 INF INF 276 152 646 245 574 73 INF 445 643 702 607 681 668 INF 89 INF 221 132 INF
150 INF 237 308 INF INF 683 INF 220 194 253 INF 768 131 291 INF 340 129 439 574 289 75 655 INF 241 74 345 153 340 165 282 INF INF 430 INF 653 INF INF INF INF 437 0 563 621 570 489 258 776 INF 598 157 INF INF 509 753 INF 680 493 540 121 INF INF
INF 604 149 256 247 313 734 INF 307 417 759 378 413 INF 303 INF 170 INF 74 252 88 714 INF INF 618 357 INF 170 INF INF 73 246 437 INF INF 402 298 INF 80 755 415 378 0 452 136 INF 539 INF INF 116 502 INF 759 707 443 601 INF INF 206 INF 376 65
65 INF 501 INF 213 515 394 430 571 INF INF 367 708 INF INF 162 571 648 INF 566 INF INF 217 361 396 INF 600 INF 132 INF INF 76 664 613 205 INF INF 743 388 628 INF INF 686 0 640 INF 577 741 681 661 INF INF 317 INF 196 INF 106 399 500 757 INF 62
176 147 INF 603 153 610 INF 341 328 694 699 502 INF 70 452 390 INF 378 52 INF 663 560 INF 362 271 387 123 494 INF 648 517 373 704 88 683 43 INF INF 721 115 277 INF 196 86 0 INF 178 507 434 405 277 268 372 INF 156 INF INF INF INF 196 471 518
482 733 549 224 606 INF 688 INF 103 327 228 751 358 406 INF INF 632 201 INF INF 711 335 595 221 INF 710 552 755 416 INF INF 665 718 87 379 480 213 142 INF INF 289 769 INF 499 INF 0 INF INF 667 499 107 INF 336 387 746 671 516 320 366 183 INF 482
INF 511 614 327 645 INF 61 250 331 432 INF 578 393 164 514 301 INF 524 INF 758 304 198 526 734 581 INF INF 80 177 427 INF INF 119 INF 162 231 INF 702 694 INF 424 INF 100 378 INF INF 0 251 626 617 655 INF INF INF 206 553 358 INF INF 448 INF 413
684 759 563 583 INF 480 96 434 174 341 271 167 INF 193 233 130 314 139 INF INF 367 INF 359 742 268 INF 490 703 INF 216 INF 477 611 INF 600 402 353 698 496 INF 157 91 771 228 248 75 445 0 470 587 523 INF 692 707 63 643 INF 317 93 145 INF 446
146 155 154 359 238 INF 587 INF 244 INF INF 90 512 606 INF 240 258 370 504 724 INF 151 INF 96 INF 187 439 INF INF INF 523 133 INF INF 186 INF 264 614 100 INF 390 439 442 430 INF 65 253 646 0 INF 352 INF INF INF INF 632 223 INF 314 INF INF 471
703 INF INF INF 367 INF INF 230 764 718 488 92 275 552 604 502 INF 641 205 380 131 INF INF 304 524 INF INF 769 INF 263 INF 684 91 474 89 492 133 INF 601 719 INF INF INF 445 INF 112 450 INF INF 0 716 694 439 512 99 INF 190 492 269 685 734 INF
95 712 INF 496 231 132 724 549 169 250 717 296 125 559 INF 206 581 100 328 INF INF INF 177 609 741 294 INF INF 574 570 INF 352 INF INF 515 INF INF 183 403 INF 309 737 76 645 INF 294 212 80 548 487 0 78 INF 387 104 255 359 268 606 INF 712 INF
382 456 INF 273 INF INF 413 246 69 547 671 588 625 707 612 244 INF 646 132 556 INF INF 772 INF INF INF 393 602 INF INF 356 INF 427 541 619 223 72 81 630 160 360 344 289 INF 576 717 INF 349 INF 654 278 0 291 760 235 122 INF 135 454 414 INF 752
INF 196 INF 347 INF 647 378 124 INF INF INF 607 592 552 172 367 INF INF 560 195 399 526 504 167 INF 84 INF 228 INF INF 679 INF 603 441 201 INF INF 123 513 90 70 INF 367 152 INF 598 INF 443 INF 718 INF INF 0 INF INF 486 427 755 673 INF 186 496
INF 731 528 INF INF 682 332 INF 260 536 INF INF 394 489 539 175 INF 199 INF 321 247 INF 782 INF 460 625 INF INF INF 74 387 699 195 430 654 146 214 632 200 INF INF 706 629 151 202 760 608 708 339 107 INF 783 733 0 253 322 INF 572 INF 158 368 571
INF 458 473 INF INF INF INF INF 236 INF INF 486 728 INF 424 681 478 170 211 265 111 709 425 INF 298 636 INF 631 279 INF 553 398 202 308 454 564 381 626 533 682 INF 60 423 INF 649 169 763 396 207 236 698 117 120 INF 0 INF 632 586 663 342 629 552
INF INF INF 560 163 559 465 738 653 405 642 98 414 INF 743 556 640 634 38 664 INF 653 229 INF INF INF 451 752 175 INF 174 431 INF 685 590 748 INF 462 148 INF INF 540 INF 557 INF 565 561 INF INF INF 157 93 INF 548 611 0 750 INF 166 706 INF 326
113 663 296 358 90 73 754 199 597 109 INF 173 134 INF 216 INF 656 500 INF 308 INF 646 706 616 194 INF 608 636 314 INF 537 131 INF 444 INF INF INF INF INF 46 INF 316 INF 88 108 96 233 INF 687 757 INF INF INF 203 INF 203 0 629 INF 615 248 641
179 459 INF 580 140 140 INF INF 97 730 761 614 INF 120 INF 676 168 380 INF 331 262 561 486 INF 643 592 551 503 708 INF 580 212 750 121 498 INF INF 352 476 233 75 450 INF 544 625 428 718 INF INF 190 225 579 645 673 631 457 INF 0 720 488 541 104
227 INF 493 188 621 499 419 INF 342 198 INF 108 444 470 331 624 INF 171 151 INF 449 INF 265 INF 606 464 257 INF 704 449 166 504 155 136 INF 622 INF 478 60 139 INF 698 INF 568 INF 366 INF INF 404 511 754 120 410 INF 236 476 86 481 0 INF 293 479
INF 252 INF 112 710 633 INF 68 451 84 166 184 44 442 INF 686 INF 387 281 173 INF 538 596 460 464 88 313 704 734 487 580 407 INF 119 432 625 663 141 680 INF INF INF 225 INF INF 718 536 492 555 INF 180 INF 562 INF 362 672 INF INF 381 0 609 157
INF INF 650 481 56 296 105 291 INF INF 723 345 450 308 724 748 INF 128 277 INF INF 563 770 478 INF 429 63 INF 186 157 759 INF INF 405 INF 438 559 418 610 INF 670 199 INF INF 473 INF 684 431 INF 563 687 INF 602 INF INF 116 387 447 124 306 0 380
INF 715 INF 139 702 INF INF INF 452 759 INF INF 659 584 343 139 301 622 258 284 INF INF 539 764 498 INF 274 84 INF 731 628 256 284 554 INF 243 637 INF 652 791 475 434 88 INF 688 INF 715 285 118 578 124 INF 586 344 385 INF 263 INF 347 133 INF 0
