0 INF 219 295 86 332 600 194 INF INF 255 568 429 187 305 208 365 554 473 666 INF INF INF 361 263 171 INF INF 718 470 536 612 INF 206 146 749 INF 631 710 INF 153 556 389 638 INF 743 640 INF 132 411 INF INF 713 INF 197 505 300 INF 299 760 767 689 242 330 INF 622 325 71 709 89 216 INF 721 145 246 292 486 INF INF INF INF 294 127 285 INF 428 489 INF 334 262 107 INF 607 265 349 510 119 INF
604 0 493 517 INF 734 INF INF 428 523 366 683 INF 541 363 781 587 137 313 INF 335 INF INF 168 548 INF INF 646 601 756 219 INF INF 753 169 INF 598 133 INF 781 INF INF 551 507 143 INF INF INF INF 390 70 INF INF 669 240 INF 110 638 298 448 393 INF 110 265 362 76 INF 490 INF 616 537 INF 732 INF 665 601 INF INF INF 472 615 508 INF 376 330 INF 366 331 209 682 INF 445 INF 140 288 427 384 642
685 236 0 449 364 584 83 INF 171 INF INF INF 355 605 414 INF 227 283 INF 766 INF INF 731 330 473 751 INF 251 135 350 INF 732 355 598 252 760 INF INF 225 406 215 568 641 INF INF 753 590 528 499 679 708 711 INF 560 557 INF 481 158 727 569 INF 91 432 INF INF INF 147 272 INF 453 599 671 408 515 110 216 204 INF 392 486 INF 213 536 299 INF INF INF INF 85 INF 112 INF 114 669 465 681 194 118
263 656 403 0 INF 417 484 INF INF INF 96 INF INF INF 760 567 228 INF 580 INF 492 INF 590 617 233 700 274 155 570 639 INF 197 660 496 312 333 INF 173 INF INF 203 INF INF INF 243 597 474 644 764 156 INF 402 455 650 253 INF INF 780 INF 307 610 132 INF 423 INF 770 130 INF INF 581 INF 647 766 646 117 223 221 516 INF 545 82 326 142 157 291 740 INF 543 365 INF 495 590 462 INF 622 INF INF 362
487 737 687 565 0 INF INF 614 INF INF 412 565 INF INF 602 629 513 733 307 740 249 INF INF 113 180 INF 332 278 770 464 INF INF INF 398 INF 287 762 469 476 220 651 211 INF INF 165 218 588 759 607 267 INF 778 INF 632 76 544 INF INF INF 606 711 INF INF 372 INF INF 81 694 INF INF 247 INF 132 69 280 523 INF 705 382 644 INF 740 573 391 699 INF 272 220 222 INF 503 497 362 165 345 INF 392 424
INF 397 INF 357 INF 0 531 301 324 INF 693 INF 677 656 441 635 INF 96 274 INF 397 353 INF 609 INF 747 358 INF 335 387 254 INF INF 410 351 242 418 370 591 426 244 245 INF 604 INF 513 INF 622 78 155 90 655 INF 682 INF 178 INF 626 196 INF INF 525 727 634 753 337 INF 299 INF 514 611 619 750 INF 467 INF 131 452 INF 769 234 INF 253 INF 274 101 511 714 605 523 202 288 64 379 INF 332 237 685
INF 557 INF INF INF 534 0 734 216 167 INF 425 314 189 284 INF INF 304 295 INF 726 472 INF INF INF 437 664 487 75 168 INF INF INF 380 581 INF 104 477 INF 467 179 INF 205 598 280 INF 291 144 736 767 754 208 INF 697 INF 756 INF INF 653 INF 131 378 149 156 INF 600 535 INF INF INF 383 571 241 570 INF 651 INF INF 242 514 INF 365 93 137 INF 248 468 INF INF 646 592 407 479 765 INF INF 743 698
INF 72 286 171 395 765 575 0 642 INF INF 447 394 285 INF 573 260 INF 244 326 729 702 365 464 INF 653 INF 662 598 785 669 315 402 239 77 609 INF 697 INF INF INF 333 INF 274 INF 329 395 557 336 296 INF INF 210 597 173 218 INF 368 767 652 INF 440 INF 507 INF INF 180 732 INF INF 566 489 249 INF 390 INF INF INF 494 400 361 171 338 365 568 437 395 INF 371 80 628 529 406 70 333 697 470 83
194 531 INF INF 335 473 INF 304 0 INF 266 390 730 729 INF INF 594 182 INF 524 449 558 565 622 INF INF INF INF 118 243 665 548 493 INF INF 629 485 763 623 399 INF INF 579 97 435 177 INF 408 358 375 444 326 765 298 134 INF INF INF 488 319 680 431 744 490 INF 250 INF 638 738 149 INF INF 767 273 702 INF INF 393 139 INF 406 INF 516 568 557 623 INF 371 218 358 173 INF 132 508 637 471 INF INF
INF 437 102 763 348 INF 540 INF INF 0 INF 365 246 INF 574 421 INF 464 255 684 372 678 735 700 INF 719 INF 591 66 336 INF 315 775 INF 160 674 269 736 INF 357 INF 277 481 INF 546 68 469 600 INF 459 INF INF INF INF 383 457 555 84 252 INF INF 508 INF 557 442 333 275 517 279 646 142 185 726 717 416 137 INF 430 322 161 INF INF 172 INF 404 354 695 492 INF 59 INF 516 INF INF 665 325 116 INF
253 INF INF 493 355 486 464 112 INF 777 0 368 705 648 INF INF 337 INF 738 INF 156 INF 763 387 669 101 532 341 778 430 141 224 230 533 INF 539 651 INF 304 INF INF 481 638 184 167 INF 345 298 INF 420 380 744 215 529 INF 271 INF 95 351 471 692 524 458 551 INF 471 58 INF INF INF 241 579 528 502 427 349 380 155 566 661 604 INF 689 658 INF INF INF 254 255 495 INF 131 307 645 INF 202 383 INF
563 442 109 604 735 518 405 308 285 487 524 0 537 419 420 INF INF 207 172 655 502 112 58 INF 194 250 INF 378 712 134 236 683 INF 133 725 335 528 520 66 INF 141 INF INF 550 510 502 69 INF 468 INF 186 635 INF 706 151 INF INF 697 558 754 671 183 259 577 273 443 INF 131 INF INF 485 INF 265 INF 174 680 INF 138 523 627 75 INF 246 167 537 686 332 163 INF 133 165 654 284 457 441 259 INF 552
733 INF INF 593 180 277 776 345 529 79 377 619 0 INF 756 567 572 759 706 220 402 174 153 579 351 618 385 467 154 509 INF 128 584 711 546 198 91 INF INF INF INF 531 705 440 402 520 315 INF 514 173 701 560 353 121 581 INF 610 501 INF INF 120 INF 672 109 INF INF 258 238 126 539 729 INF 169 675 260 625 542 194 333 144 85 INF INF 398 498 296 INF 462 740 INF 126 137 198 149 INF 465 100 302
522 177 105 754 382 193 381 313 689 INF INF 364 612 0 340 299 734 201 650 468 655 685 403 699 204 532 519 INF 511 178 771 465 689 INF 763 INF 521 692 167 577 474 232 INF 632 668 INF INF 786 340 INF 511 512 248 695 571 327 432 444 421 231 604 708 102 739 588 INF 660 659 INF 740 602 INF INF INF 492 446 196 582 INF 337 INF INF INF 330 211 INF 771 302 607 453 501 INF 613 750 575 INF 583 INF
535 INF 713 INF 675 70 771 INF 194 312 INF 660 INF 80 0 INF 239 INF 102 367 INF 380 INF 106 358 556 373 619 178 479 550 561 494 531 171 INF 228 INF 620 752 INF INF INF 588 89 382 INF 481 656 231 INF INF INF 383 127 473 610 66 INF INF 492 581 INF 384 773 610 654 721 376 590 238 INF 790 456 INF 142 598 511 146 INF 255 213 705 543 696 568 540 229 91 206 611 INF 709 240 INF 580 545 269
INF 790 689 INF INF INF 318 537 107 INF 71 INF 456 289 632 0 306 442 409 INF 457 172 269 298 INF 480 133 INF INF 689 307 118 INF 294 656 INF 536 INF INF 729 INF 481 222 168 676 189 459 519 INF INF 187 136 688 INF INF INF 189 291 INF INF INF INF INF 393 372 INF 582 INF 205 213 INF INF 345 776 268 INF 752 168 INF 577 146 245 184 INF INF INF 418 74 747 228 486 438 103 683 INF 126 83 INF
696 213 186 401 INF 77 534 INF 399 INF INF 739 INF 403 INF 745 0 550 272 557 728 330 INF 784 269 479 445 INF 528 428 INF INF INF 457 160 773 INF 213 INF 638 658 INF INF 231 684 344 710 346 361 340 772 720 413 INF 357 138 298 223 INF 468 719 423 109 564 232 566 170 INF INF 684 222 234 INF INF 774 INF 789 212 INF 182 670 INF 299 317 INF INF 780 INF 452 INF 583 176 INF INF 760 INF 622 683
130 764 547 114 195 717 102 123 263 333 491 287 INF INF 558 INF 181 0 648 406 300 731 70 601 126 426 779 157 INF INF 710 559 100 636 690 189 INF INF 64 608 620 351 93 INF 153 INF 478 145 118 271 258 432 INF 292 509 626 472 INF 471 206 410 INF INF INF 587 INF INF 122 INF 551 252 720 664 INF 417 701 498 INF 481 INF 473 425 411 519 574 151 418 428 INF INF INF INF 373 380 296 48 552 595
388 INF INF 190 448 INF 134 INF INF 715 INF 567 INF 700 INF INF 634 INF 0 INF 443 209 282 503 INF INF 406 171 276 76 437 INF INF 183 611 165 537 INF INF INF 177 306 INF INF 176 INF 354 INF 237 741 INF 778 INF 569 INF 405 INF 558 658 712 293 79 INF INF INF 252 INF INF 513 95 INF 782 INF 496 INF INF 168 561 436 122 248 INF 191 687 INF INF INF 142 187 304 252 318 322 620 INF 310 INF INF
533 752 INF 552 114 85 572 422 289 INF INF 65 531 628 739 INF 379 85 766 0 168 648 419 602 482 624 630 381 701 INF INF 185 51 INF 554 362 377 420 616 INF INF 135 240 665 400 678 400 588 330 595 314 INF 337 INF 524 329 768 638 INF 290 597 144 168 465 117 INF 675 478 128 93 426 537 67 122 398 INF 126 197 210 INF 653 239 438 678 752 223 322 307 INF 290 99 169 INF INF INF 431 482 INF
687 556 684 775 INF INF 691 473 INF INF 345 611 225 541 103 748 95 INF 93 242 0 505 301 668 147 288 128 296 651 INF 506 322 717 268 215 505 512 INF 514 782 INF 178 365 260 INF 677 415 254 274 497 INF 734 487 183 551 691 169 420 INF 359 707 702 INF 421 INF INF 243 INF 689 621 235 INF 328 782 INF 397 INF 703 674 738 INF 149 342 200 518 301 340 431 492 INF 306 212 743 INF 761 496 INF 237
599 588 INF 487 INF INF 767 INF 668 INF 438 615 504 226 675 203 62 INF 711 754 592 0 649 INF 418 194 149 763 587 357 518 312 441 339 322 767 182 421 221 376 109 325 104 INF 389 INF INF 623 725 INF 153 386 INF 443 INF 514 123 455 696 716 662 692 753 747 INF 378 INF 629 72 INF 629 510 736 265 INF 618 608 303 736 INF INF 724 121 338 747 670 267 235 INF 84 237 INF 443 301 396 INF 150 139
715 451 162 INF 298 420 463 INF 603 224 143 301 INF 684 420 644 736 621 496 418 361 77 0 437 INF 663 393 417 269 199 573 191 574 376 110 516 INF 719 780 658 INF 166 INF INF 624 INF INF 743 101 367 95 611 175 402 360 386 647 609 670 352 138 721 INF 242 732 78 INF INF 222 537 743 273 INF 645 263 725 543 INF 265 451 454 211 INF 533 INF 372 INF 215 622 314 INF 752 477 418 INF 427 650 151
INF 478 186 304 565 84 471 INF INF 624 INF 762 558 484 457 117 371 646 644 421 608 INF INF 0 277 765 INF 121 419 155 INF 352 INF 564 499 536 663 151 719 382 90 INF 150 324 INF 484 360 582 622 372 711 INF INF INF 312 417 298 542 INF 347 307 INF 761 300 INF 418 419 572 INF 531 197 INF 103 550 478 679 408 434 304 684 99 675 278 760 INF 258 INF 585 309 776 INF 593 466 359 584 321 699 INF
191 INF INF 658 702 424 INF 411 592 762 791 621 INF 283 145 744 585 INF INF INF 219 171 INF 141 0 437 672 208 468 758 556 INF 506 230 INF 79 102 INF 115 INF 243 INF 737 INF INF 512 INF 606 425 777 588 132 339 INF 412 663 136 682 711 INF INF INF 543 INF 740 361 296 INF 268 INF 153 274 INF 552 110 715 670 261 519 748 341 177 192 485 429 544 INF 328 INF 135 119 588 236 INF 641 633 206 567
INF INF 618 INF 158 450 246 437 303 526 INF 139 INF 117 611 INF 233 100 INF 653 464 321 402 382 INF 0 100 INF 325 INF INF 770 102 INF 405 INF 142 683 607 INF 472 747 145 INF 657 INF 454 154 641 687 497 273 97 216 161 280 INF 426 263 INF 519 128 625 640 INF 124 504 518 632 280 INF 116 595 520 INF 340 624 664 INF INF 129 719 INF 318 302 200 676 INF 442 INF 759 595 INF 708 464 735 646 INF
213 158 INF 717 INF INF INF 622 349 766 670 771 INF 387 341 581 259 207 561 718 65 198 57 INF 387 INF 0 533 INF 387 370 550 139 403 108 156 440 729 INF 733 556 INF 719 93 84 264 737 423 573 680 INF 194 90 INF INF 558 493 297 94 216 524 655 478 85 384 611 161 INF 699 INF INF 439 104 427 INF 236 684 672 89 678 INF 321 INF 309 720 450 731 514 INF INF 781 632 391 INF INF 756 348 INF
198 394 400 410 INF 311 INF 116 751 230 585 648 218 INF INF INF INF INF 443 345 126 232 105 INF INF 585 479 0 183 321 158 INF 93 734 658 INF 276 706 340 468 500 228 INF 587 174 INF INF 781 INF 554 729 176 INF 520 218 104 INF 157 221 INF 634 INF 298 348 440 INF INF 486 INF 708 456 669 444 259 104 147 INF 654 496 441 600 182 142 540 125 INF INF INF INF INF INF INF 433 381 130 729 190 697
386 509 INF 690 773 281 334 690 737 764 283 399 INF 122 540 355 INF 527 598 521 INF INF 116 INF INF 428 142 262 0 510 366 468 248 156 197 554 370 655 570 421 INF INF INF INF 172 91 719 69 210 246 296 INF INF 676 657 284 INF INF 637 INF 638 615 352 744 119 458 INF 673 252 309 INF 484 202 682 140 678 130 307 765 265 491 346 553 242 INF 723 INF 388 181 709 399 353 519 INF INF 268 271 662
INF INF 140 388 437 488 717 251 752 200 737 INF INF 406 INF 676 767 640 INF 213 221 INF 98 INF 759 339 414 INF INF 0 324 224 INF INF 224 328 358 658 471 336 INF 620 547 440 693 410 596 604 612 242 INF 550 INF 641 INF 622 INF 226 INF 192 228 INF INF 169 752 295 INF 218 INF INF 70 INF 400 INF 719 463 434 118 360 68 INF INF 439 232 INF 406 INF INF 549 578 INF 104 250 632 INF 376 INF INF
INF INF 451 713 690 332 INF 492 659 INF 704 INF INF 137 INF 287 INF 341 297 INF 296 631 550 INF 144 561 748 165 547 675 0 INF 692 390 INF 620 681 312 161 416 INF INF INF 465 415 INF 525 INF 284 744 694 INF 681 144 553 145 271 652 89 348 593 INF INF INF 691 INF 483 704 411 380 INF 677 447 INF INF 629 275 661 477 495 427 226 INF 219 111 INF 739 95 667 225 687 419 INF 438 550 245 INF 240
302 INF 485 84 211 INF 598 287 127 INF INF 654 INF INF 386 INF 730 676 560 614 123 INF INF 614 463 INF INF 360 404 563 INF 0 670 385 567 468 INF INF 473 INF 229 313 161 729 406 444 757 304 759 INF INF 607 220 INF INF 181 INF 574 350 104 80 671 486 457 INF 383 201 549 INF 170 213 659 440 INF 295 326 773 387 241 INF 304 345 INF INF INF 239 639 644 INF 388 240 748 767 INF 723 292 536 461
764 INF INF 636 461 367 642 INF 445 INF INF 742 INF INF 96 INF 708 INF 284 574 558 679 151 527 332 176 697 INF INF 645 753 INF 0 627 279 INF 311 INF 173 364 183 731 464 342 657 INF 692 698 638 166 592 226 345 693 367 464 INF INF 227 551 456 INF 620 580 449 367 99 730 INF 187 273 INF 392 INF 130 707 711 200 729 683 249 643 105 97 280 645 757 543 707 97 694 293 703 INF 178 INF 217 INF
560 INF 328 101 499 135 117 647 371 70 589 555 190 136 556 351 INF 526 232 660 INF INF INF 406 278 527 136 728 67 732 83 664 597 0 542 182 312 276 135 777 360 522 INF 176 INF 666 INF INF 341 509 INF 768 394 654 250 INF INF INF 520 188 531 493 242 INF 119 INF 309 INF 234 520 462 185 INF 768 390 INF 233 300 INF 442 622 520 634 195 421 626 201 INF 157 187 INF INF 305 504 169 704 629 INF
77 INF 675 77 583 768 226 754 INF 92 549 470 358 INF INF 196 INF INF 466 715 466 749 639 INF INF 296 734 740 INF 468 735 777 INF INF 0 655 612 194 456 INF 495 184 703 598 260 INF 539 696 571 245 INF 506 377 108 INF 371 297 INF INF INF INF 474 64 INF INF INF 240 440 653 INF 313 477 INF 400 INF 658 INF INF INF INF 663 308 INF 156 641 283 768 380 783 INF 712 INF 442 INF INF INF 372 INF
706 INF INF 495 512 453 437 252 224 77 462 332 INF 662 506 INF 296 INF 213 231 360 503 206 INF 389 355 271 323 486 319 545 629 237 INF 680 0 494 INF 671 INF 784 INF INF 335 608 527 477 574 216 INF INF 519 182 633 INF 78 INF 643 INF 314 484 145 540 661 118 667 488 103 656 687 697 225 445 432 341 INF 714 451 281 495 268 481 INF 386 439 323 93 302 753 252 264 INF 260 238 126 621 INF 206
372 327 113 730 185 308 138 693 741 701 607 346 482 522 246 INF 175 325 99 272 INF 590 503 254 130 566 INF INF 568 433 151 207 INF 352 INF 645 0 470 527 257 658 517 523 401 INF 487 400 INF 511 648 INF 191 401 INF 770 INF 662 470 INF 467 INF INF 615 619 INF INF INF INF 667 INF 742 520 69 INF 628 759 103 743 191 628 513 INF INF 459 737 INF 101 582 211 598 INF INF 204 499 209 482 INF 129
617 641 752 INF INF INF 208 183 295 475 INF 568 699 355 INF 589 714 370 163 701 INF 497 103 156 398 445 INF 236 786 INF 697 INF 334 INF 759 94 597 0 532 INF INF 731 INF 355 606 61 344 568 399 INF 335 INF 790 578 INF 413 101 INF 173 INF INF 436 453 154 INF 646 607 257 511 528 411 608 INF 339 351 INF INF INF 383 INF INF 461 550 429 INF 577 INF 323 569 INF INF INF INF 561 572 127 745 446
544 371 676 INF INF INF INF INF INF 649 INF 283 145 410 679 INF INF INF 723 INF INF 481 87 INF INF INF INF INF 126 INF INF INF 639 INF INF INF INF INF 0 583 INF 202 159 INF 634 384 INF 248 142 INF 641 INF 547 157 423 394 INF INF 380 448 274 315 313 260 307 INF 618 INF 94 765 765 222 134 INF 649 586 385 INF 543 INF 299 157 444 749 180 676 132 332 INF 157 182 349 INF INF INF INF INF INF
536 774 INF 307 536 INF 724 138 595 553 INF 188 537 446 192 584 401 260 529 285 297 INF 597 110 INF 684 136 299 INF 693 239 389 135 778 331 INF 250 90 107 0 367 628 259 INF 607 228 220 INF INF 163 INF INF 778 74 INF 253 INF 390 346 175 592 416 INF INF 353 INF 213 INF INF INF 750 291 INF INF 632 747 691 313 351 INF INF 104 85 INF 157 INF 396 155 417 638 98 720 394 658 445 747 246 469
210 INF INF 329 INF INF INF 388 INF 763 INF 716 641 INF 569 678 741 INF 733 238 276 132 INF 427 576 170 INF 87 344 631 432 589 INF 679 INF INF 397 INF 246 652 0 INF 234 INF 731 192 542 INF 499 216 INF 599 572 INF 168 211 INF 100 265 661 356 734 INF 231 330 INF INF 623 83 645 79 293 642 INF 479 INF 216 216 INF 694 132 486 INF INF 331 INF INF 604 INF 312 72 312 391 312 686 635 687 INF
INF 643 INF 284 373 663 INF 373 292 INF INF INF 618 367 665 424 268 627 549 598 195 INF 479 INF 688 INF 744 INF 153 INF INF INF INF 644 557 482 671 INF 182 INF INF 0 INF 525 435 INF 128 525 INF 191 92 162 729 603 541 722 667 INF INF 143 INF 778 748 600 678 INF INF 196 520 82 550 216 499 193 417 524 INF INF INF 447 476 201 243 372 635 744 575 316 554 165 135 INF INF 541 671 147 200 334
744 587 99 757 571 681 503 146 491 611 660 630 189 497 INF INF 508 615 729 271 160 733 595 104 195 316 93 INF INF INF INF 554 197 INF 543 INF 377 571 615 115 464 INF 0 713 235 INF 497 95 295 INF 437 597 INF 246 118 587 385 531 732 260 INF 85 363 75 318 147 210 159 191 726 705 385 776 238 612 496 221 INF INF INF 342 INF 196 INF 197 INF INF 674 155 461 180 330 703 701 INF 72 629 225
470 599 INF 752 INF 470 INF 681 713 267 612 431 747 294 559 INF INF INF INF INF 513 INF 759 359 INF INF 709 INF 312 698 101 326 INF INF 180 282 61 307 491 248 298 INF 134 0 86 163 593 INF INF 252 183 INF 613 527 288 307 188 INF 424 255 540 INF INF 122 240 728 INF 312 INF INF 389 126 376 255 INF 172 373 382 404 281 561 707 409 INF INF INF 196 174 123 322 144 655 INF INF 253 INF 686 INF
626 206 544 594 344 384 INF 306 641 334 580 INF 516 INF 686 INF INF 684 209 574 INF 453 519 537 94 INF 606 INF INF INF 464 INF INF 431 INF 294 INF INF 252 INF 480 333 413 122 0 INF 167 660 INF INF 290 327 305 745 INF 591 485 INF INF 544 INF 209 664 INF 660 INF 756 480 508 315 INF INF INF 530 666 470 272 509 558 474 INF INF 243 354 714 469 INF 540 638 714 INF 687 INF 714 184 145 665 451
INF 262 171 128 598 382 244 340 351 328 63 289 588 INF INF INF 384 INF 417 221 117 70 724 437 INF INF 181 INF INF 190 INF 122 227 314 INF 119 INF 587 343 71 349 525 697 678 265 0 95 487 98 67 665 INF 294 238 236 459 639 766 INF INF 645 668 755 INF 303 782 116 441 720 INF 507 INF 453 122 681 380 416 428 736 INF INF 208 INF 476 638 479 503 579 377 677 INF INF INF INF INF INF INF INF
783 279 183 200 INF 115 563 274 176 INF 769 612 746 117 73 INF 133 470 556 340 701 180 346 INF 106 557 304 377 174 342 180 366 117 INF 706 337 INF 374 246 INF 699 INF INF 276 679 488 0 138 208 INF INF 620 INF 235 INF 503 708 132 167 508 578 666 472 INF 535 398 73 499 INF 74 352 392 131 INF 445 475 751 748 309 728 118 645 INF 656 352 410 729 601 425 509 385 85 105 306 103 INF INF 318
740 547 INF 323 243 INF INF 501 INF 321 INF INF 388 628 731 104 239 66 644 592 INF 341 749 INF 700 127 739 467 301 68 170 396 INF 392 INF 197 153 INF INF 668 333 INF 729 607 INF 715 INF 0 INF 132 608 INF 117 251 403 272 779 774 599 632 723 INF INF 483 INF 466 242 228 183 INF 642 342 597 535 561 271 162 INF 160 254 338 656 745 622 753 530 332 INF 563 181 INF 410 162 INF 555 465 INF INF
120 362 63 398 611 534 348 450 510 684 452 565 563 665 756 228 413 184 467 577 376 760 572 257 288 INF 146 168 169 INF 522 663 INF 234 INF INF INF 335 677 INF 236 487 231 500 224 627 INF 720 0 165 INF 592 581 INF 579 660 236 404 179 320 INF 342 INF 603 389 360 INF 354 152 760 213 780 INF INF 193 723 INF 389 508 512 461 463 484 503 INF 292 645 748 155 625 INF 763 INF 74 301 599 172 464
625 INF 213 629 380 INF 586 488 323 605 INF INF INF 322 INF 587 653 329 209 420 267 INF INF 757 INF 386 349 563 690 376 INF INF 657 161 381 704 714 INF 705 400 206 351 98 INF 312 694 INF 358 778 0 INF 325 INF 525 388 700 776 558 271 238 175 132 591 INF 192 INF 185 INF INF INF INF INF 572 269 273 584 399 453 279 662 INF 703 INF 758 645 INF 469 387 INF 61 684 658 698 442 447 INF 113 750
396 662 INF 137 168 513 INF 374 INF 231 314 278 330 351 632 INF INF 433 53 490 534 174 491 192 INF 332 INF 487 INF 405 INF 389 336 471 404 71 276 INF 163 550 668 187 INF INF 623 492 157 764 60 71 0 627 755 313 672 INF 778 187 68 452 389 270 417 INF 561 INF 390 143 INF INF 225 747 160 100 676 257 INF INF 379 355 566 175 339 448 INF 587 481 169 INF 622 454 641 198 509 432 410 464 686
673 INF 447 181 558 59 577 279 710 636 332 139 733 INF 122 748 INF 575 INF INF 493 383 645 262 235 INF 766 INF 137 INF 544 234 463 732 314 INF 77 INF 162 87 726 454 339 346 470 363 411 INF INF INF INF 0 448 INF INF INF 289 INF 473 439 482 INF INF INF INF 280 539 INF INF 574 764 461 513 INF 246 260 INF 608 INF INF 710 474 141 INF 67 136 INF INF INF INF INF 529 256 755 617 757 451 INF
INF INF 643 516 INF 385 499 INF 459 380 290 448 99 660 INF INF 727 213 68 165 350 69 620 INF 630 632 281 INF 374 INF INF 610 546 507 685 258 INF INF INF 591 182 87 363 154 475 675 182 654 666 680 INF INF 0 415 INF 647 435 INF 203 185 INF 779 INF 563 117 393 73 INF 196 377 496 INF 76 223 INF INF 721 INF INF 593 INF 369 INF 611 707 73 324 621 104 184 325 INF 336 559 398 296 506 187
393 INF INF INF 486 658 220 INF 267 695 732 228 554 687 INF 192 496 319 416 INF 490 174 599 746 172 435 INF 678 253 325 658 INF 193 INF INF 210 467 366 322 232 INF 324 656 569 95 317 492 109 INF INF 716 INF 723 0 INF 694 615 293 INF 513 719 INF 430 INF 584 191 534 793 INF INF 186 INF 701 110 244 INF INF 295 82 INF 671 INF 134 469 INF INF 502 103 479 INF INF 673 754 511 414 466 INF 93
638 150 149 584 INF INF 229 337 165 252 INF 101 INF 288 723 338 156 744 728 INF 269 INF 558 INF 636 234 103 INF INF INF 419 INF 255 489 206 INF 363 191 INF 401 240 INF 740 458 149 243 INF 203 340 INF 149 319 577 INF 0 95 728 264 127 221 755 702 613 315 207 74 253 662 337 INF 302 INF 550 INF 70 129 324 307 INF 704 674 INF 710 INF INF 297 450 142 548 772 INF 711 386 INF 224 767 62 171
504 INF 759 74 INF 679 634 652 686 264 715 INF INF INF 215 INF 412 748 665 INF 212 INF 394 INF 117 603 261 394 108 INF 453 149 173 470 500 INF INF INF INF 405 765 592 738 669 342 216 665 785 320 393 495 510 542 754 185 0 71 362 199 513 194 431 750 534 149 100 623 299 71 INF 264 239 356 INF 428 624 122 INF INF 732 574 554 INF 454 572 595 304 142 775 461 682 231 390 335 683 654 70 183
403 759 583 453 645 594 454 INF 386 INF 537 106 501 INF 186 304 418 127 710 INF 530 INF 288 INF 244 385 INF INF 701 350 349 308 INF 328 230 629 240 92 251 INF 659 684 211 434 INF 169 108 503 206 722 691 INF INF INF INF INF 0 INF INF 762 285 INF INF INF 277 247 342 434 INF 196 556 64 INF 76 724 539 502 INF 246 388 781 487 658 INF 715 INF 117 INF INF INF INF 210 INF 482 114 INF 772 193
114 720 INF 545 177 445 242 INF 480 INF 749 610 INF INF 759 515 85 437 71 342 515 234 118 567 INF 486 INF 70 634 376 504 INF 167 115 648 INF INF 358 581 INF 345 626 128 INF INF INF 606 533 259 INF 170 501 INF 230 459 80 405 0 212 730 392 689 677 INF 349 INF 512 267 INF INF 484 704 INF INF 681 441 178 INF 671 418 95 592 INF INF 123 766 168 384 INF 769 587 INF INF INF 487 705 441 485
INF INF 461 INF INF INF 605 INF 700 502 690 474 57 528 145 INF 770 INF 174 69 724 96 307 367 673 516 INF 634 INF 337 INF 728 550 218 117 INF 71 610 440 INF 571 317 INF 367 464 466 INF 567 431 137 743 317 693 INF 587 284 392 165 0 236 INF 193 INF 547 518 76 166 461 244 109 162 449 194 713 333 654 168 430 INF 376 443 367 733 476 INF 396 597 603 INF INF INF 659 328 529 INF INF 67 185
297 INF 186 INF INF 624 472 515 INF 562 386 734 INF 710 773 752 324 727 INF INF 584 89 97 663 354 117 655 424 INF 351 448 488 INF 731 155 141 382 644 402 INF INF INF 268 207 106 581 205 597 INF 399 INF 296 INF INF 780 170 INF 466 534 0 INF INF 373 761 64 INF 240 685 80 366 INF 133 INF 627 605 605 INF INF 565 INF INF 469 INF 460 INF INF 116 220 INF 94 586 INF 520 363 INF 681 INF INF
403 577 727 590 584 409 425 605 INF 700 728 677 666 INF 612 193 INF 108 INF INF 348 INF 766 319 INF INF 725 121 326 445 523 774 674 405 491 537 185 429 265 260 555 100 727 389 INF 688 479 521 INF 724 475 INF 124 INF 518 INF 256 INF INF INF 0 373 INF 676 INF 139 INF INF 243 INF 342 309 760 455 69 686 625 INF 370 INF INF 755 160 461 443 240 278 INF 549 98 178 728 202 415 622 INF 80 INF
463 629 722 156 308 480 520 INF 568 INF 169 151 INF 303 296 443 134 INF 107 229 392 INF 349 409 322 640 INF INF 462 INF 259 109 432 575 INF INF INF 553 368 720 216 181 769 INF 76 184 182 313 688 INF 572 110 268 145 559 INF INF 712 INF INF INF 0 280 134 560 123 INF 783 159 708 INF INF 152 162 INF 631 185 525 559 322 536 200 INF 82 142 387 498 673 INF 314 771 763 596 300 INF INF 395 676
INF 441 158 291 694 423 221 391 729 INF 381 INF 159 250 619 INF 348 INF 617 651 152 465 296 486 INF 347 INF 364 410 INF 776 290 314 INF 667 724 INF INF 685 197 786 270 270 INF INF INF 437 231 614 INF INF 197 INF INF INF 249 INF 215 INF INF 725 217 0 528 INF 341 359 247 INF 494 522 295 740 744 633 399 470 161 511 310 641 514 INF 530 401 576 595 INF 190 626 720 INF 481 677 716 640 241 174
INF INF 359 499 281 740 534 INF 617 352 123 INF INF INF 335 INF 425 INF INF 429 131 399 INF 636 INF 571 775 74 250 534 INF 691 293 181 608 194 322 682 644 680 657 178 290 INF 394 612 INF 586 456 198 299 220 305 INF 253 685 170 INF INF INF 69 530 385 0 336 INF 421 565 685 764 410 INF 169 476 598 628 193 INF INF INF INF INF 699 356 INF 518 761 INF 460 INF 731 300 343 INF 452 696 230 144
400 INF INF 385 107 INF 626 464 321 140 517 608 INF INF 139 INF 182 INF 337 704 INF 173 INF INF 558 613 600 INF 338 594 INF 183 490 242 294 334 725 95 INF INF 278 INF INF 658 565 INF 750 517 INF 747 653 536 INF 188 379 INF 91 INF 666 573 104 116 692 617 0 421 368 698 426 359 391 INF 361 186 601 INF 566 477 332 INF INF 666 INF 340 INF INF 426 533 INF INF 106 401 509 257 INF 471 603 608
INF 315 INF 159 355 756 INF INF INF 754 725 509 INF 647 325 695 INF 558 INF 96 613 352 171 124 483 747 INF 373 INF 712 384 529 269 162 162 386 435 338 551 358 433 98 663 766 INF INF 347 INF 301 94 508 769 428 307 766 307 534 715 241 371 INF INF 225 349 688 0 190 408 INF INF 263 311 777 INF 145 291 656 362 95 278 244 259 410 INF 397 776 84 223 INF 262 139 256 616 377 396 211 438 382
158 598 779 INF 654 334 227 525 759 377 326 684 478 532 137 INF 361 INF 238 INF INF 533 INF 740 119 527 360 724 599 577 309 INF 678 720 INF 744 451 INF INF 498 187 774 INF 369 INF 438 INF INF INF 352 584 INF 711 183 INF 380 523 INF 616 INF 151 108 202 518 286 213 0 INF 548 397 735 358 INF INF 592 764 INF INF 314 88 221 600 305 150 286 121 217 296 740 636 279 316 172 530 INF INF 347 INF
714 189 67 572 654 434 INF INF 212 372 INF 564 INF 410 578 476 598 INF INF 684 166 767 548 INF INF 110 INF 112 555 INF 373 575 INF INF 512 INF 696 221 76 473 329 INF 212 INF 116 INF 354 158 377 648 178 INF 611 158 344 INF 106 717 152 523 INF INF 278 536 INF 234 444 0 INF 765 INF 473 INF INF INF 265 INF 536 200 448 760 INF 450 185 125 INF 380 536 517 366 374 784 INF 207 INF INF 628 INF
497 INF 748 INF 769 245 449 INF 589 435 INF 277 452 59 INF INF 317 359 555 496 100 119 548 426 INF INF INF 464 664 472 213 612 428 283 70 INF 538 INF INF INF 564 332 INF 617 419 INF 101 583 772 632 455 573 318 532 190 INF 128 INF 604 INF 325 571 657 INF 470 511 591 397 0 INF 449 INF 190 543 601 68 648 INF 98 151 477 658 127 INF 766 408 400 597 298 687 762 INF 160 INF 99 139 288 INF
567 779 279 INF 342 391 541 428 INF 426 INF 685 199 621 INF 371 467 INF INF 194 415 257 INF INF 97 336 523 136 589 629 655 INF 414 267 697 INF 314 559 191 INF 691 INF 155 135 600 659 INF INF INF 116 346 INF 545 76 419 INF 242 557 692 648 264 603 265 INF 473 636 170 INF 124 0 159 726 733 696 676 219 632 INF 701 208 INF 473 202 617 INF 106 INF 328 159 546 INF INF 306 INF 248 422 493 559
115 192 593 136 INF 311 119 INF 586 565 311 647 INF 493 290 466 447 649 137 INF 364 236 INF 785 615 INF INF 235 500 288 548 276 88 INF 650 INF 109 INF INF 385 476 321 INF 410 757 INF 308 496 316 542 266 256 496 720 INF 480 325 349 83 196 666 189 458 INF 130 236 696 INF INF 526 0 351 662 576 132 420 568 371 312 INF 703 INF 158 371 INF 208 766 404 399 693 INF 195 396 733 INF 555 137 608
382 126 332 692 182 335 INF INF 171 428 232 297 433 676 INF 422 373 INF 367 575 552 713 INF INF INF 123 751 563 332 INF 762 INF 431 600 257 680 316 INF 336 INF INF 474 393 INF 339 173 124 494 521 INF 619 INF 234 163 INF 726 INF 408 251 INF 702 107 INF 332 173 559 608 295 612 501 INF 0 INF 239 547 393 158 INF 122 INF 541 385 INF 224 INF INF 102 INF INF INF 575 658 617 106 INF INF 656 590
INF INF INF INF 202 174 733 239 195 140 567 392 273 218 541 752 INF 561 731 INF 55 378 INF 459 79 124 105 INF 211 532 163 473 INF 289 254 159 540 INF INF 288 380 INF INF INF 672 113 372 INF 512 INF INF 197 INF 398 573 190 187 548 151 398 511 INF INF 338 245 INF 740 116 656 INF 580 597 0 468 INF INF 618 571 125 INF 103 280 654 126 520 713 INF 359 635 285 72 542 268 680 471 375 426 623
INF INF 420 INF 653 397 INF 237 678 297 INF 216 753 INF 451 586 759 329 753 65 217 INF 566 INF 96 383 INF 214 INF 67 INF 373 618 INF 564 637 368 170 475 INF 768 377 599 INF INF INF 505 INF 153 322 INF 198 725 294 744 579 373 740 INF 783 568 376 219 INF 185 369 451 707 58 747 523 285 239 0 773 107 381 670 440 268 INF INF INF 746 376 INF 101 592 73 68 208 508 728 INF INF 438 245 72
INF INF INF 423 INF 176 653 295 INF 132 INF 587 439 522 INF 617 394 119 303 INF INF 395 274 457 402 407 INF INF 714 INF 203 INF INF INF 166 180 INF 447 INF 556 492 635 INF INF INF 405 INF 294 706 479 426 226 697 INF 479 232 213 71 418 INF 750 INF 342 510 INF 497 INF INF 370 759 199 765 639 564 0 243 INF 271 567 INF INF 622 500 267 771 INF INF 717 411 318 654 169 608 290 230 150 352 175
INF 339 599 338 INF 595 643 INF 65 INF INF 308 107 INF INF 727 782 233 331 110 246 388 INF 271 446 614 256 57 375 100 675 INF INF 226 398 721 225 281 70 127 INF INF 158 437 INF 557 INF 570 INF INF 683 679 682 137 145 598 469 406 342 190 438 INF INF 576 INF 245 568 INF 683 184 594 189 INF 632 649 0 730 601 419 399 127 223 507 423 160 153 INF INF 106 499 679 INF 264 461 71 130 774 415
358 322 INF INF 366 INF 453 63 592 622 488 552 635 707 INF INF 276 INF 621 623 384 INF 373 INF 293 620 406 168 82 774 75 494 674 566 74 285 80 INF 204 511 364 INF 567 65 INF 630 427 208 389 145 66 265 204 773 INF INF 301 613 356 INF 694 738 403 769 351 449 135 INF INF 334 253 670 197 183 448 791 0 122 INF 363 442 275 389 200 166 71 193 421 252 INF 603 INF INF INF INF 370 373 376
INF 258 710 436 300 316 320 INF 294 INF 590 INF 581 389 776 INF 563 INF 619 INF 156 412 623 236 652 154 INF INF 210 INF 103 273 179 INF INF 502 248 INF 468 303 614 212 524 210 579 698 528 514 INF INF INF INF 586 717 238 226 700 INF 562 686 INF INF INF INF 242 445 114 724 INF INF 236 650 259 265 590 603 INF 0 724 INF 654 712 INF 202 199 INF 383 INF 344 INF 446 284 310 INF 548 652 600 84
90 INF 586 INF INF 156 139 INF 257 INF 608 207 INF INF 192 642 662 231 INF 498 51 INF 195 INF 145 208 146 INF 689 INF INF INF 155 65 589 INF 296 513 345 292 333 162 727 391 INF INF 104 INF INF INF 585 INF 390 628 408 306 INF 143 575 122 311 338 INF 321 295 INF 655 190 INF 181 INF 539 INF 166 117 263 469 INF 0 337 489 324 INF INF INF 274 118 199 777 303 INF 578 502 INF 547 697 INF INF
598 INF 315 INF 521 645 665 546 749 335 INF 154 484 INF INF INF 303 528 436 648 INF 464 INF INF INF 607 359 180 174 226 409 227 245 461 632 356 INF 657 595 INF 647 608 598 741 365 335 361 414 646 408 514 127 765 70 367 INF 108 385 666 645 585 622 286 761 353 544 INF INF 684 425 747 548 INF 454 460 79 778 INF INF 0 376 78 INF 292 INF 529 INF INF INF 344 201 747 470 INF 703 82 698 666
INF INF 251 175 INF 682 92 410 INF 403 734 531 744 675 359 498 160 100 69 INF 235 INF INF 558 122 418 103 633 82 659 654 682 543 443 INF 187 755 INF 365 501 INF 439 INF INF 715 472 INF INF 152 208 722 INF INF 757 356 INF 507 721 594 INF INF INF 451 72 INF 492 INF 337 229 213 398 INF INF INF 495 485 595 504 101 646 0 275 347 348 INF 236 447 118 394 595 165 207 175 160 INF 91 381 INF
372 771 INF INF 285 INF INF 401 INF 241 INF INF 494 536 300 389 661 INF 524 INF 116 INF 704 433 INF 181 INF 346 608 INF INF 681 283 INF 580 377 766 419 517 595 INF 602 355 303 290 218 601 INF 116 INF 521 INF INF 289 INF 328 393 INF 749 INF 556 98 58 392 158 365 INF 551 INF INF 566 618 458 INF 476 184 317 71 INF INF 536 0 331 191 94 475 INF 670 INF INF 325 588 619 741 INF 539 625 151
INF 358 INF INF 367 INF 486 238 701 INF 508 619 284 343 291 535 114 INF 234 469 726 371 INF INF INF 447 402 338 731 232 548 565 284 377 558 751 INF 230 600 517 280 428 59 619 367 164 259 INF 297 161 INF 303 673 660 INF INF 457 INF 220 549 INF INF 336 395 585 604 INF 392 609 659 139 555 184 145 188 744 718 INF INF 441 494 INF 0 INF INF 400 92 621 INF 460 183 747 228 349 85 244 262 637
395 INF INF 662 535 597 454 786 287 408 111 686 643 INF 239 778 78 263 INF 260 76 INF 233 382 550 163 INF INF 254 702 187 361 INF INF 232 621 INF 83 343 415 419 218 INF 157 624 INF INF 195 INF 317 INF INF INF 332 INF INF 380 194 549 188 756 353 570 INF 631 INF INF INF 597 559 249 604 775 479 91 485 518 INF 745 142 781 69 632 0 570 770 118 475 101 380 242 145 INF INF 123 141 INF 424
516 INF INF 507 512 INF 728 653 450 122 607 185 392 INF 396 634 756 702 503 INF INF INF 288 385 500 140 232 133 352 INF 503 INF 605 703 314 692 INF 97 716 INF 670 587 INF INF 663 723 284 618 190 643 513 434 INF 86 INF 172 INF INF 574 INF INF 629 97 INF 130 INF 774 112 INF INF 341 160 500 595 INF 506 453 INF 210 354 407 306 178 484 0 340 INF 773 645 INF 774 INF 632 363 388 249 696 159
INF 219 INF INF 412 110 573 758 INF 748 254 INF 444 INF 424 INF 588 599 670 771 422 778 INF 568 382 602 440 84 139 INF 64 233 396 454 661 INF 687 498 269 404 660 535 156 INF 176 312 INF 416 158 425 685 572 INF INF 730 710 714 INF INF 386 134 584 INF 221 361 657 309 632 184 271 116 71 INF INF INF 639 487 541 724 INF 513 616 300 356 278 0 501 INF INF 249 381 INF 576 252 99 INF 276 329
INF INF 618 458 161 422 136 257 678 339 695 346 INF INF 288 757 552 318 106 327 INF INF 178 455 INF 185 265 312 279 412 348 INF 255 250 INF 200 656 658 321 567 555 448 426 178 411 709 386 263 376 501 541 281 235 696 291 783 393 INF 664 768 INF 195 629 INF INF INF INF 341 450 INF 431 168 INF INF 219 INF INF 591 200 183 INF 134 69 614 587 INF 0 111 INF INF 63 438 179 519 274 INF 99 685
306 INF 304 540 257 713 704 152 INF INF INF INF 199 INF 540 293 312 207 INF 93 754 591 190 189 INF INF INF INF 499 406 504 303 INF 320 592 775 286 530 INF INF INF INF 592 INF 400 326 INF INF 515 770 254 INF 325 654 484 163 691 INF 431 480 779 INF INF INF 299 INF 92 325 482 132 692 131 486 INF INF 676 95 388 401 INF 716 780 727 INF 586 562 131 0 543 494 INF 746 393 INF 282 599 521 INF
492 206 INF 306 INF 526 INF 116 504 641 710 395 730 521 575 764 147 INF 100 497 94 185 617 341 INF 226 226 423 636 415 INF INF INF INF INF INF 455 505 586 INF 697 646 70 INF 473 276 660 507 111 INF 587 417 621 574 125 284 223 INF INF INF INF 524 INF 182 347 629 684 300 646 691 716 87 568 296 222 INF 149 INF 213 520 INF INF 152 588 256 535 625 279 0 INF 455 625 138 686 644 INF 311 INF
664 547 542 159 749 612 391 413 214 730 740 769 INF 592 INF 200 75 118 428 INF 574 665 INF 552 207 INF INF 241 502 156 INF INF 450 591 396 165 700 756 162 715 INF 204 INF INF 602 554 520 417 164 199 387 480 68 INF 677 570 379 707 INF 49 INF 694 331 412 623 690 INF INF 561 677 125 64 212 289 76 502 624 742 INF 98 INF 580 INF 225 260 253 INF 160 480 0 220 INF INF 726 INF INF INF 55
INF 473 558 INF 646 224 176 129 564 402 640 143 769 213 INF 598 362 663 77 587 679 INF 434 INF INF 346 INF INF INF INF 93 121 769 INF 494 339 304 101 INF 221 774 420 INF 409 INF 468 95 383 INF 492 INF 593 66 272 613 123 766 INF 634 401 534 311 INF 436 439 INF INF 266 INF 286 369 INF INF 550 662 INF 517 INF 306 490 INF 780 551 INF INF 673 752 86 564 541 0 706 268 99 577 266 420 INF
INF 641 691 730 634 INF 459 334 INF 457 137 466 82 61 542 INF 610 714 INF INF INF 164 380 91 108 451 372 INF 675 INF INF INF INF 775 489 110 626 210 679 482 713 INF 140 176 168 603 INF 66 INF INF INF INF 202 178 91 78 281 INF 707 249 604 198 634 778 INF INF 215 INF 722 200 INF 209 350 INF INF INF INF INF 247 393 631 756 617 253 198 339 533 292 225 227 663 0 751 646 INF 699 260 INF
251 363 668 INF 264 691 INF 264 62 685 609 INF INF INF 218 INF 119 INF 212 INF 166 779 158 702 INF 354 666 582 768 657 590 INF 585 155 603 334 369 INF 580 516 INF 226 643 330 336 INF 645 INF 415 475 706 635 690 266 560 274 79 422 332 INF 634 INF 180 330 437 374 292 616 723 120 497 INF 445 INF INF INF 700 392 INF 390 272 INF INF INF 264 276 INF 499 553 INF 462 640 0 231 225 738 734 629
640 330 INF 459 398 632 295 258 491 198 308 287 671 INF INF INF 564 183 723 INF 464 68 233 264 166 INF INF 437 INF 414 INF 564 750 280 462 97 600 626 INF INF 738 133 721 INF 641 298 216 81 435 276 INF INF INF INF 699 772 193 300 465 193 78 186 534 283 546 565 307 INF INF 149 INF 629 215 292 659 504 INF 130 INF INF 110 274 326 519 191 160 INF 607 INF 524 184 INF 547 0 INF 161 401 INF
598 295 176 INF 677 INF 165 583 722 66 INF 232 733 287 66 332 486 INF 470 94 INF 405 150 541 569 572 600 335 208 391 66 728 477 706 INF 574 INF 263 424 INF INF 408 98 619 395 157 716 INF 497 INF INF 270 INF INF 426 524 655 510 489 227 546 342 453 185 INF 372 164 433 749 295 INF 752 472 716 712 760 171 708 397 428 562 112 640 247 652 336 621 196 236 575 INF 747 INF 471 0 637 INF 468
94 216 276 INF 533 INF INF 107 269 277 INF 622 171 633 271 INF 703 INF INF 347 600 INF 527 612 752 732 INF INF 262 166 235 479 143 462 720 85 376 INF 149 685 INF INF 116 INF 532 249 82 80 INF INF INF 291 INF 85 304 725 285 398 INF 466 446 163 350 139 609 INF 719 INF 243 659 697 471 253 141 INF INF INF INF 120 589 391 268 INF 573 INF 396 INF 237 429 314 89 421 275 207 186 0 466 360
582 190 247 93 160 INF 385 534 INF 205 618 604 421 474 INF 193 770 759 260 391 INF INF 262 599 84 86 728 469 493 605 404 175 INF 624 448 INF 302 391 653 376 760 INF 242 132 INF 493 INF 457 126 INF INF 558 66 INF 73 708 616 INF 291 165 INF 288 661 INF INF INF 66 546 274 581 141 352 513 91 529 INF 80 INF 418 INF INF 423 97 241 617 243 420 152 INF 650 475 161 INF 600 INF INF 0 550
INF INF INF 512 260 599 INF INF 282 357 481 612 INF INF 764 INF INF 587 76 323 INF 299 126 339 718 665 123 141 85 INF INF 351 711 491 178 INF 770 149 INF 572 115 283 INF 596 594 490 598 483 746 INF INF 99 244 244 306 INF 667 277 691 231 575 INF 651 83 74 253 219 699 INF INF 614 412 326 406 452 INF 324 600 INF 403 INF INF INF INF INF 579 INF 424 INF 76 65 703 INF 665 231 INF 531 0
