0 141 540 394 578 113 513 505 101 177 INF 518 317 INF 475 INF 381 628 570 INF INF 281 277 186 499 204 739 INF 609 375 233 757 INF INF 140 691 INF 610 561 529 220 479 INF INF INF 653 310 197 771 165 284 159 189 637 INF 547 238 169 290 INF 569 679 INF 541 227 INF
110 0 684 INF 274 INF 125 INF INF 424 INF 582 INF INF 564 INF INF 131 INF 625 212 311 658 INF INF INF 163 INF 698 149 137 527 698 INF INF 633 573 472 INF 581 265 592 483 INF 79 397 422 INF INF INF INF INF 258 189 718 INF 557 229 385 733 453 76 615 304 INF 710
646 INF 0 INF INF 221 193 533 INF 753 280 197 410 614 137 321 645 293 344 677 359 377 367 INF 247 104 731 INF 570 INF 232 571 INF 729 461 276 626 INF INF INF 287 INF 61 INF 461 82 633 194 143 205 744 170 INF INF 64 378 545 454 INF INF 134 INF INF 196 INF 202
534 423 INF 0 INF 548 INF 701 547 543 163 752 INF 502 INF 692 INF INF 522 INF 723 INF 651 219 INF 74 697 372 419 INF 461 INF 271 470 INF 310 INF 72 697 291 170 202 INF 351 311 348 228 308 INF 151 759 INF INF 353 552 499 176 INF 267 767 INF INF INF 281 682 INF
599 654 INF INF 0 292 445 561 446 66 383 490 454 332 403 129 INF 321 INF INF 218 INF INF 329 767 588 702 INF 493 INF INF INF INF 337 717 INF INF 303 677 393 578 94 329 INF 706 INF 232 INF 463 536 762 312 INF 262 INF INF INF INF INF 137 INF 505 346 649 123 574
708 INF INF 561 456 0 INF 193 INF 85 477 377 110 501 221 400 316 494 INF 220 INF INF 563 521 261 INF INF 761 INF 308 INF INF INF 539 427 150 341 INF 527 667 270 303 620 608 INF 420 150 161 527 627 259 165 225 INF 732 239 558 477 INF 598 700 500 INF INF 599 INF
89 359 INF 545 INF 525 0 708 495 INF 157 159 717 INF 482 INF 647 547 INF INF 232 672 668 372 456 INF INF INF 548 634 INF 149 296 75 543 INF 664 279 472 359 705 INF INF 178 720 111 503 780 366 449 301 INF 349 INF 209 678 296 315 290 487 240 455 616 495 94 715
INF 613 76 190 INF 197 483 0 627 INF 90 267 131 86 INF 316 655 505 INF INF 742 INF 124 600 579 305 405 INF 690 656 137 154 306 117 496 607 INF 100 626 702 576 280 488 INF 361 176 337 272 703 349 229 277 684 INF INF 310 730 101 407 255 313 555 501 567 377 521
613 72 353 388 336 INF INF 508 0 552 489 573 561 INF INF 653 INF INF INF INF 564 INF 125 INF INF 176 INF 382 INF 592 646 329 INF 665 INF 743 494 754 75 542 537 251 198 678 INF 568 488 489 543 753 INF 465 424 148 601 533 INF 52 301 660 INF 213 314 217 237 INF
INF 415 516 245 130 230 346 462 INF 0 729 INF 737 399 475 INF 693 244 INF INF 121 160 93 INF INF 757 241 186 730 607 INF 753 751 INF INF 295 566 INF 221 INF INF INF 727 379 INF INF 167 359 INF 402 553 346 144 276 67 INF 199 115 INF INF 465 404 INF 204 598 479
INF 142 INF 301 378 INF 95 333 INF 61 0 407 701 592 359 672 599 323 651 664 INF INF INF 482 156 313 544 385 725 530 437 93 104 320 451 694 107 INF 135 108 66 90 319 682 476 INF 267 277 77 INF 418 INF INF 343 95 INF 285 316 411 293 477 429 INF 104 232 684
INF INF 488 659 534 INF 173 INF 332 213 361 0 357 351 INF 304 108 INF 755 65 476 512 411 INF INF 676 204 476 626 INF INF 194 INF 489 415 INF INF 266 372 694 253 56 398 INF 305 280 626 465 298 269 439 383 INF INF 137 INF 509 533 611 INF 282 399 INF INF INF 712
686 INF INF 601 143 247 INF INF 373 661 292 INF 0 337 235 153 INF 621 399 INF 562 326 INF 753 150 INF 526 404 209 INF INF 152 182 623 471 604 201 628 196 INF 327 INF 226 619 304 456 677 664 77 238 226 759 INF 661 633 403 468 INF 696 INF 743 428 INF 57 87 INF
412 372 INF INF 728 620 134 695 416 234 427 229 651 0 553 218 727 INF INF 110 122 220 133 103 INF INF 248 INF 587 512 INF INF 426 276 643 763 INF INF 524 INF 320 INF 337 677 681 541 275 258 76 488 718 435 INF 766 195 623 INF 771 637 INF INF 335 538 202 720 274
INF 592 538 336 INF 483 188 INF 696 INF 677 581 INF 412 0 645 90 INF 318 469 685 312 INF 337 698 629 77 INF 665 INF 455 INF INF 199 615 747 620 192 759 INF INF 744 INF 279 137 416 671 328 INF INF 466 INF INF INF 295 326 166 INF INF 673 178 742 INF INF INF INF
INF INF 751 INF INF INF 216 INF 663 666 80 INF INF INF 339 0 631 INF 494 727 174 59 354 INF INF 465 INF 304 170 537 278 357 134 INF 348 735 INF 725 595 321 708 INF INF 383 INF 219 195 400 240 INF 204 602 366 INF 250 INF INF 723 225 628 754 INF 614 615 INF 705
62 602 INF 464 633 INF 642 INF 255 INF INF 235 54 INF 263 INF 0 226 769 74 182 INF 760 505 328 491 360 366 492 416 INF INF 435 INF 148 761 INF 758 98 287 INF 596 INF 109 246 INF 59 406 687 INF 236 615 444 674 149 332 498 146 366 INF INF 782 INF 417 600 667
768 INF 154 685 85 496 425 239 456 INF 63 223 177 707 526 170 213 0 INF 679 345 INF INF 356 702 500 INF 600 759 INF 767 INF 149 241 249 348 329 426 591 INF 444 281 INF INF 417 660 241 442 449 666 701 INF INF 275 515 629 444 INF 414 305 658 202 281 INF INF 254
584 573 178 INF 365 431 660 92 648 191 592 INF 596 567 609 166 308 384 0 757 INF 686 258 INF INF INF INF 662 167 96 INF 566 326 314 401 INF 115 INF 293 543 535 INF INF INF 615 499 INF 284 616 222 492 746 536 INF 581 287 INF INF 453 718 583 396 201 INF 524 70
460 98 105 66 685 351 652 INF INF 336 413 INF INF 679 INF 309 428 212 504 0 663 419 299 INF INF INF INF 295 INF 338 INF 513 273 215 474 205 INF 412 INF 671 INF 728 687 INF 112 INF 717 723 267 719 100 INF 474 711 520 INF INF 141 INF INF INF 494 INF 189 634 83
INF 485 INF INF 565 103 71 645 497 INF 669 INF 104 501 674 597 197 417 703 596 0 246 INF 293 417 INF INF 368 INF INF 234 125 664 70 336 INF 132 356 154 528 725 282 INF 412 408 INF INF INF 633 592 626 406 261 758 INF 508 739 480 INF 168 INF 349 113 549 INF 404
513 INF 275 152 764 INF INF 226 INF 166 401 116 72 594 329 267 INF 144 278 782 610 0 INF 326 INF 319 349 INF INF INF 602 435 INF 99 INF 363 662 INF 101 124 INF INF 385 70 665 674 517 530 674 727 406 428 713 532 INF 395 724 469 667 183 132 350 INF INF 213 INF
590 577 765 59 INF INF 513 433 INF 722 648 87 389 701 689 575 INF 71 504 289 INF INF 0 252 INF 113 675 536 507 613 377 INF 597 633 457 580 236 322 INF 366 385 334 725 285 767 INF INF 769 240 140 519 248 551 INF 357 747 253 335 391 392 757 692 171 571 INF 648
537 348 INF INF 575 257 564 350 INF 127 INF 163 INF 529 73 589 253 INF 399 INF 178 INF INF 0 115 INF 701 499 292 139 327 284 INF 771 520 255 156 253 325 713 557 261 360 INF INF 150 670 297 758 INF 333 373 INF 344 INF INF INF INF INF INF INF INF 256 500 662 INF
442 281 578 636 707 177 462 147 INF 459 496 739 INF 371 INF 170 INF 679 327 534 INF 64 86 595 0 615 274 679 650 105 INF 345 INF 435 624 402 485 INF 95 586 321 INF INF 460 694 87 740 550 INF INF INF 539 724 409 INF 252 172 205 577 INF INF 383 142 278 101 757
INF 413 INF INF INF 453 57 591 633 INF 554 340 779 368 INF INF INF INF 428 312 709 566 59 683 INF 0 570 684 193 472 298 265 INF 677 194 237 364 INF 459 INF 737 376 97 INF INF 376 767 INF INF 779 496 751 232 INF 712 INF 451 INF 308 143 INF INF 525 INF 195 649
INF 637 396 64 237 INF INF 538 INF INF 345 221 400 677 670 INF INF 387 265 633 705 INF 242 710 300 INF 0 221 534 742 INF 551 450 701 137 559 INF 455 698 717 72 508 737 INF INF 376 98 707 INF 71 447 698 447 166 INF 119 INF 529 285 387 INF INF INF 141 697 363
128 INF 457 INF INF INF 415 276 INF INF 498 735 254 INF 389 INF 205 558 169 INF 275 270 64 339 492 516 152 0 INF 429 368 111 INF 168 INF INF 259 193 INF 722 431 INF INF 56 INF INF 550 INF INF INF INF 727 64 430 81 108 INF 630 251 INF INF 629 432 182 INF 578
461 731 742 569 INF 568 664 INF 420 326 INF 723 82 408 510 INF 421 INF INF INF INF 631 87 736 570 228 266 544 0 INF 108 693 INF 379 128 161 320 577 652 INF INF 217 INF INF 256 390 689 706 291 241 INF 231 423 423 INF 382 696 INF 203 202 747 71 184 597 652 607
713 739 163 440 INF 142 568 463 705 324 512 479 INF 552 INF INF 59 413 248 207 INF 352 INF 193 584 INF 526 INF 563 0 130 50 626 736 88 388 744 INF 367 122 422 103 537 INF 414 292 117 649 310 INF 122 450 444 187 INF INF 614 704 716 207 INF 304 INF INF 67 181
756 INF INF INF 105 777 223 360 INF 601 57 INF 524 475 612 709 542 INF 521 83 209 INF INF 440 342 INF 487 INF INF 205 0 INF 212 558 111 641 131 INF INF 213 102 INF INF 789 416 632 INF 222 741 145 671 367 139 INF INF INF 423 645 435 INF INF 81 547 INF INF 557
351 266 INF 447 194 INF 379 690 105 272 INF INF 689 232 INF INF 625 123 760 INF 697 220 658 191 INF 403 664 418 617 682 INF 0 559 618 INF 159 INF 206 708 INF 703 362 458 752 123 INF 735 INF 506 INF 245 215 297 574 395 153 INF INF 141 590 220 121 354 487 747 598
INF 368 761 INF 557 171 626 389 249 INF INF 736 382 73 97 705 656 471 266 117 273 534 522 499 732 186 259 723 INF 298 INF INF 0 501 INF 591 774 703 707 244 INF INF 756 INF INF INF 323 INF 706 INF 115 447 485 INF 169 INF 287 INF INF 131 180 286 530 764 587 INF
604 297 INF 562 785 292 INF 265 429 75 483 INF INF 110 717 341 695 INF 698 INF INF INF 500 754 295 INF 660 INF 559 604 466 704 141 0 INF 610 196 INF INF 215 INF INF INF 764 INF 55 INF INF 363 557 574 656 313 432 INF INF 521 530 311 699 211 INF 100 INF 60 182
201 379 INF 666 527 482 501 303 INF 415 INF INF 364 INF 694 INF 638 378 INF 272 141 INF INF INF 387 INF INF 701 INF 193 657 779 523 INF 0 INF INF INF INF 287 187 300 INF 279 373 734 INF 534 INF 264 165 INF 133 394 480 76 INF 99 355 496 451 474 506 INF 315 535
INF 318 666 506 278 287 369 609 138 763 275 400 INF 381 90 179 INF 718 INF INF INF 168 INF 414 INF 277 769 INF 55 375 541 439 INF 163 731 0 238 731 INF INF 680 INF 387 650 123 INF 279 235 230 233 703 479 246 470 657 140 754 INF INF 234 INF INF INF 383 INF 725
89 412 550 325 361 101 481 571 403 57 355 229 284 690 109 553 653 INF INF 328 INF 79 269 INF 209 469 228 650 765 359 753 702 INF INF INF 119 0 290 555 488 INF 751 659 429 343 634 400 581 INF 150 707 INF 320 625 INF 698 436 INF 412 776 INF 570 196 INF 232 INF
INF 488 710 588 124 690 649 344 531 242 INF 767 INF 566 INF 691 333 715 531 INF INF 281 INF 238 622 686 275 330 378 INF INF 598 460 457 650 677 424 0 INF 392 369 745 328 353 199 469 478 INF 220 INF 168 328 585 353 451 263 384 186 INF 314 430 562 477 204 589 375
INF 716 462 710 688 624 676 749 INF INF 466 INF 530 740 INF INF 254 69 356 332 413 451 INF 161 INF INF 388 400 INF 623 762 733 640 231 270 INF 425 358 0 INF 335 196 535 INF 651 INF INF 507 INF INF 390 626 71 326 INF 499 339 765 446 354 670 367 535 INF INF 116
471 126 211 229 222 153 533 INF 373 442 620 502 588 INF 238 287 263 341 742 80 INF 176 450 132 143 INF 703 179 INF INF 453 238 INF 300 INF INF 484 139 72 0 INF INF 322 739 732 403 471 INF INF INF 86 65 339 456 INF 394 486 76 728 756 570 432 80 651 INF 525
303 328 152 145 447 INF INF 403 68 200 INF 640 715 285 INF 683 56 217 756 717 309 412 215 INF 68 454 446 691 INF INF 722 INF 126 INF INF INF 603 277 INF INF 0 110 697 441 680 289 INF 262 462 377 191 INF 296 334 INF 690 INF 258 390 66 INF INF 436 INF 81 510
INF 193 524 614 312 INF 174 473 633 INF 600 50 INF 98 61 686 265 453 651 476 676 INF 768 557 766 INF 613 708 541 748 447 INF 354 175 668 187 596 260 INF 466 INF 0 193 261 101 168 INF INF 356 374 175 459 INF INF 553 610 664 97 757 384 750 748 372 314 700 73
475 702 647 INF 569 INF INF 644 193 701 INF 443 438 323 107 742 72 133 461 256 173 527 INF 133 519 INF INF 351 452 INF 408 295 INF 732 211 INF 369 147 405 185 669 501 0 706 666 160 INF 748 707 199 INF INF 242 658 386 INF 382 526 190 INF INF 176 INF INF 593 343
415 394 344 INF INF 524 635 377 615 235 137 88 INF INF INF 631 409 INF 573 246 194 238 707 405 INF 428 188 170 INF INF 263 146 285 434 482 389 INF INF 194 705 54 INF INF 0 736 INF 705 754 473 132 356 468 223 56 208 INF 640 597 54 197 INF INF 270 INF 621 597
428 546 166 INF 730 INF 421 285 INF 289 INF 74 INF 675 254 INF 166 414 120 199 504 421 748 INF 389 144 80 554 701 587 52 541 INF 98 580 INF 578 645 INF 323 INF INF 176 INF 0 363 395 INF 767 INF 401 INF 54 316 467 602 141 INF INF 624 674 INF 686 568 554 295
722 88 INF 70 INF 436 INF INF 363 747 272 584 579 INF 647 233 106 390 521 502 446 482 INF 409 INF INF 312 INF 272 230 59 INF 154 INF 519 586 INF INF INF 533 50 INF 585 INF 255 0 553 INF 581 337 INF INF 686 203 766 320 242 541 72 754 139 680 601 403 655 218
INF 400 INF 365 627 473 655 139 736 756 490 INF INF INF 578 395 INF 630 520 68 156 729 INF INF 536 471 501 INF 420 125 INF 664 INF INF 435 234 INF 236 87 735 INF 38 316 530 596 72 0 172 554 67 181 354 575 INF INF INF 626 97 404 552 306 465 429 676 134 INF
367 INF 700 125 699 INF 246 236 599 234 368 749 508 350 379 INF 138 INF 473 173 108 578 608 501 INF 532 INF 367 347 655 145 203 468 345 306 233 257 82 429 600 571 222 699 755 INF 646 701 0 720 166 INF 280 766 653 105 676 520 INF 724 66 216 157 188 342 INF 62
175 298 INF 491 INF 610 INF 193 INF INF 539 487 INF 351 715 456 244 268 161 569 INF INF INF INF 283 62 276 318 65 358 404 364 181 744 437 467 758 512 456 617 357 INF 399 735 766 116 70 579 0 763 670 INF INF 380 INF 479 76 183 246 INF 730 443 287 206 679 448
INF 747 618 INF INF 127 356 664 600 INF 655 605 INF 395 INF 77 490 467 356 651 573 438 587 466 397 143 764 206 75 637 231 169 276 437 399 486 INF INF 253 INF INF 659 137 INF 388 610 223 140 INF 0 INF 551 INF 169 INF 84 280 INF 530 211 INF INF 280 216 575 68
INF INF 148 162 INF 94 662 INF 485 INF 511 334 INF 135 INF INF 274 255 625 775 336 166 INF 724 118 INF 620 110 387 391 111 425 INF INF 303 401 251 96 119 INF INF 420 INF INF 580 258 INF 382 89 125 0 589 108 449 512 649 753 238 664 INF 538 202 276 604 INF 412
INF 172 232 435 635 169 644 INF INF 408 INF 444 229 INF 655 INF 402 599 INF INF 545 INF 121 194 69 297 INF 550 313 681 INF 699 118 INF 370 343 176 INF 249 INF 772 INF 513 337 703 INF 489 92 INF 407 704 0 118 72 209 INF 193 342 450 INF INF 289 749 506 761 293
371 318 INF 580 92 INF 346 119 133 INF INF INF 456 INF 498 481 706 INF 317 INF INF 229 INF 362 INF 518 INF 420 380 476 295 INF INF INF 426 568 416 268 INF INF 427 INF 83 INF 760 INF INF 630 620 60 492 595 0 117 223 INF 347 INF 626 INF INF INF 314 INF 585 INF
428 331 719 570 366 408 INF INF 107 479 574 INF 132 302 376 INF INF 667 54 INF INF INF INF 568 INF 456 129 112 175 649 INF 760 568 307 591 462 36 174 642 404 674 INF 676 82 591 552 387 214 758 INF INF 140 INF 0 412 401 176 131 INF 275 257 648 424 INF 743 INF
139 INF 64 613 690 514 INF INF 665 575 INF 436 706 376 704 INF 654 751 INF 221 133 439 INF INF INF 695 248 415 466 547 103 INF 314 609 277 INF INF 363 542 741 INF 116 90 INF 278 INF 570 657 738 384 224 740 708 694 0 566 476 INF INF 401 673 INF 256 INF 286 INF
555 99 539 INF 484 519 INF INF 475 684 619 168 INF INF 581 464 INF 289 716 INF INF 751 INF 199 249 INF 89 503 INF 256 INF 360 163 203 743 614 INF 649 613 INF INF 549 253 731 227 625 568 523 INF 107 98 652 221 INF INF 0 159 INF 621 591 340 430 678 404 INF 129
718 258 INF 494 638 INF 588 347 INF 343 INF 388 INF INF 555 438 INF 601 238 INF 384 404 92 INF 189 459 INF 79 213 463 206 INF INF 213 INF INF 485 97 117 INF 355 451 225 INF 462 INF 259 435 INF 179 425 354 652 INF 578 628 0 374 293 INF 396 405 446 INF 512 INF
473 113 417 INF 179 415 INF 576 INF 385 INF INF INF INF 237 INF 293 INF INF INF INF 322 721 102 506 451 688 502 518 INF 435 INF 365 INF 184 345 299 294 70 INF INF 151 INF 321 527 375 179 INF 625 233 512 INF 672 INF 594 590 534 0 238 INF 99 226 744 132 327 INF
555 173 768 134 417 385 115 250 716 196 INF 199 455 555 INF 744 481 761 INF 346 322 425 INF 367 INF 164 700 INF 63 487 560 INF INF 601 INF 557 INF 521 552 540 75 246 268 248 205 INF 375 447 717 307 INF 387 INF 95 INF INF 166 136 0 365 INF 587 INF 757 INF 85
610 760 INF 202 731 616 INF 488 INF 720 INF INF 325 337 INF INF 90 505 INF 156 280 227 INF INF 611 INF 376 367 619 140 165 INF 629 575 INF 120 INF 693 561 333 126 INF 572 539 755 676 427 INF INF 207 INF 419 INF INF 241 397 161 219 610 0 INF 706 499 673 308 INF
INF 552 364 INF 76 INF 215 INF INF INF 622 77 553 INF 348 INF 338 512 402 461 INF 403 271 494 571 167 682 54 123 346 65 173 743 89 432 587 INF 608 INF INF 357 87 398 663 116 502 470 222 188 692 513 444 INF INF 324 INF 45 496 721 INF 0 INF 174 31 476 INF
714 659 742 303 723 656 INF 105 166 66 548 195 316 335 772 627 442 INF 531 INF 236 INF 421 INF 257 305 182 INF INF 180 421 474 INF 704 744 INF 144 INF INF 740 370 INF 471 663 INF 380 251 606 423 93 769 120 INF 499 126 582 INF 426 514 260 302 0 INF 427 INF 383
557 INF 504 INF 608 271 764 INF INF 332 44 150 557 679 741 536 159 INF 634 INF 772 624 267 324 769 400 430 495 306 INF 419 302 INF 653 607 484 361 541 INF 405 INF 452 INF INF 156 274 563 INF INF 211 INF 203 81 73 260 297 INF INF INF 287 293 539 0 484 564 615
240 781 INF INF 541 INF 109 INF 283 719 406 INF 608 683 604 INF 680 INF 688 229 INF 361 INF 339 INF 116 INF 326 INF 409 485 646 309 INF 164 178 475 INF 668 INF 599 181 709 248 70 309 INF 525 302 INF 733 633 441 INF 505 124 541 406 INF 423 INF 508 609 0 137 INF
544 526 424 77 432 274 INF 549 75 374 276 310 INF 466 120 718 574 330 142 553 635 252 719 68 513 208 531 625 593 INF INF INF INF 201 INF 303 74 677 251 118 602 INF INF 186 335 131 105 INF 429 INF 698 100 INF INF 151 INF 666 299 763 277 483 333 401 INF 0 469
161 INF INF 268 192 81 555 687 349 342 INF 550 INF 708 575 186 INF INF 683 INF INF 472 717 INF INF INF 686 INF 248 475 499 428 INF 498 INF 632 INF INF INF 143 684 129 349 664 750 INF 725 579 141 186 115 505 735 693 674 53 598 INF 372 535 552 728 INF 125 INF 0
