0 INF 774 127 174 779 69 INF 667 757 INF 363 INF 240 INF 727 592 416 INF INF 612 INF INF 250 339 327 732 432 82 389 720 91 612 206 204 403 549 269 490 INF 404 INF 583 308 300 681 170 INF 325 679 INF 362 219 84 INF INF INF 265 INF 698 628 348 INF INF 498 286 365 732 128 320 523 216 233 INF INF INF INF 275 192 INF 475 507 664 INF INF 590 209 421 88 318 141 329 437
INF 0 443 INF 712 INF 594 611 510 417 605 399 INF 354 INF 453 INF INF 256 INF 739 269 97 779 499 713 274 453 403 450 444 189 648 474 128 600 331 647 477 INF 557 465 113 INF 627 269 378 INF 634 INF 539 357 INF INF 332 142 322 244 INF 357 INF 317 INF INF 95 377 174 766 625 629 316 279 INF 601 INF 240 INF 295 INF 408 479 INF 484 627 INF 89 305 130 268 INF INF INF INF
350 617 0 161 INF 338 INF INF 245 INF INF 705 260 INF 75 765 549 442 INF 129 764 685 INF 705 717 177 665 683 369 558 INF 270 260 442 441 255 707 INF 516 329 229 INF 111 205 INF 104 639 INF INF 744 INF INF 734 728 323 721 185 296 317 420 171 540 INF 290 378 INF INF 381 103 775 INF 470 684 INF 146 640 INF 244 560 INF 695 635 554 628 INF 478 282 648 342 250 INF 220 424
407 735 114 0 451 317 558 650 INF 532 553 214 INF 197 324 655 191 INF INF 279 442 257 739 298 157 357 INF 787 INF INF 118 291 INF 338 743 623 308 328 187 586 INF 608 705 576 638 710 485 INF 305 310 INF 579 560 152 159 269 95 538 INF INF 741 541 597 INF INF 265 INF 678 498 392 422 366 684 107 147 467 689 270 419 686 108 INF INF 345 INF INF 664 542 671 182 INF 357 INF
584 601 465 505 0 511 354 INF INF 269 475 709 184 INF 343 732 599 INF INF 742 651 INF 556 371 INF INF 169 645 INF 299 INF 676 211 321 153 INF 393 320 INF 646 INF 155 706 520 643 751 284 400 699 214 146 312 449 INF 111 225 455 706 225 558 110 464 595 502 INF 675 353 599 INF 96 718 125 166 625 406 INF INF 281 INF 402 259 INF INF INF INF 159 386 168 INF INF 762 91 INF
516 430 INF 132 INF 0 INF 373 159 477 151 INF INF 433 INF INF INF INF 509 611 613 644 293 670 164 450 86 INF INF INF 763 INF 380 INF 668 174 252 362 INF 406 INF 172 INF 657 INF 520 INF INF INF INF 731 638 566 263 442 710 INF 190 480 435 373 INF 274 INF 239 235 282 633 245 149 653 125 315 INF 350 INF INF 407 355 389 INF 700 722 327 375 414 555 INF INF 605 275 727 INF
663 204 INF INF 287 605 0 549 75 560 633 651 114 285 155 INF 502 168 246 INF 83 285 INF 145 INF INF INF INF INF INF 630 753 321 218 768 INF 767 89 339 316 INF 474 627 301 INF INF INF 474 517 INF 148 INF 441 162 600 INF 176 733 INF INF 99 INF 385 317 146 78 103 520 INF INF 703 607 648 INF 566 308 INF 335 INF 470 INF 584 88 257 141 766 477 68 INF INF INF INF INF
INF 328 719 INF 64 INF 246 0 564 471 INF 528 67 185 521 INF INF 254 INF INF 460 411 552 556 69 310 496 INF INF 195 97 INF 631 644 513 200 422 295 INF INF 116 299 502 INF INF 554 169 114 INF INF 388 INF INF INF INF 150 INF 632 INF 324 INF 619 353 144 243 542 576 229 417 208 342 361 566 INF INF 624 113 754 INF 705 369 583 436 94 420 550 177 340 427 INF 350 718 458
INF 490 INF 449 440 688 178 610 0 616 INF 615 702 INF INF 239 283 288 INF 349 418 154 INF INF 234 167 538 INF 516 INF 132 421 77 345 558 156 274 76 446 152 INF 198 371 343 INF 299 174 INF 258 60 415 219 282 591 INF 132 INF INF INF 136 INF INF 266 INF 79 521 649 740 84 INF 483 615 INF INF 720 540 748 INF INF INF INF 431 INF 555 189 INF 72 700 768 394 631 172 500
545 INF 234 293 104 129 234 INF INF 0 658 302 123 INF 720 115 INF 158 502 343 INF INF 604 516 383 586 578 277 INF 255 257 590 538 476 209 288 340 134 407 680 INF 723 INF 670 767 315 286 INF INF INF 601 635 628 INF 149 644 INF 490 305 736 377 567 433 362 INF 228 474 313 525 456 INF INF 712 771 391 INF INF INF 255 742 191 INF 679 723 754 332 731 303 INF 103 182 INF INF
756 514 308 INF INF INF INF 221 568 INF 0 203 470 519 131 144 344 583 289 243 711 503 594 INF 454 590 658 274 INF INF 363 INF INF 426 448 225 674 212 613 INF 692 630 242 664 228 134 644 334 INF 693 551 INF 391 536 528 INF 606 347 172 INF 159 INF INF INF 372 95 293 232 711 296 250 356 714 680 120 345 366 449 141 250 668 319 413 92 INF 656 505 INF INF 360 INF 722 704
INF 473 379 573 394 INF 112 187 177 495 587 0 INF 119 325 INF 169 676 INF 177 508 753 INF INF INF 714 INF INF 624 684 144 733 594 589 55 513 669 514 703 347 332 570 493 INF INF 664 577 92 503 609 323 714 INF 708 INF 559 445 234 INF INF INF INF INF 783 682 INF 302 500 624 INF 693 602 INF 388 266 INF 719 348 359 681 155 110 626 286 603 83 INF INF 620 INF 179 INF 705
63 INF 655 372 744 735 INF 260 216 INF INF 526 0 INF INF 678 540 INF 662 357 173 69 176 623 764 357 INF 222 344 INF 757 140 294 609 INF 75 134 517 INF INF 342 654 283 INF INF INF 129 370 650 755 INF INF INF INF 130 494 395 641 107 733 308 357 171 INF INF 503 396 467 88 466 INF INF INF 565 152 580 INF 104 607 INF 647 INF 365 765 605 INF 715 741 193 INF 516 358 432
434 237 209 503 579 778 308 371 522 736 INF INF INF 0 INF 591 181 778 149 581 201 390 415 INF 528 642 349 INF 107 718 494 256 634 INF 506 181 INF 268 401 686 255 246 448 698 INF 175 448 634 INF INF INF 315 238 INF 489 541 387 300 INF 227 268 678 757 INF 123 752 INF INF 631 INF 560 INF 491 INF 382 143 171 603 493 576 592 157 INF INF 546 INF 102 389 445 692 355 159 143
166 72 INF 325 INF INF INF 766 INF 432 INF INF 543 INF 0 184 INF INF 483 INF INF 184 179 509 225 INF 521 INF INF 408 INF 289 415 771 769 INF 427 INF 693 INF 666 INF 542 INF INF 125 783 655 460 743 116 INF 495 759 306 537 INF 565 434 107 122 INF INF 779 770 682 82 89 719 355 INF 351 563 INF 349 INF 299 589 199 INF 721 482 441 327 241 INF 502 INF INF 722 356 INF 252
INF 269 146 85 743 INF 715 651 INF 275 INF 138 573 INF 346 0 INF 686 251 INF 713 709 110 629 685 463 649 672 INF INF INF 397 130 494 742 INF 738 755 641 769 526 INF INF 252 INF INF 384 320 INF 284 INF 699 537 INF INF 310 INF 344 96 419 742 258 186 INF 347 134 317 167 INF 148 756 456 INF 340 INF 208 499 96 INF INF 741 342 402 INF 454 INF 694 639 492 159 INF 742 716
302 INF 549 613 INF 287 460 INF INF 443 277 718 654 542 675 696 0 INF INF 145 527 236 636 INF INF INF 138 477 INF 562 573 743 594 230 682 INF 496 736 79 531 INF INF 573 623 493 INF 527 149 156 584 INF INF 163 147 INF INF 186 597 INF 378 517 488 151 741 INF 132 453 341 676 592 393 426 565 765 586 282 412 421 INF INF INF 512 105 491 INF INF INF 169 332 261 634 INF 399
INF 761 INF 659 116 INF 296 650 613 392 270 306 636 382 INF 345 544 0 516 589 672 167 664 602 615 311 INF INF INF 571 389 314 INF 344 263 377 INF INF INF 401 267 463 INF INF INF 466 404 437 397 473 477 353 380 INF 528 332 720 INF 191 488 413 INF INF INF 501 385 343 622 INF 638 INF 616 574 303 143 210 713 293 96 587 332 546 INF 637 755 436 328 INF 106 196 INF 579 716
INF INF 565 753 INF 213 INF 517 557 386 INF 562 471 INF 714 767 573 162 0 540 290 711 493 358 759 289 INF INF 307 259 INF 519 760 INF 638 670 741 314 283 97 INF INF 89 748 99 368 INF 263 430 INF 473 717 778 532 380 690 311 289 385 329 117 655 680 466 432 432 498 425 INF 650 768 INF 110 684 681 349 375 122 321 547 INF INF 538 208 253 252 169 359 INF 576 INF 430 218
166 323 588 661 INF INF INF 516 717 348 380 237 357 INF INF 256 738 INF INF 0 119 INF INF 537 INF 134 154 197 INF 326 770 298 519 362 INF INF 539 80 222 INF 726 351 515 INF INF INF 105 230 INF 548 INF 365 INF 470 221 INF INF 159 INF 393 325 637 INF 239 751 INF INF INF 750 755 488 397 INF 422 85 299 INF 521 721 576 INF 714 360 INF INF INF INF 753 INF 118 714 633 INF
267 447 INF 66 501 449 INF INF INF 113 INF 647 410 356 313 224 INF 432 527 INF 0 163 INF 485 558 354 212 INF 676 246 229 636 INF 193 INF 209 250 INF 393 INF 567 427 INF INF INF INF 712 534 INF INF 690 345 INF 186 INF INF 95 483 612 INF INF 286 720 149 122 600 INF 426 202 INF 377 582 665 75 201 444 434 406 INF INF INF 143 350 605 124 INF 581 INF INF 349 623 INF INF
63 590 464 221 INF INF 326 655 692 INF 544 649 180 INF 399 601 74 242 695 586 96 0 189 140 235 653 482 776 450 INF INF INF 325 632 210 211 INF 73 461 691 549 INF INF 692 284 696 766 475 161 726 INF 623 353 INF 180 INF INF 265 INF 493 199 133 265 375 INF 316 163 555 759 417 675 715 683 INF 77 INF INF 490 INF 139 477 INF 221 INF 726 674 160 INF 539 INF 121 INF INF
INF 567 405 398 149 620 298 422 78 149 INF 332 504 238 726 394 69 202 448 INF 674 333 0 658 239 INF INF INF 245 368 INF 588 523 745 597 INF 141 738 INF 307 388 492 123 135 149 INF 165 228 338 INF 238 302 407 INF 222 INF 443 537 INF INF 150 550 239 INF INF 550 629 117 105 266 523 INF 136 INF 610 122 172 525 233 321 INF 448 501 617 767 510 INF INF 287 446 71 711 279
INF 256 735 INF 717 503 INF 671 340 336 INF 612 707 327 707 354 166 INF 735 238 INF INF 433 0 600 718 684 INF 341 353 606 315 618 INF 465 154 153 INF 400 INF INF 55 INF 579 182 INF INF 653 INF 571 308 560 INF 84 265 103 777 INF INF 566 751 444 INF 196 INF 562 89 777 INF 387 167 INF 247 653 559 704 INF 666 INF 712 478 INF 715 350 223 613 779 645 419 751 183 418 395
68 171 516 441 INF 676 INF 294 INF 343 528 219 557 620 243 INF INF 98 192 334 66 247 517 184 0 232 261 INF 563 647 527 INF INF 89 INF 363 INF 232 INF 470 725 INF 235 407 716 227 INF 559 INF 765 567 INF 460 INF INF 683 70 365 89 519 INF INF 335 INF INF 543 INF 589 593 617 518 INF INF 480 INF 691 INF 391 213 121 INF 689 INF INF 154 769 588 227 619 213 INF 274 426
651 222 475 196 INF INF 394 385 351 685 INF 665 405 INF 707 365 INF 258 184 465 513 694 199 586 690 0 INF 84 466 INF 245 740 678 INF INF INF 167 INF 389 753 508 469 146 565 388 237 457 771 420 INF 80 306 INF INF INF 468 388 611 574 372 512 305 INF 740 148 188 INF INF INF 518 INF 497 425 INF 545 723 214 INF 329 55 517 715 543 275 440 423 158 138 669 378 226 607 113
402 738 114 285 74 INF 622 394 169 351 333 720 INF 75 164 706 405 769 222 INF 672 246 683 506 476 141 0 INF INF INF 135 218 255 199 INF 228 130 722 548 393 426 INF 264 INF 279 68 INF 694 INF 181 255 271 INF 202 700 652 727 644 182 354 476 INF INF 686 INF INF INF 331 559 381 727 340 188 183 91 298 214 INF INF 195 413 225 173 273 67 136 INF INF 111 INF 342 591 298
231 INF 720 362 INF 327 328 INF 351 188 79 62 662 INF 698 562 488 720 375 51 666 707 54 538 398 64 568 0 INF 203 INF INF 669 INF INF 667 225 381 INF 429 207 463 INF INF 395 INF 176 597 INF 639 251 92 INF 247 INF 702 148 387 188 632 285 INF 136 739 357 INF 119 INF INF 343 664 332 126 INF 660 342 88 764 545 INF 676 INF 705 696 480 663 696 630 62 149 INF 644 552
100 403 54 INF 157 674 INF INF 747 725 657 INF INF 242 335 INF 580 344 652 INF 539 317 770 INF 106 INF 264 INF 0 369 INF 156 696 INF 474 INF 252 INF 227 563 52 578 INF 338 586 682 742 INF 446 578 INF 694 INF 183 160 565 718 248 INF INF 773 165 INF INF 772 638 707 INF 294 300 522 185 310 600 INF 279 141 INF INF 230 496 340 INF 274 425 632 548 593 INF 766 326 695 548
523 202 585 588 INF 564 500 INF 490 333 717 INF 636 98 INF 521 316 227 754 510 INF 719 INF INF 70 169 INF 406 INF 0 INF 739 501 INF 691 363 INF INF 220 727 91 589 590 INF 339 133 INF 766 520 248 INF INF 235 664 355 525 286 595 243 438 781 INF 720 679 320 INF 135 725 399 703 619 613 347 297 INF 685 134 709 INF 217 INF 682 606 605 649 120 710 601 210 75 INF 474 INF
INF 611 207 INF 537 INF 325 INF INF 210 449 121 153 426 698 401 755 103 465 INF 469 INF 442 207 INF INF 460 INF INF 217 0 338 713 758 289 133 159 602 INF 307 INF 570 123 730 552 INF INF 595 INF 424 INF 305 INF 101 79 INF 189 INF 374 156 INF 165 406 395 470 INF 766 249 INF INF INF 614 353 212 501 INF 121 397 213 INF 723 249 INF INF 667 405 718 342 631 309 624 657 INF
465 361 199 INF 749 579 INF 707 INF 402 108 109 428 443 278 INF 546 396 INF 505 INF INF INF 169 723 93 INF 766 INF 281 397 0 747 338 275 288 INF 485 INF 92 INF 565 353 INF 654 406 INF 552 262 115 402 INF INF INF 213 431 613 483 INF 739 643 517 INF INF 360 INF INF 429 INF 720 INF 573 254 527 467 618 375 390 INF 307 INF 394 453 230 431 INF INF INF 299 662 INF 705 679
337 INF INF 135 264 565 214 INF INF 105 575 INF INF 164 INF 329 INF INF INF 477 558 285 348 171 240 751 INF 537 INF 430 301 575 0 240 400 456 INF 590 119 INF 298 INF 238 700 INF 470 727 157 90 190 670 91 INF 478 344 INF INF 683 196 INF 203 INF 98 191 INF 164 575 607 446 228 INF 676 265 642 733 521 INF INF 450 INF 170 INF 687 610 450 280 INF 453 106 INF 508 380 207
197 147 319 667 68 651 125 INF 122 778 322 675 590 436 INF 283 348 INF 176 499 223 94 686 625 INF 361 533 279 488 504 320 275 495 0 410 INF 128 242 INF INF 456 397 772 286 710 641 209 INF 531 INF 138 179 303 134 368 189 288 INF 112 521 218 701 772 694 551 674 INF 114 403 763 INF 715 440 738 522 113 577 674 328 INF 638 250 775 484 INF 154 590 INF INF 436 270 184 626
361 485 368 INF INF 552 INF 736 92 311 INF 739 122 161 INF 429 715 552 46 411 242 INF 565 INF 203 INF INF 170 517 INF 338 159 INF 113 0 278 INF INF 636 341 328 705 770 433 623 566 122 407 715 93 730 366 INF 202 284 INF 328 159 356 55 444 647 568 426 INF 691 78 INF 194 602 INF 330 408 INF INF INF 262 293 608 617 INF 691 580 336 INF 646 INF 768 297 209 INF 163 578
155 453 INF INF 222 679 198 217 INF 207 426 401 594 INF 722 INF 155 720 53 409 670 295 INF 651 497 264 INF 161 367 391 219 INF 141 INF 280 0 318 196 INF 483 457 454 460 INF INF 79 INF INF 687 225 INF 406 INF 766 619 INF INF 527 68 INF 497 543 519 INF 632 640 INF 390 262 INF 622 234 69 182 138 733 622 784 637 506 INF 181 INF 410 730 732 515 306 441 664 INF INF INF
107 192 113 INF 377 754 476 151 137 INF 715 461 INF INF INF 326 204 INF 506 INF INF 95 INF 418 INF 736 592 691 376 INF INF 532 379 408 175 561 0 INF INF 452 380 148 696 191 652 INF 566 INF 307 702 363 244 375 373 106 661 172 213 INF INF 192 INF 645 INF INF 433 INF INF 324 INF 348 INF INF 552 696 342 502 711 284 275 INF INF INF 142 720 INF 264 250 452 INF 58 539 243
INF INF INF INF 493 256 INF INF 114 INF 399 256 619 288 246 629 693 163 393 340 INF 359 INF INF INF 437 INF INF 684 INF 577 298 161 584 INF 274 303 0 INF 638 INF 556 676 276 686 INF 528 INF 400 122 INF 625 343 425 769 269 INF 590 INF 662 INF 589 INF 226 709 INF INF 418 477 520 766 570 INF INF 671 INF INF 621 616 597 INF INF 393 246 713 288 INF 463 661 164 92 619 INF
656 INF INF 524 737 360 INF INF 664 INF 631 152 461 138 377 584 INF 641 INF 206 INF INF 352 INF INF 693 602 122 368 INF 513 220 584 423 626 725 552 763 0 246 656 212 111 INF 749 INF INF 145 INF INF 463 80 486 732 INF INF 126 75 705 469 667 432 294 154 755 692 369 590 180 INF 580 INF INF 602 671 INF 121 722 394 470 INF 304 92 690 INF 302 INF 65 INF 643 INF 572 INF
INF 335 INF 531 672 INF 478 203 INF INF 499 INF 770 INF 187 212 442 381 322 INF 241 744 INF 210 163 INF 204 124 INF 148 446 301 INF 323 INF 71 INF 90 399 0 INF 638 331 688 300 INF 640 386 384 746 761 729 INF INF 722 445 162 149 INF 567 82 221 351 INF 391 612 INF 743 INF 354 287 408 INF 70 INF 598 687 454 516 539 375 231 170 INF 742 349 173 394 INF 699 448 367 INF
173 431 418 346 759 398 189 200 INF 633 INF 351 273 INF 330 650 INF INF 556 188 581 INF 614 698 648 171 79 437 610 663 INF 767 280 392 693 413 559 INF 287 643 0 INF 549 INF INF 140 416 519 INF 639 726 INF 275 INF INF 572 350 INF INF 356 INF 525 703 737 INF 645 INF 539 351 340 711 194 325 INF INF 109 INF 762 209 94 252 INF 534 182 INF 710 741 INF INF INF 607 INF 637
673 395 457 INF 642 103 501 160 362 INF INF 354 113 INF 118 INF 212 578 INF 370 347 670 INF 200 737 692 489 634 INF 606 INF 573 430 INF INF 157 209 INF 370 571 639 0 INF 392 510 459 291 209 311 750 633 194 780 INF 576 INF 470 635 148 INF 623 INF INF INF 534 INF 574 384 INF 577 79 INF INF 576 354 INF INF 600 444 274 733 248 690 167 INF 681 INF 508 INF 778 189 479 282
72 INF 72 346 185 INF 56 INF INF 636 396 135 INF INF 147 INF 308 583 225 INF 704 600 726 570 INF INF INF 248 697 392 394 224 INF 213 INF 508 INF INF 270 426 518 INF 0 INF 108 704 INF 679 112 256 INF INF 562 145 INF INF INF INF 777 329 497 INF INF 588 673 705 334 INF INF INF 388 INF 433 652 INF 466 138 767 472 236 236 352 168 544 602 INF 547 578 729 140 505 122 509
328 668 INF INF 381 661 521 598 787 INF INF 157 155 186 314 INF 74 627 INF INF 691 INF 597 609 INF INF INF INF 606 324 INF INF 218 INF 703 474 INF 687 217 437 INF INF 557 0 65 633 561 626 323 INF 108 750 INF 196 410 331 INF INF 115 168 392 489 208 147 62 142 376 INF 718 INF INF 410 538 610 INF 425 604 590 74 INF 618 710 INF 360 382 258 710 76 500 492 441 535 580
INF 651 357 INF INF 708 139 587 266 771 INF 548 589 208 770 INF INF 599 INF INF 618 706 297 294 481 443 120 374 113 571 INF 679 131 232 397 203 INF 430 INF INF 673 INF 239 224 0 INF 696 408 645 INF 453 INF INF 721 502 248 INF INF 158 611 INF 432 215 550 613 INF INF 605 427 600 INF 669 INF 613 726 INF INF 401 INF 355 480 239 498 INF 603 436 609 378 INF 691 343 692 INF
651 INF INF 773 INF 266 490 542 152 207 INF 372 244 333 70 559 560 INF INF 697 629 INF 272 INF 85 210 INF 520 213 INF INF 451 759 714 INF 660 398 306 304 631 769 347 344 INF 444 0 486 INF 694 164 INF INF 687 INF 558 756 528 294 628 772 194 INF INF 396 INF INF 284 368 285 77 711 157 INF 593 304 100 234 515 442 274 632 INF 245 508 INF 514 378 238 322 603 161 INF 404
393 531 64 604 267 543 181 562 432 584 INF INF 59 141 INF 387 320 INF INF 702 INF INF 236 107 148 662 728 434 INF 411 INF 670 INF 306 INF 632 655 456 602 766 444 261 445 628 763 INF 0 607 INF 723 290 120 240 INF 120 INF INF 237 INF 119 163 438 277 INF 456 86 165 655 INF 767 96 INF 767 371 203 INF 615 586 589 318 460 INF INF 317 424 INF 255 391 569 377 256 INF INF
INF 756 336 270 132 507 617 601 134 INF 227 139 652 INF 623 631 69 235 INF 531 567 183 INF 715 252 246 426 INF 619 497 778 INF 219 663 730 83 665 INF INF 165 340 46 307 70 188 738 369 0 581 INF INF 740 149 INF 323 558 476 INF INF 561 250 665 INF 416 524 193 474 373 707 608 INF 683 378 774 163 165 497 INF INF INF 96 610 515 339 763 207 370 INF 701 INF 363 INF 490
113 401 356 389 INF 210 301 259 149 399 INF INF INF INF INF 125 198 601 705 674 417 INF INF 111 INF 455 INF INF 790 327 673 INF 377 249 462 662 761 352 166 177 685 422 INF 481 INF INF 203 744 0 291 608 692 267 INF 500 525 INF 305 244 58 INF 406 INF 195 INF 373 713 277 112 INF 729 239 479 605 766 348 355 516 INF 399 INF 716 INF 639 535 596 708 230 96 343 INF 660 441
INF 722 641 INF 399 580 105 287 443 670 200 INF 385 717 604 466 561 INF 220 185 749 313 INF 697 INF 143 269 201 710 781 498 491 INF 632 INF 50 INF 161 INF 396 219 191 482 109 728 205 643 446 INF 0 586 660 INF INF 73 474 136 406 337 766 362 INF 384 604 287 INF 516 81 INF 643 INF 74 86 92 574 391 626 508 499 99 305 609 INF 622 279 283 670 INF INF 517 60 592 INF
284 457 INF 614 370 180 269 INF 467 INF 214 728 305 317 155 733 INF 379 291 INF INF 774 INF 479 INF 313 101 545 INF 675 482 303 INF INF 179 696 470 187 739 INF INF 468 230 479 708 INF INF 765 INF 84 0 INF INF 384 227 INF 221 INF 324 INF 363 770 INF 356 INF INF 344 363 607 357 INF INF 646 INF 584 569 628 548 484 INF INF 653 INF 631 276 780 236 714 575 385 INF 378 431
510 417 81 INF INF 588 474 600 755 588 683 INF INF 118 432 410 INF 164 INF INF 248 INF 315 INF 362 INF 245 635 640 710 INF 176 INF 342 203 520 431 214 INF 649 437 345 INF INF 162 174 INF 302 534 INF 162 0 112 177 264 500 394 667 INF 161 303 421 82 544 425 270 671 374 399 277 246 INF 379 90 INF 466 562 688 INF 90 745 83 665 743 45 INF INF INF 275 464 602 391 704
INF 208 282 495 312 441 327 124 347 402 381 490 INF 83 INF 575 156 546 INF 294 463 621 186 INF 236 595 INF 149 INF INF INF INF INF INF 644 145 INF 203 518 INF 256 275 149 200 292 390 742 757 626 INF INF 596 0 381 601 83 736 INF 456 169 177 505 235 737 562 INF 462 220 109 INF INF 148 116 707 596 609 193 INF 527 679 INF 426 335 INF INF 386 582 INF 299 743 554 INF 437
149 INF INF 343 122 524 256 674 INF 461 410 INF 301 555 428 INF INF INF 499 193 393 677 534 569 293 495 576 403 561 626 375 272 245 326 555 341 INF 256 561 290 INF 276 INF INF INF 387 105 685 INF INF 597 211 INF 0 428 216 INF 544 149 652 501 346 INF INF INF 623 INF 77 378 250 INF 484 708 49 423 INF 526 276 546 724 188 479 314 405 79 141 70 596 193 INF INF INF 129
517 221 217 97 INF 427 INF 401 756 INF INF 700 265 INF 378 513 311 668 INF 166 79 INF INF 495 67 INF 119 354 295 70 433 265 INF 207 INF 331 475 646 301 735 514 456 345 677 612 495 348 652 634 81 110 INF 764 297 0 83 526 557 210 438 525 776 541 697 778 490 457 89 616 344 593 INF 401 223 159 INF 383 INF 689 322 713 INF 374 INF 392 74 398 INF 113 INF 723 133 595
INF INF 688 308 640 320 INF 570 INF 460 410 354 141 261 INF 765 551 INF 393 125 INF 760 INF 383 106 685 INF INF INF 201 225 INF 379 INF INF 627 200 381 426 453 INF INF 108 525 643 270 350 400 412 591 286 780 INF 201 160 0 INF INF INF 740 575 669 148 464 437 INF 670 684 436 INF 435 INF 228 INF 582 629 618 192 INF 185 598 448 262 645 71 292 605 222 608 445 270 INF INF
365 587 755 400 INF INF 761 670 INF 230 310 427 INF INF 338 626 293 INF 273 INF 613 210 419 640 119 436 756 752 390 INF 115 INF 323 516 383 INF INF 557 718 INF 278 591 665 391 INF 292 553 INF 740 INF 463 699 660 361 386 488 0 167 INF 676 512 416 418 647 INF 290 INF 266 INF 191 679 653 129 328 313 INF 400 INF INF INF 372 663 70 581 INF 471 182 96 170 INF INF INF INF
549 627 INF INF INF 654 676 441 300 78 548 283 760 INF 536 202 108 INF INF 571 INF 467 236 760 767 INF 159 471 398 748 647 406 INF INF 702 727 421 326 260 INF 647 INF INF 97 INF INF 327 206 727 70 407 INF INF 556 70 INF 461 0 INF 377 293 376 309 615 349 INF 706 INF 576 724 237 INF 497 457 702 732 522 456 687 INF 305 377 INF INF 513 INF 650 266 486 346 694 INF 367
INF INF INF 675 709 INF 104 INF INF 345 INF 569 263 330 78 INF 265 INF 557 722 700 73 223 INF 168 215 770 255 743 588 135 INF 61 INF 64 633 INF INF 111 784 288 INF 539 INF 551 INF 211 238 509 696 221 66 708 748 143 INF 675 219 0 772 605 236 751 442 444 269 175 621 715 INF 143 INF 489 349 700 159 330 669 INF 413 INF INF INF 327 325 147 412 602 149 437 INF 573 376
455 INF 208 556 290 679 60 128 446 105 609 INF 344 INF 469 INF INF 577 620 394 750 611 299 INF 441 543 280 727 INF 731 INF INF 57 113 403 439 282 645 498 115 INF INF 419 76 137 237 412 243 519 357 INF 320 315 532 205 504 501 INF INF 0 INF INF 433 INF 339 215 441 449 180 147 596 INF 327 INF 731 195 237 INF 427 253 707 INF 706 541 301 182 69 486 118 89 INF 223 INF
INF INF 320 59 596 303 659 504 INF 649 637 615 INF 166 206 409 634 527 304 123 483 176 INF 262 626 745 INF 447 510 766 488 790 772 183 INF 528 INF 397 543 522 336 INF 435 656 INF 696 555 715 117 696 INF 206 103 INF INF 488 739 338 448 605 0 158 733 INF 357 122 INF 218 INF INF INF 318 772 267 759 376 575 562 433 625 INF 120 565 232 691 589 681 105 563 INF INF 493 468
594 49 INF 524 566 495 273 613 663 554 72 144 178 256 234 319 INF 192 INF 734 INF 695 655 289 359 199 197 565 668 353 253 723 INF INF INF INF 526 571 682 704 585 230 98 INF 75 INF 67 INF 283 INF 551 INF 282 INF 418 299 INF INF INF 171 122 0 90 772 612 461 INF 386 INF 421 INF INF INF 200 515 INF 327 634 373 INF 566 INF INF INF 185 338 163 173 512 193 77 506 440
340 476 243 INF INF 226 209 INF 192 343 INF 549 INF 546 479 INF INF INF 550 INF INF 769 578 174 760 445 527 INF INF INF 698 181 546 367 548 INF 375 INF 390 734 INF 113 INF 516 219 528 INF INF 154 484 351 INF 307 INF INF 520 INF 254 INF INF 421 INF 0 423 593 INF 646 222 INF 417 238 768 INF INF 610 171 INF INF 76 616 459 717 INF INF 365 185 INF INF INF INF 631 541 66
470 INF 530 INF 489 181 678 INF 344 INF INF 199 INF 407 716 149 653 INF 377 98 108 INF 587 428 717 344 401 383 201 367 277 778 404 230 INF 430 INF INF 165 665 307 INF 633 INF INF 522 INF 334 INF INF 190 437 80 411 INF 333 378 652 INF 178 475 729 665 0 473 631 596 374 INF INF INF INF 117 295 INF 112 INF 356 526 594 574 171 INF 268 91 INF INF INF INF 426 INF INF 373
609 385 INF 771 581 372 381 244 660 380 273 INF 183 582 382 648 INF INF 672 353 377 INF 278 645 268 483 INF INF 319 487 358 INF INF INF 307 447 688 INF INF 306 633 243 INF 73 487 492 INF 290 INF 727 210 600 INF 325 328 INF INF 198 327 240 INF 567 250 277 0 INF INF 563 INF 423 446 343 INF INF 92 689 454 680 388 406 INF INF INF 259 INF INF 600 INF 167 80 INF 203 86
569 297 INF 403 530 256 552 207 INF 461 INF 523 495 123 212 727 144 439 459 345 734 272 INF 422 271 213 754 321 560 159 623 168 INF 585 427 123 INF 391 379 INF 321 INF 743 213 251 INF INF 72 161 157 645 124 INF 315 486 498 INF 84 516 INF 349 441 646 620 208 0 691 INF 393 INF INF 186 707 INF 598 466 604 INF INF 318 449 421 743 299 INF INF 514 721 INF 204 INF 328 107
200 INF INF 667 598 130 INF 556 242 751 455 445 INF 438 124 INF INF INF 478 INF INF 190 INF 385 140 INF INF 418 701 INF 710 219 609 713 INF 516 374 430 597 729 517 111 675 INF 508 INF INF 550 551 INF INF 690 INF INF 555 579 596 INF 363 600 197 583 769 426 145 INF 0 INF INF 590 527 517 574 469 497 761 INF 481 INF 365 INF 732 459 574 739 142 INF 294 500 INF 249 729 INF
603 608 INF 603 INF 758 540 504 INF INF INF 431 519 712 82 300 616 180 712 353 729 765 700 483 229 498 58 INF INF INF INF 478 INF 187 598 INF 560 371 277 609 647 657 510 INF 742 104 453 582 INF 590 224 687 INF 279 709 603 352 INF 395 412 253 INF 313 706 336 457 545 0 INF INF 452 621 400 127 737 INF 85 184 INF 721 266 526 377 INF 733 438 701 199 INF INF INF 281 423
700 650 252 350 630 280 INF INF 349 358 690 136 463 INF 779 476 494 399 424 610 INF 174 415 235 534 122 INF 179 539 INF 400 123 756 756 INF 238 215 496 723 INF INF 341 639 717 158 379 593 628 131 225 198 606 89 INF 701 519 INF 115 203 753 228 INF 373 INF INF INF 62 533 0 785 INF 488 609 INF 628 252 610 INF 99 537 306 INF INF 493 178 524 602 451 571 INF 228 INF 611
401 240 105 INF 607 69 INF 131 68 611 474 720 297 277 159 INF 206 INF INF 173 89 301 499 700 341 754 408 631 642 330 714 609 490 662 346 189 99 INF 175 INF 406 649 276 INF 244 360 247 83 147 150 383 157 773 453 INF 662 582 628 94 INF 311 164 598 INF INF 443 262 533 200 0 63 78 99 593 441 469 INF 407 645 INF 508 160 512 INF INF 347 775 383 80 463 355 620 INF
154 253 280 730 226 752 INF 683 INF 290 79 336 INF INF 660 576 685 99 INF 195 INF INF 62 150 INF 581 INF 459 INF 255 INF 168 INF 459 255 542 719 602 63 INF INF 207 239 148 117 550 309 INF INF INF 186 545 INF 589 INF INF INF 321 INF 770 581 272 INF INF 232 699 488 INF 172 111 0 INF 564 724 403 684 689 INF 113 INF 711 347 390 377 INF INF INF 106 INF 276 383 567 456
INF 332 INF 400 443 108 318 547 645 171 649 569 287 203 407 INF INF 504 291 555 473 685 INF INF 507 194 INF INF 229 555 628 401 686 466 513 411 INF INF 390 355 543 INF 65 329 INF 639 698 246 INF 567 INF 559 64 712 INF INF 524 INF 539 568 INF 764 90 597 334 97 471 476 INF 770 INF 0 485 666 INF INF 290 INF 518 649 INF INF 626 700 639 INF 282 367 625 INF 706 239 616
280 INF 224 255 INF 240 INF INF 370 588 504 703 INF 431 639 65 745 324 648 INF INF 188 468 INF INF INF 691 173 483 INF 260 515 716 328 423 INF 376 INF 505 610 458 INF 325 391 480 68 360 345 178 179 222 INF 584 448 761 INF 118 529 182 377 253 INF INF 358 357 129 INF INF 687 631 527 738 0 222 181 INF 178 481 INF 267 INF 369 526 INF 353 INF 234 INF 343 INF INF 57 INF
416 INF 328 334 363 484 111 416 549 84 745 150 INF INF INF INF 719 INF 86 INF INF 396 212 INF 329 605 599 INF 129 416 281 289 INF 227 INF 615 INF 579 INF 211 699 241 297 INF 109 308 530 461 INF 612 382 161 INF 132 126 262 INF INF 446 207 553 101 INF INF 538 720 282 483 220 INF 210 INF 669 0 INF 740 213 INF INF INF 117 498 313 INF 237 217 INF 234 144 INF 388 INF INF
656 INF 656 INF 389 455 665 500 712 483 53 751 444 111 299 553 449 691 717 659 337 531 671 363 418 INF 543 435 INF INF 575 209 282 697 404 231 701 215 691 INF 163 INF INF 389 605 365 306 199 429 INF 521 159 494 328 612 209 765 424 663 657 592 INF 305 638 86 419 725 432 327 644 81 145 INF 151 0 INF 631 370 INF 756 344 481 376 484 487 217 746 243 446 213 138 226 160
391 651 INF INF INF 684 INF 687 255 418 INF 651 INF INF 632 756 415 INF 533 INF 422 341 67 INF 415 127 INF 340 645 133 INF INF 512 364 INF 417 INF 765 613 72 INF 601 INF 485 65 324 659 777 109 335 INF 468 706 507 349 437 676 696 229 426 INF INF INF 759 712 392 700 92 200 667 106 INF INF 560 151 0 INF 340 305 710 354 216 INF INF INF 518 433 474 462 140 590 481 INF
INF 165 457 118 387 INF 76 647 INF 97 INF INF 386 161 INF 587 525 INF 698 INF INF 475 496 329 588 INF INF 704 245 INF 627 525 157 INF INF 171 163 378 187 662 INF 256 254 INF 572 428 409 346 INF 329 67 414 164 69 725 440 464 INF 282 INF 430 INF INF 448 684 571 203 123 172 577 INF 347 176 404 149 163 0 INF 388 277 INF INF 539 INF 687 197 138 285 394 INF 687 575 634
259 64 407 145 255 INF 162 INF INF 291 INF INF INF 175 168 INF 523 312 202 INF 263 583 INF INF 367 237 213 149 677 678 385 331 149 526 INF INF 252 76 718 559 360 231 INF 592 592 144 INF INF INF 568 INF 123 INF 562 422 342 147 397 194 516 491 242 524 414 INF 409 391 345 51 INF INF INF INF 335 316 243 INF 0 INF 567 293 108 435 INF 434 254 INF INF INF INF 438 206 INF
INF 402 INF INF 521 INF 673 INF 426 328 INF INF 609 INF 172 675 370 759 759 316 141 314 INF 656 768 INF 145 160 INF 255 240 657 641 166 598 INF 480 INF 418 76 615 535 INF INF INF INF 385 INF 222 252 114 64 610 INF INF 445 INF 730 363 666 689 640 696 373 639 94 340 288 INF 498 348 INF 508 147 258 INF 502 254 0 85 345 486 686 INF INF INF 414 724 81 392 517 684 INF
604 388 INF 481 485 INF 241 INF 166 309 389 448 243 696 593 320 417 INF 582 INF 422 750 INF INF INF 556 253 INF INF 401 109 263 640 INF INF 81 769 477 INF 167 566 INF 262 203 239 INF 332 476 272 743 757 359 658 112 357 607 399 INF INF 407 743 287 INF 79 609 290 219 225 541 670 778 455 261 517 INF 283 619 INF 454 0 648 739 INF 632 356 531 271 INF INF 339 INF 597 442
756 659 INF 285 385 481 729 429 INF 574 267 206 494 758 327 INF 572 505 INF INF 423 468 658 INF 81 476 INF 651 INF 356 331 575 121 INF 556 INF 394 352 602 664 INF 617 251 361 193 INF 77 INF INF INF 632 INF INF 78 394 256 302 INF 668 223 239 INF 155 685 754 INF 132 INF INF 755 66 291 775 110 285 456 INF INF 590 315 0 631 150 203 332 212 745 466 776 206 148 602 555
INF 467 INF 574 595 INF INF 67 INF INF 517 INF INF 207 INF 235 140 648 INF 382 INF INF 414 727 INF 214 67 340 626 556 660 INF INF 716 294 INF 384 INF INF 86 124 148 252 683 185 INF INF 538 110 INF 687 766 139 297 INF 568 617 526 INF 371 INF 756 INF 254 708 320 189 717 INF INF 590 773 INF INF 133 106 405 525 156 INF 273 0 203 700 433 694 INF INF 213 418 637 522 459
496 364 INF 486 INF 465 110 690 INF 503 611 396 INF INF INF 159 777 INF 658 246 475 92 638 INF INF 109 115 237 284 609 INF 738 INF 557 588 266 448 58 197 INF 155 INF INF INF 671 165 449 119 131 277 INF INF 490 342 INF 509 561 INF 519 INF 754 268 INF 495 INF INF INF INF INF 520 460 79 INF 428 723 INF 268 444 INF 301 280 501 0 524 233 545 INF 235 INF 327 INF INF 647
INF 412 423 671 676 755 INF 113 INF INF 345 416 613 INF 281 474 INF 695 303 INF 66 679 286 INF INF 444 INF INF 626 60 INF 395 446 320 INF 266 509 70 420 212 477 692 INF INF 191 511 727 114 507 220 214 473 476 671 509 427 INF 697 632 253 INF INF INF INF 185 INF 418 123 698 661 756 182 INF INF 245 321 420 INF INF 541 148 INF INF 0 309 306 514 615 214 557 555 246 243
INF 315 311 87 418 INF INF 363 129 INF 617 INF 523 358 INF 238 INF 566 683 335 71 315 INF 738 473 54 607 420 INF 104 587 455 399 230 392 INF INF 590 528 96 256 364 201 INF 147 590 INF 488 421 775 531 353 761 407 INF 576 107 394 INF INF 283 591 258 303 INF 620 281 239 525 INF 697 308 78 628 157 339 225 338 304 INF 573 68 INF INF 0 INF 596 INF INF 693 172 161 186
INF 121 72 445 640 INF INF 85 420 INF 658 510 606 348 737 225 INF 688 INF 130 INF INF INF 490 354 INF 504 571 154 518 INF 163 159 181 416 633 448 259 386 INF 429 266 INF 91 473 INF INF 344 645 INF 575 673 64 INF 214 118 INF 628 442 250 INF INF 479 INF 63 211 INF INF 401 191 222 566 388 INF 492 INF 117 140 324 228 INF 410 693 INF 618 0 INF 603 315 INF 443 INF 556
142 INF 205 761 INF INF 733 137 INF INF INF 509 INF 497 INF 199 INF 530 INF INF INF 194 735 630 103 153 438 INF 242 INF 152 351 INF 222 455 INF 766 INF 291 653 INF INF 129 INF 479 534 INF INF 395 175 284 421 INF 283 170 INF 514 457 536 432 INF 338 688 INF 503 INF INF 590 263 674 696 INF INF 587 740 375 530 267 182 INF 771 55 214 INF INF INF 0 754 588 254 736 INF INF
INF 365 INF INF 584 341 637 INF 394 440 382 648 141 449 INF INF 676 297 441 150 511 INF 484 511 317 430 82 354 575 INF 283 INF 200 733 145 402 INF 769 INF 241 87 391 INF 726 INF 303 67 288 169 INF INF 136 INF INF 730 INF 217 372 INF INF 476 416 INF 299 INF INF 116 134 INF 427 INF INF 190 215 574 INF 347 INF 85 180 138 123 650 578 238 701 667 0 485 263 586 147 410
549 551 555 334 595 INF INF INF 391 345 INF 767 731 749 433 132 557 691 88 494 539 505 710 373 465 425 233 INF 270 580 364 69 INF 750 583 INF INF INF 339 125 716 INF 370 429 INF INF 694 447 INF 188 616 226 243 498 INF 60 555 575 575 781 INF 636 INF 304 200 765 348 660 294 INF 357 INF 742 249 INF 544 528 INF INF 132 357 216 305 571 173 647 717 314 0 412 645 139 INF
INF 693 INF 693 430 527 248 341 INF 375 INF 445 INF 419 776 106 471 710 INF 755 INF 363 INF 81 INF 233 439 511 INF 190 501 449 751 488 616 INF 123 INF 493 69 55 383 442 198 436 274 606 488 455 691 INF 694 311 611 INF 522 115 421 INF INF INF INF 242 738 147 655 INF 755 127 471 INF 369 426 INF 343 INF 141 348 775 INF 659 315 317 INF 200 INF INF 571 INF 0 314 704 619
564 208 467 85 547 125 INF 425 391 445 200 INF 589 745 127 INF INF INF 301 176 INF 328 394 694 374 657 305 INF 425 INF 532 256 INF 630 232 304 99 661 290 INF 737 762 666 INF 551 177 457 282 612 598 INF 561 213 457 INF 400 690 436 INF 252 710 475 171 743 736 INF 590 649 237 766 711 478 INF 107 241 INF 741 INF 265 INF 489 392 574 INF 687 295 84 620 495 176 0 462 604
INF 676 367 135 187 INF INF 550 638 INF INF INF INF 491 253 291 773 INF 80 228 385 769 600 775 418 293 INF 646 446 569 240 746 294 528 530 INF 724 411 INF 458 INF 276 421 INF 319 INF 59 68 283 INF 497 INF 443 711 INF 400 INF 505 INF 181 158 INF 731 412 INF 128 93 265 INF INF INF 773 83 INF 456 635 207 401 547 177 396 INF INF 308 290 634 740 96 278 539 INF 0 121
266 454 400 262 760 404 560 714 199 352 352 220 329 347 474 INF 385 59 183 264 474 330 288 740 INF 96 313 238 378 531 704 INF 78 INF INF 574 536 342 635 355 412 161 109 136 396 INF 525 783 159 487 77 662 607 INF INF 299 657 705 267 440 396 418 160 500 INF 543 577 INF 86 301 197 610 144 75 79 566 INF INF 76 511 418 492 406 596 571 682 INF INF 215 204 147 INF 0
