0 539 278 INF 580 587 109 494 INF INF INF 400 INF INF 67 INF 85 INF 330 715 438 302 98 638 459 INF INF INF 340 INF INF 541 146 122 66 675 478 337 558 526 473 INF 702 335 INF 92 INF 536 114 298 717 680 238 INF 568 189 INF INF 254 320 705 INF INF 306 102 614 INF 212 70 761 INF INF 735 438 235 INF 327 204 195 743 353 187 228 768 783
INF 0 279 318 255 INF 375 594 500 604 78 368 54 749 78 396 161 INF INF 75 528 54 353 522 INF 335 234 705 737 INF 115 336 654 446 649 66 635 703 755 INF INF INF 492 INF 156 INF 403 151 375 76 162 INF INF INF 517 INF INF INF 317 INF INF 580 584 259 INF INF 102 231 INF 434 65 743 INF 528 669 471 376 263 413 727 INF INF 100 506 366
168 76 0 543 312 373 363 398 327 120 427 INF 730 INF INF 571 536 361 310 62 480 669 INF 278 477 757 766 298 459 INF INF 113 130 396 284 INF 356 INF INF 65 274 292 755 668 261 INF 395 694 139 317 411 683 457 168 INF 750 391 569 INF 745 342 134 341 184 613 INF 592 591 749 INF 326 276 115 145 268 381 555 724 374 95 662 311 191 INF INF
456 673 606 0 731 INF 419 INF 564 278 INF INF INF 278 90 363 INF 352 527 288 INF 316 INF 699 712 285 457 167 INF 402 INF 660 570 INF 451 242 631 525 602 625 439 552 INF 276 INF 780 INF 609 688 INF 271 INF 662 INF 749 152 439 528 INF 531 INF 190 404 170 160 410 148 INF 529 546 161 741 430 268 409 261 81 394 INF 528 INF 435 332 581 125
540 266 386 INF 0 441 INF 560 515 213 336 514 255 689 750 233 120 175 629 741 612 364 INF 631 INF 559 239 341 INF 438 661 114 382 INF INF 690 270 INF INF 221 105 300 INF 248 244 625 312 INF INF 655 218 450 293 406 151 663 INF 706 104 675 749 760 447 270 301 639 703 INF INF 67 437 739 INF 510 226 174 268 161 332 INF INF 597 INF 109 495
309 310 250 INF INF 0 326 166 INF INF INF INF 203 INF INF 55 131 INF INF INF 385 374 434 INF 582 84 516 88 INF INF INF 582 277 739 INF 553 536 71 522 INF INF INF 583 371 INF 328 262 461 765 INF 558 677 443 INF 579 INF INF 275 INF 409 INF 87 648 474 622 INF 565 INF INF INF 464 767 122 333 INF 419 659 INF 175 INF INF INF 439 INF INF
772 529 463 476 82 187 0 420 616 712 350 628 360 314 528 204 240 INF 543 477 360 713 INF 469 437 509 391 473 301 INF 526 INF INF 688 746 110 666 INF 130 INF 545 INF 307 INF INF INF 447 348 INF 180 771 537 256 125 154 491 296 76 INF INF INF INF 288 594 INF 553 INF 741 INF 226 322 321 330 INF 454 279 143 559 147 INF 189 706 181 INF INF
773 INF 317 754 407 424 645 0 221 160 INF 273 124 739 734 487 204 713 77 584 370 273 543 316 590 INF 328 654 667 155 INF 148 244 389 INF INF 485 INF INF 182 631 152 406 357 INF INF 525 352 391 573 261 89 329 640 693 133 241 INF INF 528 100 282 INF 564 648 361 778 INF 306 426 INF INF 498 482 71 487 321 659 625 INF INF 354 708 522 89
641 196 374 729 202 583 INF INF 0 INF 421 445 INF INF 517 INF INF INF INF 574 197 126 INF 254 499 377 256 374 230 650 INF 328 190 534 176 INF 346 INF INF 373 753 INF 227 INF 514 449 INF INF 376 414 529 512 636 73 440 INF 356 390 615 INF 596 INF 418 255 140 446 376 319 INF 97 INF 171 INF INF INF 146 732 124 360 435 477 166 511 INF 419
INF INF 419 INF 361 147 INF INF 123 0 157 72 INF INF 253 INF 383 393 633 INF 175 121 INF 587 759 INF 323 105 434 543 INF 465 INF 169 110 224 INF 421 211 731 INF 197 INF INF 768 INF 174 612 366 551 670 INF 730 INF 433 INF 281 171 186 INF INF INF 290 444 245 71 634 254 709 448 646 374 INF INF 588 440 INF 239 706 138 154 234 INF 274 177
INF 585 461 INF 453 267 438 628 536 124 0 586 729 316 470 325 497 378 INF 229 720 INF INF INF 721 556 496 283 INF INF 580 636 INF 459 81 INF INF INF 369 INF 637 652 279 INF 703 92 763 371 574 596 INF INF 222 745 374 INF 769 213 INF INF 211 INF 786 779 INF INF 690 251 520 259 INF INF INF 490 INF 733 INF INF 81 539 678 INF 653 711 465
91 101 229 118 121 259 642 513 102 INF 149 0 695 INF 151 INF INF 46 INF 526 531 INF INF 536 690 125 INF 182 534 743 241 439 157 INF 122 INF 716 INF INF 189 71 204 704 INF INF 192 161 INF INF 636 656 547 INF 316 264 77 INF INF INF INF 522 229 INF 490 INF 599 INF 714 596 178 141 579 182 777 514 699 INF 585 INF 640 646 715 646 INF 619
INF INF 754 INF INF 669 79 INF 593 201 774 INF 0 294 INF INF 654 266 438 286 276 509 641 INF 635 644 355 207 INF 360 334 581 INF INF 567 147 539 274 119 INF INF 696 INF INF 448 INF 186 76 INF 574 224 215 229 210 454 463 775 82 507 INF 564 303 INF INF 492 464 INF INF 769 488 544 240 INF 159 378 497 77 650 305 518 583 774 INF 669 526
INF INF 313 INF 103 INF INF INF 379 354 533 652 471 0 INF 588 648 INF INF 468 181 INF 382 298 389 504 INF INF 555 INF INF INF 140 737 INF INF 714 INF 475 479 655 358 677 604 INF 517 INF 142 156 INF INF 580 740 71 337 INF 711 720 735 INF 109 164 INF 155 INF 766 593 301 345 105 629 632 INF INF INF 544 INF 107 401 730 187 600 383 254 716
166 INF 770 620 290 INF INF 525 384 777 434 189 INF 620 0 171 INF 321 619 476 137 487 347 706 INF INF 269 588 311 INF 731 739 INF 446 594 INF 647 INF INF INF 175 INF 684 INF INF 587 INF 339 INF INF 405 298 718 354 INF 543 INF 688 117 363 561 84 439 159 174 INF 465 INF 76 INF 537 655 519 INF 181 355 383 INF INF INF INF 473 689 608 695
177 INF 220 140 INF 519 405 559 385 486 766 524 183 188 747 0 INF 323 180 INF 137 289 619 INF 146 415 INF 473 623 394 143 684 164 284 INF 573 243 INF 227 INF 512 INF 79 INF 603 221 598 557 INF 492 180 533 483 287 664 611 278 INF 341 552 368 502 INF 342 728 431 458 INF 341 INF 455 425 388 649 INF 122 472 230 717 111 INF 72 367 323 411
249 INF 105 INF INF 106 439 125 444 96 528 282 406 77 363 372 0 INF 581 179 539 INF 774 237 165 INF 582 INF 449 680 537 232 INF 179 INF INF 571 364 214 434 276 536 628 192 287 389 INF INF 249 INF 713 INF 624 INF INF 775 631 514 INF 245 185 135 356 250 INF 518 427 INF INF INF 82 325 415 522 INF INF INF 132 INF 62 INF 704 389 INF 634
INF 734 256 247 438 658 171 555 INF 391 703 61 156 199 109 INF 541 0 415 705 572 264 512 280 241 175 INF 168 515 669 INF 538 419 182 INF 286 134 646 INF 757 INF 598 114 739 167 92 INF INF 473 646 INF INF 400 600 INF INF 597 212 INF INF INF 367 715 669 542 INF 538 INF 286 INF 232 177 INF 548 INF 415 INF 690 433 318 75 405 552 763 586
161 INF 485 550 371 73 261 651 INF INF INF 568 240 INF INF 617 612 INF 0 677 184 461 407 100 INF 151 288 519 INF 725 397 INF 442 INF INF 359 385 INF INF 421 503 INF 277 292 INF 209 40 586 71 INF INF INF INF 586 INF 481 117 139 342 INF 499 94 306 INF INF 222 442 759 INF 408 411 INF INF 593 INF 394 165 57 INF 239 273 405 INF 566 710
682 INF INF 763 INF 252 INF 234 771 593 154 777 96 716 190 410 601 INF 471 0 212 252 134 547 INF INF INF 141 568 188 205 INF 93 294 559 INF INF INF 480 327 135 236 360 729 INF 418 INF INF INF 246 278 365 239 335 INF 669 512 330 INF 470 449 INF 413 514 720 INF 348 492 89 172 455 772 438 496 INF 469 INF INF 614 INF 249 INF 292 258 191
692 381 INF 748 776 559 INF 247 INF 539 703 INF 350 241 INF INF INF INF 395 414 0 224 98 238 166 INF 601 530 349 342 INF 199 INF 528 INF INF 132 INF 317 567 198 INF 445 493 363 217 152 274 204 562 658 INF 209 302 INF 600 INF 316 INF 385 288 619 INF 571 INF 591 618 404 367 INF 433 530 721 371 208 499 513 117 725 202 244 INF 481 INF 156
658 223 398 INF 130 INF 753 588 162 336 453 503 146 439 INF 624 INF 151 746 499 INF 0 231 695 471 360 693 INF 330 INF 731 INF 225 INF 344 INF 601 145 212 149 536 667 178 INF INF 709 INF 727 218 689 547 228 INF INF INF 742 701 INF INF INF 332 81 590 INF 459 INF 353 717 INF 257 INF 387 INF 170 216 633 205 441 418 292 180 INF 239 222 INF
589 INF 309 631 INF INF 382 324 759 632 627 652 INF 267 INF 637 707 INF INF 383 134 139 0 INF INF 320 236 INF 228 100 545 673 500 516 INF 195 364 736 INF 390 779 436 INF INF 313 263 669 634 INF 738 224 270 529 425 413 679 521 695 534 134 INF 526 608 INF 672 INF 359 533 719 319 515 INF 749 392 712 INF 397 300 INF 497 492 INF 610 516 INF
INF 305 611 210 INF 360 578 413 596 747 605 688 INF 95 116 587 691 INF INF INF 79 INF INF 0 227 256 INF INF 87 INF 379 338 INF 323 395 661 556 INF 94 422 266 628 74 INF 145 463 INF 562 764 265 279 INF 732 INF INF INF 216 269 390 INF 591 450 182 731 733 256 69 INF INF INF INF 637 INF 325 INF 569 341 490 638 725 389 INF 660 193 303
68 103 689 INF 596 542 516 173 452 498 724 INF 539 625 706 656 257 INF 100 INF 614 621 217 INF 0 147 669 517 426 422 675 494 INF 104 553 INF 487 634 231 INF 558 INF 406 INF INF 604 466 INF 125 503 635 598 644 INF INF 187 346 INF 656 576 300 726 INF 643 INF 681 497 228 574 445 590 737 407 664 148 INF INF INF 370 693 80 688 INF INF INF
334 120 571 INF 301 61 143 INF 648 552 681 83 77 INF 310 592 211 INF 232 INF 560 INF 533 545 INF 0 106 624 624 144 725 309 562 590 271 INF 587 465 77 498 545 339 INF 470 426 INF 281 234 727 INF 560 201 626 263 INF 659 704 INF INF INF 371 348 623 INF 566 INF INF 603 500 INF INF 192 233 303 INF 688 524 119 INF 745 574 541 246 676 INF
INF INF INF INF INF 729 INF 709 654 INF 545 INF 110 INF 590 462 489 281 319 149 INF 443 54 412 377 247 0 694 INF 281 368 186 148 119 622 144 INF 368 292 149 702 283 226 189 INF INF 446 534 265 INF 57 571 173 317 424 INF INF 367 93 764 INF 120 569 208 502 757 INF 266 88 584 742 INF 678 393 342 746 INF INF INF 243 521 INF 263 718 132
409 INF 202 153 INF INF INF 658 INF 599 383 166 203 100 122 379 415 270 380 338 682 547 720 282 259 79 INF 0 539 675 163 245 INF INF INF 238 INF INF 138 302 527 INF 538 751 INF INF 54 210 INF 541 766 INF 115 INF 331 302 372 640 INF 321 INF 435 505 666 292 179 INF INF 366 581 524 INF 446 273 INF 403 476 210 315 236 730 INF 677 162 540
498 640 240 400 629 INF INF 431 81 369 INF 302 251 691 INF 680 95 INF 566 549 462 246 473 757 755 647 405 282 0 427 377 INF INF 333 123 605 408 138 572 INF INF INF 180 747 INF INF INF INF INF 361 88 424 INF 165 708 619 192 INF INF 439 682 646 INF 574 INF INF 67 240 INF 686 748 516 261 127 468 639 INF INF 264 295 520 634 490 129 411
611 151 172 437 231 614 INF 80 319 358 394 417 413 634 366 553 463 203 688 INF INF 647 INF 110 INF 766 609 139 617 0 127 INF 545 175 243 319 544 INF INF INF 105 125 INF 396 INF INF 686 770 534 543 349 633 INF 435 730 666 INF 368 442 737 INF INF 685 INF 740 271 INF 722 451 INF 270 99 525 INF 248 608 456 221 298 456 INF 258 194 INF 488
697 455 540 703 222 649 159 578 220 686 INF 471 472 537 INF 590 INF 470 646 752 263 664 465 81 417 91 503 INF 612 102 0 INF INF INF 164 INF 154 437 INF 180 438 447 281 658 264 276 INF INF 80 INF 215 371 170 422 759 501 491 114 INF INF 534 285 65 395 559 774 INF INF INF 134 318 505 382 INF 269 206 INF 629 INF 226 INF 361 INF 525 82
568 465 INF INF INF INF 341 169 683 196 451 INF 393 526 237 348 357 115 758 534 668 391 331 INF INF INF INF 495 200 320 460 0 INF 637 INF 175 252 INF 54 347 104 123 416 INF INF 255 INF INF INF 69 755 125 322 544 644 494 432 INF 90 240 401 INF 370 INF 200 397 INF 614 249 INF 111 596 507 693 730 570 526 408 685 341 339 561 710 267 325
643 645 456 391 INF 184 71 619 708 312 385 218 INF 507 645 483 INF 674 INF 111 435 458 INF 411 516 101 705 INF 739 INF 593 INF 0 587 INF 355 170 INF 587 INF 484 297 629 INF 330 INF 131 368 280 385 INF 428 525 INF 646 258 213 774 750 INF 199 214 INF 440 229 641 640 292 462 598 82 538 558 189 610 INF 425 395 INF 269 INF 603 602 INF 327
315 389 403 INF 66 473 432 114 208 514 259 INF 396 388 287 INF 616 684 542 67 222 219 519 INF 350 537 INF 137 621 198 INF 396 544 0 INF 582 INF 728 371 136 464 INF 560 INF 259 617 609 INF 78 81 INF 226 431 415 INF 386 615 INF INF INF 442 508 164 191 INF 259 185 INF 668 595 545 629 INF 726 458 570 INF INF 349 233 729 318 INF 358 695
621 125 320 216 INF 80 521 INF INF INF INF 386 INF INF INF INF 270 134 INF 253 556 556 599 772 662 92 284 612 436 696 278 74 728 489 0 INF 613 461 INF INF INF 476 INF 380 252 401 729 459 665 208 542 483 143 589 748 788 101 128 466 564 436 INF 442 643 522 520 INF 437 624 INF 593 349 382 INF 510 439 679 757 256 INF INF 134 INF 226 558
664 564 244 INF 242 549 555 564 229 INF 583 559 542 309 694 411 260 139 754 222 381 558 INF INF INF 489 INF INF INF 143 INF 377 678 95 524 0 468 INF 582 362 101 452 522 327 INF 576 INF INF 113 732 415 INF 396 INF 497 255 553 INF 641 166 INF INF 406 INF 299 468 INF 371 129 765 478 INF 380 364 446 283 477 95 424 INF 664 INF 773 INF INF
613 376 187 INF 244 509 478 307 INF INF 774 INF 383 INF 249 INF 538 INF 142 INF 173 206 263 310 187 295 218 725 730 674 INF INF 464 291 292 INF 0 593 INF 505 INF 371 592 INF 488 INF 69 511 366 68 INF INF 332 184 396 INF INF INF 469 301 609 INF INF 638 604 INF INF 529 710 149 667 INF 330 411 INF 517 647 434 107 203 INF 314 788 327 217
360 621 674 358 INF 328 INF 520 692 577 708 INF INF 679 INF 584 INF INF 68 597 533 407 INF 405 INF 690 95 INF 738 728 486 398 380 354 747 70 491 0 INF 161 266 97 INF 89 243 608 37 220 INF 758 616 214 731 INF INF 75 261 537 293 291 INF 606 332 516 INF 746 351 INF INF 425 INF 148 391 439 574 INF 367 INF 293 442 717 INF 390 649 737
64 629 INF INF INF 258 INF INF 685 INF 693 INF 619 68 INF 196 423 711 261 563 357 651 418 231 207 INF INF 761 INF 183 506 392 185 489 INF 752 106 INF 0 144 564 INF 454 458 149 194 90 INF 735 83 INF INF 703 293 INF 748 INF 628 713 133 INF 111 497 388 INF INF INF INF 684 110 INF 396 663 INF 415 258 394 INF 380 228 INF INF 445 340 108
657 396 683 740 INF 122 INF 51 321 702 INF 487 INF 210 616 48 226 717 507 101 501 614 238 INF INF INF INF 581 617 678 507 333 655 361 426 396 INF 436 582 0 661 INF 417 INF 339 279 225 INF 445 INF 653 332 INF 305 INF 724 551 722 406 167 538 INF INF 284 762 411 258 535 620 492 407 411 INF 264 INF 362 101 448 710 629 91 194 447 224 INF
210 104 436 INF 487 561 INF 70 459 INF 647 460 63 94 327 59 INF 693 670 506 215 INF 417 INF INF 117 INF 724 456 INF 456 INF 146 218 365 90 567 175 INF 575 0 INF 690 INF 485 186 566 INF INF 225 445 INF 233 579 INF 69 221 INF 334 INF 295 INF 499 INF 144 INF INF 346 216 448 438 709 INF 77 INF 181 INF 426 237 INF 390 258 168 203 284
674 534 INF 390 528 308 450 417 INF 148 394 490 INF 146 228 622 343 660 232 499 272 272 263 300 753 398 239 144 531 129 322 INF INF 644 INF 599 INF 469 654 474 606 0 169 499 204 INF 643 328 233 402 673 202 691 INF 745 138 694 701 INF INF 671 620 633 745 280 551 INF INF 369 243 497 INF INF 244 443 357 352 176 89 414 INF 370 655 132 INF
483 702 INF INF 596 508 INF 639 444 251 495 630 301 120 INF 112 274 578 221 736 INF INF 221 242 INF 398 430 INF INF 672 137 177 575 INF 101 240 439 INF 649 500 650 493 0 INF 296 INF INF 273 119 INF INF 500 300 669 INF 84 268 366 311 INF 690 140 748 281 497 380 INF INF 480 160 710 INF 402 377 INF 247 INF 569 494 219 INF 574 631 INF 280
340 111 280 INF 546 INF INF 444 285 241 159 676 385 530 752 461 300 762 758 222 713 INF 786 185 663 269 INF 366 356 INF 331 INF 527 239 730 INF 384 605 240 335 741 388 244 0 232 779 INF INF 430 554 INF INF 483 184 INF INF INF 723 507 722 338 549 330 402 INF INF 649 771 INF INF 780 504 238 376 INF INF INF 96 INF 642 753 248 323 INF 409
INF 553 166 INF 425 218 747 INF INF 621 151 188 INF 343 INF 160 INF INF 209 INF INF 88 761 INF 594 743 INF 296 INF 405 INF INF INF 98 INF 163 669 INF 669 385 INF 583 INF 177 0 189 201 559 INF 120 INF 345 331 86 483 546 467 641 332 INF 253 244 610 171 INF INF INF 725 INF 533 611 239 701 INF INF 76 372 INF INF INF 219 681 236 505 736
344 INF 387 586 240 471 707 120 INF INF 539 725 INF 724 316 587 172 INF 114 141 563 INF 227 563 730 INF 417 732 98 INF 408 410 INF INF 594 593 362 INF 344 484 764 INF 66 INF 500 0 454 INF 313 193 217 INF 671 410 INF 529 743 586 619 375 546 INF INF 95 74 361 624 464 210 323 INF 171 727 697 419 INF 653 701 398 209 588 INF 743 351 INF
251 344 344 464 259 552 578 114 720 138 INF 567 595 INF 626 298 INF INF INF 590 634 276 414 216 209 INF 610 119 264 INF INF 337 INF 384 136 472 283 427 103 INF 120 INF 500 INF INF 532 0 INF INF 406 266 INF 643 775 643 INF INF 416 527 618 INF INF 114 748 INF 421 634 INF INF INF 565 413 88 INF 328 INF 183 253 585 412 INF INF INF INF INF
71 INF INF 524 519 754 INF 612 748 INF 420 488 INF 68 382 752 628 604 INF INF 256 663 423 360 650 586 487 429 INF INF 276 INF 668 INF INF 502 496 INF 621 603 623 INF 193 INF INF INF 608 0 611 324 INF 532 INF INF 85 418 INF 706 INF 209 461 465 504 411 183 INF 491 INF 638 94 INF 123 53 INF 693 INF INF INF INF 258 INF 666 97 388 730
385 297 INF INF 557 INF 347 191 609 480 572 521 102 436 INF 458 INF 543 658 INF 365 625 703 INF INF 317 424 341 597 323 537 572 412 538 561 638 311 250 683 519 INF 90 INF 656 INF INF 191 120 0 605 INF 278 INF INF INF 119 434 488 222 590 INF 546 760 INF 178 INF INF INF INF 517 257 159 183 INF 590 494 INF 304 781 532 205 187 234 603 774
INF 137 INF 500 589 INF 300 354 695 84 INF 525 160 INF 319 398 131 132 496 289 349 INF INF 471 452 INF 650 210 616 750 87 325 268 60 INF 278 306 INF 609 634 553 302 112 INF 665 INF 245 INF 338 0 415 INF 537 184 INF 262 INF INF INF 178 INF 64 INF INF 590 731 INF INF 655 192 391 571 531 INF INF 694 INF 166 714 294 155 236 247 INF INF
745 589 INF 421 714 642 426 426 520 INF 164 472 627 192 281 600 694 INF 601 204 78 296 351 INF 775 117 71 INF INF 567 INF 92 532 429 INF 756 580 404 490 505 INF 147 INF INF INF INF INF INF 749 490 0 INF 304 INF 216 400 594 160 674 98 161 296 303 766 INF 670 686 677 INF 420 335 94 377 297 INF 462 244 INF INF 473 296 662 INF INF INF
213 644 703 282 479 111 610 716 125 592 491 INF 378 342 580 INF 311 INF 401 290 649 163 534 694 380 599 573 INF INF 438 667 171 INF 730 110 494 725 100 731 398 743 386 452 534 INF 431 135 193 INF 88 581 0 INF 539 85 INF 636 INF INF INF 579 INF 602 INF 278 352 331 INF 303 INF 587 INF INF INF INF 542 659 INF 304 593 173 INF 204 468 151
INF INF 446 INF INF 665 704 183 311 774 INF 602 INF 497 563 384 INF 748 75 297 490 INF INF 694 446 518 716 INF 734 367 467 INF 243 148 345 256 261 655 479 313 357 INF 143 644 633 156 490 INF 475 108 326 INF 0 249 721 733 224 103 82 INF 221 430 126 731 INF 319 400 182 790 716 784 651 239 621 INF 219 564 636 INF 223 505 644 168 467 INF
761 477 INF 608 214 358 295 402 INF 236 752 454 545 INF 661 698 INF INF 604 482 735 231 INF 322 664 INF 121 565 363 INF INF 143 INF 712 204 617 290 561 INF 652 INF 668 267 449 647 378 476 170 405 567 464 398 465 0 INF 684 618 INF 533 INF INF 511 251 514 491 374 79 294 549 288 253 578 455 759 691 596 779 INF 721 278 257 INF INF 587 413
694 263 358 INF 139 735 193 INF 119 766 198 519 INF 189 INF 463 INF 650 376 778 INF INF 84 144 422 672 514 414 INF 591 557 734 633 699 655 595 196 383 INF INF 674 504 INF 142 590 541 INF INF 787 INF 272 504 520 730 0 624 521 743 241 396 314 328 INF 196 INF 663 INF 764 724 357 155 INF 278 583 400 219 INF 339 INF INF 179 727 INF INF INF
290 581 569 207 279 518 737 474 423 254 606 INF 173 INF 307 INF 285 529 INF 357 INF 378 585 500 309 502 635 230 INF INF 309 581 373 INF 481 498 INF INF 161 332 401 713 148 INF 188 781 INF 440 INF 592 253 INF 107 710 676 0 708 447 633 235 769 527 253 705 717 118 274 481 INF INF 304 374 726 INF 627 211 695 537 477 INF 316 INF INF 305 589
443 473 146 667 202 97 781 INF INF 462 158 498 INF 317 253 244 644 190 505 INF 560 INF 601 INF 110 INF INF 475 INF 270 INF 452 691 679 105 INF 718 213 89 509 405 INF INF 445 741 336 701 768 165 173 588 688 444 245 70 323 0 366 91 INF 568 690 564 INF 200 INF INF 695 INF 727 477 527 INF 343 212 73 201 366 531 488 395 INF 734 520 INF
708 739 275 422 INF 585 721 INF INF 599 506 706 614 530 INF 687 696 123 696 298 72 661 82 560 440 613 INF INF 176 286 INF 691 INF 235 409 INF INF 514 INF INF 385 271 225 367 633 222 314 INF 142 454 255 417 712 215 INF INF 328 0 174 INF 188 INF 315 336 INF 329 656 INF 131 INF INF 197 244 690 INF 536 INF INF INF 52 564 492 65 735 596
146 330 623 497 136 158 157 547 725 661 INF INF INF INF INF 382 465 INF INF 428 459 511 565 434 143 634 94 74 172 INF INF 70 287 396 169 INF INF INF 370 INF 187 87 739 89 INF 193 366 316 638 239 INF 324 157 735 INF 172 277 INF 0 559 776 191 123 INF INF INF 220 84 INF 216 235 INF 367 301 INF 132 INF 82 181 735 INF INF 212 INF INF
702 614 382 INF 290 INF 401 182 651 118 158 57 256 INF 366 658 149 324 INF 389 43 INF 178 132 557 INF 737 238 601 435 502 111 200 210 337 545 250 564 INF 359 714 176 192 279 363 INF INF 359 356 INF 67 553 566 728 460 626 INF INF 711 0 INF 545 755 INF INF 429 611 612 523 497 152 INF 268 INF INF INF 79 211 395 INF 721 585 351 747 134
149 211 307 86 476 250 INF 437 INF INF 489 INF 734 INF INF INF 659 INF 232 INF 493 INF INF 213 72 249 627 INF INF 498 198 INF 222 514 370 527 624 538 249 139 745 INF 83 264 218 756 INF 345 INF 455 79 440 276 358 570 279 98 482 618 INF 0 526 745 INF INF 551 INF INF 248 386 INF 155 602 377 483 INF 751 166 718 INF INF 765 230 202 701
INF 681 INF 177 447 285 611 INF INF 398 395 369 214 398 INF INF INF 108 536 461 INF 112 472 487 344 INF 781 204 670 704 701 INF INF 389 574 INF 276 421 INF INF INF 565 496 144 181 INF 531 311 213 386 715 236 413 675 408 259 234 637 356 INF INF 0 237 INF 466 598 680 479 228 INF 452 235 INF 153 INF 157 INF 487 87 INF 461 591 289 447 INF
INF 664 605 343 640 INF 733 608 638 687 671 446 712 369 627 INF 93 317 578 307 INF 394 391 505 INF INF 170 581 INF 555 343 366 598 INF 449 INF 319 186 402 500 75 INF 125 267 517 INF 428 INF 170 INF 599 105 134 232 341 127 INF 429 INF 538 INF 66 0 165 INF 228 INF 551 700 237 370 74 431 350 INF INF 96 600 136 330 332 461 429 575 487
306 117 134 200 150 INF 753 545 INF INF 454 INF 140 641 437 222 INF 691 470 INF 587 INF 252 143 686 537 533 511 745 INF 367 90 575 167 273 INF INF 291 472 181 429 377 336 206 INF 621 340 110 622 INF INF 621 INF 458 INF INF 158 369 INF INF INF 569 364 0 INF 94 761 628 439 INF 275 INF 481 362 69 544 INF 692 97 703 INF 707 528 334 656
274 447 INF INF 354 475 216 91 INF 173 INF INF INF 354 INF INF 210 INF 220 676 505 INF 193 518 764 INF 770 INF 69 556 INF INF INF INF INF INF 429 510 595 325 773 425 635 540 INF INF 382 INF INF INF 478 INF INF INF INF INF INF 273 149 544 INF 620 504 692 0 683 468 INF 294 187 389 INF INF 779 INF INF 691 548 INF 776 622 117 148 INF 247
53 INF INF INF 186 283 106 742 INF 276 284 315 171 82 91 532 308 643 61 691 359 INF INF 475 527 140 INF INF 646 136 INF 252 INF 704 INF 565 378 149 693 INF 620 250 78 INF 686 644 302 INF 130 526 INF 534 760 377 111 363 711 423 448 706 108 464 356 INF 448 0 558 547 733 576 148 484 681 108 523 634 417 INF 657 143 INF INF INF 639 INF
104 335 128 486 647 516 409 401 565 524 677 195 126 504 628 INF INF INF 357 INF 505 64 536 121 INF 444 627 INF INF 516 INF 51 538 INF 625 614 INF 142 361 INF INF INF INF INF INF 211 240 472 INF 716 456 INF 459 INF 319 590 731 619 INF 524 INF 327 563 INF 753 INF 0 INF 378 172 397 233 646 INF 513 490 372 326 566 INF 506 356 290 173 191
250 372 373 180 INF 196 130 INF INF 578 726 500 INF 439 540 537 533 INF INF INF INF 142 102 707 372 INF 656 269 371 INF 572 INF INF 757 INF 248 INF 627 INF INF INF 469 INF 439 452 500 INF INF 133 INF 605 670 183 50 INF 664 443 INF 153 299 388 326 INF INF INF 523 171 0 738 143 523 685 503 INF 338 INF 534 290 323 600 INF 312 INF INF INF
669 313 251 317 INF INF INF INF 505 520 564 INF 287 725 INF 754 258 INF INF INF 139 220 INF INF 214 123 285 412 386 INF 662 INF INF 753 121 INF 125 241 702 96 INF 557 INF 448 255 607 67 147 700 169 244 INF 626 INF INF INF INF 181 INF 656 474 INF 433 151 376 91 517 INF 0 396 INF INF 312 189 174 715 168 434 INF 410 674 420 415 INF INF
INF INF 768 537 INF 784 393 355 757 479 681 534 475 INF INF 283 INF INF 530 223 203 543 289 377 706 328 416 558 745 532 INF 474 229 INF 638 768 503 545 INF INF 315 INF 735 INF 327 275 399 INF 774 638 326 210 751 411 234 210 616 INF 586 INF 172 INF 675 INF 204 517 338 318 530 0 INF 617 INF INF 464 INF 360 409 715 INF 767 INF INF INF 576
INF INF 195 576 671 717 INF 514 652 276 333 169 697 302 749 118 INF 654 441 254 INF 647 416 INF 565 438 INF 598 122 164 590 INF INF INF 268 490 139 72 129 INF 276 INF 333 524 INF 456 654 INF 747 INF 709 586 708 565 102 INF INF 316 688 536 487 529 INF 740 INF 724 INF 791 INF 564 0 619 INF 334 174 388 479 261 623 496 593 INF INF 254 709
366 170 INF INF INF 294 527 307 307 621 INF INF 194 752 INF 370 485 683 INF 679 INF 716 INF 155 680 208 281 INF 164 INF 782 INF INF 773 212 551 677 INF 658 218 440 647 144 178 INF 672 INF INF 645 332 INF INF INF 441 INF INF 198 354 169 INF 544 464 378 267 542 599 195 INF 400 INF 726 0 440 INF 147 532 752 483 330 INF 506 357 383 384 758
696 605 525 INF 661 553 274 122 453 208 212 INF INF 268 251 512 450 163 652 529 134 INF 614 INF 439 392 481 470 690 494 360 700 INF 569 598 761 479 554 234 695 443 288 INF INF 139 INF INF 334 333 47 INF INF 139 INF 238 304 291 424 544 581 INF 120 INF 433 489 INF 539 123 435 INF 539 330 0 557 INF 320 271 496 103 270 404 119 627 350 516
INF INF 303 INF INF 204 INF INF 233 149 INF 417 INF INF 558 631 338 INF 589 292 317 138 INF 584 667 477 INF 608 124 92 576 475 374 709 55 238 689 780 INF 552 109 371 348 INF INF 356 638 508 699 401 529 68 106 404 433 693 INF 259 287 772 737 INF INF INF INF INF 232 104 728 354 INF 424 409 0 784 INF 273 669 629 282 INF INF INF 49 INF
452 INF INF 200 707 353 173 707 126 299 666 INF 437 76 392 631 INF 227 80 192 281 445 387 INF 675 413 INF 469 INF 739 552 458 157 517 580 167 264 561 515 INF 488 103 287 INF 110 582 354 362 100 457 INF INF 525 271 769 141 INF 387 INF 641 444 350 160 INF 463 INF 470 276 495 495 341 746 353 INF 0 770 745 663 416 185 INF 192 255 263 553
106 340 235 474 763 595 161 246 INF INF 527 INF INF 253 317 427 305 INF 516 INF 734 623 405 196 INF 518 INF 80 648 557 263 130 613 INF INF 234 INF 612 676 305 566 529 INF INF 493 367 INF INF INF INF 326 INF INF INF 716 176 92 466 141 316 INF 249 153 INF INF INF 51 79 INF 776 INF 371 INF 103 741 0 427 280 144 119 79 240 653 685 INF
524 405 399 102 560 357 441 INF INF 497 558 INF 370 INF INF 724 473 155 152 706 INF INF 448 INF INF 489 54 538 246 438 669 196 512 INF 441 293 46 INF INF 659 648 714 325 INF 127 346 INF 255 239 456 611 405 176 INF 609 INF 338 278 INF 337 INF 116 740 154 116 544 589 INF 721 INF 739 173 567 63 70 518 0 534 449 INF INF 279 INF INF INF
256 INF 339 462 618 565 248 645 INF 654 710 INF INF 758 117 INF 77 533 INF 183 56 200 156 230 INF INF 435 INF INF INF 709 677 148 171 500 INF 574 743 736 83 277 INF 667 INF INF 201 391 370 INF 244 592 INF 730 293 426 639 INF 498 628 612 INF INF 641 INF 574 780 339 477 462 INF 653 INF 123 223 194 INF 274 0 INF 159 INF INF INF 523 597
640 405 162 INF INF 222 87 347 INF INF 122 INF 739 273 INF 269 769 INF INF 94 737 166 158 647 202 INF 661 320 INF 657 568 257 93 INF 200 INF 169 INF INF INF INF INF 141 INF 401 352 596 530 466 172 INF 316 725 531 718 406 476 70 INF INF 581 539 65 643 723 64 INF INF INF 332 INF INF 249 INF 365 562 234 INF 0 INF INF INF 387 INF 342
620 509 INF 240 319 INF 321 INF INF 298 INF 697 INF 182 INF 502 401 709 206 161 247 INF 675 INF 594 279 102 INF 566 416 194 343 739 102 657 109 INF 419 INF 90 477 593 266 316 385 695 INF 92 515 INF INF 431 141 723 INF INF INF INF 405 90 656 INF 184 602 380 271 529 198 347 281 INF INF 217 437 555 330 INF 757 637 0 INF INF INF INF 220
INF 210 INF INF 564 133 INF 175 576 376 635 278 550 611 285 150 401 INF 594 INF INF 222 275 663 496 INF 661 INF INF INF INF 702 674 757 91 INF INF 621 649 667 INF 501 533 115 375 164 409 INF INF INF INF 431 INF 252 INF INF INF 217 223 93 345 INF 154 INF INF 732 646 669 INF 460 358 540 686 139 414 316 456 INF INF INF 0 153 388 275 INF
494 778 INF 165 INF 368 752 746 297 123 INF 545 670 298 79 429 662 INF 760 736 354 383 230 467 INF 111 731 505 INF 635 INF 511 553 752 INF 633 475 146 573 348 738 INF 470 249 341 775 INF 201 453 134 700 INF 676 INF 340 144 535 414 85 325 INF INF INF INF 539 INF 387 INF INF 335 687 518 468 564 361 INF 400 684 INF INF 491 0 INF 538 240
474 600 659 INF 417 567 198 INF INF 255 428 472 86 65 INF 324 190 INF INF INF INF 626 401 594 INF INF INF 734 711 633 INF 693 INF INF INF 412 619 611 86 213 309 INF 491 303 363 INF 641 155 613 706 538 97 337 INF 119 692 228 611 770 163 INF 730 92 401 141 204 203 294 543 INF 733 683 560 500 746 179 218 240 535 599 INF 373 0 433 359
437 INF INF INF INF 369 593 337 528 INF 184 273 576 773 INF 735 273 737 INF 729 430 694 293 390 664 INF 768 464 362 614 INF 189 INF INF INF 283 398 518 INF 130 661 511 INF INF 351 INF 732 INF INF 172 219 INF INF 552 INF 139 379 769 INF 179 740 269 553 407 731 INF 681 616 INF 215 INF INF 128 240 INF INF 349 INF INF 451 414 INF INF 0 INF
INF 777 99 182 214 673 221 53 114 228 387 INF 162 370 INF INF 115 83 479 647 702 658 144 INF INF 780 580 229 INF 93 INF 89 545 285 219 368 504 607 INF INF INF 487 647 INF INF INF 350 INF 456 INF 682 INF 129 INF 149 233 750 425 INF INF 298 424 INF 555 INF INF 785 INF 281 151 INF 341 718 625 350 674 589 536 INF 163 277 INF 460 236 0
