0 90 INF INF 521 732 255 489 INF INF INF 207 76 171 569 535 549 638 INF 268 208 525 INF 518 509 668 INF 589 249 747 730 480 299 217 INF INF 67 563 INF 593 419 193 585 397 INF 179 603 574 395 INF 486 INF INF INF 592 720 INF INF 130 405 INF INF 254 541
222 0 INF INF 723 209 537 73 438 534 409 321 173 121 220 375 INF INF 84 INF 70 760 368 269 744 365 557 757 244 INF 579 523 382 754 744 INF INF 721 719 INF INF 637 INF INF 68 INF 762 747 INF 727 747 670 184 661 84 510 314 158 747 341 165 554 125 INF
162 INF 0 199 209 450 535 164 267 INF 65 INF 75 510 INF 725 234 471 INF 536 236 669 INF 728 339 709 190 118 INF 402 777 INF INF 93 274 INF 592 424 INF 262 INF 206 363 491 INF 651 395 105 INF 167 177 515 723 213 249 529 151 337 369 INF 555 618 INF 586
181 156 510 0 471 631 342 319 694 261 461 487 685 644 INF 62 587 508 167 99 713 559 199 734 487 713 INF INF 533 435 INF 438 523 INF 437 773 91 420 219 626 INF 147 410 724 INF 574 311 INF 549 INF 589 INF 404 731 INF INF 533 INF INF INF 634 144 170 INF
INF 537 760 534 0 598 459 107 INF INF 129 115 192 668 52 243 671 390 INF 581 527 INF INF 557 476 468 INF INF INF INF 442 652 739 170 661 408 294 INF INF INF 739 INF 563 458 579 510 155 234 631 167 596 420 139 601 INF 585 640 INF INF 67 231 710 438 INF
INF INF 675 INF 638 0 709 656 175 383 427 INF INF 194 551 508 772 INF 438 383 INF INF 280 619 INF 377 INF INF INF 175 230 INF 170 391 127 381 279 675 532 731 INF 85 INF 602 459 416 485 INF 192 650 150 272 198 669 529 97 364 680 368 185 INF INF 491 INF
706 406 102 INF 644 609 0 315 INF 572 392 INF 546 76 776 490 205 124 258 769 144 INF 98 669 492 146 326 506 367 INF 267 INF 381 INF 401 INF INF 146 64 299 INF 521 274 INF 204 525 82 INF 665 INF 748 406 261 783 523 INF 220 695 364 125 INF 652 INF INF
INF 493 270 280 343 514 143 0 INF 206 INF INF 144 220 532 424 716 INF 248 659 114 INF 509 269 407 INF 197 170 416 INF 504 318 648 INF 291 416 133 57 454 INF 346 INF 765 268 438 571 556 INF 367 194 144 INF 503 429 775 537 252 344 757 695 315 558 93 225
144 702 747 525 349 461 482 INF 0 INF 728 196 INF INF INF INF 545 228 676 85 286 INF INF 658 409 421 115 667 321 INF INF 501 490 675 483 562 511 INF 395 598 INF 480 413 INF INF INF 534 182 754 INF INF INF 115 INF INF INF 594 519 INF 121 749 358 257 769
605 INF 567 47 INF 550 INF 266 INF 0 651 617 INF 416 INF INF 616 622 INF 516 559 751 152 609 55 733 641 105 450 239 INF 500 712 INF 58 INF 62 INF INF 535 264 INF 403 466 735 267 582 INF INF 81 295 INF 120 482 345 INF 441 503 328 575 155 494 58 INF
221 557 167 448 635 INF 765 357 440 INF 0 218 659 119 INF INF 277 INF 471 125 112 510 248 650 383 INF INF 300 424 INF INF 634 706 77 457 536 721 INF 200 156 561 INF INF 85 INF 355 582 628 79 268 INF 498 425 408 356 INF 372 624 599 465 267 368 INF 254
49 185 638 INF 261 564 INF 107 688 275 268 0 INF INF INF 714 INF 271 INF 389 468 734 101 251 133 INF 72 763 734 INF 145 INF INF 552 713 513 755 106 INF INF 555 171 530 599 INF 624 305 537 INF 519 573 INF 256 INF 299 INF 705 309 704 302 435 213 769 277
498 INF 82 499 495 311 742 INF 192 170 INF INF 0 552 518 676 475 598 510 604 472 462 INF INF INF INF 414 504 696 256 479 INF INF 330 INF INF 575 752 603 153 INF INF 380 INF 494 385 INF 208 619 123 410 54 392 762 304 INF 559 333 742 519 INF INF INF 418
INF 740 763 548 102 INF 258 INF 655 228 495 469 597 0 245 359 INF INF 554 349 INF 191 97 INF 462 INF INF 331 715 393 664 387 201 721 660 615 INF 432 333 482 474 415 427 752 253 425 76 538 554 369 515 494 638 555 413 INF 429 570 INF 557 480 259 INF 366
436 135 128 150 591 INF INF 753 596 409 INF 193 INF 108 0 INF 454 133 INF 731 481 INF 760 233 INF 209 INF 396 312 259 255 522 115 447 387 INF 331 598 208 410 618 717 524 229 150 713 406 INF 401 681 403 192 INF INF INF INF INF INF 270 INF 685 INF 374 517
INF 415 495 INF 103 INF 444 INF 609 186 765 684 INF INF 695 0 154 INF 481 471 INF 225 606 485 503 164 INF 105 618 772 618 59 645 381 251 INF 413 INF 606 INF INF INF 437 INF 466 610 648 165 728 723 INF 689 308 INF 141 243 INF INF 656 284 INF 486 438 363
492 217 190 INF 752 471 697 144 761 283 INF 745 355 INF INF 469 0 331 INF INF INF 157 122 675 579 INF 473 123 695 537 INF 525 680 706 INF 716 720 INF INF INF 666 INF 447 708 551 INF 419 426 INF INF 505 INF 339 INF 676 226 INF INF 621 185 INF INF 83 335
183 INF INF 487 397 217 736 503 482 348 INF 256 INF 522 218 52 85 0 178 148 INF 125 362 436 44 INF 290 329 INF 725 223 168 188 INF 271 94 287 336 INF INF INF INF INF 711 476 423 365 631 476 488 623 INF 567 421 296 256 78 INF 395 INF INF 645 INF INF
INF 435 333 INF 697 385 419 356 514 136 INF 339 42 239 INF 610 453 INF 0 429 673 357 727 482 40 579 414 611 INF 489 681 280 56 INF 569 232 395 45 INF 648 410 328 388 619 286 265 629 223 INF INF 481 40 595 164 38 75 437 135 106 INF 246 582 INF 725
523 434 334 631 INF 144 INF INF 549 518 INF 713 INF 320 INF INF 491 331 INF 0 267 INF 570 519 INF 702 INF 578 264 INF INF 574 158 602 350 260 425 226 516 416 INF 377 INF 262 INF 449 253 312 581 150 INF INF 514 693 INF 202 INF 84 488 INF INF 276 INF 719
INF 706 173 174 539 358 126 598 89 INF INF 769 658 INF 480 387 291 525 INF 352 0 179 227 157 588 617 437 174 452 166 198 101 145 INF 119 79 345 222 INF INF 191 558 156 89 239 375 722 INF INF INF 625 INF 451 698 421 675 654 INF 337 296 231 315 INF 567
INF 502 398 INF 435 INF INF 675 482 98 562 498 738 287 394 340 617 INF 447 INF 365 0 INF INF 677 545 INF 191 708 INF INF 355 83 586 142 286 341 454 INF INF 625 INF 399 740 INF INF 94 310 340 INF INF 227 746 595 158 80 584 95 475 INF INF 290 INF 83
347 337 INF 120 480 INF 624 INF 730 741 448 72 778 INF INF 353 289 305 601 224 522 INF 0 INF 434 INF 537 INF INF INF 593 359 INF 277 575 622 INF INF 510 115 INF 491 INF INF 401 729 79 INF 342 507 458 INF 387 684 350 304 474 INF 572 INF 112 751 253 402
551 244 231 509 INF 452 784 714 342 INF 69 566 100 271 INF 202 229 INF 756 666 601 572 479 0 680 431 456 635 INF 436 353 722 INF 779 548 236 INF 558 359 INF 462 INF 409 INF 484 INF INF 226 INF INF 720 185 397 389 INF 492 71 343 375 INF 612 INF INF 693
INF INF 224 INF 126 386 350 619 155 INF 618 491 INF INF 270 312 705 524 360 617 666 507 514 739 0 INF 533 219 INF 534 INF INF INF INF 747 INF 664 418 73 530 301 122 589 INF INF 80 471 INF 511 INF 593 INF 87 INF INF INF 72 INF 594 INF 285 787 722 582
625 669 543 450 253 INF 281 623 69 704 546 390 316 739 602 INF 735 INF 694 271 431 INF INF 157 201 0 621 INF 536 401 324 780 634 225 624 520 251 304 342 516 INF 477 72 INF 338 445 INF INF 767 469 177 277 INF 56 744 723 INF INF INF INF 245 529 INF INF
119 482 301 INF 429 748 637 INF 309 INF 263 146 779 INF 210 INF 202 637 INF 743 INF INF 715 168 619 221 0 772 INF 774 INF 750 303 741 INF INF INF 101 435 661 INF 500 249 69 INF 760 631 768 78 573 151 INF 672 INF 401 INF 192 636 600 511 191 623 INF 392
INF 651 215 277 505 282 258 340 INF 307 403 649 702 245 632 657 570 289 513 135 INF 70 734 692 INF 559 703 0 387 INF 85 INF 452 INF 448 504 INF 84 797 456 INF 744 241 447 582 INF 533 INF INF INF 613 103 553 INF 362 INF 594 INF 264 216 INF 638 556 296
424 INF 510 756 523 148 331 153 INF 776 683 INF 591 INF 772 INF 273 87 198 526 INF 498 471 INF 636 775 339 INF 0 124 INF INF INF INF INF 298 100 240 INF 757 INF INF INF 323 98 726 98 558 705 197 785 237 574 264 INF 393 149 141 INF INF 646 648 668 152
671 460 126 INF 134 630 295 210 214 INF 393 INF 314 372 578 332 367 348 56 97 INF 391 444 INF 649 281 543 162 INF 0 460 INF INF 398 720 46 INF 651 INF INF 245 652 INF 475 INF 71 INF 396 103 INF 619 195 INF 380 INF 122 204 543 45 408 207 229 362 INF
INF 443 INF 365 411 702 457 60 229 INF 617 142 195 564 88 631 85 45 345 INF 744 INF 615 INF 275 637 INF 327 INF INF 0 706 INF 621 541 109 275 702 94 INF 298 107 INF 223 INF 206 432 600 469 INF INF INF 413 INF 115 214 INF INF 121 388 55 INF 101 103
INF 454 262 589 338 INF 626 INF 480 296 540 515 501 548 209 INF INF 524 686 538 687 470 609 340 398 393 466 INF INF INF 430 0 159 439 298 498 484 772 770 554 INF 676 432 226 INF INF 364 432 319 762 440 INF 668 INF 428 505 424 642 390 INF 94 INF 562 546
164 204 222 615 INF 121 618 300 INF 730 533 96 52 INF 107 617 INF 397 INF 640 693 487 INF INF 539 INF INF INF INF INF 562 715 0 478 INF INF INF 534 56 273 INF INF INF 145 748 648 INF 255 409 INF 311 201 81 603 INF 656 225 258 172 465 559 397 619 170
526 307 108 INF 290 269 INF 660 648 416 179 INF INF INF INF 569 437 719 INF 747 INF 579 INF INF 247 430 376 INF 101 511 238 INF 180 0 372 232 INF 353 98 735 INF 446 370 INF 665 740 569 338 566 720 282 INF 65 INF 109 INF 77 INF INF 326 256 125 601 324
309 INF INF 226 714 INF 501 485 762 390 INF 406 INF 732 436 INF 325 445 290 712 125 575 580 401 659 562 630 INF 613 272 INF 178 INF INF 0 INF 609 581 INF 351 305 424 356 116 287 676 194 200 519 723 147 INF 456 503 INF 591 INF 459 484 613 135 INF INF 480
185 INF 52 544 INF 710 418 368 INF 595 675 113 480 389 597 INF 227 INF 644 276 571 INF 201 492 INF 204 360 544 INF 124 104 490 313 336 285 0 158 245 INF INF 701 INF INF 646 493 INF 661 102 INF 315 246 INF 680 INF 100 INF 492 542 INF 741 749 176 657 INF
INF INF INF 691 201 388 770 INF 480 INF 130 655 208 509 372 332 INF 652 157 116 558 INF 529 INF 166 268 360 79 445 INF 236 565 294 400 725 582 0 INF 55 185 492 158 595 360 248 121 INF 725 INF 576 237 INF 92 375 351 239 185 219 623 307 534 523 INF 358
688 293 INF 563 593 315 413 INF 239 116 97 INF 520 375 INF 84 INF INF 293 604 INF INF INF 501 153 710 INF 520 INF INF 310 217 319 85 468 617 INF 0 INF 141 571 703 521 INF 718 407 146 732 507 633 211 130 618 549 INF INF INF INF INF 264 369 265 272 729
600 664 165 724 718 INF INF 641 INF INF INF 479 569 INF 330 168 773 655 INF INF 610 309 175 INF 561 338 INF 566 INF 343 198 INF INF 159 691 71 INF 80 0 INF 101 597 INF 427 565 INF 655 289 140 522 INF 75 INF INF 466 317 INF 331 INF 236 INF 457 INF 717
INF INF 219 432 353 166 INF 590 311 221 INF INF INF INF 467 142 153 INF INF 744 681 625 INF INF 606 675 INF INF 495 452 INF 433 426 195 241 231 INF 575 INF 0 346 279 INF 109 198 INF 702 92 643 245 717 362 114 590 620 INF 243 INF INF 679 534 293 756 INF
INF 677 513 542 665 237 550 151 124 INF INF 589 INF INF INF 366 INF 521 465 607 774 274 544 621 306 649 527 388 INF INF INF 376 183 741 INF 767 167 200 INF 70 0 517 666 463 205 496 INF INF 605 INF 689 657 INF INF 463 479 370 444 675 232 223 361 703 459
448 71 275 102 720 607 220 434 253 INF INF 68 572 435 INF 517 INF 508 581 INF 441 234 217 340 505 INF 214 689 INF 586 340 INF 74 245 INF 265 343 612 INF INF INF 0 INF 82 INF 365 INF 55 339 INF 533 INF 102 570 639 320 290 489 120 286 INF 174 INF 57
521 355 391 173 INF 560 738 535 252 763 140 352 INF INF 661 298 637 385 INF INF 100 549 153 569 505 467 218 413 INF INF INF 391 274 540 INF 504 638 80 214 INF 316 84 0 571 533 565 278 INF INF 97 752 153 INF 239 771 INF 534 385 579 INF 79 INF INF 156
256 INF 279 337 494 INF 62 INF INF 503 180 235 173 309 482 68 542 597 390 554 527 444 138 54 582 626 488 INF INF INF 242 703 493 INF 663 608 240 253 INF 692 440 INF 102 0 354 473 398 611 INF 67 561 611 INF INF INF 370 136 496 640 488 414 INF 441 INF
436 239 633 167 INF INF 143 276 420 270 74 334 378 665 324 106 435 538 517 348 760 INF INF INF INF INF INF 622 486 81 318 84 153 742 INF 288 392 428 567 440 INF 729 INF 620 0 278 428 229 INF INF 489 405 486 302 713 285 718 INF 545 743 633 INF INF INF
776 483 388 INF 635 INF 89 INF 187 774 471 84 254 603 INF INF 172 513 INF 542 INF INF 116 464 488 INF INF 304 558 764 INF 215 91 765 394 669 73 208 598 INF INF 371 INF 455 317 0 489 593 134 693 773 658 705 710 INF 538 397 INF 581 INF INF INF 399 221
602 INF 398 INF 505 573 353 748 462 437 494 272 718 INF 215 146 65 INF 474 INF 468 231 484 622 INF INF 172 77 274 INF INF 266 481 INF 598 676 726 302 595 719 592 163 INF 275 61 188 0 502 345 470 238 150 113 183 434 429 189 INF 224 574 INF 150 352 616
714 INF INF INF INF INF INF 297 543 INF INF 446 597 INF 228 446 295 732 648 INF 633 531 INF 100 716 320 278 547 630 655 389 186 529 664 448 337 INF 242 77 INF INF 157 604 INF 350 106 267 0 700 238 592 443 INF 602 285 414 153 INF 224 417 360 483 INF 209
INF 179 446 640 324 714 INF 440 314 INF INF INF 368 INF 85 600 572 513 256 INF 367 750 INF 514 384 151 445 356 659 INF INF INF INF INF 701 556 239 461 91 212 INF 200 369 119 511 234 649 332 0 INF 708 649 90 INF 337 INF 283 340 48 INF 731 557 387 556
INF INF INF 681 INF 581 392 INF 85 765 INF INF INF INF INF 180 708 422 INF INF INF 59 485 452 INF 262 344 260 642 247 INF 444 INF 333 INF INF 533 427 492 705 755 323 626 471 448 697 271 392 437 0 INF INF 448 702 656 718 333 181 164 INF 475 186 143 535
421 INF INF 474 INF INF INF 74 362 521 145 775 460 697 INF INF 351 122 644 225 706 214 269 697 69 INF 163 422 INF 127 457 250 INF INF 281 INF 390 708 INF INF 193 760 259 378 INF INF 426 617 INF 682 0 INF 265 724 469 159 395 200 172 753 INF 566 616 608
INF 136 626 INF 671 132 609 520 73 548 756 149 452 417 755 INF 185 765 215 INF 202 49 138 525 INF 97 774 666 188 97 INF INF INF 80 728 139 268 378 INF 470 541 99 INF INF 404 INF 89 267 INF 636 373 0 774 626 307 687 INF 569 241 335 412 296 391 463
734 INF 552 95 476 660 234 357 INF 74 710 436 487 362 INF INF INF 397 INF 548 322 330 631 550 192 499 INF INF 610 INF INF 84 539 576 INF 107 INF INF 58 321 90 INF 267 438 180 180 667 472 INF INF 729 59 0 658 560 INF 303 50 INF 668 150 100 INF INF
76 122 221 682 430 492 732 733 INF INF INF 481 INF 731 90 313 235 92 INF INF INF 275 INF 326 171 640 728 86 287 INF INF INF 236 157 393 732 113 INF 469 692 59 346 382 264 637 739 INF 173 INF 243 372 515 INF 0 485 393 INF INF 257 INF 370 559 INF 713
720 312 734 746 304 516 296 198 INF 169 INF INF 304 450 INF INF 615 INF 447 192 634 362 265 181 146 453 INF 458 387 INF 773 447 500 424 699 INF INF 235 INF 419 INF 120 250 296 INF 618 531 99 180 695 526 INF 149 116 0 INF 415 225 575 INF 439 442 430 586
358 698 677 575 581 255 788 INF INF 144 417 574 INF 665 669 648 665 386 187 236 359 INF INF 327 635 INF 80 625 INF 71 623 375 INF 546 INF 80 693 227 INF 350 INF 458 INF 112 438 442 158 INF 504 110 INF INF 375 INF 64 0 INF 405 INF INF 265 190 INF INF
INF 410 193 187 184 INF 511 146 INF 256 79 INF INF 198 77 178 740 694 622 INF INF INF 216 609 INF 622 353 INF 403 601 171 666 104 INF 543 64 264 494 635 262 INF 310 INF INF 646 INF 390 211 122 679 359 557 112 642 709 INF 0 284 INF 210 302 514 489 INF
INF 738 501 141 216 724 674 425 553 INF 213 INF 700 537 598 INF 531 451 420 227 INF 614 124 755 462 151 INF 707 304 360 INF 347 308 INF 367 667 INF INF 454 710 179 INF 305 364 INF 153 614 553 INF 348 INF INF 141 INF 129 166 INF 0 INF INF INF 193 141 INF
216 360 218 INF INF INF 329 714 246 701 122 413 422 472 328 INF 249 INF 618 592 INF 149 INF INF 592 INF 260 INF 546 296 183 332 301 447 93 INF 588 INF 529 399 489 175 567 703 737 INF 449 INF INF INF 614 364 261 INF INF INF 610 INF 0 INF INF INF 210 565
580 167 552 229 510 213 409 80 739 224 INF 512 INF 34 336 753 INF INF INF INF 188 486 200 696 259 229 320 289 79 88 313 95 771 122 358 698 766 566 INF INF 351 699 INF 390 528 321 INF INF 229 INF INF 400 INF 542 239 632 733 INF 667 0 384 534 INF 328
INF 776 INF 115 453 655 443 INF INF 159 INF 382 INF 279 195 776 INF INF INF INF 72 INF 411 172 138 602 432 INF 482 INF 185 433 378 619 649 527 781 101 703 559 709 INF 709 325 321 204 INF 91 INF 654 409 426 INF 702 497 373 INF INF INF 622 0 INF 501 INF
394 INF 217 INF INF 353 457 INF INF 96 INF INF 64 133 314 149 575 INF 504 363 INF 122 124 210 144 60 635 238 124 617 INF 273 683 INF 749 INF 187 69 159 359 215 637 INF 356 INF INF INF INF 396 118 INF 606 483 631 INF 506 INF 336 186 92 INF 0 561 INF
405 284 INF 132 714 277 INF INF 292 350 289 444 723 224 66 314 INF INF INF 201 76 INF 508 335 337 768 INF 183 375 126 92 INF 704 473 INF 594 INF INF INF 748 720 715 416 288 222 302 61 INF 283 INF INF INF INF 193 249 100 INF INF INF INF 727 501 0 715
746 358 673 309 548 INF INF 453 418 INF 392 738 431 INF 378 292 75 595 336 INF INF 484 383 350 572 361 INF 197 489 698 430 700 129 261 INF 420 327 757 431 373 548 778 INF INF 635 INF INF 52 239 300 669 122 422 105 500 642 INF 672 436 232 INF 575 168 0
