0 378 130 569 494 INF 653 INF 414 118 669 597 INF INF 186 627 766 705 INF 726 252 654 554 650 370 INF INF 469 INF 585 510 753 450 141 667 INF 238 151 178 316 622 301 INF 541 INF 601 INF INF 138 620 82 INF INF 129 197 372 INF 724 234 636 273 INF
179 0 INF INF 198 80 INF 544 771 291 657 384 412 718 INF 157 437 362 345 147 230 545 252 731 580 531 167 514 542 612 669 382 535 472 INF 149 120 INF INF 725 424 716 INF 599 131 INF 559 714 INF 460 INF 427 561 144 INF INF 341 223 470 INF 407 339
628 INF 0 INF 430 INF 227 184 549 INF 508 459 669 INF 523 INF 634 532 755 114 175 674 123 INF 350 INF 446 729 INF 200 649 INF 678 175 INF 195 137 528 769 201 INF 559 62 INF 547 INF 280 474 619 461 178 677 351 723 316 INF 485 117 770 INF INF INF
INF 692 646 0 63 770 283 136 166 708 INF 106 379 531 INF 624 317 INF 363 341 668 INF INF 111 97 777 635 571 INF 781 INF 372 553 73 609 320 INF 724 INF 223 488 406 670 130 INF 685 650 304 331 452 579 INF 228 115 468 558 INF 259 INF 164 695 70
497 756 466 604 0 INF INF 215 469 376 INF 701 414 233 326 404 551 INF 754 334 359 653 353 616 INF 432 INF 181 575 INF INF 223 INF 503 83 INF 127 520 INF INF 295 296 204 INF 327 476 346 489 INF 356 71 INF 98 INF 415 243 512 698 421 782 283 725
152 INF INF 145 50 0 INF INF 186 INF 510 678 INF 309 716 369 446 673 485 INF 693 586 INF 368 INF INF 268 269 243 417 INF 604 INF 429 INF 467 626 INF 288 212 INF INF 733 INF 450 142 596 INF 564 INF 402 INF 93 736 393 247 323 167 345 108 660 413
INF 461 427 733 INF 305 0 621 602 335 145 543 645 132 INF INF INF INF INF 267 INF 98 248 85 512 100 INF 450 118 75 351 763 INF 387 405 INF INF 241 INF 548 667 INF 725 763 INF INF 534 151 328 582 401 INF INF 372 INF 141 501 278 277 96 INF 751
146 134 121 INF 185 699 INF 0 324 385 249 INF 452 INF 432 103 475 647 INF INF INF 548 347 INF 263 286 219 578 INF INF INF 523 644 471 546 224 198 359 750 INF 584 335 751 338 724 279 INF 117 407 INF 452 744 315 INF 66 INF 290 652 126 198 468 631
426 115 478 602 706 INF 441 520 0 379 761 407 99 INF 280 INF INF INF 159 INF 247 284 247 423 205 132 INF INF 323 INF INF 477 INF 738 554 INF 112 734 77 158 INF 731 INF 513 324 INF 346 385 534 362 409 587 364 INF 83 216 635 INF 82 INF 713 193
768 INF 344 595 633 649 INF 263 INF 0 333 470 INF INF 348 224 126 253 458 660 INF 189 INF INF 504 391 390 662 681 INF 325 545 INF INF 565 167 INF INF 121 81 133 INF 545 613 735 536 INF INF 485 633 86 INF INF 104 268 INF 83 175 728 163 344 457
INF INF 680 620 INF 661 INF 219 575 INF 0 405 248 581 549 162 776 421 351 85 533 689 572 632 480 755 644 631 466 123 INF 715 INF 658 INF INF 721 317 634 786 173 328 INF 325 INF 561 316 INF 238 407 379 INF 213 INF 263 INF 85 591 562 675 103 INF
71 INF 499 INF 516 285 518 273 658 489 INF 0 668 INF 443 224 747 472 236 465 670 INF INF INF 429 112 INF INF INF 443 620 430 216 203 352 345 65 INF 86 585 117 438 INF 145 710 630 INF INF 618 INF 106 597 113 658 540 INF INF 611 408 INF 523 INF
178 INF INF 218 INF 379 609 247 145 284 INF 315 0 INF 170 INF 295 552 INF INF 522 INF INF INF 604 215 131 431 769 INF INF 165 630 INF INF INF 130 409 564 INF 771 INF 171 INF 737 INF 417 357 443 659 465 180 722 172 727 367 375 INF INF 651 736 329
258 684 331 183 INF 175 INF 703 180 289 286 542 362 0 504 559 523 309 INF INF 585 720 247 INF 602 INF 167 INF 118 149 170 144 72 257 476 INF 347 414 INF 693 INF 324 403 250 118 99 728 INF 627 INF INF INF INF 525 449 628 67 709 390 246 INF 86
163 INF 86 125 INF 195 700 296 INF 614 INF 602 130 INF 0 INF 239 INF INF 126 478 154 199 746 725 542 INF 774 INF 321 INF 486 INF 231 INF INF 325 213 590 190 745 303 362 740 183 INF 197 664 457 INF INF 455 510 INF INF 630 42 574 87 INF 97 INF
INF 266 INF INF INF 82 776 179 194 532 121 447 INF 765 149 0 631 279 INF 129 702 64 784 557 434 INF INF INF 553 360 113 INF 688 181 299 243 INF 156 INF INF INF INF 154 550 272 780 349 INF 85 688 INF INF 665 81 638 327 289 326 393 400 547 INF
567 677 INF 56 543 INF 668 INF 226 INF 482 503 617 INF 202 251 0 INF 120 411 725 59 INF 646 418 298 158 INF 753 544 INF 188 576 722 719 INF 554 541 137 532 INF 444 695 INF 512 INF 155 INF 118 80 INF 221 INF 769 282 508 INF 227 INF 664 746 477
INF INF INF 473 INF 224 699 383 142 192 INF 587 476 INF INF 418 296 0 557 88 690 565 714 659 INF INF 214 152 354 492 735 113 373 INF INF 209 706 760 146 INF 449 693 761 INF INF 468 273 393 INF 81 INF INF 169 272 194 776 93 192 613 700 530 490
INF INF 557 740 INF INF 242 441 514 116 INF 778 238 558 INF INF 509 INF 0 258 392 750 290 127 294 216 INF 206 246 INF INF 192 INF 72 523 148 310 639 327 776 643 INF INF 223 INF 134 492 485 101 588 80 INF 253 617 INF 92 629 755 738 99 281 INF
INF 698 INF INF 247 INF 309 675 520 INF INF 289 704 INF INF 76 587 INF 532 0 696 710 109 733 126 269 734 749 636 108 508 445 668 198 INF INF 56 637 386 540 664 290 407 587 INF 89 97 INF 113 753 INF 324 240 487 227 219 652 154 562 INF 314 INF
595 164 509 607 INF INF 307 INF 739 INF INF 650 255 288 701 433 355 402 INF INF 0 143 INF 705 774 INF INF 328 52 INF 732 INF INF 201 769 228 INF 216 415 INF INF INF 749 415 436 625 549 283 INF INF INF 449 INF INF 94 87 INF 281 715 630 INF 695
557 705 330 470 426 427 740 INF 668 336 INF 692 745 305 622 INF INF INF INF INF 107 0 265 94 644 INF 729 INF INF 572 295 129 INF INF 258 292 498 144 186 699 INF 393 611 681 INF 339 737 385 INF 578 INF 379 139 INF 174 701 INF 452 INF INF 537 425
128 540 586 325 88 260 787 237 INF 154 INF INF 404 104 559 516 311 773 409 517 349 201 0 714 670 574 72 282 303 333 373 148 432 634 INF INF INF 442 466 290 631 277 627 128 248 684 398 113 742 612 618 107 544 INF 152 453 INF 748 337 177 95 299
473 379 629 INF 191 INF INF INF INF 435 318 643 705 INF 475 336 INF 544 INF 100 348 138 INF 0 221 INF 743 340 742 INF 724 67 346 INF INF INF 632 INF INF INF INF INF 300 84 INF 320 321 98 INF 727 476 675 241 192 INF 647 686 228 320 368 562 135
461 527 INF 421 337 431 266 284 87 INF 766 354 295 INF 542 278 627 INF INF 235 INF 79 INF 169 0 INF 120 327 203 758 221 270 INF 256 INF 462 224 237 107 485 572 701 75 INF 402 291 274 529 370 INF INF 353 55 108 166 574 INF 97 INF 644 385 INF
INF 471 718 295 604 INF 746 INF 323 INF 309 INF INF 286 427 742 207 177 INF INF INF INF 455 535 667 0 548 440 336 653 INF INF 380 513 299 442 561 569 101 232 771 484 601 269 407 734 421 657 485 INF 380 301 493 96 112 594 INF 377 329 INF INF INF
469 INF 455 554 316 551 753 407 303 INF INF 697 INF INF 73 INF INF 111 INF INF 133 650 INF INF 520 223 0 758 INF INF 414 253 INF 524 734 310 766 330 128 396 INF INF 568 98 337 INF INF 146 759 INF INF 436 417 666 276 INF 284 593 574 733 681 633
INF 147 656 INF 53 INF INF 367 114 774 292 INF 702 613 583 256 502 323 INF 83 175 INF INF INF 616 644 161 0 175 731 INF 97 517 413 772 594 138 INF 212 306 INF 497 INF 770 INF 224 533 615 INF 403 INF 164 521 611 385 INF 587 481 523 631 INF 376
663 742 330 INF 112 679 653 128 INF 465 INF 636 485 INF 481 232 176 477 746 284 301 268 INF 52 349 130 41 306 0 287 732 INF 99 127 INF INF 723 INF INF 414 INF 701 599 INF 453 78 INF INF INF INF 304 379 462 219 INF 74 698 658 INF INF 132 590
INF 418 161 INF 660 INF 764 770 362 702 702 605 INF 101 543 242 593 INF 149 492 726 INF 327 492 481 645 526 INF 580 0 INF 119 349 398 749 102 261 139 INF 177 625 INF 457 301 386 730 702 INF 664 622 382 698 INF INF 535 550 393 INF 175 INF 659 149
601 480 INF INF INF 418 441 INF INF INF 714 736 INF 691 290 383 202 INF 562 INF INF 197 273 705 392 750 572 235 INF INF 0 423 732 97 700 436 718 INF 88 INF INF INF 613 531 509 INF INF 444 344 144 INF 184 643 478 INF 170 62 INF 120 458 317 INF
483 775 426 INF INF 561 249 592 INF 83 544 INF 225 373 72 64 218 81 234 373 731 236 166 633 459 528 391 INF 348 751 INF 0 65 70 332 432 714 774 INF INF 668 392 INF 283 122 INF 63 172 INF 616 717 INF INF 108 569 502 INF INF 708 INF 453 546
366 224 INF 724 757 438 631 INF 728 296 305 INF 778 530 INF 613 INF INF INF INF 228 INF 321 393 311 INF INF INF 121 143 71 470 0 283 501 INF 519 INF 470 455 734 INF 583 544 686 628 INF INF INF 307 322 670 INF 531 INF 658 391 INF 756 203 INF 650
INF 251 762 79 287 209 627 257 280 751 144 INF 771 223 751 260 INF INF 453 367 449 473 757 INF 704 540 INF 733 121 394 127 INF 724 0 499 INF INF 694 765 INF 653 405 235 470 429 664 91 INF INF 576 751 281 67 INF INF INF 275 INF 485 572 515 154
INF 673 INF 656 728 601 131 INF INF INF 99 116 INF 452 INF 487 295 INF 546 INF 354 INF 535 706 INF 602 440 200 105 699 78 303 243 525 0 457 128 639 97 184 590 239 451 INF 201 461 INF 247 INF INF 445 438 489 442 INF 503 731 736 105 578 740 434
443 557 681 531 282 451 INF 430 142 367 507 695 99 202 422 343 INF INF 234 301 INF 254 410 INF 207 309 541 INF INF 458 414 496 703 INF 147 0 INF INF INF 391 494 569 432 254 739 INF 59 515 INF 161 360 102 501 325 INF 120 710 205 413 474 600 INF
238 INF 419 316 INF 693 INF INF 689 628 INF 292 734 250 772 241 INF INF 185 INF 65 193 INF 281 651 298 INF 302 206 415 292 441 147 399 218 INF 0 281 172 INF 331 385 109 795 314 520 677 276 INF INF 141 636 INF INF INF 398 INF INF 264 749 INF 269
INF 263 796 INF 100 162 104 196 526 133 INF 478 721 562 587 750 94 INF 82 679 235 458 319 490 650 INF INF 354 674 INF 713 768 253 148 INF INF INF 0 INF 371 394 376 INF 649 INF 132 386 372 INF INF 308 84 737 INF 113 222 INF INF 577 INF INF INF
177 590 INF 322 643 INF INF INF 489 INF 501 436 101 757 INF INF 256 INF 259 INF INF INF 546 INF INF 357 365 607 71 INF 197 385 630 INF 392 719 INF 538 0 586 301 165 405 629 603 111 426 INF INF 697 222 120 213 INF INF 56 61 770 114 592 662 298
342 585 INF 91 696 INF INF INF INF INF INF 157 280 648 INF 164 669 92 429 567 INF INF 84 680 INF 543 INF 59 INF INF INF 148 INF INF 522 INF 425 284 553 0 INF INF 776 719 735 153 703 221 725 229 360 365 INF 159 160 240 604 200 INF 105 INF INF
211 INF 435 INF 273 INF 288 197 283 183 461 243 180 584 628 104 415 472 275 516 214 90 INF INF 252 85 INF 351 508 608 INF 529 INF 626 512 548 110 INF 707 158 0 277 264 614 716 INF INF 234 INF 610 698 301 455 INF INF 360 49 INF 238 509 INF INF
763 INF 324 INF 127 563 613 278 491 INF INF INF INF 112 INF 450 INF 478 337 758 152 317 INF INF 255 212 557 75 120 260 188 INF 228 INF INF 138 70 233 INF 94 232 0 343 308 528 698 INF 749 238 581 593 424 249 329 345 277 340 438 INF INF INF 199
236 618 INF 100 INF INF 450 INF INF 494 253 INF INF 410 203 323 441 688 INF 356 INF 145 248 533 INF 333 348 332 504 362 266 102 214 623 INF 674 358 222 INF 389 368 55 0 582 688 517 608 263 INF INF INF 547 INF 118 INF 276 39 127 380 105 653 722
523 INF INF 58 114 531 768 390 118 INF INF 706 254 404 720 441 INF 765 INF 514 645 609 134 INF INF 510 272 72 INF INF 397 433 INF 395 165 461 425 332 115 523 279 204 371 0 331 481 289 INF 196 179 331 INF INF 742 INF 576 345 296 370 INF 564 683
695 149 INF 460 96 283 INF INF 582 232 506 137 287 756 141 INF 164 568 372 592 444 743 130 137 356 173 392 633 INF INF 345 INF 676 INF INF 130 382 410 INF 564 403 60 637 215 0 68 485 681 220 INF INF 664 394 INF 749 469 INF 335 419 INF 264 591
259 678 680 564 INF 282 533 INF 272 83 655 510 205 590 59 INF INF 457 INF 475 520 INF 655 418 INF 166 156 562 628 646 INF 232 290 154 558 628 728 546 469 369 307 595 512 INF 493 0 INF INF 223 INF 684 INF INF 232 524 312 INF 197 260 433 619 494
539 INF 313 219 291 292 377 INF 363 INF 696 INF 186 445 INF 777 120 INF 225 595 288 369 436 INF 218 INF 447 342 523 453 INF 205 70 239 INF 86 INF 132 86 773 INF INF INF 290 642 652 0 INF INF 531 120 INF INF INF 608 INF INF 219 INF 80 INF INF
763 INF INF 125 268 404 343 388 427 771 114 533 INF 198 420 INF INF 84 764 599 490 500 269 560 292 101 188 405 62 INF 486 159 340 591 618 462 INF 749 205 702 INF 247 404 601 221 594 736 0 714 683 INF 472 INF 235 627 145 INF INF 699 INF 413 80
INF 694 INF INF 310 262 277 460 INF INF 474 233 507 658 300 623 632 INF 751 371 INF 746 491 176 INF 624 525 311 INF INF INF 424 INF 657 444 353 552 INF 360 331 748 486 680 INF 459 58 480 INF 0 307 250 284 INF 373 482 157 539 INF INF 360 INF INF
INF 576 INF 176 527 595 INF INF 719 688 677 550 INF 510 INF INF 98 INF INF 481 559 INF 625 118 640 436 INF 674 185 INF INF 419 234 363 INF 182 355 INF 239 392 625 195 323 732 191 INF 582 INF INF 0 611 INF 645 756 481 194 543 461 INF INF 527 INF
INF 701 286 INF INF INF 529 717 523 INF INF 561 103 INF 240 85 623 INF 743 INF 54 584 57 INF INF INF INF INF 468 INF INF 672 INF 484 INF 615 679 429 695 348 INF 330 198 INF 281 INF 160 531 290 225 0 547 364 580 205 685 187 INF 354 357 INF INF
INF INF 156 220 393 INF INF 262 242 257 770 INF 431 759 273 INF 688 767 441 673 337 556 62 INF 173 163 INF 231 INF 324 604 90 158 591 493 INF 486 187 383 INF INF 150 475 INF INF INF 552 237 657 INF 69 0 INF 324 174 446 70 INF 305 422 151 550
INF 397 370 742 654 288 704 773 551 INF 673 359 542 INF INF 100 INF 676 397 438 INF 343 138 478 INF 389 INF 585 487 INF 711 INF INF 265 584 INF 464 173 502 INF 737 565 65 542 385 708 634 642 696 INF 765 556 0 498 INF 321 414 464 659 306 356 INF
449 390 INF 170 427 572 718 301 162 744 592 621 573 117 234 408 768 634 664 594 750 344 INF 423 202 466 377 INF INF 753 368 INF 452 INF 371 150 INF 281 698 200 608 555 INF 302 624 INF 124 482 333 INF 330 727 501 0 566 648 INF 185 400 480 287 622
217 358 737 INF 396 INF 628 INF 252 539 386 224 753 735 310 217 INF INF INF 282 356 561 129 INF 188 550 INF INF 82 448 INF 503 190 INF 174 744 545 658 209 INF 212 289 642 433 146 503 INF INF INF INF 680 INF INF INF 0 644 543 611 62 628 INF 202
145 758 INF 675 289 416 145 INF 759 462 411 478 67 315 INF 318 127 677 219 691 632 INF 410 664 93 74 550 INF 418 INF 234 301 INF 642 INF 162 400 210 130 INF INF INF INF 690 550 132 INF INF 122 628 466 543 100 720 657 0 361 INF INF INF 593 INF
INF 769 INF 519 181 INF 747 85 279 297 227 INF 497 INF INF 358 INF 108 68 INF INF 202 INF 581 617 INF 663 416 718 712 125 237 605 INF 86 INF 62 191 783 616 INF 328 INF 759 646 469 65 INF 770 580 443 INF 711 467 765 INF 0 INF 691 69 236 182
INF 139 266 136 INF 302 396 INF INF 625 77 235 646 770 234 162 INF 147 INF INF INF 259 362 INF INF INF 177 132 398 601 736 INF 259 INF 716 267 360 548 INF INF 723 287 685 INF INF 333 66 420 142 INF 761 301 72 INF 349 INF 185 0 516 503 INF INF
391 INF INF 241 INF 573 269 INF INF 84 455 INF 79 INF 577 218 INF 600 394 257 INF 510 179 INF 218 481 260 192 215 301 INF INF 782 260 107 INF 126 590 782 INF 81 720 628 544 539 604 INF 691 237 171 INF 747 234 627 INF INF 187 248 0 534 650 435
203 INF 383 680 512 365 123 INF 517 91 616 506 515 633 INF 617 223 554 508 82 753 592 INF 748 389 207 652 152 47 INF 466 206 INF 124 564 50 153 316 356 141 INF 541 256 86 INF 473 415 310 430 INF 120 304 386 644 INF 152 445 71 INF 0 180 215
INF 463 415 41 180 176 469 653 519 500 INF 104 414 768 640 690 154 722 146 INF INF 225 691 514 682 56 687 155 571 388 83 711 INF 689 INF 193 584 553 INF 571 307 71 INF 86 114 467 709 181 INF 759 647 529 498 INF 335 44 606 741 INF 370 0 184
602 122 162 INF 518 INF 95 605 607 182 224 85 INF INF 653 161 697 708 194 559 INF 469 INF 224 149 INF 555 INF 475 267 378 380 65 271 594 INF 580 610 INF 241 576 INF 401 INF INF 517 226 416 62 INF 545 INF 417 625 216 456 325 INF 421 224 564 0
