0 484 564 INF 241 INF 457 653 214 530 INF 437 714 196 INF 355 477 610 496 683 INF 189 INF 438 INF INF 481 197 620 125 735 345 INF INF 476 470 INF INF INF 461 122 INF 749 315 300 563 688 215 472 413 311 500 135 560 INF 442 INF INF INF INF 98 INF 240 INF INF INF 364 INF 632 690 119 448 290 INF 324 689 739 344 316 449 282 79 435 492 287 575 INF 594 474 694 INF 262 716 378 84 202
INF 0 INF 712 187 628 INF 226 730 225 328 INF 190 INF 89 INF 332 576 INF 722 549 INF INF INF 705 560 INF 765 633 520 351 INF 620 INF INF 335 684 INF 639 INF INF 201 184 486 581 556 INF INF 556 283 546 304 118 INF INF INF 276 571 INF 317 518 INF 721 198 430 INF INF 623 239 INF 404 623 461 190 102 INF 168 409 738 527 242 88 504 INF 428 341 660 705 INF 551 713 699 INF 393 INF 702
INF 332 0 111 INF 500 INF 610 610 321 544 INF 456 INF 682 774 118 INF 486 INF 716 INF INF 89 INF 680 259 657 222 INF 90 738 63 398 664 INF INF 458 424 INF 275 530 302 426 INF INF 568 INF 660 741 634 460 301 157 117 538 430 INF 206 76 INF 141 261 507 INF INF 573 654 677 INF INF INF 315 269 460 242 INF INF 648 INF 450 175 552 INF 366 674 342 527 INF 306 INF INF INF INF 119 588
319 633 91 0 278 619 INF 103 666 108 772 INF 565 126 253 505 321 150 505 399 117 522 INF 133 142 645 190 INF 691 617 681 638 322 611 532 INF 621 680 INF INF INF INF INF INF 98 95 402 449 INF 387 INF INF 275 118 302 INF 166 100 463 100 INF INF 278 INF 685 156 552 466 149 265 379 124 132 74 424 74 712 161 INF INF 501 670 INF 449 396 212 579 INF INF INF 303 616 INF INF INF 420
115 INF 209 340 0 727 424 166 306 INF 709 510 396 250 532 438 198 288 324 142 INF 557 INF 456 602 474 660 699 595 358 629 642 536 677 668 223 150 476 419 INF INF 383 747 INF 324 286 227 624 514 86 512 INF 652 361 INF INF INF 341 215 439 687 536 78 308 786 487 INF 521 135 523 608 252 717 81 548 448 269 776 INF 453 104 INF INF 693 151 576 INF INF 150 550 100 INF 684 INF 286 377
124 401 478 249 INF 0 446 366 135 INF INF 706 641 584 INF 508 316 144 548 216 406 559 INF 659 388 786 553 369 INF 504 75 INF 549 67 280 INF 633 72 396 392 INF 366 512 442 558 774 210 INF INF 376 INF INF INF INF INF INF 487 261 753 INF INF INF 138 720 INF 492 574 403 388 111 367 277 298 442 708 461 230 581 INF 753 445 101 77 INF INF 722 410 446 644 149 INF 303 711 INF 759 INF
377 699 INF INF 409 270 0 417 753 INF 138 INF 165 237 266 INF 671 532 INF 148 615 597 INF 601 307 285 325 320 668 396 INF 767 764 159 INF INF 478 468 INF 348 725 396 46 INF 438 151 97 663 574 263 129 614 INF 466 268 449 INF 489 INF 129 INF INF 133 603 584 616 297 INF 116 579 325 582 174 484 191 619 509 72 144 INF 463 INF 656 INF 509 221 85 542 117 162 INF 197 390 557 INF INF
575 299 88 146 INF 590 491 0 681 500 214 INF INF INF 451 272 INF 74 INF 767 337 364 INF 520 427 377 130 337 105 430 768 257 195 INF 758 768 335 707 354 INF INF 330 611 251 392 388 INF INF 194 519 INF 57 INF 785 INF 513 382 INF INF INF INF 521 230 INF INF 152 INF 417 470 INF 422 566 91 455 94 335 INF 110 431 547 161 INF 655 173 624 INF 153 INF INF INF INF 429 INF 484 510 337
150 673 INF 217 375 INF INF 144 0 INF 475 INF INF 101 107 INF 784 INF 162 695 281 393 INF INF 293 491 INF 272 INF 747 649 INF INF INF 243 754 377 724 782 697 INF 445 INF 450 INF 470 265 INF 450 INF 553 INF 366 763 INF 219 247 712 161 INF INF 746 INF 352 INF 392 INF 744 410 660 505 348 INF 205 449 197 INF 426 771 705 102 178 204 INF 430 545 INF INF 425 467 INF 758 214 724 395 INF
INF 621 68 653 285 233 INF 638 272 0 INF INF 717 578 505 226 213 443 419 72 467 INF 463 317 439 INF 450 501 634 767 INF 612 495 INF 658 94 295 560 784 657 INF 481 367 617 706 667 490 382 542 444 INF 243 341 INF INF 748 259 INF 319 688 INF 598 623 INF 564 127 INF INF 692 755 INF INF 607 322 592 INF 627 684 732 INF 355 INF 377 INF 72 266 790 INF INF INF INF 612 481 612 621 565
INF INF INF 612 INF INF INF 606 326 161 0 301 435 136 INF INF 468 INF 660 INF 747 INF INF 81 INF INF 316 INF 337 INF 246 644 659 549 190 657 715 INF 141 INF INF 659 656 233 INF 554 275 437 223 769 671 679 INF INF INF 153 430 408 485 INF 214 INF 516 589 INF 580 716 366 457 661 481 INF 747 232 138 INF 470 291 559 INF 325 653 523 549 428 458 646 INF 521 436 173 558 474 489 636 669
315 445 INF INF 77 335 INF INF 544 INF 765 0 125 430 392 INF 446 501 INF 772 580 676 194 759 INF INF INF INF 592 543 220 291 212 INF INF 593 536 INF 350 INF INF 363 334 727 INF 157 451 INF INF 580 INF 332 664 587 433 INF 367 743 583 INF 688 242 420 291 210 694 INF 320 440 147 763 INF 90 785 586 302 402 124 195 INF 755 341 108 INF 87 193 765 585 389 214 INF 504 INF INF 84 537
704 577 306 INF 537 268 485 784 INF INF INF 733 0 740 623 509 520 INF INF 687 720 355 258 677 INF 261 744 653 231 550 646 475 INF INF INF 678 444 773 523 397 628 INF 114 INF INF INF 89 INF 143 INF 340 691 557 INF 109 480 106 INF INF INF INF 220 INF 126 INF 320 413 INF 781 446 332 INF 189 663 141 679 537 INF 569 498 INF 367 INF 503 274 589 771 INF INF 94 250 652 719 393 INF 352
INF 486 437 473 611 149 370 720 94 INF 274 715 393 0 INF 295 354 INF 382 354 490 INF INF 327 532 688 78 170 589 523 401 206 432 594 273 388 453 INF 387 402 582 318 446 530 388 INF 728 392 546 429 INF INF INF INF INF 546 INF 227 INF 449 759 69 620 537 498 INF INF 475 706 729 302 217 232 253 758 426 583 703 626 680 74 330 INF 452 633 INF 422 174 INF 132 367 INF 688 425 476 INF
INF INF 467 248 INF 252 INF 121 772 537 411 591 288 INF 0 403 150 487 INF INF 443 66 282 757 190 620 INF 414 INF 122 INF INF 387 622 106 349 INF 710 285 260 INF 334 705 INF INF 753 632 723 INF 583 597 144 145 368 395 INF 383 323 384 86 599 340 515 567 385 634 INF 446 84 710 145 INF 537 668 284 INF 67 INF INF 233 87 657 INF 424 452 INF INF 317 585 209 272 336 277 454 532 INF
287 640 328 INF 85 693 428 INF 762 373 308 INF 287 221 INF 0 727 232 284 598 INF 675 272 730 387 255 INF 84 351 750 INF INF 714 285 253 INF 747 703 INF INF 756 343 57 481 INF INF 448 INF 579 407 330 INF INF INF 261 235 685 INF 130 368 436 398 INF INF INF 332 302 689 INF 717 INF 318 INF 620 752 310 283 181 INF 386 220 273 749 225 INF 532 INF INF INF 225 367 205 210 744 INF 475
625 352 INF 297 180 338 249 202 178 559 567 256 420 701 353 773 0 101 INF 61 223 INF INF 330 182 586 419 INF 424 690 139 539 453 132 INF 250 335 648 INF INF INF INF 226 762 395 INF INF 556 INF INF INF 304 INF INF INF 359 193 341 624 372 572 610 186 INF 409 INF INF 560 INF 493 INF INF INF 176 466 INF INF 782 INF 135 INF 618 296 167 411 495 542 522 INF INF 248 110 78 86 457 615
INF INF 412 723 INF INF INF INF 658 INF 76 718 780 614 211 154 335 0 425 364 533 INF 135 778 715 731 INF INF 215 INF 341 242 INF 680 INF INF INF 331 INF 76 INF 160 55 105 364 INF 513 365 211 392 76 677 746 757 439 478 436 775 641 316 499 348 185 496 INF 656 INF 374 786 179 245 448 INF 367 INF 766 79 287 INF 742 481 INF INF 576 INF 110 776 250 301 303 642 INF INF INF INF 206
474 661 INF INF INF 172 690 697 593 INF 460 70 747 431 INF INF INF 164 0 382 324 406 732 INF INF 285 770 621 315 INF 713 503 INF 136 381 INF INF 519 INF INF INF 666 INF INF INF 81 713 INF 738 INF INF 640 438 705 101 290 83 INF 489 64 INF 571 384 252 94 668 INF 502 527 INF 722 INF INF 68 INF 676 616 INF INF 712 595 INF 546 122 615 INF 723 190 568 586 628 238 514 INF 552 561
252 555 INF 378 693 448 116 351 411 650 INF 251 INF 630 777 230 INF INF 211 0 INF 408 370 312 501 295 745 473 710 751 INF 656 INF INF 319 222 445 595 INF 721 350 443 148 777 680 INF 390 479 INF 202 INF 365 731 699 625 634 547 415 INF 204 INF 68 712 777 722 192 357 413 676 617 226 INF 492 748 INF 131 INF 502 132 552 264 INF INF INF INF INF 591 407 702 603 INF INF INF 293 248 499
INF 679 INF 425 332 INF 219 646 254 722 185 769 INF 694 INF 372 431 666 INF 356 0 INF 635 337 745 174 174 321 386 353 216 INF 572 INF 498 706 122 580 96 607 672 495 721 INF INF 336 698 347 148 691 308 108 INF 199 374 INF 718 719 INF INF 438 500 87 690 INF INF 626 706 INF 780 464 446 INF INF INF 158 652 423 714 77 160 245 355 319 546 165 150 459 277 INF 505 309 735 141 INF INF
186 268 INF 138 INF 216 INF 251 349 262 216 205 102 651 426 INF 289 704 INF 601 631 0 INF 637 603 370 237 117 55 344 521 INF 715 142 119 763 323 710 551 415 513 728 773 INF 589 74 INF 770 234 68 599 460 INF 227 715 INF 435 INF 499 71 754 98 INF 310 667 187 708 384 232 768 752 108 140 577 INF INF 406 86 553 INF 538 INF 220 454 437 372 487 360 INF INF 167 284 INF 415 559 598
583 487 INF INF 389 412 282 74 675 279 INF INF 617 76 467 INF INF 719 INF 264 312 587 0 350 INF 496 664 360 INF INF 476 237 INF 213 659 317 INF INF INF 513 314 374 353 116 INF 477 INF INF INF INF 134 379 365 711 673 440 385 582 INF INF INF INF 414 244 561 313 573 INF 231 282 430 INF 506 372 INF 156 128 709 468 INF INF 442 735 INF 302 744 306 192 INF INF 309 INF 122 667 INF 577
413 84 INF 472 643 730 138 738 381 260 738 448 INF 171 289 537 723 INF 190 342 494 INF 361 0 103 INF 505 564 81 700 259 743 INF INF 397 445 209 123 728 421 INF 752 677 INF 253 600 INF INF 770 INF 415 INF 296 200 INF 337 INF 157 481 INF 576 INF 198 520 INF 249 72 472 INF 734 INF 517 INF 440 625 INF 673 283 148 582 INF 663 INF INF 304 INF 715 770 281 541 488 697 201 530 127 456
632 324 INF 489 INF 97 INF 697 296 443 186 INF INF 340 INF INF INF 759 77 692 197 427 734 88 0 201 249 670 654 INF 96 INF 214 INF 214 138 102 370 234 634 388 INF 308 421 682 INF 541 672 318 196 304 702 500 549 INF INF 459 478 431 677 INF 91 533 INF 550 288 INF 770 INF 234 264 423 194 INF 257 159 369 INF INF 460 129 INF INF 412 553 INF INF 356 INF INF 420 515 INF 528 503 749
156 747 127 295 600 INF INF 552 545 394 627 561 758 527 267 INF 606 INF 493 653 133 628 273 INF 325 0 544 531 277 413 735 INF 727 562 INF INF 525 87 362 INF 393 143 INF 678 INF INF INF 333 502 351 203 741 296 INF 559 268 INF 78 INF 282 525 INF 78 INF 404 75 529 508 217 INF 122 INF 719 667 440 INF 437 199 INF 650 366 564 INF 221 426 INF INF 454 304 734 626 664 INF 519 753 INF
301 536 441 INF 227 302 773 94 189 158 72 INF 298 398 INF 221 356 489 136 INF 617 752 203 561 INF 700 0 INF 66 455 INF 719 INF 721 232 INF 768 673 INF 331 480 663 453 192 388 364 618 INF 209 413 420 581 491 254 737 549 INF INF 211 459 507 699 700 383 448 264 688 INF INF 293 641 622 770 527 INF 481 640 534 INF 321 656 398 749 571 737 INF 206 551 INF 223 161 592 642 684 INF 694
543 INF INF 489 439 INF 69 409 INF 649 291 699 INF 725 272 342 122 346 714 643 165 INF 509 592 400 264 INF 0 441 599 143 261 86 INF 383 INF 457 711 INF 306 183 INF 411 272 354 543 672 INF 176 594 255 INF 657 347 538 105 INF INF 517 INF INF 324 179 648 760 INF 701 714 642 498 722 INF INF INF 337 337 446 405 INF 601 203 132 453 545 INF 266 INF 632 536 122 706 99 225 59 540 INF
632 703 INF 646 INF INF INF 713 321 511 INF INF INF 609 726 INF 495 484 INF 76 737 170 85 INF INF 784 721 203 0 772 282 216 668 561 360 115 458 333 753 421 515 INF INF 380 197 INF INF 123 INF 66 INF 485 124 339 227 743 566 650 318 INF 732 INF INF 498 107 121 484 249 550 706 761 INF 779 INF 329 INF 135 INF 78 784 211 INF 328 INF 413 244 549 460 INF INF INF 223 424 131 458 INF
400 621 210 477 341 242 INF 213 INF 641 235 572 546 INF 649 209 536 INF 769 196 404 402 561 786 85 INF 456 INF 317 0 682 195 INF INF 567 250 INF INF 72 134 217 INF INF 413 598 INF 310 618 569 74 243 441 632 432 486 INF 429 123 INF 460 INF 558 256 131 INF 328 722 763 INF 733 556 INF 603 INF 118 INF 736 117 INF 322 244 643 522 481 255 110 INF 331 178 INF 417 461 657 81 414 434
101 INF 202 612 259 INF INF 240 INF INF 321 237 INF 644 193 INF 581 274 727 629 561 194 211 INF 267 623 INF 526 INF 510 0 74 667 INF 703 INF INF 235 647 517 INF 625 395 506 697 608 490 750 INF 675 422 417 INF 423 106 92 489 INF 299 709 INF 172 261 600 664 INF 68 641 63 INF INF 552 642 368 392 136 510 401 532 77 195 INF INF 753 207 155 178 649 245 INF INF 215 440 INF 223 340
209 292 INF INF 371 546 630 257 208 361 550 INF 100 INF 390 361 528 129 595 INF 361 184 251 311 381 544 198 325 445 149 503 0 658 437 INF 678 INF 227 700 INF 613 INF 406 INF 766 373 493 INF 84 238 92 INF 641 INF 388 717 139 343 78 175 INF INF 451 178 260 102 287 622 458 152 688 667 761 772 595 INF 585 112 101 289 120 279 385 694 256 INF 368 705 INF 278 INF 332 744 751 438 INF
258 INF 286 120 INF 734 450 616 INF 401 INF 277 90 96 INF INF 317 721 512 454 347 394 394 INF 639 INF 739 INF 735 INF 166 156 0 447 197 270 223 767 134 783 271 INF 197 116 INF 331 546 508 INF 344 527 325 209 567 402 460 232 INF 356 744 430 INF INF 752 91 640 382 761 258 695 543 631 187 446 INF 162 575 275 INF 763 INF 326 557 354 INF INF 141 480 INF 512 266 INF 691 664 242 INF
624 INF 563 INF 576 621 419 744 INF 751 INF 166 572 INF 698 215 140 324 616 494 INF 229 129 INF 523 INF 88 456 INF INF 632 760 652 0 156 573 488 749 476 746 310 680 291 403 INF 142 561 110 231 689 INF 312 339 INF INF 557 INF INF 517 743 INF 155 INF 308 379 402 435 98 INF 350 239 463 365 581 673 INF INF 488 83 161 505 375 INF 130 210 596 INF INF INF INF 686 INF 398 243 235 513
INF 759 236 INF INF 697 500 69 262 61 INF 442 INF 147 587 662 INF 132 INF 244 467 237 430 INF 341 757 566 INF 315 647 201 499 692 552 0 343 346 102 103 435 731 INF 247 602 400 282 384 601 359 576 INF INF 496 INF 83 682 57 INF INF INF 123 685 427 434 INF 614 INF 73 429 630 530 520 463 INF 158 365 213 615 389 190 INF 283 244 INF 388 409 INF 318 572 INF 377 406 199 69 411 INF
604 500 212 INF 194 INF INF INF 232 INF 198 173 655 INF 506 634 409 INF INF 154 749 INF 493 INF 516 INF 187 594 286 INF INF 157 133 650 227 0 INF 621 INF INF 170 740 390 INF 58 INF INF INF 723 226 94 INF INF 111 242 343 INF INF 660 119 INF INF 292 336 676 590 292 139 450 573 INF INF 631 INF INF INF INF 381 347 INF 571 620 INF 659 713 470 424 741 INF 726 182 81 424 453 INF 404
57 292 141 348 141 545 447 75 708 INF 480 240 153 540 532 INF 587 INF 369 728 161 367 329 497 437 654 324 211 693 73 526 INF 332 INF 260 734 0 421 401 INF 437 484 704 707 788 428 487 INF 501 739 761 198 533 691 568 INF INF 680 439 INF INF 727 145 INF 95 367 INF 618 INF INF INF 346 INF INF 636 INF 439 INF INF 209 378 INF 484 INF 198 770 588 772 336 INF 424 85 INF 764 675 388
INF INF INF 658 INF 520 409 84 378 562 432 555 201 660 INF 109 528 672 INF 192 454 709 760 415 233 240 341 INF INF 388 INF 173 477 620 58 711 319 0 170 264 328 INF 288 282 315 536 405 76 395 596 INF 291 621 INF 128 INF 567 INF 623 520 INF 365 522 233 761 646 INF INF 311 INF 170 INF INF 195 502 630 INF INF 255 INF 381 288 641 502 755 84 INF INF 502 INF 729 336 756 75 616 330
378 302 INF INF 659 681 258 503 INF INF 661 INF 441 INF 328 720 INF 200 730 129 758 INF 234 477 581 650 704 710 INF 545 523 582 338 185 INF 198 INF 655 0 624 230 590 561 271 232 141 INF INF 69 INF INF INF 242 80 INF 310 713 464 425 INF 515 INF 469 335 393 314 545 163 108 INF INF 327 142 110 162 597 348 INF INF 560 110 138 239 241 633 458 669 667 INF 343 727 432 713 INF INF 518
425 739 INF INF 77 449 517 539 INF 105 229 INF 127 644 84 INF INF 505 367 526 INF 227 131 541 INF 769 324 INF 323 INF 632 INF 515 228 480 677 INF 51 101 0 INF 640 INF INF 533 239 682 497 110 140 670 674 424 INF 640 INF 280 INF INF 568 449 238 513 538 781 INF 565 INF 95 579 282 328 INF 273 229 INF INF 256 INF INF INF INF INF 778 394 INF INF INF 222 734 426 INF 280 INF 274 411
INF INF 132 668 INF 399 109 361 180 INF 99 193 INF 659 465 447 131 644 241 376 149 INF INF 390 INF 335 576 INF INF 365 109 714 INF 451 291 193 INF 558 INF 271 0 248 INF 65 740 INF 215 731 INF 749 519 523 228 283 373 134 96 296 252 235 124 178 INF INF 510 514 277 INF 765 684 248 215 233 95 759 INF INF 666 149 475 INF 171 698 263 INF 438 589 773 INF 141 639 577 INF 387 697 INF
309 INF INF 737 INF 509 392 207 103 283 712 560 754 128 INF 524 709 INF INF 573 729 425 350 370 667 627 324 663 768 526 INF 230 772 487 213 INF INF 360 350 159 INF 0 699 746 INF 367 387 180 INF INF 564 251 194 118 316 784 INF 624 239 769 INF 724 INF 574 372 INF 405 363 69 352 152 INF 724 INF INF INF INF INF 395 INF 458 323 766 258 INF INF INF 561 INF 133 435 79 INF 59 237 INF
INF 712 INF 269 71 303 166 606 180 INF INF 452 417 200 295 72 343 INF 407 672 INF 155 155 789 340 INF 289 429 INF 79 289 236 300 618 INF 210 121 167 652 372 INF 356 0 478 INF INF 206 155 406 193 286 528 303 67 509 420 468 INF 481 549 INF INF 727 655 389 529 206 201 547 INF INF 340 INF 570 386 390 INF 689 595 INF 368 INF INF 484 61 INF 101 618 195 666 INF 273 INF 677 177 295
661 INF INF 74 INF 565 610 124 737 101 123 INF INF 589 388 330 91 408 INF 215 INF 196 536 434 294 284 650 195 140 684 327 698 INF 74 INF 521 INF INF 182 INF 405 275 461 0 582 189 120 287 288 591 529 83 353 474 704 133 455 311 INF INF 95 INF 758 462 508 492 INF 282 INF 255 212 INF 743 471 201 142 INF INF 459 89 254 773 202 INF 491 INF INF INF INF INF 175 152 INF 454 113 498
INF 609 81 97 109 595 INF 65 INF 618 386 615 574 517 INF INF 175 INF 641 INF INF 230 775 408 INF 516 93 INF 172 INF INF INF 447 240 INF 254 364 INF 378 298 76 INF 323 580 0 INF 440 503 755 485 INF 221 INF 550 415 539 262 INF INF 699 260 INF 750 INF INF INF 734 INF INF 80 738 INF 237 INF 142 INF 412 INF 542 63 493 434 764 365 751 767 589 INF INF 307 624 INF 642 146 INF INF
494 INF 690 339 268 250 132 607 205 INF INF INF 306 INF INF 228 380 168 252 INF 630 INF 357 740 INF INF INF 588 INF 769 INF 152 INF 533 578 INF 107 480 INF 728 INF 212 158 138 692 0 331 515 INF 540 408 INF 717 INF INF 89 429 756 746 271 699 247 95 INF 761 219 740 INF INF INF 264 INF 773 529 215 310 INF 435 459 697 445 684 501 99 588 INF INF 375 194 INF 718 INF INF 459 INF 442
INF 403 188 INF 257 290 464 INF 151 670 INF 617 543 287 501 737 163 330 INF 181 INF 118 INF 221 INF INF 590 644 438 287 476 533 362 482 INF 672 453 INF 262 587 399 312 113 129 INF 364 0 236 INF 562 INF INF INF 80 463 INF INF 707 461 180 INF 456 INF 755 INF 364 273 INF 318 735 523 250 728 690 526 611 205 556 428 254 289 111 571 INF 446 759 335 550 305 323 INF 636 219 132 INF 334
INF 602 INF 191 219 INF 602 INF INF 266 414 INF 255 INF 114 179 INF INF 211 789 392 INF 296 290 655 358 413 414 608 INF 680 480 INF INF 450 174 653 603 436 294 485 366 INF 565 161 INF 412 0 627 INF INF 69 96 334 INF 673 317 739 501 INF 385 INF 364 743 210 732 99 171 541 493 476 181 145 INF INF 376 INF 465 288 332 367 424 INF 779 136 INF 625 INF 183 480 INF 138 INF 534 526 226
650 INF 344 INF INF INF INF INF 78 320 776 659 512 462 66 750 282 603 614 489 206 685 INF 290 426 208 397 250 686 672 575 701 711 INF 461 154 592 453 543 INF 133 INF 63 INF 581 779 258 INF 0 234 190 127 696 106 279 105 279 644 617 197 288 745 320 391 80 507 131 479 INF INF 381 INF 590 481 764 399 404 275 572 531 INF 205 260 INF 685 357 618 305 INF 547 620 222 384 628 766 132
INF 421 301 INF 754 255 300 661 366 INF 246 230 193 INF 711 INF INF 547 272 142 INF INF 515 339 INF INF 764 INF 590 INF 163 INF 609 673 218 252 651 698 544 775 287 455 INF 780 INF 393 INF 226 500 0 630 INF INF INF 564 157 780 87 461 451 335 INF INF 790 327 193 INF 702 INF INF 712 709 INF 644 394 400 INF INF INF 241 439 754 INF INF INF 701 223 116 89 INF 341 257 INF 77 515 717
358 320 396 83 497 INF 80 209 INF INF INF 82 178 270 179 581 499 INF 651 326 308 INF 278 INF 726 411 INF 182 737 306 567 198 656 INF 114 727 682 571 INF 395 499 INF 748 393 INF 479 INF INF 412 INF 0 89 373 682 245 INF 148 223 353 393 347 651 761 609 INF 332 99 INF INF INF 682 INF INF 93 137 244 266 673 695 654 INF 670 INF 306 290 216 INF INF 718 INF INF 82 617 433 242 INF
323 571 INF 593 292 415 INF 645 531 284 INF 660 INF INF INF INF INF 690 90 INF INF 608 INF 359 73 INF INF 425 761 135 282 684 462 INF INF 727 355 INF INF 238 INF 429 289 INF INF 123 362 INF 440 766 419 0 169 421 INF INF 317 135 INF 747 390 INF 340 643 539 417 INF 551 INF 158 489 582 266 INF 709 233 531 484 INF 232 201 INF 616 INF 211 INF 377 189 INF INF 773 436 510 193 747 736
561 INF INF 744 65 321 INF 735 132 117 102 645 INF 756 INF 263 342 582 270 622 672 325 773 192 305 380 INF INF 689 378 415 343 778 376 INF 319 INF 152 INF INF INF 425 604 208 223 182 INF 100 INF INF 320 250 0 359 390 INF INF 118 473 INF 300 281 INF 560 392 444 273 424 223 483 INF 365 364 322 502 INF 376 309 741 710 INF 419 INF 170 INF INF 372 719 541 467 591 701 500 486 INF INF
INF 125 577 INF 437 INF 361 248 197 74 INF 204 INF 301 659 346 645 473 235 INF INF 736 407 379 INF 83 186 435 278 90 INF 98 640 214 INF 610 INF 325 232 INF 168 INF INF INF INF 286 INF 704 INF INF 266 661 INF 0 631 INF 225 691 702 185 159 184 332 412 747 INF 698 235 472 723 700 181 INF INF 91 319 122 INF INF 726 610 INF 415 539 164 INF 580 360 671 INF 251 457 INF 745 391 233
151 192 INF 90 INF INF 383 89 401 INF INF 661 734 201 635 INF INF 505 INF 227 775 INF INF 418 701 311 292 INF INF INF INF 244 INF 516 INF INF 630 INF INF 499 545 204 197 592 INF INF INF 468 335 127 INF INF 652 154 0 545 81 437 101 699 562 514 INF 747 INF 254 INF 696 784 152 INF 534 730 345 761 703 INF INF 758 229 619 446 INF INF INF 626 105 712 309 249 624 538 291 INF 678 543
695 496 200 351 567 643 99 INF INF 576 204 INF 532 417 168 INF 99 593 732 211 368 427 INF INF INF 248 462 INF INF INF INF INF INF 680 INF 443 300 375 INF 392 195 776 290 621 INF INF 660 79 584 499 189 590 344 INF 569 0 521 INF 277 INF 274 118 312 514 INF INF INF INF 130 244 INF 518 71 614 427 INF INF INF INF INF 751 INF 570 550 INF INF 696 320 472 INF INF INF 658 512 556 251
INF 551 683 INF 125 681 91 INF 438 707 INF 170 673 216 INF 511 INF 153 503 INF 489 570 INF INF INF 223 128 756 INF INF INF INF INF 470 65 155 246 314 751 INF 453 INF 295 772 161 INF 660 648 285 240 196 639 230 INF 327 122 0 INF 513 565 337 342 INF INF INF 667 INF 418 493 INF 66 554 579 734 499 115 573 794 441 418 473 619 114 784 INF 600 750 INF 212 457 INF INF 377 307 670 INF
538 INF 271 INF 279 INF 255 498 458 INF 607 734 448 INF 771 INF 182 481 359 656 592 INF 678 74 142 82 178 INF 664 344 180 132 749 INF INF 595 307 223 253 391 444 472 INF 234 183 183 INF INF 683 156 562 643 708 479 INF INF 326 0 785 617 425 INF 675 235 INF 423 470 154 169 511 467 356 752 INF 106 528 651 667 INF INF 631 513 INF INF INF 200 296 INF 746 235 INF 451 129 367 569 196
302 236 584 INF 553 736 INF INF 241 INF INF 590 247 INF INF 257 INF 628 INF 210 INF 297 352 729 INF INF 718 INF INF INF 613 276 121 338 258 480 INF 672 399 394 253 178 INF 679 592 INF 252 546 394 INF 500 241 INF 497 110 130 244 INF 0 552 235 558 264 450 389 722 317 439 INF INF 91 386 705 445 734 545 764 INF 797 762 334 461 INF INF INF 515 219 714 275 761 INF 627 120 INF INF 750
259 746 646 319 INF 349 619 INF 469 INF INF 102 INF 644 742 INF 415 INF 326 INF 437 INF 179 72 INF INF INF INF INF 655 718 642 INF INF 122 303 286 INF 716 95 488 279 196 INF INF INF 641 679 565 594 474 669 706 392 586 484 INF 565 750 0 705 469 343 457 574 557 70 264 604 INF INF 149 INF INF 273 705 INF 534 INF 193 391 INF INF 577 274 INF 710 INF 94 316 552 INF 434 311 641 396
544 INF 315 INF 406 662 610 INF 556 329 706 INF 482 137 771 480 106 744 525 233 627 600 243 729 INF INF 174 573 312 709 748 INF 530 92 725 INF INF 315 571 701 506 INF 104 595 INF 208 118 768 726 659 592 295 633 201 553 689 INF 225 759 688 0 484 INF INF INF 592 INF 427 267 166 666 527 124 556 703 INF 732 330 339 779 249 443 248 748 375 INF INF INF 316 INF 651 INF 555 INF 102 695
588 220 333 547 121 662 285 92 591 INF 176 INF 496 134 INF INF 403 487 130 624 INF INF 308 243 INF 692 711 INF INF 694 233 508 454 338 258 336 749 INF INF 53 730 611 INF 755 542 583 INF 541 138 500 61 56 INF 761 INF 596 715 INF INF INF 96 0 198 303 385 662 687 276 337 350 82 277 INF 515 INF 140 INF INF 47 482 729 142 495 339 557 268 589 INF 201 INF 725 197 634 INF 432 INF
INF 417 INF 440 560 431 INF 313 497 INF 448 505 166 663 156 587 320 512 243 97 579 632 673 783 687 434 157 426 INF 173 149 INF INF 484 112 773 460 517 365 569 538 304 521 INF 397 428 189 203 374 524 592 360 INF INF INF 698 687 425 174 627 INF 333 0 311 752 INF INF 499 318 INF INF INF 657 361 656 102 INF 597 INF 353 269 673 348 723 INF 191 733 632 INF INF 572 INF 322 440 INF 330
394 585 273 INF 173 INF 690 170 406 262 97 INF 283 INF 690 716 626 INF 505 307 512 346 INF INF INF INF INF 637 INF 469 INF INF INF INF 685 171 INF 675 747 INF INF 618 449 474 INF 729 789 333 INF 358 301 INF 313 247 415 625 576 573 INF INF INF 650 731 0 INF 564 771 472 677 582 701 INF INF INF INF 282 INF INF 577 720 302 308 488 700 INF 513 453 472 328 392 177 749 INF 75 INF INF
416 INF INF INF 721 189 INF 251 664 768 INF 618 559 622 495 INF 726 234 243 INF 708 INF 166 750 INF 517 INF 708 661 413 116 606 386 114 457 INF 302 103 478 450 788 INF 253 530 INF INF INF 711 287 192 730 INF 563 INF 176 INF INF INF 711 INF 134 INF INF 388 0 INF 541 409 217 164 INF 86 INF 438 INF 307 183 454 INF 219 515 354 601 461 INF 780 442 587 456 277 102 INF 495 391 INF 546
INF INF INF 169 INF 336 140 165 694 174 INF INF 756 736 INF 89 347 INF INF INF INF INF 632 INF INF 314 402 426 217 INF 761 300 744 607 779 343 678 392 91 637 INF 116 INF 462 76 713 INF INF 712 601 INF 727 682 INF 787 142 702 683 546 INF 378 591 75 763 INF 0 INF 238 394 201 240 136 INF INF 120 487 514 190 618 INF 543 707 536 INF 763 279 341 307 169 762 126 318 659 693 765 773
286 732 INF 662 INF 723 289 484 543 769 215 INF 726 404 INF 681 448 756 505 242 145 306 692 714 69 162 230 INF 492 707 757 395 143 528 183 534 570 527 INF INF 124 290 654 INF 107 INF INF 226 147 672 INF 454 744 462 INF 672 INF 394 193 263 393 416 137 471 282 413 0 183 408 171 INF 712 502 650 INF 302 683 765 INF INF 344 190 351 569 INF 563 INF 468 INF INF 134 169 458 380 371 752
482 664 332 654 437 556 75 753 157 INF 454 198 INF 251 675 125 INF INF 116 INF 484 681 488 213 708 224 243 218 454 634 INF INF 403 109 379 201 INF 506 378 168 539 502 755 388 INF INF 692 594 221 566 INF 586 505 110 159 129 302 299 INF INF INF INF 669 603 INF 440 635 0 549 508 659 302 622 392 INF 280 254 INF INF 749 539 740 430 619 212 769 85 313 712 INF INF 464 757 INF INF INF
INF 511 201 145 INF 752 582 439 593 507 205 329 228 443 617 678 195 321 352 211 737 406 INF 302 INF 725 612 INF 288 471 201 77 494 INF 145 387 310 220 INF INF 218 242 667 606 672 637 556 INF 711 273 INF 122 280 INF 205 290 265 INF 342 399 INF 311 549 162 INF 642 695 400 0 540 INF 552 513 INF INF INF 564 215 526 437 89 738 728 INF INF 507 INF 550 291 784 441 478 INF 216 657 INF
175 INF 392 524 INF 375 371 285 326 426 357 612 770 570 INF INF 271 INF 157 309 132 562 565 508 INF INF 247 100 280 450 INF 675 747 INF 181 302 INF 298 INF 529 255 562 460 724 INF 405 94 562 525 434 430 105 143 384 518 257 461 746 203 INF INF INF INF 66 611 INF 658 INF 412 0 214 INF 667 131 INF 119 184 477 348 109 399 585 INF INF 499 163 616 484 INF 538 268 436 549 295 INF INF
602 503 434 527 INF 109 749 64 664 160 269 INF INF 521 269 349 495 666 323 INF 403 383 737 657 456 722 511 567 599 184 345 166 230 165 INF 527 771 621 INF 177 INF 700 75 581 605 181 772 668 149 446 202 180 736 288 100 145 139 INF 374 742 730 INF 82 INF 325 INF INF 352 257 224 0 236 741 266 521 238 INF 410 INF 261 INF INF INF 393 688 INF 671 INF 116 450 INF 148 INF INF 322 INF
567 90 677 348 649 745 713 INF 251 704 INF 589 297 INF 206 INF 377 745 150 537 619 65 659 INF 188 255 INF INF 554 645 382 427 328 537 490 562 371 INF 714 239 432 INF 636 INF 339 641 779 INF 661 235 INF INF 334 INF INF 345 544 INF 281 INF INF 638 INF 686 654 111 402 INF INF 337 128 0 305 186 739 INF 160 INF 651 INF 97 445 331 274 650 700 INF 494 446 760 643 375 109 295 103 649
INF 705 131 148 INF INF 698 314 554 INF 593 474 607 479 574 INF 282 INF 514 700 173 618 327 403 493 INF INF 203 INF 351 INF INF 266 455 INF 134 560 INF 517 419 382 INF 752 INF 99 INF INF INF 188 466 396 169 489 372 314 512 713 558 633 INF INF INF 510 INF 306 360 572 389 INF 421 INF 462 0 415 117 473 674 INF 686 INF INF 649 INF 304 642 188 455 593 702 623 397 464 INF 343 292 INF
66 705 565 274 437 292 740 315 68 INF 136 434 460 INF INF INF INF INF 155 746 INF 377 149 320 668 469 759 471 150 141 448 532 163 679 604 688 537 INF 719 325 89 INF 662 231 170 635 688 722 404 630 625 INF 72 536 INF 174 INF INF 427 181 667 INF 83 686 166 261 133 253 478 629 INF 333 417 0 349 277 INF 301 INF INF 719 INF 566 188 INF INF 567 INF 405 486 160 185 758 594 274 293
70 460 319 550 562 745 555 338 INF 296 791 552 INF 441 INF 486 171 INF 216 INF INF 199 72 311 476 INF 525 350 544 126 776 INF INF 284 531 INF 342 440 INF 583 261 INF 547 INF INF 287 719 INF 324 359 113 206 521 INF 707 INF 106 184 549 634 660 87 INF INF 118 INF INF 613 175 INF 768 103 INF 589 0 INF 443 350 121 358 191 546 676 382 175 INF 747 INF 242 422 660 454 692 INF INF 343
308 418 INF 600 INF 351 INF 391 701 192 483 219 314 INF 340 568 778 161 740 INF 517 71 467 INF 529 241 609 266 286 309 586 610 399 621 INF 562 INF INF INF 729 353 179 636 536 74 703 157 518 711 INF 575 234 299 664 INF 278 334 199 368 INF 503 INF 205 292 INF INF INF 536 135 737 258 INF 424 INF 709 0 INF INF INF 174 598 415 170 94 INF 526 667 732 151 329 529 187 203 INF 80 95
316 91 291 242 439 504 65 515 464 440 265 INF 333 752 120 415 397 625 INF 334 INF 280 367 589 451 INF INF INF 756 INF 297 57 INF INF 213 593 398 738 INF 770 INF INF 350 INF INF 418 444 363 INF 385 INF 736 228 470 INF 241 420 INF 89 377 526 558 238 423 97 464 357 157 645 268 INF INF 417 771 747 INF 0 563 179 579 629 545 762 260 334 313 329 506 INF 757 634 304 168 401 INF 173
384 565 460 88 157 360 INF INF INF 714 INF 138 617 INF INF 506 INF 350 INF 518 82 INF 623 378 378 INF INF 208 298 392 465 188 INF 322 412 INF INF 407 440 INF 236 781 267 INF INF 156 600 488 INF 91 INF 775 747 INF 186 INF 476 126 516 734 167 INF 94 415 468 INF 655 INF INF 599 205 388 211 79 INF 219 557 0 INF 97 INF 468 INF 720 512 INF 491 360 557 INF 73 437 644 516 411 611
INF INF 296 214 357 701 189 299 434 589 378 244 491 680 393 410 738 INF 463 690 68 368 537 95 618 INF INF INF 645 INF 167 636 339 699 INF 55 INF INF 645 INF 58 485 INF 371 155 INF 749 150 254 534 246 361 764 INF 202 298 728 236 INF 53 228 INF INF INF INF INF 642 724 301 191 384 INF 248 INF 465 INF 452 INF 0 744 85 INF INF 384 149 INF 606 251 345 INF 463 455 INF 194 712 INF
707 625 764 392 INF INF 775 271 INF 316 361 INF 556 145 INF 214 471 465 74 INF 740 INF INF 100 296 132 134 416 144 286 463 INF 134 INF 106 406 416 737 688 INF 635 75 INF INF INF 142 392 INF 261 165 149 188 INF 176 553 582 INF 86 379 INF INF 278 568 507 225 360 360 INF 415 200 315 595 243 INF 643 533 INF 113 551 0 INF INF 589 697 INF INF 759 INF 646 515 272 219 471 657 609 337
773 95 299 INF INF 321 58 INF 625 167 105 INF 169 67 603 149 668 139 69 316 344 498 408 647 INF 163 580 703 INF INF 311 578 INF INF 613 637 366 INF 386 191 501 111 INF INF 114 INF INF 498 335 636 670 400 INF 274 351 666 INF 445 166 632 444 408 511 INF 417 216 INF 627 730 INF 303 61 236 511 INF INF 623 INF 124 735 0 400 351 INF INF INF 407 240 467 238 330 273 726 INF INF INF
176 683 370 736 602 228 422 598 534 778 176 INF 703 569 465 400 INF 653 668 622 451 401 73 81 722 INF 582 INF INF 543 450 180 INF 686 INF INF 696 INF 493 533 723 483 576 383 425 678 737 INF 356 INF 84 298 INF INF 285 INF 258 499 258 INF INF 790 351 768 204 586 539 109 411 349 728 403 675 75 321 377 508 143 517 255 INF 0 INF 417 335 468 93 INF 671 185 INF 665 INF 79 596 INF
INF 418 762 764 773 INF 734 515 INF 667 INF INF 142 INF 265 483 223 751 INF 231 616 INF 425 INF INF INF 234 INF 689 INF 384 745 333 614 419 353 315 INF INF 742 357 343 403 INF 724 INF 406 INF 312 453 505 641 INF 119 INF INF 730 676 87 479 506 360 INF INF INF 114 646 713 INF INF 404 INF 428 328 550 358 253 752 313 501 345 195 0 INF 327 INF 359 INF INF 446 INF 490 356 563 INF 296
210 638 171 126 INF 365 540 INF 704 INF INF INF 362 247 567 113 582 365 INF 486 288 153 638 771 112 551 443 664 102 INF 286 INF 637 377 233 368 INF INF 383 79 662 675 266 INF 708 681 356 623 190 INF 711 346 775 370 358 618 INF 578 785 INF INF 235 151 453 283 78 758 231 236 679 473 250 298 578 245 61 594 558 INF 598 INF 676 INF 0 633 68 333 INF 88 INF 647 126 545 91 343 606
742 INF 103 532 655 INF 125 741 63 547 INF INF 71 INF 469 147 INF 143 621 748 681 95 INF 640 185 216 414 680 541 455 INF 510 450 INF 771 704 524 754 595 357 INF 146 234 INF 485 INF 668 INF 515 92 716 613 536 INF 240 705 277 230 185 INF 644 749 56 INF 686 743 591 INF 681 438 434 INF 289 376 122 90 198 237 81 699 385 INF 650 495 0 679 622 INF 578 INF INF 325 662 INF 101 552
INF 537 INF 205 232 INF 568 INF INF INF INF INF 290 769 190 165 179 681 198 350 INF 496 464 INF INF INF INF 634 741 INF 231 INF 156 INF INF 586 INF INF 449 INF 734 337 INF 642 642 506 194 628 INF INF 497 202 164 INF INF INF 611 117 779 276 72 537 316 704 80 INF INF 585 775 INF 664 475 717 509 384 148 INF 495 182 INF 486 751 715 633 187 0 361 484 714 595 166 INF INF 123 475 254
501 266 535 428 751 411 670 159 713 778 111 INF INF INF 477 318 421 775 507 357 220 114 527 409 INF INF INF 423 396 751 114 764 542 INF 525 515 531 422 INF 140 438 295 574 611 597 INF 466 679 557 INF INF 93 INF 393 582 INF INF 303 714 153 INF INF 380 INF 621 INF INF 352 INF 624 INF INF 752 125 358 500 205 INF INF 663 107 INF INF 238 414 744 0 INF 175 345 451 601 INF 559 385 695
INF 625 153 207 286 INF 272 INF 674 INF 432 770 INF INF INF 442 756 301 420 293 727 INF 644 555 383 INF 419 585 570 611 435 INF 567 756 INF 420 699 348 232 160 574 332 517 722 687 425 463 INF 477 518 57 424 430 178 681 INF INF INF 440 714 487 INF 194 INF INF INF 621 324 421 362 179 104 116 235 445 337 INF 674 INF 425 466 77 INF 443 353 409 760 0 618 504 179 299 508 412 373 INF
118 750 77 INF 253 INF INF INF 408 279 532 181 355 648 180 INF INF 262 596 736 460 INF 635 482 528 92 INF 643 519 734 548 777 INF 117 INF INF 87 627 227 86 774 737 110 550 112 340 305 101 288 82 INF 458 720 568 180 242 667 INF 405 425 425 684 97 670 260 400 139 709 175 600 586 INF 78 305 206 INF INF 577 637 512 INF INF 199 124 435 319 765 147 0 INF 644 INF 784 402 649 636
650 401 INF 330 658 621 674 317 143 614 584 394 416 384 INF INF INF 370 303 731 180 619 INF INF 252 123 693 234 INF 234 INF 489 740 INF 519 730 530 115 413 105 INF 398 INF INF 73 266 454 330 314 508 497 INF 486 237 INF INF 697 INF 506 552 489 708 518 399 251 259 623 428 523 INF 629 299 680 655 INF 230 679 INF INF INF 652 780 463 614 769 INF 323 778 601 0 153 686 692 569 525 INF
564 265 INF 216 356 343 INF INF INF 661 INF 140 87 306 INF INF 455 INF 211 INF 158 225 647 440 INF 490 308 405 INF INF 650 INF INF 291 314 437 115 INF 337 125 355 68 557 INF 595 INF 498 572 424 220 INF 318 434 742 INF 115 INF 672 727 751 INF INF INF 338 299 243 717 352 INF 755 INF INF 547 INF 617 534 146 INF INF INF 136 636 83 196 445 295 160 86 146 310 0 INF INF 273 352 INF
628 INF 508 296 178 340 327 780 504 INF 313 INF INF INF 490 471 178 309 586 INF 505 408 688 INF 669 INF INF 246 INF 419 INF 751 354 276 150 INF INF 98 275 INF 728 INF 61 INF 719 INF INF 718 INF INF 312 683 88 INF INF 184 INF 179 422 259 235 179 INF 442 109 537 176 757 291 255 INF INF 561 234 139 413 559 500 INF INF 668 347 218 215 729 INF 360 496 229 71 INF 0 INF 162 736 121
231 739 309 586 294 439 INF 243 444 582 296 INF INF 621 310 715 INF 699 438 613 INF 687 INF 344 449 69 INF 508 564 INF 266 610 636 464 180 743 INF INF 97 INF 341 INF INF 335 684 198 656 360 756 348 209 INF 705 487 170 INF 745 387 180 489 727 767 64 INF INF INF 102 INF 129 207 596 492 175 INF 633 176 524 INF INF 483 275 95 186 585 INF 577 352 534 373 INF 94 285 0 INF 665 388
544 780 374 348 304 216 655 INF 145 666 INF 522 490 534 600 638 192 INF 613 INF 749 INF 165 INF 276 505 671 172 INF 758 INF 633 60 579 INF 771 INF 481 243 286 591 INF 214 394 INF 84 290 117 625 641 248 655 750 INF 280 INF 738 INF INF 307 INF 286 379 602 INF 146 580 294 INF 245 386 775 INF INF 277 INF INF 548 247 INF 249 INF 548 283 INF INF 178 702 INF 618 INF 189 162 0 709 INF
420 INF 308 INF INF 368 INF INF INF INF 694 INF 210 499 210 INF 199 314 577 INF 513 553 INF 273 233 718 520 595 442 603 463 INF INF 596 INF 242 149 591 71 483 INF 763 730 420 INF 277 241 INF INF 640 504 669 536 216 INF INF INF 632 INF 301 768 INF 64 328 INF 589 664 254 INF INF INF 346 295 INF 114 INF INF 576 502 499 INF INF 404 INF 737 415 699 557 296 341 116 70 INF INF 0 INF
267 INF 83 83 699 155 350 701 688 138 204 648 413 292 103 756 INF 252 448 238 239 516 133 740 INF INF INF 266 93 INF INF 526 INF INF 115 690 82 87 674 541 INF 718 654 INF 387 577 INF 127 743 INF INF 703 305 191 779 INF 771 196 INF INF 255 INF 459 426 658 655 150 343 734 INF INF INF INF INF INF 717 INF INF INF INF 440 INF 747 INF 188 662 505 INF 786 479 INF 307 556 707 739 0
