0 597 405 120 228 360 151 697 INF 457 92 INF INF 686 416 INF 539 INF 379 544 701 780 INF 241 INF 187 637 INF 381 482 INF 779 82 120 INF 274 300 766 378 507 543 600 161 480 644 726 597 214 INF INF 356 378 682 725 519 731 289 478 745 94 529 238 286 160 INF 357 738 743 308 775 383
547 0 172 351 535 92 514 595 INF INF 721 554 671 622 666 188 INF 167 192 79 INF 448 INF 127 546 230 703 INF 390 393 102 751 121 376 INF 254 405 674 165 586 INF 284 362 673 INF INF 429 773 304 404 388 493 682 INF 741 311 168 INF INF 603 625 559 INF 159 699 117 617 113 INF 152 345
649 380 0 432 338 373 628 529 514 INF INF 384 147 605 521 693 447 547 INF INF 437 554 INF 526 INF INF INF 158 715 285 INF 658 447 272 651 644 INF 630 247 INF 680 642 251 INF 194 INF 224 INF INF 667 51 277 INF 261 256 266 687 467 111 255 64 147 575 INF INF INF INF INF 713 467 662
395 198 464 0 396 78 244 735 684 88 186 INF 167 266 INF INF 731 INF 661 329 427 INF 385 690 749 447 INF INF 118 420 INF INF 638 INF 136 430 INF 462 INF 773 241 791 739 627 562 707 268 INF 305 502 629 451 384 INF 572 720 INF 428 342 INF INF 546 687 470 INF 565 INF 303 178 295 INF
311 INF 224 179 0 218 INF INF 329 622 670 INF 123 513 759 184 127 560 184 392 415 296 519 INF 613 193 765 631 146 105 INF 683 749 INF 186 INF 376 664 729 690 665 505 265 151 258 782 238 202 768 INF INF 622 83 260 630 165 INF 628 361 392 INF 575 424 406 INF INF INF 715 66 INF 433
531 103 733 211 751 0 326 724 126 INF 530 652 53 130 467 INF INF 117 502 257 INF 84 INF 463 INF 473 INF INF 550 604 564 238 211 487 INF INF 690 INF INF INF INF 694 INF 677 487 INF 618 INF 713 746 268 72 578 225 234 767 496 INF 177 186 514 702 INF 110 658 481 581 134 INF 631 INF
187 158 282 602 546 370 0 426 INF 709 452 INF INF 496 239 INF INF INF INF INF 664 INF 698 188 511 294 333 501 INF 523 151 INF INF 647 692 INF INF INF INF 383 597 INF 570 INF 193 683 267 236 524 INF 505 536 558 517 188 INF 142 233 INF 185 INF 192 394 INF 667 177 652 86 INF INF INF
INF 339 493 INF INF 567 INF 0 622 405 673 INF 511 364 113 INF 328 387 172 606 472 338 INF 175 706 288 503 142 631 INF 632 INF 586 INF 615 INF 338 437 457 575 INF 67 343 INF INF INF 293 766 102 665 477 729 639 516 INF 371 INF 227 INF 748 121 INF 374 701 334 INF 200 INF 439 565 190
207 265 454 INF 733 INF 504 INF 0 102 299 700 451 729 283 372 INF INF 728 108 493 600 421 INF 198 285 INF INF 179 719 INF 775 68 453 444 INF 312 INF INF 180 418 INF 553 228 767 269 215 INF 286 INF INF INF INF 584 513 472 333 INF 388 601 INF 368 742 717 376 82 695 771 INF 347 771
299 112 258 329 INF 606 213 607 176 0 479 216 581 272 438 502 184 171 213 130 396 711 689 618 INF INF 297 110 251 284 367 492 610 176 339 462 143 534 383 370 593 113 755 INF 757 621 441 INF 234 INF 665 371 117 137 333 INF 486 INF INF INF INF INF 702 INF 551 142 525 513 487 INF 66
145 122 INF INF 158 737 562 INF 100 139 0 118 676 77 INF 133 INF 598 220 330 729 252 251 697 INF 270 579 209 568 INF 593 290 397 504 INF INF 315 INF INF 277 INF INF 210 713 614 233 INF 423 313 521 580 651 INF 463 147 INF 683 651 534 540 INF 150 174 661 222 INF 712 433 INF 165 186
INF INF INF 680 212 507 INF INF 645 640 670 0 INF 705 108 INF 641 485 140 165 196 INF 539 77 INF 85 269 679 419 688 171 170 75 INF 490 700 138 710 453 645 INF INF 595 723 66 609 INF INF 701 INF 691 753 612 INF 268 365 280 INF 438 559 654 INF 486 345 425 INF 707 234 139 723 626
INF 495 472 111 298 124 INF 709 210 225 97 132 0 INF 80 INF INF 301 INF INF 103 INF INF 383 680 297 728 INF INF 632 INF 585 648 INF 288 272 70 INF INF INF 373 INF 433 400 477 735 140 261 275 497 130 595 INF 330 60 438 496 INF INF 214 419 432 INF 222 761 256 742 529 INF 173 475
INF 728 INF 159 660 559 754 603 INF 697 486 86 INF 0 770 648 INF INF INF INF 507 INF 220 INF INF 446 INF 444 INF 446 272 68 INF 621 462 INF INF INF 686 623 709 513 266 190 313 334 INF 451 INF 121 242 655 198 573 624 622 352 202 386 742 INF INF 392 388 73 INF 546 754 405 444 191
726 INF 538 263 338 INF 349 536 INF INF 404 INF INF 129 0 640 744 151 604 INF INF 770 337 INF 460 501 468 170 238 453 INF 569 INF 662 242 INF 588 56 INF INF 459 INF INF 512 190 INF 386 392 INF 480 176 130 763 257 423 137 268 519 234 339 461 608 384 443 233 697 494 720 356 643 566
367 363 247 655 371 465 250 517 INF 530 639 INF INF 182 INF 0 692 168 712 233 619 691 INF 501 756 INF 511 INF 72 383 493 64 INF INF INF 354 657 102 INF 402 461 INF 102 682 392 72 480 343 233 INF 585 225 INF INF 99 581 602 INF 103 394 INF 743 773 INF 767 552 687 576 394 774 INF
421 669 516 85 442 INF INF 444 719 INF 327 138 764 707 INF 278 0 124 327 INF INF INF 553 229 456 INF 663 197 INF 220 225 151 365 89 INF INF 298 693 202 666 INF 239 319 125 190 INF 234 470 640 325 641 694 INF 301 447 INF INF 202 INF 727 587 INF 218 181 156 INF 358 693 353 INF INF
608 478 128 INF 296 INF 584 INF INF 507 244 605 691 INF INF INF INF 0 INF 211 707 INF 149 606 294 193 485 334 96 442 INF 554 INF INF 284 765 650 109 INF 690 INF INF 526 339 INF 751 115 613 723 545 209 INF 437 209 733 INF 290 373 763 INF 492 INF 486 INF 197 600 INF 741 659 INF INF
INF 279 392 INF 262 655 INF 509 498 INF 303 447 INF 258 INF INF 429 652 0 INF 551 INF 512 775 537 INF INF 351 71 592 680 383 INF INF 370 263 INF INF INF INF INF 312 759 118 208 432 324 590 418 369 INF 205 262 487 INF INF 392 743 169 546 INF 162 718 720 678 733 682 INF 625 136 545
683 INF 512 INF 279 200 612 484 572 INF INF INF 76 INF 606 INF INF 217 715 0 67 607 INF INF 69 INF INF INF INF 560 INF 544 531 451 175 387 474 626 710 267 INF 471 594 746 INF INF 403 92 375 589 INF INF 581 681 166 426 697 73 63 104 INF 569 74 559 328 511 611 338 472 388 265
428 565 317 INF 678 229 623 569 237 396 406 524 INF 591 441 INF INF 580 360 733 0 INF 282 INF INF INF INF 598 180 INF INF INF 286 INF 419 INF INF INF 293 755 242 INF INF INF 299 197 INF 129 672 INF INF 734 INF 214 INF INF INF 106 590 INF 412 INF 370 493 231 704 730 671 66 77 199
INF 68 605 351 278 572 INF 657 INF 512 INF 76 757 353 INF 266 INF 575 INF INF 741 0 352 INF 601 554 76 439 267 646 440 112 617 741 493 INF 441 491 721 147 94 INF 541 425 143 260 INF 554 88 460 580 657 398 414 INF 338 178 INF 446 440 169 INF 458 163 539 351 INF 214 INF INF 83
555 677 INF 678 INF INF 240 251 710 231 282 INF 218 373 691 INF 64 541 233 553 49 INF 0 733 INF 255 713 429 391 INF 739 INF 215 339 307 INF 727 67 725 110 INF INF 599 INF INF 488 INF INF 620 746 542 INF 506 105 INF 302 418 604 INF 138 600 365 186 637 180 INF 705 476 758 603 367
630 INF 580 194 INF INF 503 153 649 INF 758 107 88 74 433 77 413 INF 444 678 561 737 161 0 406 374 436 INF INF 561 INF 401 647 142 669 INF 541 INF 319 440 INF INF 544 779 631 655 607 INF INF INF 724 256 607 757 626 INF 724 97 317 322 615 676 INF 203 576 409 INF INF 712 583 279
372 322 INF INF INF 592 497 593 INF 470 606 528 INF 608 719 554 INF 545 183 INF 227 371 98 INF 0 INF INF INF 534 738 518 INF 422 137 379 291 529 179 INF 287 671 INF 557 66 538 137 385 INF INF 219 INF 490 INF 144 354 319 582 284 INF INF 760 421 INF 352 325 232 725 549 356 647 774
INF 449 82 556 737 INF 527 412 650 175 111 430 666 INF 77 INF INF 653 360 INF 701 INF INF 407 179 0 INF 738 756 756 INF 471 INF INF 332 678 349 237 INF 504 INF 232 317 282 99 INF 486 175 INF 226 INF INF 335 INF 175 252 653 INF 459 INF 592 INF 102 501 459 INF 270 581 INF 721 INF
439 429 79 405 626 596 665 278 INF 579 289 INF INF 577 185 730 INF 489 144 INF 158 136 305 105 66 382 0 279 INF 220 544 295 599 225 INF 283 629 516 INF 443 628 INF INF 711 323 546 522 633 336 678 116 713 87 322 INF INF 347 461 260 INF 397 INF 577 594 303 INF INF INF 394 90 579
254 239 719 628 367 667 INF 585 589 607 414 171 765 INF 355 464 INF 624 INF 555 345 407 279 INF 231 399 INF 0 415 388 291 76 INF INF 351 INF 236 590 260 INF 262 INF 788 423 76 INF INF INF 316 251 89 672 510 108 661 INF 337 502 317 376 545 INF 151 598 INF INF INF 298 237 304 364
INF 330 302 490 INF 50 530 INF 505 511 INF 643 358 INF INF 386 521 132 INF 94 INF INF 150 638 497 INF INF 573 0 608 163 400 575 497 738 371 365 INF 551 INF INF INF 112 302 199 409 411 INF 183 INF INF INF 178 INF INF 282 457 620 344 748 518 218 284 INF 313 691 114 INF INF 390 308
195 429 266 INF INF 725 INF 184 279 INF 540 INF 119 653 INF 125 62 748 742 73 294 430 INF 258 486 679 INF INF 763 0 689 722 538 544 380 634 552 190 672 453 INF 338 363 410 700 INF 690 158 106 715 377 INF INF INF 640 664 514 693 389 INF INF 575 278 393 499 INF INF INF 385 545 540
716 165 INF 484 215 256 475 INF 429 342 INF 156 INF 373 INF 362 754 INF 505 426 734 321 338 INF INF 411 INF 616 457 441 0 238 498 INF 596 100 733 233 INF INF 486 639 INF 161 88 125 418 301 92 INF 72 669 INF 770 193 77 382 66 766 86 361 INF INF 54 129 INF 182 186 INF 74 INF
374 736 522 476 353 INF 579 INF 506 INF 531 112 INF 717 704 153 578 552 INF 462 745 574 244 164 INF 686 600 495 245 INF INF 0 746 INF INF 134 469 169 247 646 INF 415 181 109 INF 667 485 INF 486 237 INF 355 214 INF 625 147 158 INF INF 192 517 751 653 220 613 159 591 INF INF INF 587
677 328 INF 185 INF 90 INF INF 637 INF INF 168 164 INF 608 148 581 481 329 417 88 INF 730 INF INF INF 654 160 608 291 598 64 0 INF 300 344 69 360 INF 61 132 323 INF INF 565 INF 260 351 INF 736 247 INF 568 INF 213 756 64 108 INF 369 564 466 INF INF INF 655 130 749 217 97 INF
INF 79 286 481 115 78 INF 656 639 INF 390 738 117 670 INF 770 INF 326 493 604 292 388 INF 403 666 INF INF 220 510 INF 573 129 693 0 INF 352 INF 351 443 INF 103 225 INF 470 775 INF INF 759 INF 74 494 INF INF INF 465 INF INF 612 INF 206 INF 254 315 INF INF INF 690 454 273 324 332
129 377 218 437 382 543 INF 496 INF 283 152 428 265 INF 295 INF INF 511 652 345 678 INF 267 INF 329 234 747 743 INF INF 714 414 330 INF 0 779 623 691 INF 649 776 233 624 INF 322 719 INF 298 INF 590 251 256 700 761 331 743 INF 102 59 INF 99 245 647 630 453 103 INF 772 409 INF INF
INF 358 329 63 INF INF INF 317 541 271 774 704 474 594 431 INF 260 715 465 736 645 INF 413 605 190 398 INF 493 INF 621 INF 108 INF 350 214 0 766 141 INF 173 INF 92 654 94 329 INF 273 351 739 INF INF INF 121 INF 454 INF 732 INF 329 149 214 INF 672 343 INF 737 INF 67 442 363 INF
516 INF 131 419 199 INF 729 621 INF 316 414 596 INF INF 280 362 INF INF 581 374 684 683 INF 697 INF 515 104 346 185 342 306 721 INF INF 68 INF 0 INF 533 518 INF 219 INF INF 160 INF 478 532 INF 651 382 279 163 INF 528 175 412 INF INF 128 498 INF 711 327 INF INF 421 INF INF 500 322
474 INF 93 INF INF 529 INF 437 INF 637 INF INF 470 147 314 752 INF INF INF 138 133 177 INF 75 421 193 126 601 411 278 INF 271 320 INF 536 INF 355 0 213 555 729 INF 591 641 728 237 715 INF 307 483 INF INF 183 535 126 356 372 305 INF 173 634 229 404 453 603 114 INF INF 121 INF 738
180 637 INF INF 716 274 215 INF INF 595 INF 354 95 88 719 283 708 INF 61 135 INF 269 265 214 INF 124 INF 730 494 404 437 129 INF 51 INF INF 150 INF 0 INF 481 72 206 INF INF 502 INF 671 INF 709 597 192 INF 85 392 107 94 458 496 630 101 328 597 244 INF 134 277 360 301 717 358
681 INF 456 722 372 209 649 701 393 INF INF INF 174 237 86 715 556 489 INF 646 462 INF INF INF INF INF 636 266 433 652 INF INF 120 268 687 636 139 137 INF 0 520 300 INF 374 451 237 64 750 663 INF INF 156 546 INF 722 INF INF 407 INF INF 231 INF 756 231 497 INF 692 332 733 358 63
553 INF 762 INF 335 63 142 297 INF 459 574 INF 612 141 653 525 389 577 100 155 278 306 488 INF INF INF 769 INF 293 251 669 INF INF 510 INF 534 INF 715 112 759 0 540 147 711 346 493 159 748 384 INF 288 117 137 740 INF INF 541 529 283 68 INF 204 INF 445 574 INF INF 728 INF 514 INF
278 270 767 INF 744 661 161 112 506 INF 221 379 365 INF 465 735 INF 323 433 283 INF INF 724 283 754 188 519 126 INF INF 413 INF 562 INF 470 303 INF 674 80 747 359 0 INF INF INF 229 INF INF 547 INF 65 541 631 759 615 675 643 223 212 INF 707 85 556 733 INF 633 116 292 INF 433 169
185 INF 340 514 444 287 586 256 INF 548 611 71 INF INF 546 449 101 366 681 209 374 678 412 740 223 166 751 741 744 454 INF INF 78 INF 160 152 330 553 576 754 183 INF 0 INF 492 INF 74 362 465 727 84 INF INF 117 145 715 INF INF INF 339 585 INF 334 INF 733 572 INF 112 INF 77 442
731 285 INF 61 213 167 INF 432 312 INF 723 INF 745 INF 694 INF 133 INF 667 371 INF 222 INF 697 83 466 187 479 749 156 66 402 INF INF 760 INF 75 688 605 627 185 INF INF 0 163 493 457 614 INF 125 517 181 162 416 INF 365 134 INF INF 554 87 451 INF 618 INF 467 120 753 484 702 624
86 770 138 404 520 INF INF 775 453 187 600 INF INF 207 776 207 INF 149 163 315 INF 587 359 INF INF 505 INF 743 333 INF INF INF INF 333 INF 112 176 INF 298 INF 453 INF 436 295 0 299 INF 474 392 423 INF INF 763 578 61 287 748 355 630 659 497 INF 200 370 223 101 103 INF INF 328 400
435 757 648 504 84 INF INF 237 772 508 144 458 571 INF 90 INF 477 INF 509 380 463 87 554 INF INF 633 224 INF 224 INF 243 440 694 INF INF INF INF 282 219 250 INF INF INF INF 246 0 646 137 INF 105 208 240 INF 459 229 INF 138 210 403 INF INF 682 540 595 670 655 INF 772 139 INF 99
292 INF 613 INF 535 464 INF 579 676 INF 446 INF 217 666 INF INF 371 INF INF 212 305 727 INF 346 INF 57 468 726 730 556 INF 205 522 538 INF INF 486 INF 371 390 740 203 463 488 INF 157 0 686 391 683 269 221 449 298 703 87 INF 416 656 567 559 INF 191 411 INF 160 114 INF 516 233 770
745 INF 675 309 408 591 622 INF INF 641 67 INF INF 735 688 249 559 248 680 525 623 725 305 566 686 432 INF 174 668 134 332 338 455 394 INF 212 93 INF 146 669 598 INF 439 501 99 400 476 0 519 241 419 546 419 INF 183 139 INF 324 200 412 678 289 770 496 INF 136 INF INF 632 INF INF
596 448 660 INF 133 521 403 122 360 85 730 INF INF 688 315 357 375 164 INF INF INF INF INF INF 625 INF INF INF 669 INF 435 INF 682 INF 124 604 342 INF INF 541 482 587 757 501 69 345 INF INF 0 INF INF INF 173 604 270 428 217 INF 453 402 497 INF INF 197 386 116 318 INF 384 INF INF
334 612 237 INF 382 399 INF 228 323 655 488 397 418 311 INF 464 INF 283 INF 350 768 INF 126 INF 129 503 638 333 591 495 INF INF 510 594 109 INF 187 247 INF 203 INF INF INF 546 672 268 236 INF 360 0 563 INF 55 781 371 543 280 444 192 747 INF 159 INF 229 758 460 342 143 431 515 774
83 135 754 INF INF 606 600 643 472 671 242 398 INF 722 557 66 264 97 INF 701 741 208 381 INF 646 INF 310 445 410 359 INF INF 304 708 250 706 INF INF 709 INF 441 222 412 724 776 550 267 566 483 114 0 351 264 INF 311 643 122 215 72 INF 520 INF 94 INF 674 708 186 INF 266 INF 469
619 726 572 556 354 692 INF 470 195 INF INF INF 645 452 INF INF INF 653 282 INF 598 139 93 INF 364 294 645 INF 635 242 456 486 INF 659 420 INF INF 764 765 708 584 520 INF 444 102 INF INF INF 312 135 INF 0 INF INF 213 INF 626 162 355 347 109 INF 204 454 534 643 720 INF INF 546 631
575 INF 75 436 145 516 132 746 56 356 153 256 197 INF 102 332 562 INF 644 180 511 180 335 INF 555 587 323 156 126 660 621 INF INF INF 67 390 INF INF 89 790 340 260 690 665 INF 412 148 INF 522 INF 535 546 0 712 230 555 INF INF INF 315 423 440 146 167 220 415 INF 630 229 478 INF
143 461 627 INF 579 393 557 INF 450 568 INF INF INF 107 INF INF INF 611 INF 561 440 716 705 510 INF INF INF INF INF INF 123 74 452 INF 619 187 670 INF INF 62 INF 447 INF 693 272 649 390 461 INF 445 315 521 82 0 487 INF 158 295 762 INF 757 682 699 518 240 INF 469 264 546 219 INF
197 INF 645 669 314 368 INF 75 305 343 528 137 257 62 405 276 INF 486 544 624 723 592 472 473 767 INF 508 735 INF 557 208 365 500 INF INF 573 INF INF 76 628 619 750 443 INF 238 358 674 INF INF 430 486 INF INF 337 0 732 376 INF 226 471 INF INF INF INF 118 267 INF INF 477 470 191
INF 588 224 98 63 624 269 INF 455 612 603 116 437 225 INF INF 253 471 INF 385 390 290 INF INF 710 721 INF INF 776 197 447 642 INF 448 INF INF INF 105 552 527 586 617 231 INF 67 783 75 427 INF 558 INF 130 122 614 295 0 INF INF INF 624 354 174 INF 421 446 564 INF 339 631 614 304
INF 279 88 94 284 156 614 INF INF INF 264 INF 183 780 85 237 INF INF 539 630 441 477 INF 580 220 489 387 117 331 INF INF 455 INF 281 400 INF 522 INF 122 113 359 560 INF 479 555 INF 670 744 505 535 640 663 169 INF 461 INF 0 726 595 694 736 191 650 452 INF 354 INF 156 548 318 INF
603 726 279 INF 216 749 575 644 443 INF 122 135 INF 238 INF 221 644 INF 616 INF 585 113 131 496 INF 461 469 54 INF 514 131 INF 479 476 318 INF INF 506 INF 152 85 663 672 342 518 INF 379 INF 298 INF INF 457 460 748 266 738 228 0 INF INF 120 369 INF INF 207 INF 96 436 643 160 470
162 200 INF INF INF 196 INF INF INF INF 555 INF 63 294 59 412 68 345 208 680 286 492 589 618 603 INF 664 INF 85 435 508 INF 526 179 363 372 464 552 285 254 246 673 INF INF 389 INF 156 281 366 INF 570 INF 298 502 406 221 81 420 0 178 410 INF 377 334 94 78 588 INF 469 530 324
INF 704 538 INF INF 476 650 530 INF 185 423 433 610 INF INF INF 115 INF 420 631 719 570 440 508 INF INF 502 623 690 479 60 539 117 INF 508 524 701 137 686 562 INF INF 173 INF 641 359 INF 692 INF 367 235 702 514 INF 425 598 230 168 130 0 570 INF INF 692 INF 399 536 432 486 575 143
INF INF 626 762 521 130 INF 594 INF INF 496 746 131 362 143 591 INF 461 381 358 722 125 156 564 407 347 INF 288 738 INF INF 766 192 INF 93 241 366 545 INF INF INF 684 625 125 770 INF 293 INF INF 86 INF INF INF INF 465 152 149 INF 124 125 0 INF INF 552 677 693 INF 683 INF 536 138
517 135 INF INF INF 656 386 144 INF INF INF 550 INF 710 INF 608 80 INF 230 158 170 281 INF INF 732 179 683 INF 249 402 635 769 605 381 314 760 507 484 198 INF 349 INF 369 212 197 INF 568 518 INF 71 INF 183 566 INF 168 302 INF INF INF 292 INF 0 INF INF 259 227 581 INF 126 631 135
432 142 INF INF 455 123 INF 473 INF 226 103 INF 722 499 INF 599 INF 721 669 699 643 INF 385 588 INF 331 285 INF INF 676 INF INF INF 539 INF 750 363 INF 254 388 INF 149 647 INF INF 201 65 INF 737 711 INF 523 INF INF 199 606 INF 241 123 719 409 138 0 584 161 INF 339 659 INF 708 96
INF INF INF 683 140 INF 318 693 264 421 INF INF 650 229 664 576 INF 699 522 237 642 INF 131 INF 669 INF 745 INF INF 328 INF INF 462 INF INF INF 692 317 570 123 INF 283 403 227 INF 395 105 414 598 175 294 689 445 743 125 681 INF 429 81 166 168 INF 83 0 779 156 483 743 INF 560 521
197 448 293 581 375 707 641 107 752 INF 375 216 429 INF INF 751 542 625 INF 80 427 INF 587 382 INF INF 762 458 499 INF 553 321 57 400 734 139 109 357 INF 416 729 INF INF 753 135 INF 749 INF 573 510 374 INF INF 363 227 INF 661 288 351 529 718 414 INF INF 0 525 INF 52 INF INF INF
584 232 633 INF 601 566 590 INF 267 143 475 343 595 69 331 322 559 605 INF 509 INF 503 606 INF 508 220 INF 738 176 333 313 307 694 453 492 442 INF INF 758 567 INF 754 736 760 437 656 293 121 100 237 476 571 550 227 165 259 INF 398 INF 572 521 181 INF 194 408 0 337 610 215 397 192
INF 230 377 237 233 451 712 INF 214 730 122 681 449 INF 489 399 336 INF 235 INF 546 527 739 450 INF INF 289 546 464 267 INF 596 INF INF 262 396 616 279 291 733 392 INF 769 716 399 260 333 658 INF 689 311 760 135 223 642 INF 745 363 383 384 238 439 219 494 INF 251 0 352 565 570 INF
475 506 INF 400 626 527 282 472 347 INF 559 712 INF 449 454 508 INF 117 220 INF 319 199 721 737 611 643 INF 176 657 INF 753 551 228 293 263 103 INF 418 INF 125 193 271 322 INF INF 321 576 INF 259 667 271 INF 165 681 711 543 346 189 INF 542 325 INF 493 581 709 414 531 0 281 506 INF
181 INF 264 91 INF 87 638 164 778 709 INF 78 INF INF 157 622 INF 729 214 358 INF 458 INF 190 547 INF 550 440 535 209 779 INF INF 288 563 INF 362 INF 727 156 INF INF 777 425 INF 522 INF INF 108 500 695 237 85 691 INF 749 650 638 413 539 526 INF 164 600 707 INF INF INF 0 204 554
155 510 696 344 527 626 77 144 INF 421 406 146 644 416 516 INF 658 431 682 INF INF 628 INF INF INF INF INF 298 INF 730 775 657 122 646 424 248 66 297 55 306 188 355 INF 309 356 454 712 392 166 INF INF 105 INF 414 624 INF 406 274 INF 306 317 INF INF 719 444 753 657 538 267 0 571
195 692 INF 760 81 INF 214 INF INF 694 161 INF 391 593 INF 307 614 774 INF 471 407 348 77 INF 162 703 571 578 209 428 63 INF 66 86 188 758 INF 664 INF 502 INF 82 INF 375 475 643 65 INF INF INF 128 335 INF INF 634 431 108 621 629 506 306 484 148 782 528 717 112 368 106 INF 0
