0 377 475 INF 641 236 440 710 251 328 INF 214 542 INF 551 196 435 554 744 204 646 379 521 717 782 574 624 399 189 263 255 645 INF 479 727 INF INF 414 285 INF 466 INF 379 85 INF 545 58 264 INF INF 236 INF 411 301 301 273 357 516 111 273 171 243 359 INF 577 689 719 555 505 260 541 289 121 312 698 INF 589 561 118 INF 655 548
778 0 142 134 112 767 418 INF 184 579 578 INF 284 INF 773 574 INF INF 141 288 298 291 512 INF 357 INF 120 96 571 INF 212 INF INF 731 INF INF INF 685 671 128 690 671 534 INF INF 761 306 592 246 96 INF 779 503 INF INF 94 INF 192 546 461 648 INF 128 302 INF 321 INF 299 488 143 INF 523 89 448 528 592 INF 104 259 INF 729 128
138 703 0 INF INF 260 525 721 578 712 222 256 199 INF INF 75 428 209 210 507 440 INF 703 614 242 742 574 188 708 206 670 INF 768 668 550 383 331 INF INF 488 358 INF INF INF 164 428 INF INF INF 171 219 INF 330 INF 401 347 143 611 345 393 288 246 INF 591 613 93 282 311 INF INF 571 760 INF 433 296 336 228 374 122 422 INF 685
578 576 89 0 207 472 436 INF INF 100 94 293 482 INF 603 574 INF 130 INF 638 729 309 INF 695 651 INF INF 215 INF INF INF 220 522 INF 521 INF 315 512 265 INF INF 409 INF 325 344 INF INF 282 379 763 593 484 473 636 490 INF 378 INF 267 84 367 INF 198 447 INF 700 627 INF INF INF 257 393 704 739 486 INF 154 INF 376 74 515 550
417 280 655 497 0 INF INF 161 679 274 INF 413 618 INF 474 140 INF 208 349 642 562 93 INF 753 453 644 339 211 INF 370 476 INF 301 107 688 292 INF 150 306 INF 351 559 305 518 734 97 INF 595 625 422 547 479 591 INF INF 700 151 INF 653 610 99 473 458 454 379 676 618 106 INF 726 94 784 450 INF 545 147 INF 426 INF INF 726 INF
582 756 766 402 380 0 71 193 517 762 INF 246 96 INF 318 INF INF 154 605 557 123 685 INF 514 142 INF 610 INF 381 617 427 INF 304 INF 721 270 369 377 107 INF INF 441 781 311 393 155 INF INF 493 INF INF 435 752 INF 630 178 520 573 736 312 573 105 INF 550 116 291 INF 347 762 667 688 351 178 332 585 63 INF 107 INF 369 INF 547
776 INF 391 203 700 675 0 376 88 542 INF 461 499 301 76 INF 281 99 INF 74 INF INF 233 INF 600 411 150 INF 376 INF 598 242 INF 630 389 INF INF INF 660 INF 176 INF INF INF INF 447 564 238 408 248 INF 651 244 452 199 INF INF 195 199 608 217 599 258 INF 522 371 317 266 INF 275 96 293 286 288 364 135 INF 158 506 195 103 INF
722 588 385 373 INF 176 449 0 500 522 187 INF 316 INF 304 481 INF 321 717 475 539 637 527 406 INF 345 193 440 INF 320 432 INF 321 INF INF 444 150 365 214 475 317 INF INF 772 INF 368 501 679 INF INF 465 439 378 309 INF 595 764 462 588 244 INF INF 197 INF 513 151 477 INF 642 INF 753 INF 409 447 INF 742 576 320 357 469 778 574
163 INF 356 216 424 INF INF 115 0 151 536 INF 361 506 202 604 718 583 499 326 640 INF 640 509 582 615 181 167 INF 406 751 437 INF INF INF 406 370 682 718 167 INF INF 651 511 779 INF INF INF INF INF 121 INF 750 611 538 738 INF 568 INF INF INF 639 INF 288 INF 627 INF 595 288 INF 120 INF INF 87 592 481 640 INF 300 INF 300 INF
495 427 624 268 INF INF 750 402 717 0 246 180 INF 304 INF 719 523 INF 709 INF 233 504 242 426 INF INF INF 682 INF INF 415 494 74 624 727 179 537 162 INF 279 615 378 463 INF 523 INF 103 612 INF INF 65 689 779 511 INF 730 371 170 INF 345 INF 402 INF 711 143 INF 348 526 767 279 INF 682 376 655 331 529 INF INF 99 INF 622 234
INF INF INF 559 INF 445 772 674 509 425 0 78 INF 384 289 INF INF 485 458 484 324 113 144 409 478 INF INF 574 281 88 INF INF 751 226 INF 503 267 INF 480 152 INF 765 290 100 321 402 405 687 INF 654 INF 363 INF 401 573 130 464 518 556 112 INF 121 631 INF 558 INF 721 173 318 376 378 311 714 661 346 604 623 687 INF 99 INF 745
250 677 434 417 574 INF 624 106 541 INF INF 0 184 630 682 494 INF 487 484 431 214 INF INF 223 297 102 655 481 76 748 INF INF 458 INF INF 744 735 INF 543 546 INF 293 677 770 178 687 INF INF 362 INF 446 INF 468 440 295 INF INF 723 209 109 390 INF 213 INF INF 169 770 350 INF 319 548 320 718 INF 747 162 393 283 INF 744 203 77
577 557 556 INF 643 328 INF 194 INF 104 463 254 0 147 636 INF 100 367 726 357 INF 136 650 238 341 455 346 740 64 215 273 332 INF 439 543 109 458 424 INF INF 693 INF 83 746 535 219 419 722 286 INF INF 420 434 INF INF 395 501 724 560 101 561 555 184 INF 751 350 INF INF INF 369 320 235 766 INF INF 539 331 395 281 520 394 511
414 531 691 INF 68 INF 355 684 279 738 157 INF INF 0 141 626 565 594 640 INF 702 INF 492 730 105 INF 226 592 366 INF 690 INF INF 425 663 182 495 183 INF 739 90 292 601 182 INF 745 INF 140 421 122 780 315 251 INF INF 657 595 436 489 374 494 INF 116 727 INF 501 274 270 145 INF 455 INF 505 616 348 INF INF 174 134 723 653 367
121 385 78 725 606 776 137 279 303 INF 693 690 356 519 0 659 INF 618 92 457 INF 755 INF 737 642 92 INF 320 123 INF 451 421 INF 217 INF 151 INF 582 136 INF 90 INF 267 701 304 548 697 756 INF 227 91 491 654 213 94 INF 628 115 246 732 282 INF 324 116 305 156 122 268 564 409 567 359 762 659 INF INF 154 527 124 232 387 INF
298 531 387 389 79 268 584 465 54 INF INF 231 386 INF INF 0 566 500 658 INF 688 691 61 146 674 INF INF 218 735 INF 593 434 267 449 473 INF 497 224 637 INF 728 INF INF 775 439 INF 548 626 706 INF 705 761 INF INF 256 INF INF INF 392 761 453 694 120 324 595 INF 470 599 INF INF 751 345 345 305 INF 592 INF 450 420 INF 65 INF
651 INF 577 INF 563 111 476 390 78 INF INF 638 622 520 211 470 0 INF 703 INF 514 641 495 218 INF INF 278 261 INF INF 196 INF INF 583 651 671 476 657 206 233 626 INF 567 387 769 271 322 INF INF 578 INF 307 187 665 257 126 INF INF 134 185 INF 380 479 INF 667 INF INF 122 606 INF INF 164 INF INF INF 777 640 384 538 INF INF 273
INF INF INF 462 524 541 707 340 431 INF 280 INF 542 437 625 331 483 0 552 447 150 72 111 521 553 INF 94 INF 778 314 134 557 608 INF 540 313 772 94 187 114 INF 357 268 549 700 475 INF 585 329 INF INF 286 INF 514 71 71 INF 400 391 301 224 376 298 368 446 69 418 229 INF 243 509 INF INF INF 660 634 193 208 190 602 463 INF
775 289 235 INF 553 303 741 571 585 641 INF 742 INF 765 222 INF 710 569 0 INF 199 INF INF 77 664 INF 359 499 244 678 INF INF 434 322 551 441 277 INF INF 152 INF 409 700 278 INF 558 553 359 761 382 INF INF 439 253 INF 144 551 127 757 INF INF 173 211 INF INF 249 538 784 751 111 INF 627 611 271 371 204 479 348 369 INF 83 163
INF 101 213 243 184 INF 656 477 654 80 320 INF 433 INF INF 581 122 161 INF 0 650 603 703 INF 299 608 524 608 478 68 INF 557 INF 769 INF 332 520 81 219 INF INF 275 373 264 93 593 INF 631 530 720 134 INF 267 INF INF 362 157 591 736 340 143 213 327 272 358 384 675 128 343 724 494 75 574 575 INF 491 202 INF 110 708 INF 139
639 357 INF 700 INF 118 INF 333 354 222 410 725 96 INF 481 369 727 337 289 187 0 INF 197 INF 165 556 INF 406 INF 604 557 342 79 INF INF 129 89 328 INF 177 201 117 782 432 521 291 667 422 INF 545 INF 160 569 INF INF 455 419 INF 630 160 470 633 783 490 INF 192 INF INF 582 351 INF 320 727 INF 481 517 INF INF 632 415 398 92
253 INF 149 238 INF 548 575 369 180 333 297 534 408 INF INF 549 124 424 493 269 INF 0 82 203 621 267 144 INF 124 222 590 INF 150 INF INF 573 575 INF 598 INF 454 531 INF 612 INF 392 63 INF INF INF 464 370 477 INF 722 INF 205 138 596 773 724 INF 532 INF 515 INF INF INF 154 118 INF INF INF 306 536 696 INF 233 408 INF 513 INF
339 544 449 573 INF 373 527 252 INF 204 INF 178 639 560 498 423 718 465 INF INF INF INF 0 160 539 266 101 466 506 439 INF 269 308 INF 451 INF 211 INF 601 255 INF INF INF 379 319 INF 514 INF 127 143 INF 661 565 INF 771 366 INF 756 416 691 442 470 466 INF 637 80 459 481 INF INF INF 690 676 120 435 306 616 79 86 728 575 569
INF 568 467 INF INF 778 687 673 118 155 INF 403 INF 187 607 332 278 INF INF INF INF INF 681 0 571 359 623 INF INF 598 INF 728 INF 180 327 352 613 INF 263 136 INF 134 697 INF 476 731 289 117 INF INF INF 575 448 385 81 665 INF 245 645 INF INF 324 INF INF 82 480 540 INF 599 INF 488 667 127 575 195 730 774 586 467 401 238 622
561 645 349 239 201 INF INF 173 INF INF 221 518 INF 285 77 393 759 INF 587 300 522 417 368 144 0 299 INF 328 601 331 215 INF 133 292 158 686 INF 91 728 602 INF 600 592 721 221 INF 109 INF 582 443 384 224 INF INF 695 669 560 213 318 663 688 713 705 464 INF 75 500 600 65 INF INF 578 INF 255 244 621 689 579 INF INF 232 625
203 659 233 INF 693 90 160 247 383 INF 699 INF INF INF 737 INF 637 INF 392 260 169 479 273 INF 137 0 504 113 522 220 130 587 INF 63 515 85 629 361 INF INF 207 87 INF 90 722 INF 117 77 601 473 INF 408 471 237 207 INF 114 287 154 131 658 INF 475 INF INF 80 INF 319 INF 143 210 157 100 308 INF INF 333 INF 433 670 INF INF
INF INF 707 362 495 480 529 354 178 623 INF 477 INF 176 INF 423 INF 209 INF 58 656 INF 196 610 INF INF 0 352 584 INF INF 86 578 323 305 626 687 INF 692 INF 115 208 INF 744 475 128 INF INF INF 676 365 385 668 673 694 INF INF INF 234 416 776 INF 154 627 773 INF INF INF 584 64 471 404 483 743 233 366 INF 87 INF 578 INF INF
429 408 403 327 373 INF 272 456 147 262 INF 482 147 INF INF 380 316 691 490 376 344 INF 397 347 414 INF 336 0 700 605 INF 247 104 639 INF 340 417 INF 251 689 181 156 INF 579 395 580 126 INF 496 433 541 406 648 290 INF INF 628 445 INF INF 789 766 682 566 155 125 INF INF 510 318 INF INF 323 INF INF 519 INF 517 479 INF 332 346
295 507 497 661 348 407 90 INF 523 527 766 574 85 397 INF 470 205 375 INF 225 762 790 423 119 389 100 INF 573 0 INF 671 218 INF 492 134 468 572 399 INF INF 674 652 INF 606 148 504 452 385 332 INF 645 668 539 780 386 147 662 265 INF 599 INF 699 788 419 79 INF 298 INF 664 INF 687 INF 696 INF INF INF 173 485 INF INF INF 637
INF INF 563 451 325 168 291 498 671 INF INF 441 150 INF 302 305 200 666 INF INF 124 163 INF 623 144 INF INF INF INF 0 INF INF 273 660 757 INF 132 INF 271 INF 200 639 395 503 131 384 INF 320 121 INF 600 185 481 344 536 523 INF 177 514 718 586 INF 358 395 303 547 506 68 INF 538 484 652 INF INF 287 INF 253 504 104 529 413 563
96 INF INF INF 168 671 551 INF 311 381 56 121 INF 386 INF 612 700 613 583 88 642 INF 153 INF 263 387 755 465 INF 766 0 INF INF 748 139 88 363 INF 649 350 279 424 587 141 INF 298 315 637 94 259 172 475 454 INF 526 294 90 82 286 358 593 293 171 82 655 507 INF INF 710 265 492 312 INF INF 490 644 711 413 INF 278 70 215
INF 366 227 74 INF 232 625 448 366 354 637 INF 665 485 515 748 716 212 416 64 INF 593 656 INF 264 561 INF 239 INF 275 INF 0 130 660 INF INF INF 772 612 459 308 504 295 486 773 709 318 INF 598 638 384 INF INF 145 160 INF 94 395 INF INF 409 INF 113 INF 229 106 431 782 307 INF 343 502 INF 200 INF 631 237 767 402 179 576 248
736 480 INF 524 457 745 INF INF 116 68 197 202 INF 382 35 436 535 97 768 359 211 255 INF 496 703 INF INF 116 732 228 INF INF 0 145 678 472 402 439 58 747 638 INF 494 519 INF 77 701 INF 449 363 127 INF INF 138 152 186 INF 582 644 317 INF INF INF 585 INF 217 762 282 159 INF INF INF 639 INF INF INF INF INF INF 779 INF INF
414 340 191 421 408 88 INF 344 535 478 587 105 165 233 584 362 89 INF 596 354 INF INF 189 INF 537 413 INF 527 781 INF INF INF 716 0 745 INF 653 513 676 251 372 757 450 696 655 685 213 185 INF INF 690 335 646 91 336 INF INF 270 146 426 324 INF 376 143 497 216 88 619 572 370 374 107 INF INF 160 689 768 179 654 272 158 602
621 INF INF 572 512 INF 741 288 81 648 269 616 232 84 INF 537 659 422 INF 368 160 INF INF 154 INF INF INF INF 429 104 677 INF 721 647 0 INF 222 712 288 669 674 641 309 461 227 241 405 119 321 285 INF 139 385 150 511 INF 750 INF INF 128 741 317 228 424 INF INF 522 81 INF 776 INF INF INF 405 INF 205 INF INF INF 426 558 INF
267 113 296 747 INF INF INF INF 540 97 INF 506 INF 421 137 491 618 520 707 481 230 238 297 126 INF 597 INF 352 576 325 767 174 337 427 563 0 236 INF 566 INF INF 107 121 566 314 INF 714 INF 645 362 311 52 INF INF 630 93 INF 622 INF INF 541 471 140 INF 431 93 324 184 422 466 114 INF INF 171 INF INF INF 560 330 INF 201 112
INF 778 252 INF INF INF 596 606 INF INF 162 66 141 600 349 203 336 451 60 INF 388 266 559 237 642 510 376 532 76 631 523 523 466 552 149 93 0 INF 597 416 86 INF INF INF INF INF 254 611 322 164 INF 519 291 760 248 508 INF INF 248 INF INF 332 209 188 648 288 INF 201 373 INF 641 INF 133 678 INF INF INF INF INF 259 506 265
518 INF 540 INF 374 633 488 INF INF INF 537 442 165 776 INF 391 351 241 455 INF 464 239 574 292 241 684 565 748 INF INF INF 148 578 INF INF 87 155 0 168 748 INF 177 INF 748 499 377 INF 662 489 222 625 215 INF INF 176 INF 610 475 482 488 684 INF 774 443 649 374 437 286 279 291 INF INF 464 92 INF 616 INF 172 INF 452 INF 403
515 284 447 265 767 INF 312 283 265 709 204 311 332 166 INF INF 279 235 448 640 INF INF 528 629 770 277 473 INF 213 492 INF 396 354 720 INF INF 424 INF 0 INF INF 211 INF 517 93 INF INF 499 INF 649 611 738 590 358 165 108 INF 351 707 540 661 INF 673 347 709 558 INF INF 142 619 161 696 INF INF 577 INF 284 775 564 INF INF 643
371 INF 116 INF INF INF 705 104 364 746 INF 548 INF 634 218 INF 162 598 195 684 456 460 556 178 216 371 INF 426 INF INF 411 523 388 179 INF 164 INF INF 569 0 225 525 498 INF INF 748 657 634 570 364 340 INF 333 354 69 INF INF 330 503 INF 731 INF INF INF 608 INF 704 INF 267 617 216 212 INF 536 INF 141 550 781 INF 563 128 187
291 INF INF INF 317 94 INF INF INF 245 735 INF 622 624 149 563 INF 326 586 494 313 313 658 750 272 INF 720 548 INF 401 119 570 312 403 INF 717 409 INF INF 424 0 92 508 INF INF 780 INF 187 INF 427 INF 258 528 106 551 632 731 INF 576 INF INF 372 INF 321 481 220 552 INF 341 652 443 236 78 119 INF INF INF 742 285 413 INF 219
284 349 351 644 323 156 711 INF 446 443 355 148 670 303 INF INF 119 613 412 INF INF 410 INF INF INF 211 181 465 INF 111 INF 317 546 734 709 532 434 556 INF INF 202 0 INF 147 INF INF 241 290 467 713 611 589 653 440 335 297 INF INF INF INF 698 INF INF 494 719 195 635 73 491 393 704 267 742 516 451 312 563 494 742 INF INF INF
INF 617 INF INF 79 242 INF 743 328 84 680 494 190 INF INF 770 149 455 724 INF 242 INF 692 723 353 118 INF 126 624 INF 139 608 INF 144 222 299 505 INF 720 304 598 431 0 272 735 313 306 INF 431 106 517 304 INF INF 224 229 204 204 578 522 136 INF 511 INF 183 INF 499 116 459 INF 649 INF 153 INF 76 INF INF 161 INF 566 187 INF
181 739 INF 158 156 484 691 695 372 228 73 631 633 502 543 114 545 INF 521 415 194 622 INF INF 130 615 137 399 219 INF 523 66 651 512 INF 686 INF 343 INF INF 123 73 560 0 756 728 68 INF 228 526 422 541 INF 310 INF INF INF 588 246 INF INF 573 231 174 260 INF 643 INF 421 INF 148 464 598 INF 732 229 620 INF 771 357 INF 250
INF 408 205 246 656 202 INF INF 450 INF 729 246 516 159 370 INF 530 INF 218 670 INF 85 351 671 INF 688 INF 437 165 INF INF INF INF INF 455 725 INF 488 INF 638 760 INF INF 242 0 98 INF INF INF 140 244 INF 87 INF 645 351 INF 652 INF 412 408 INF 474 618 122 271 269 217 INF 483 593 422 704 562 INF 576 400 510 103 393 542 641
197 216 INF 575 INF 387 INF INF 149 INF 200 674 INF 763 214 440 91 INF 708 INF INF INF 683 410 INF INF 322 690 114 INF INF 347 307 INF 754 INF 772 737 INF 307 304 100 451 304 325 0 77 409 786 457 INF 289 INF 295 504 260 438 421 236 558 730 INF INF 383 INF 173 532 658 449 599 648 757 260 586 91 INF 731 480 INF INF 629 440
511 251 INF 257 765 INF 432 745 519 451 166 262 676 416 477 INF 642 128 620 384 INF 247 317 INF INF 605 720 706 372 402 523 706 229 504 348 492 440 520 INF 235 INF 571 INF 707 220 786 0 184 INF 664 346 732 INF INF INF 271 INF 611 724 85 INF INF 551 734 69 INF 352 292 377 INF INF 520 137 717 615 INF INF INF INF INF 436 550
INF 304 264 INF 231 INF INF INF INF INF 410 INF 457 INF INF 67 296 381 INF 631 296 199 664 200 497 339 334 161 681 572 699 INF 467 596 624 323 INF 619 89 INF 438 637 646 387 INF 544 482 0 INF 129 728 496 546 INF 721 561 INF INF 345 494 295 INF 519 INF 573 152 533 745 156 INF 518 419 129 216 511 INF 679 286 743 403 393 559
INF INF INF 632 INF 322 INF 69 475 657 610 INF 561 224 269 552 314 INF 411 INF INF 609 INF 600 INF 549 84 INF 359 414 122 398 336 148 582 441 INF 600 497 226 405 408 775 608 500 INF 185 INF 0 564 INF INF 660 511 INF 609 INF INF 79 130 658 724 69 INF INF 614 593 INF 169 INF 84 483 505 476 INF INF 110 INF 680 438 INF INF
544 INF 351 INF 186 586 241 571 310 INF 529 INF 434 74 321 348 625 INF 76 250 170 89 370 127 149 597 217 INF 359 371 226 292 285 461 INF 77 354 INF 488 291 INF 463 INF 370 157 347 301 419 200 0 INF 390 INF 663 474 505 INF 312 564 678 660 INF 434 340 358 INF 599 INF 608 INF INF 183 INF INF 473 436 613 698 INF INF 579 INF
INF 503 INF INF 87 680 INF INF 619 INF 588 INF 347 598 749 117 516 369 520 696 INF 580 INF 772 748 407 INF INF 706 582 574 634 347 462 INF INF INF 388 416 INF 318 INF INF INF 571 565 INF 100 INF 412 0 712 317 166 72 408 488 258 220 644 355 INF INF INF INF INF 66 588 481 182 INF 134 INF 248 619 474 499 214 160 227 277 INF
711 INF INF 379 INF 400 INF 307 159 496 84 INF 580 702 423 558 646 121 643 507 INF 758 140 486 382 298 INF 196 INF 214 372 128 310 412 INF 582 174 98 245 424 547 285 570 198 244 356 578 589 INF 693 INF 0 594 309 INF 430 INF INF INF 522 130 INF 644 INF INF 608 265 169 306 588 INF 743 INF 612 INF INF 214 78 INF INF 151 561
INF 353 509 INF INF INF 315 638 INF 627 86 INF 666 235 408 99 INF INF 702 639 INF 481 604 INF 735 INF INF INF INF 240 674 682 244 240 INF INF 165 INF 461 INF INF 480 INF INF 575 INF 81 433 528 INF 397 62 0 INF INF 375 INF 654 540 INF 608 INF 239 INF 781 INF 190 675 301 506 126 192 481 INF 245 INF 80 154 INF INF 766 172
748 381 140 INF INF 191 INF INF 170 552 55 81 422 598 639 INF 300 153 INF 525 481 174 720 86 INF 537 246 331 605 INF 767 INF INF 600 INF INF 575 234 INF 428 INF 754 INF 680 382 125 INF INF 154 272 562 624 505 0 738 631 694 655 318 467 188 501 INF 743 532 INF INF INF 214 INF 526 305 755 262 138 749 313 175 INF 354 710 62
79 216 INF 596 230 748 176 209 INF 124 153 752 110 271 538 INF INF INF 126 729 INF 476 660 666 INF 601 INF 469 751 332 INF INF 528 INF 596 673 441 449 566 210 509 INF INF 583 INF 199 146 747 INF 647 557 INF 245 INF 0 INF 691 INF INF INF INF 650 498 161 348 INF INF 348 718 INF 96 344 667 382 645 467 349 INF 169 569 456 164
761 642 174 591 474 173 527 INF 135 583 INF INF INF 635 49 757 INF INF 567 123 INF INF 383 INF INF 620 260 INF INF INF INF 302 386 91 140 INF 496 70 129 519 INF 727 770 619 476 552 489 704 194 INF INF 169 INF 395 370 0 367 181 77 394 596 INF 156 359 558 INF 728 131 468 INF 754 360 508 144 INF 317 772 INF 686 328 INF 594
123 671 474 188 680 676 INF INF 600 414 INF 689 INF 764 INF 692 INF 431 119 INF INF 679 355 86 INF 216 INF 128 INF 444 INF 688 INF 737 INF 306 479 748 655 307 458 INF 226 674 INF 197 INF 360 764 215 INF INF 648 INF INF INF 0 687 72 395 146 231 767 649 779 INF 589 INF 71 457 INF INF INF 141 INF 719 231 548 647 124 INF 669
627 75 171 175 358 472 297 INF 471 INF INF INF 123 INF INF 324 660 717 399 250 436 694 499 INF INF 353 INF 543 137 292 INF 589 592 463 190 327 380 551 609 711 336 INF 603 222 226 568 649 344 121 INF INF 55 386 INF 130 768 576 0 373 INF 778 336 58 391 509 INF 435 INF 508 119 INF 787 INF INF INF 735 649 456 380 685 INF 626
583 INF 634 432 INF 412 557 INF 777 654 642 503 INF 751 INF INF 627 140 258 616 210 INF INF INF INF 708 INF 237 INF 451 730 259 INF 433 333 420 464 390 349 INF 468 INF 334 780 586 262 405 INF 701 570 506 142 265 563 INF 249 768 INF 0 497 788 INF INF 532 333 350 158 560 690 87 297 INF 568 INF 423 438 INF 163 330 637 389 118
634 613 INF 714 500 328 INF 325 87 65 INF 319 281 195 614 728 354 576 INF 131 556 692 INF INF 453 670 550 165 77 301 INF INF 281 215 371 560 311 INF INF INF 739 INF INF INF 294 191 INF INF 507 473 371 INF 237 151 371 INF 589 INF 129 0 771 INF 547 577 327 INF INF 612 256 636 518 INF 471 INF 557 INF 229 INF INF 257 INF 491
590 685 156 750 673 196 INF 276 INF INF 166 379 233 136 598 INF INF INF INF INF 118 642 473 INF 382 311 323 INF 426 INF 422 INF 603 317 341 251 122 607 716 INF 483 INF 144 INF 263 INF 752 762 109 182 INF 684 706 671 INF 170 INF 547 298 INF 0 477 202 INF 286 551 664 669 660 INF 376 619 605 592 123 447 INF 151 INF 580 278 646
342 673 308 590 581 393 525 INF 583 INF 100 725 415 INF 341 300 222 INF 269 493 144 INF 237 409 110 INF INF 558 195 INF 257 INF INF 405 471 157 308 461 673 604 INF 547 651 659 731 513 INF 345 682 INF INF 634 549 149 INF 688 284 211 INF 629 252 0 739 245 INF 261 INF INF 449 500 690 INF 657 644 INF INF 223 621 122 382 553 107
248 245 INF 91 INF INF INF 551 321 59 207 648 435 INF INF INF INF 91 280 740 248 607 INF 610 INF 459 657 INF INF 716 176 INF 733 689 276 INF 672 443 766 INF 574 222 734 INF INF 453 712 108 606 242 INF 94 659 296 586 656 740 INF 689 290 65 389 0 INF 233 INF INF 137 765 112 INF INF 235 409 736 282 INF INF INF 213 343 287
768 INF 531 275 579 394 257 407 INF 563 INF INF INF 293 545 752 159 124 500 551 282 230 221 189 784 INF 763 457 92 444 407 651 306 458 268 348 450 265 INF 177 INF 482 94 604 566 335 591 527 332 380 743 INF 717 INF 569 INF 295 757 INF 696 616 723 152 0 INF INF 212 377 INF INF 644 245 138 631 623 INF INF INF 272 INF 620 INF
INF 182 INF INF INF 106 413 443 INF 216 79 671 167 INF INF 663 INF 196 595 671 417 332 INF 195 740 561 INF 679 424 640 685 347 INF 614 236 119 238 652 464 INF INF 378 705 684 199 426 488 INF 693 777 88 123 89 137 INF 277 443 505 186 INF INF INF INF 530 0 139 INF 64 INF 118 373 263 638 543 INF 760 218 510 653 365 524 INF
497 INF INF 81 INF INF 667 388 INF 211 82 314 705 424 289 639 434 255 487 INF 463 288 561 INF INF INF 210 572 182 INF 405 55 INF INF 790 565 687 161 240 248 83 565 INF 533 230 472 INF INF INF 550 304 684 INF 286 601 301 478 INF 745 INF 557 242 191 336 INF 0 157 INF 191 226 571 260 193 511 216 764 673 275 704 INF INF 236
391 619 480 INF 772 574 INF INF 510 INF 615 560 INF INF INF 213 398 489 332 INF 303 INF 116 467 INF INF 506 INF 396 269 INF 101 75 404 668 485 651 64 107 INF 680 213 666 INF INF 601 387 334 291 216 INF 612 754 127 646 642 INF 157 551 INF 786 573 INF 551 505 202 0 132 643 INF INF INF 71 791 INF 560 622 INF 632 697 672 489
779 365 INF INF 177 318 439 708 84 INF INF 432 INF 550 84 389 351 571 524 481 INF 343 702 711 322 INF 497 INF 95 239 INF 662 103 511 744 721 100 INF 294 INF INF INF INF 163 679 489 553 69 609 251 197 240 INF INF 250 223 429 163 757 748 95 INF 762 242 786 206 518 0 659 458 481 766 709 128 750 427 508 586 INF 679 71 INF
INF INF 369 668 127 395 742 592 424 702 INF 172 INF 231 200 206 158 INF INF 366 INF 597 451 545 178 250 72 INF INF INF 676 506 176 INF 501 INF INF 239 INF 238 734 300 INF INF 161 394 INF 389 634 693 INF 385 517 485 187 667 660 118 692 158 362 751 103 712 243 INF 475 103 0 170 INF INF 275 INF INF 384 156 331 356 215 760 412
INF INF 115 120 699 730 INF 613 219 658 611 388 121 320 214 INF 446 143 INF INF 496 136 INF 234 387 230 509 561 INF INF 285 664 741 634 356 250 426 209 377 INF 288 187 267 320 121 73 166 695 307 705 INF 449 589 679 140 INF INF 517 INF 510 219 681 210 INF INF 585 385 420 325 0 INF 116 631 280 636 INF 658 INF 752 359 345 549
INF 248 443 741 596 INF 343 709 246 759 501 400 INF INF 718 286 INF 247 INF 381 368 368 336 139 INF INF 491 137 INF 574 INF 437 746 596 68 438 INF 586 416 306 INF 229 452 INF 129 INF 757 INF 527 571 INF 654 143 INF 680 INF 420 372 INF 519 575 682 419 340 INF 433 INF 669 531 565 0 INF 254 95 604 633 149 780 INF 729 765 173
INF 570 183 INF INF INF 484 599 700 465 INF 97 513 INF 102 513 INF 168 INF INF 716 INF 761 INF 317 305 116 205 INF 657 168 333 299 INF 727 274 169 421 274 323 559 INF INF 668 358 191 587 INF 645 377 498 617 487 INF 168 693 169 616 448 INF INF 311 INF 234 218 82 498 679 176 329 353 0 281 INF 312 397 INF 356 716 151 INF 233
542 INF INF 519 408 232 625 INF 467 484 668 INF 325 92 434 200 110 711 86 INF 243 132 INF 486 537 INF INF 451 INF 534 198 521 336 66 350 664 417 141 140 INF INF INF 538 290 598 182 INF 757 189 156 302 INF 368 379 INF 674 INF 251 591 323 INF INF INF 256 621 521 510 261 332 329 356 INF 0 640 173 631 66 692 577 INF INF 707
INF 291 INF 490 89 INF 466 315 553 INF INF INF 238 INF 192 677 561 INF INF 399 743 437 530 INF 81 566 553 INF 169 521 INF INF INF 241 INF 396 141 609 257 271 INF 661 534 419 626 340 78 276 584 239 420 136 117 255 472 780 117 599 212 229 237 INF 764 332 INF 471 483 INF 508 338 229 250 372 0 355 527 562 262 136 467 552 616
293 INF INF INF 745 555 674 274 650 398 181 358 597 INF 489 INF 556 51 411 737 239 INF 364 452 153 497 INF 71 621 190 INF 393 346 645 543 502 663 615 525 459 472 188 454 INF 350 INF INF 470 341 521 96 575 INF INF INF INF 66 499 538 344 534 591 INF INF 209 INF 625 269 549 INF 120 242 346 INF 0 INF 665 712 INF INF 455 185
726 518 583 INF 301 545 INF INF 100 209 INF 655 INF 665 740 733 759 INF INF 690 264 627 INF 411 278 704 74 603 395 INF 251 INF 628 535 527 593 673 617 195 631 INF 715 INF INF 231 410 589 56 438 INF 478 150 67 430 INF 291 584 INF 420 675 479 236 633 INF INF INF INF 419 527 INF 692 INF 153 582 468 0 615 INF 611 201 193 INF
240 INF 344 435 319 277 INF INF 317 199 469 605 INF INF INF 618 INF 493 INF 221 617 576 INF 579 INF 614 INF 366 INF 430 126 229 198 INF INF 698 615 307 461 116 INF 301 233 INF 217 556 238 INF 342 611 625 700 641 442 214 INF 248 INF 395 INF 145 156 628 706 675 294 INF INF INF 376 INF INF INF INF 260 INF 0 187 INF INF 124 INF
465 760 472 566 475 170 89 72 580 238 228 666 340 89 710 571 309 92 305 INF 311 664 519 INF 186 INF INF 138 INF 706 112 INF INF 319 INF 627 INF 416 INF INF 195 INF 755 INF 669 INF 700 137 759 500 212 531 569 INF 154 764 INF INF INF INF INF 718 INF 359 INF 612 563 425 INF 287 INF INF 193 752 562 INF INF 0 109 INF 476 INF
378 INF INF INF 189 631 639 427 507 INF 506 276 420 124 336 354 527 262 291 760 309 316 651 756 621 316 276 INF INF INF 324 295 141 135 211 519 407 289 INF 287 674 744 744 623 INF 546 INF 554 661 222 380 INF 505 110 401 INF 177 676 483 INF INF 619 INF INF 308 INF 134 INF INF 295 337 INF 726 327 INF 528 352 771 0 INF 731 441
445 262 INF 156 INF INF 494 665 INF 666 INF INF 577 INF INF 131 693 720 608 INF INF INF 496 INF 349 INF 135 425 263 INF INF 363 293 725 INF 327 INF 577 INF INF 217 INF 542 618 INF 736 671 INF INF INF 120 201 460 492 INF INF 644 INF 738 654 INF 430 571 INF 145 677 744 640 INF INF INF 238 712 347 INF INF INF 284 716 0 INF INF
INF 120 561 114 INF 151 INF 415 702 INF 406 560 555 163 INF INF INF 59 INF 683 INF INF INF 512 INF 56 660 110 683 INF 202 INF INF 265 691 769 530 INF INF 206 INF INF 68 INF INF 406 INF 394 634 670 247 331 INF 457 631 INF 602 INF INF 259 397 672 251 145 462 INF 760 195 333 73 568 233 INF 409 464 321 INF INF 295 INF 0 257
738 232 236 148 493 151 679 611 536 411 587 127 750 115 446 87 407 659 589 759 137 747 INF 615 374 191 INF 490 571 669 INF INF 461 701 413 132 254 177 588 431 469 762 155 762 491 177 289 INF INF 593 163 664 703 578 INF INF 191 763 757 738 410 491 584 769 157 759 INF 230 95 652 INF 419 269 435 213 520 INF 273 333 570 665 0
