0 127 251 390 754 324 INF INF 671 547 300 455 270 624 INF INF INF INF INF 657 INF 310 INF 291 687 691 263 INF 628 208 54 700 583 60 477 441 INF INF 157 343 775 594 INF INF 699 71 658 423 INF 764 INF 662 INF INF 729 687 654 INF 636 515 INF INF INF 420 93 255 568 463 406 289 434 290 INF 722 359 494 582 INF INF 529 INF 683 213 374
110 0 202 122 316 714 684 435 647 INF INF 711 616 INF INF 491 577 250 772 334 125 INF INF 701 421 292 395 98 429 311 INF 198 399 201 750 689 144 407 753 357 448 379 144 INF 509 INF INF 538 115 696 730 183 INF 729 422 292 INF INF 769 INF 460 575 427 275 509 237 327 94 496 INF INF 555 201 INF 698 283 721 744 INF 599 INF 555 INF INF
658 INF 0 409 326 INF 761 INF INF 119 67 689 356 358 349 INF 301 689 INF 367 INF 106 INF INF INF INF INF 438 655 77 INF INF INF 73 INF 233 434 446 682 643 632 INF 355 189 717 INF 499 766 INF 136 481 131 INF 432 277 363 153 INF 306 INF 645 175 758 201 198 381 478 INF 234 144 INF INF 502 519 349 211 INF 143 718 500 INF 723 454 INF
657 INF 268 0 777 429 222 145 697 722 INF INF INF 556 436 INF INF INF INF 304 738 336 504 434 INF 176 622 58 689 769 INF INF 487 324 420 137 INF 103 736 633 751 241 742 266 770 769 555 672 366 88 629 INF INF 764 760 308 326 INF 355 568 138 681 654 582 INF 119 606 141 306 184 INF 267 261 283 INF INF INF 429 646 370 INF 689 INF 337
634 247 122 INF 0 INF 381 150 183 778 INF 718 INF INF INF INF INF INF 626 INF 518 INF INF 762 752 INF 573 433 INF 775 INF 633 257 596 INF 452 300 221 102 INF 129 631 590 70 224 INF INF INF INF 411 462 775 352 INF INF 579 426 708 INF INF 199 605 486 91 357 99 INF 721 383 99 INF 131 INF INF INF 605 96 INF 768 131 INF 712 780 115
INF 697 486 INF 296 0 402 INF INF INF 110 64 92 INF 411 258 226 482 341 368 182 272 549 246 372 INF INF INF 657 743 INF INF 165 81 193 548 INF 744 INF 537 427 749 763 304 INF 355 INF 421 144 199 317 467 341 INF 296 697 735 INF 421 677 485 INF INF INF 239 214 292 324 INF INF 92 398 292 INF 642 677 108 358 INF 468 INF INF 448 INF
122 659 244 467 INF INF 0 INF 452 367 271 INF INF 557 575 355 511 64 641 INF 620 724 INF 511 536 INF 760 703 284 464 INF INF INF 477 413 49 367 683 60 91 261 170 610 269 439 692 760 341 663 778 444 INF 630 337 104 246 625 187 INF INF 510 420 756 694 INF 188 460 311 INF 575 443 289 690 77 760 745 180 INF 695 278 580 365 INF INF
INF INF 93 125 106 455 520 0 758 INF INF 652 745 333 537 INF 527 129 511 500 638 484 248 INF 389 521 243 INF 432 INF 674 301 INF 244 137 569 373 123 INF INF 647 64 680 533 763 317 710 718 659 774 760 INF INF INF 125 81 INF 425 471 INF 529 693 INF 719 341 645 145 457 207 INF 489 INF INF INF 174 INF INF 436 376 433 INF INF 759 INF
661 INF INF 640 120 392 61 INF 0 153 INF INF INF 387 571 597 INF 444 209 INF INF INF 80 602 271 545 242 684 602 444 310 766 718 INF INF 297 161 462 463 INF 252 464 100 102 446 INF 395 738 406 INF 484 430 703 592 463 610 694 INF INF 322 589 61 640 INF INF 98 382 419 203 159 INF 329 INF INF 741 INF 636 298 159 590 226 362 INF INF
INF INF 409 INF 618 578 INF 724 INF 0 532 535 135 473 473 234 INF INF 620 641 531 277 INF 781 253 INF 606 655 427 265 301 INF 740 641 316 INF 293 734 457 700 INF 189 209 779 INF 780 277 247 760 288 INF 570 65 184 102 INF 260 225 102 488 496 773 296 177 INF 361 238 297 368 688 INF 302 427 441 INF 418 747 INF INF 313 336 712 431 497
INF 692 INF INF 575 INF 766 150 669 INF 0 329 163 INF 245 199 INF 223 702 338 113 651 296 427 746 225 INF 124 INF INF 429 346 INF INF INF 457 INF 157 476 382 397 378 INF INF 306 INF 115 283 571 702 INF 197 538 241 INF INF 747 INF 592 INF INF 314 647 310 725 129 350 92 99 573 INF INF INF 545 452 INF INF 68 INF 704 453 533 INF INF
INF 736 531 761 309 682 INF 578 INF 604 325 0 INF INF INF 572 326 INF INF INF 383 419 507 589 INF 234 549 688 711 INF 336 INF INF 214 714 733 350 INF 347 561 513 268 606 INF 613 321 236 INF 235 698 426 INF 780 413 INF INF 257 591 194 470 515 681 437 INF 115 570 INF 451 INF 678 INF 544 INF 486 222 185 718 326 79 227 746 INF INF 393
316 327 286 409 266 777 690 INF 200 582 345 687 0 772 INF 121 632 452 197 446 INF 144 133 767 INF INF 212 544 615 547 604 640 238 INF 152 397 INF 256 524 722 251 285 INF 531 INF INF INF 665 INF 290 190 INF INF 420 490 293 389 INF 229 254 INF 643 145 INF 776 713 766 465 INF 771 INF INF INF 716 441 273 118 INF 189 415 245 110 560 INF
INF 129 54 100 171 661 INF INF 707 242 INF 769 INF 0 INF 353 INF 230 120 280 552 INF INF 464 326 131 768 131 689 379 INF 391 INF 556 INF 187 INF INF 665 735 186 229 INF 295 318 311 198 705 379 109 649 72 634 732 663 287 545 INF INF INF 197 501 INF 203 235 617 INF INF 711 107 201 569 488 596 INF 734 288 149 303 INF 191 238 INF 648
INF 572 702 175 INF INF 387 INF 232 357 337 INF 646 93 0 457 INF 137 INF 644 141 238 233 197 430 550 120 316 562 369 369 685 455 222 461 589 550 571 INF INF 735 325 624 INF 506 179 338 378 688 392 INF 572 INF 223 602 691 599 367 699 INF 673 499 707 106 761 407 678 283 INF 446 512 INF INF 775 532 137 INF 773 223 431 INF 430 INF 471
221 464 INF 745 553 766 119 548 208 INF 330 702 INF INF 76 0 757 288 691 168 566 INF INF INF INF 559 437 709 INF INF 371 INF 414 386 121 316 591 749 INF INF 685 INF INF 772 INF INF 389 680 INF 314 621 INF 723 528 85 INF 129 INF INF 490 239 391 421 558 INF INF 203 203 782 INF 314 INF 461 763 INF 315 INF INF 180 INF 499 INF INF 470
INF INF 628 273 INF 369 753 INF INF 667 161 623 467 699 367 INF 0 INF INF 104 INF 662 INF INF 400 358 155 INF 459 700 648 727 INF INF INF INF 594 371 INF 635 INF INF 397 497 743 INF 636 162 78 710 369 335 INF INF 646 457 105 249 694 359 236 INF 661 428 188 350 307 INF 96 283 227 546 INF 230 243 425 INF INF INF 414 699 INF 279 INF
282 86 205 539 INF 365 INF 479 394 678 153 312 INF INF 564 INF INF 0 INF 554 INF 155 662 544 728 INF 698 266 417 INF 565 556 757 179 664 INF 592 377 220 INF 654 203 458 471 100 78 361 INF INF 102 178 463 INF 357 INF 634 726 INF 247 414 INF 740 566 751 INF 616 773 451 619 INF INF INF 95 229 365 106 508 388 262 INF 243 INF 242 206
223 137 428 390 314 428 356 370 555 499 470 INF INF 758 INF 422 496 661 0 501 536 216 63 472 146 135 INF 612 316 492 611 328 131 445 INF 256 INF INF 338 282 140 325 INF 620 302 509 623 145 INF INF 301 310 115 764 658 90 378 749 INF 245 275 357 151 INF 233 INF 355 744 301 INF 304 646 294 242 611 591 281 406 439 INF INF INF INF 285
85 193 600 553 INF 294 INF INF 632 INF 297 103 INF 671 338 122 194 387 INF 0 241 INF 425 213 560 INF 745 147 INF 260 INF 413 362 166 INF 597 241 650 500 502 INF 260 459 188 713 256 INF INF 345 INF 258 174 180 182 505 INF 313 69 INF 532 583 214 268 758 INF 110 INF 91 498 336 INF 602 INF 715 544 606 789 432 528 397 524 440 570 441
692 INF 336 763 INF 417 278 657 284 746 INF 277 INF 171 752 342 INF INF 102 INF 0 INF 749 471 INF 444 INF INF 439 INF 713 661 621 280 219 301 INF INF 455 679 179 INF 663 INF INF INF INF INF 495 INF INF INF 586 402 INF 691 INF 153 INF 721 205 394 167 695 INF 660 133 573 INF INF 650 INF 512 705 90 INF INF 214 753 INF 779 356 231 INF
132 INF 202 704 105 280 652 368 131 180 INF 294 INF INF 406 INF 331 283 419 INF 215 0 INF 110 98 225 520 246 409 INF 188 INF 313 INF 329 INF 252 720 INF 502 INF INF 369 INF INF INF 319 INF 129 98 455 193 234 411 735 INF INF 353 409 357 772 438 366 604 623 117 INF INF INF 635 INF INF INF 544 512 590 220 INF 675 239 510 528 INF 376
578 354 INF INF INF 621 360 132 276 198 469 INF 676 INF 69 287 379 INF 248 434 448 270 0 393 103 653 644 INF INF 81 INF 500 217 INF 557 367 INF 761 752 381 475 255 654 INF 467 365 INF INF 665 INF INF INF INF INF 582 INF 637 326 INF INF 304 651 234 INF 282 374 INF 172 674 321 756 235 98 230 749 INF 525 770 INF 595 632 581 152 343
517 60 INF 770 660 329 267 359 INF INF 546 INF INF INF 688 660 570 508 540 581 INF INF 587 0 INF 230 491 INF INF 543 768 INF 376 251 INF 307 326 INF 520 263 349 551 389 INF 348 630 118 INF 541 490 513 467 654 393 INF 180 143 INF INF 524 91 367 590 INF INF 218 INF 318 290 INF 505 INF 144 741 166 INF 575 INF 729 INF INF 59 608 INF
700 773 410 INF 663 INF INF 229 782 174 767 778 INF 70 753 INF 703 INF 313 INF 657 INF INF 646 0 468 625 677 519 343 179 139 246 382 450 489 INF 229 INF INF INF INF 400 INF 343 691 655 INF INF 429 221 199 INF INF 265 522 199 728 319 672 69 135 453 491 INF 289 INF 272 590 624 INF 192 416 334 569 82 159 759 INF 112 70 102 INF 643
INF 121 INF INF 545 INF INF 446 258 399 INF 675 299 105 97 INF 267 INF INF 675 INF 244 560 79 459 0 177 INF 275 351 103 453 333 571 336 515 459 497 588 710 757 103 INF INF 594 582 INF INF 751 159 365 INF 310 585 INF 724 431 129 623 INF 570 523 INF 730 73 INF 657 643 625 560 INF INF 297 128 418 655 96 662 INF 141 460 144 606 256
114 325 211 267 INF 263 INF 707 65 492 375 INF 398 389 669 507 INF 630 402 777 165 693 INF INF 350 493 0 447 491 483 411 INF 554 186 584 542 97 573 INF 671 454 334 INF INF 162 523 307 602 189 INF INF INF 126 INF 114 446 351 599 661 637 218 225 INF 94 385 294 232 595 INF 769 INF 368 INF 771 INF 247 INF INF INF 447 62 INF 274 249
INF 218 669 324 503 321 INF 321 530 423 INF 275 334 224 434 INF 701 INF 218 224 308 INF 405 154 257 543 772 0 311 502 INF 432 INF INF INF 690 738 INF INF 725 INF 62 123 284 459 556 701 261 INF INF 516 453 719 115 INF 386 225 318 247 INF INF INF INF 423 375 INF 414 407 INF 717 INF 512 INF 360 351 226 85 INF INF INF 722 221 314 355
395 348 463 675 181 INF INF 631 454 147 INF 635 INF 301 INF 393 INF 180 595 418 INF 651 715 76 INF INF INF 469 0 292 558 740 536 INF INF 114 179 483 416 758 677 124 INF 68 592 INF 714 635 397 604 371 INF INF 556 101 322 728 INF 583 135 421 178 INF INF 57 437 196 INF 693 674 329 140 155 552 520 117 INF 346 428 INF 424 417 INF 352
527 140 82 408 INF INF 410 82 94 INF INF 727 INF 166 87 281 INF INF 719 297 719 528 314 153 183 157 INF 734 563 0 226 261 401 547 572 INF 591 INF INF INF 439 140 117 INF 592 INF 98 INF 459 INF INF 58 INF INF INF 455 739 INF 192 383 81 383 759 256 INF INF 707 INF 162 255 634 262 77 INF 682 INF 283 INF INF 661 550 712 480 641
INF 765 383 INF 607 531 INF INF 515 INF 769 516 315 INF INF INF 595 199 198 594 INF INF 158 INF INF 742 116 642 520 753 0 434 341 240 513 INF INF 81 460 735 INF 181 672 389 88 INF 209 INF INF 141 474 445 INF 734 INF 538 428 430 INF 141 280 597 717 688 86 458 98 269 INF INF INF 531 719 543 154 INF INF INF 361 74 454 736 INF 548
386 INF INF 249 INF INF 635 INF 564 88 137 480 463 759 234 83 416 INF INF INF 97 725 INF INF INF 663 INF 363 163 211 251 0 667 INF 614 411 603 INF 457 638 687 INF 728 INF INF 221 379 INF 475 125 405 INF 616 597 INF INF 699 64 451 786 700 INF 524 525 526 536 222 751 756 74 669 334 543 INF INF INF INF 590 64 291 160 413 687 707
479 INF 734 INF 711 INF 547 INF 330 INF INF 177 78 307 579 INF 390 136 471 501 INF 205 294 500 140 INF 344 INF 267 113 323 670 0 608 663 INF 519 251 495 390 156 INF INF 719 57 528 265 INF 303 329 412 320 INF INF INF INF 679 INF 295 INF INF INF INF 371 132 INF 413 INF 521 589 544 INF INF 724 263 709 INF 576 INF INF 729 425 INF 239
INF 405 INF 112 INF INF INF 350 596 INF 473 441 INF 661 INF 182 122 INF 148 153 578 289 269 150 372 INF 488 685 353 INF INF INF 304 0 INF 64 158 391 INF 700 501 359 INF 458 707 INF INF 414 413 149 INF 708 563 271 209 INF INF 545 400 386 INF 107 685 INF INF 287 524 INF 587 INF 294 679 141 485 INF INF 569 INF INF INF 72 INF INF 639
496 699 184 345 INF INF 758 127 777 246 744 INF 197 386 532 INF 646 579 715 665 INF 100 98 512 124 688 350 73 642 272 480 742 114 INF 0 362 INF 641 230 648 679 733 362 224 INF 433 759 731 131 INF INF 94 INF 73 INF 579 251 555 216 INF 352 INF 652 664 INF 247 582 416 377 511 211 98 695 249 INF 616 242 INF INF INF 122 553 146 732
120 INF 522 244 211 INF 416 INF 170 662 INF 340 63 263 INF 701 INF 561 341 446 238 INF 252 774 146 INF 122 605 INF 685 336 434 223 109 INF 0 611 INF 453 400 616 752 192 476 INF 306 465 247 138 371 131 INF INF 618 INF INF INF 345 787 406 INF 762 INF 457 608 INF 173 130 556 748 235 100 325 117 722 INF INF INF 345 698 569 168 439 INF
INF INF 582 576 274 INF 695 496 394 INF 361 INF 239 117 742 598 INF 158 114 135 INF INF 629 364 INF 360 INF INF INF 610 651 INF INF 513 569 INF 0 341 124 635 645 149 274 INF 487 191 282 228 INF 571 673 704 211 INF 552 410 117 263 537 INF 268 563 333 INF INF INF 757 723 61 181 219 559 569 INF INF 625 82 INF 589 620 535 336 331 671
INF 436 INF 353 571 268 688 INF 518 428 INF INF 332 633 532 619 INF 382 339 INF 293 INF INF 365 529 INF 664 650 340 INF 636 INF 114 INF 272 476 360 0 772 452 337 587 595 139 INF 432 194 234 442 771 604 243 430 610 499 243 556 INF INF 497 695 619 736 INF 479 INF 779 66 INF 202 158 INF 100 741 739 585 INF INF 552 196 INF 496 INF 299
160 386 752 INF 125 INF 240 INF 765 443 149 260 108 INF INF 127 121 330 572 456 53 213 682 779 737 499 626 191 515 586 INF 68 650 INF 624 INF 157 721 0 272 680 INF 467 356 INF INF 334 INF 578 282 528 INF INF 503 623 702 493 702 243 632 184 779 INF 556 INF 697 334 287 219 364 357 387 698 INF 360 INF INF 126 INF 618 133 253 428 INF
INF INF 223 INF 491 651 INF INF 733 668 525 509 112 INF 654 756 INF INF INF 360 INF 393 595 533 718 729 INF INF 398 INF 202 INF 306 INF 751 INF 526 INF 612 0 589 383 369 INF 567 747 708 166 INF 195 INF INF INF 405 409 313 INF 639 INF 207 531 166 719 INF 399 366 342 INF INF INF 659 740 INF 428 INF 320 563 540 445 185 INF 225 269 282
745 75 276 220 771 INF 671 INF INF INF 418 INF 605 303 655 740 496 384 INF 793 INF 182 425 633 445 352 541 395 INF 532 630 INF 573 437 INF 206 INF 286 370 355 0 INF 383 INF 182 716 INF 575 625 INF INF 671 INF 689 727 314 763 623 298 INF 248 INF 234 332 593 INF INF INF 190 INF 462 258 655 INF INF 416 INF INF 520 INF 549 INF 358 INF
INF INF INF 771 INF 317 349 77 564 79 616 INF 139 324 INF 250 164 364 166 INF 695 582 734 447 705 INF 732 238 256 742 645 INF 293 747 INF INF INF 640 569 378 523 0 INF 168 95 INF 356 630 INF INF 262 398 INF 550 INF 685 115 405 450 INF 480 INF 203 INF 266 INF 717 376 318 178 556 196 301 136 73 INF 719 125 771 445 765 INF 211 647
265 750 INF INF 286 646 547 576 379 INF 154 516 118 324 270 424 592 458 644 INF 511 INF 183 125 INF INF INF INF 546 102 164 683 512 697 INF INF INF INF INF 267 153 203 0 194 500 243 INF 271 747 57 338 323 328 INF INF 350 330 684 753 543 100 707 305 130 227 INF 574 INF 266 198 INF INF 426 634 INF 720 188 INF 484 166 477 144 INF INF
INF 537 481 INF 549 433 479 100 268 86 INF 265 INF 748 INF 211 616 322 235 84 761 INF INF INF INF 617 651 INF 680 539 537 561 685 767 372 INF INF 622 436 INF 404 84 303 0 769 INF INF 766 467 406 INF 485 394 INF INF INF 133 374 439 671 INF 790 118 154 360 INF 460 578 INF INF 486 724 INF 478 226 677 519 300 INF INF 689 INF 655 124
INF INF INF 738 INF 158 781 INF INF 126 171 733 692 379 717 INF 359 474 INF 380 219 229 273 INF 523 579 INF INF INF 760 331 615 378 533 265 73 INF 430 655 INF INF 182 INF 489 0 INF 213 233 109 INF 441 483 667 346 538 408 356 INF INF 303 INF 295 181 582 485 298 376 295 502 498 INF 310 209 546 717 290 INF 142 496 111 709 INF INF 258
504 60 INF 170 321 540 383 INF 551 INF 434 INF INF 384 672 589 INF 58 INF 680 305 INF 190 76 INF INF INF 239 INF 430 INF 511 625 139 305 661 760 109 469 151 416 INF INF 121 643 0 327 INF 514 104 697 338 756 INF 372 INF 167 367 546 263 208 INF INF 116 251 521 299 INF 532 576 724 637 INF 158 460 INF INF 250 209 388 INF 778 INF 549
INF 482 345 548 692 INF 166 INF 172 388 INF 252 339 612 725 449 INF 670 354 387 191 624 INF 505 INF 332 752 420 INF 684 433 INF INF INF 88 518 96 547 332 215 INF 767 INF 689 433 INF 0 145 367 INF 123 133 494 533 187 INF 209 528 579 INF INF 110 335 360 73 187 217 369 640 649 281 188 165 309 354 157 254 INF INF 103 INF 725 INF 377
584 712 523 519 INF 285 INF INF 589 704 253 608 INF INF 616 INF INF INF 615 764 INF INF 94 59 563 INF 645 315 500 86 241 INF 657 765 750 260 164 INF INF INF INF 628 437 207 164 INF 495 0 180 608 INF INF 118 655 INF INF 323 INF 206 INF 271 650 407 INF INF 93 353 507 INF 758 374 334 128 70 INF 632 436 INF INF 290 INF INF 586 358
605 664 117 INF INF INF 316 186 652 613 778 127 INF INF 627 INF INF INF 183 223 INF INF 441 INF 444 594 351 146 480 589 518 483 403 562 INF 276 INF 601 514 303 672 582 INF 702 437 INF INF INF 0 368 687 INF INF INF 637 78 86 692 613 761 INF 715 658 632 INF 255 513 222 401 508 636 762 INF 314 603 510 INF 120 493 681 94 661 744 147
INF 333 INF 605 755 550 408 INF 136 556 104 128 765 283 651 336 INF 556 702 417 429 504 567 INF 131 484 350 INF 587 INF INF 113 123 222 474 335 597 545 82 629 296 INF 400 244 INF INF 764 326 INF 0 400 186 122 INF INF 767 INF 360 408 437 INF 391 372 150 325 729 516 205 INF 404 532 300 385 152 INF INF 417 INF INF 495 79 INF 230 731
178 185 174 INF INF INF INF 399 INF 779 419 INF 297 164 137 721 723 INF INF 491 582 INF INF 538 545 INF 579 209 INF 724 INF INF 259 493 INF 393 595 180 485 INF INF 669 INF INF INF 440 430 209 604 INF 0 INF 157 143 160 633 INF 633 381 547 386 INF INF 303 255 214 657 INF 243 291 703 694 INF 131 656 694 190 INF 306 307 217 586 107 137
INF 377 596 INF 655 680 232 442 676 88 INF 595 628 615 415 INF 582 317 356 317 116 INF 692 INF INF INF INF 752 INF INF INF 228 232 INF 50 417 448 629 728 653 428 INF 465 203 517 INF 742 INF 392 723 79 0 621 767 262 493 INF 708 INF INF INF INF 110 495 434 539 134 526 351 354 521 399 206 INF INF 778 INF 334 INF INF INF 154 438 542
INF INF 215 315 INF 421 INF 546 110 INF 516 INF 426 130 INF INF 411 647 461 782 452 398 INF 684 461 INF 476 INF 114 546 305 454 491 191 499 INF 418 127 INF INF INF 340 445 147 419 493 INF INF 554 367 INF 508 0 588 INF 79 246 265 619 INF 164 INF INF 215 INF INF INF 326 INF 377 234 232 INF INF 635 341 668 INF 416 144 INF INF 793 INF
790 INF 479 INF 235 667 66 479 472 219 753 207 579 611 389 INF INF 237 756 529 373 353 379 INF 178 INF 575 575 174 358 751 614 INF 225 INF INF 653 350 INF 221 INF INF 579 496 66 516 646 106 611 494 692 598 INF 0 146 656 111 INF INF 332 499 INF 193 626 680 407 435 224 492 INF INF INF 142 341 699 510 598 INF 114 INF INF 199 301 INF
350 526 669 INF 377 INF 647 492 568 356 155 232 425 144 484 361 230 699 INF INF 582 352 INF INF INF 104 497 INF 294 283 INF 451 153 600 465 INF 106 376 INF INF 760 INF INF 694 INF 754 275 INF 688 612 661 INF 159 607 0 581 134 INF 502 700 412 387 272 409 748 393 484 646 333 430 150 663 483 72 539 343 INF 508 582 227 INF 368 513 745
186 INF 711 733 637 141 342 INF INF 549 411 INF 555 700 172 INF INF 183 692 608 389 155 371 312 691 210 91 557 INF INF INF 687 90 102 315 258 INF INF INF 597 INF 148 455 INF INF 358 522 99 INF INF INF 345 INF 696 INF 0 171 609 455 164 INF 698 447 INF 149 377 INF 278 486 311 726 210 INF 512 741 230 397 99 INF 579 127 224 265 INF
536 103 380 518 101 INF 487 215 487 452 81 INF 495 286 INF INF 570 INF 429 184 214 643 345 715 774 INF INF 669 689 INF 609 464 286 705 282 580 215 669 408 87 165 434 691 75 446 269 92 INF 430 503 778 680 391 371 86 550 0 432 777 INF 648 783 487 354 629 167 423 INF 579 647 461 471 INF INF 632 570 INF 644 INF 679 537 782 INF INF
399 777 768 271 INF 272 INF 400 211 181 731 INF 602 235 392 INF 194 477 INF 122 577 342 739 INF 205 521 626 587 655 520 INF INF 703 605 414 436 257 INF INF 121 535 INF 475 INF INF 567 247 659 464 231 684 692 735 305 INF 464 INF 0 765 INF 564 INF 545 366 INF INF 705 INF 229 776 748 284 757 798 248 634 INF 274 219 392 256 INF INF INF
INF 411 INF 54 INF 222 649 INF 561 337 INF 446 INF 194 INF 403 772 595 94 665 133 105 479 236 208 431 INF 305 INF 142 495 461 66 535 710 319 643 741 234 INF 132 282 259 725 INF 635 95 145 INF 761 146 128 692 698 536 385 753 INF 0 INF 653 119 470 INF INF INF 295 468 447 195 691 336 604 159 706 546 90 262 INF INF INF INF 612 779
INF 276 242 549 406 INF 586 529 INF 356 545 INF 667 577 INF INF 650 INF 349 305 INF 346 INF 448 175 775 655 460 INF 332 497 495 329 INF 530 113 526 731 778 INF 167 347 459 102 INF 681 762 196 609 439 INF INF 235 226 313 INF 673 INF 378 0 568 243 610 623 242 284 640 641 630 562 252 112 163 615 548 457 408 626 INF INF 280 INF 271 449
62 INF 311 INF 454 INF 592 120 INF INF 220 INF 120 516 594 563 401 INF 623 370 744 INF 654 INF 591 614 147 492 300 477 308 389 730 205 INF 415 INF 125 719 58 384 738 659 736 314 458 INF 566 399 488 INF 454 INF INF 702 384 INF 257 69 731 0 INF 545 93 150 546 433 INF 76 639 386 413 204 661 INF INF 682 80 INF 321 INF 470 206 208
506 663 INF 581 91 INF INF INF 190 INF 709 294 682 300 489 522 372 INF INF INF 380 INF 177 INF INF 766 697 136 104 131 695 411 651 INF 71 INF 775 INF INF 658 INF 285 INF INF 292 INF 607 508 81 INF 408 106 659 284 666 INF 410 751 653 INF 719 0 684 INF 87 164 INF 658 INF 601 732 INF 268 688 INF 472 579 545 INF INF 515 435 274 388
650 INF INF 557 606 524 INF 341 404 694 INF INF 589 383 INF 147 325 607 693 INF INF 430 INF 292 182 709 382 658 436 INF INF 543 410 776 INF 554 INF INF INF 547 639 331 389 58 INF 589 INF INF INF 137 628 200 359 INF INF 720 757 121 319 473 INF 337 0 721 INF 254 332 355 INF 547 INF 227 343 523 INF 343 313 624 86 INF 273 INF 104 INF
INF 506 379 394 391 713 165 758 INF INF 769 INF 212 675 393 413 80 691 131 717 74 152 INF INF 648 497 INF 495 155 INF INF INF INF 695 384 477 INF 389 497 INF 385 499 274 559 INF 474 INF 536 679 107 566 325 563 INF INF 196 784 719 93 660 675 548 INF 0 130 198 647 256 479 121 290 541 393 INF 212 586 575 611 129 156 INF INF INF 736
INF 118 INF INF 134 659 INF 609 503 633 723 INF 210 481 467 115 397 310 INF INF INF 113 INF 599 456 386 443 132 INF 475 732 INF 707 612 221 533 258 INF 149 INF INF INF INF 519 INF 152 INF INF INF 755 620 353 190 468 715 608 INF INF INF 775 123 453 659 INF 0 INF 280 459 INF INF 532 INF 608 INF 192 122 INF 442 INF INF 240 INF 344 176
406 228 549 96 693 205 377 507 636 321 307 INF 419 342 INF 229 INF 60 INF 275 692 437 242 INF 293 678 536 INF 452 101 162 263 325 INF INF 535 INF 354 INF INF INF 448 INF INF 721 323 323 INF 676 INF 372 202 675 506 458 INF INF INF 729 75 INF 367 INF 380 200 0 371 600 INF 596 704 703 525 213 186 507 701 729 124 INF 355 INF 616 INF
INF 530 INF INF INF 464 INF 504 124 INF 572 636 INF INF 391 516 469 380 INF 775 INF 252 INF 680 493 710 228 566 INF INF 747 159 282 INF 230 585 102 429 482 682 705 601 64 323 730 590 360 240 INF 357 765 INF 535 INF 663 719 460 313 192 INF 477 189 69 287 134 746 0 673 279 295 514 INF 484 646 309 INF 292 INF 319 706 601 276 274 748
144 INF 691 348 385 320 587 INF 263 321 INF INF 630 INF 118 486 494 390 754 116 194 INF 602 240 304 573 327 675 INF 637 321 757 634 409 141 545 97 146 INF INF 400 INF INF 714 648 160 149 INF INF 435 INF 317 710 INF INF 257 INF 255 INF 291 65 164 296 INF 655 INF INF 0 INF INF INF 748 563 407 772 610 334 259 694 INF INF 518 113 256
367 750 96 441 692 441 493 124 INF INF 503 451 600 INF INF 667 INF 296 614 154 450 266 529 236 INF 392 323 INF INF 148 109 262 INF 517 362 155 615 301 INF 395 INF 412 672 428 79 338 449 INF 102 INF INF 691 INF 607 727 INF 371 527 629 INF 688 INF 254 INF 612 INF 78 125 0 INF 314 365 76 168 780 INF 280 INF 382 442 INF 119 475 INF
693 344 385 233 475 INF 485 433 INF 230 INF 269 446 148 347 INF 277 110 INF 250 328 572 551 INF 619 INF 702 INF 739 INF 342 313 INF 311 INF INF 167 536 111 182 INF 689 INF 65 385 213 540 108 152 INF 482 572 INF 52 106 209 179 634 INF 754 INF 631 INF 522 INF INF 118 744 605 0 754 73 662 382 INF 617 80 INF 95 399 668 383 144 INF
70 INF 105 661 751 395 581 69 633 INF INF INF 323 382 719 642 554 389 731 738 INF 659 68 614 304 745 650 249 370 INF INF 377 730 632 515 593 136 INF INF 770 552 314 INF INF 239 INF 416 196 162 540 435 387 170 412 INF 480 INF 300 INF 733 734 INF 516 INF 366 INF INF 640 155 133 0 323 143 211 INF 100 534 511 161 447 INF 90 INF 676
618 INF 590 198 INF 119 252 INF 391 INF 333 197 720 586 213 INF 105 144 349 744 79 305 364 INF INF INF 621 760 INF 323 656 INF 390 105 INF INF INF 616 INF INF 289 375 687 609 523 INF INF 766 219 384 457 158 241 86 117 437 INF INF INF 257 INF INF INF 525 336 204 615 737 664 INF 608 0 700 INF 625 554 234 454 INF INF 268 452 INF INF
711 79 INF 774 665 356 105 INF 426 86 148 64 INF INF 741 302 753 552 144 296 365 INF 72 67 INF 367 544 INF 654 689 INF 333 138 142 679 648 INF 184 232 297 265 652 INF 635 549 104 INF 426 65 659 INF 341 241 59 224 INF INF 320 731 INF 612 INF 487 207 561 754 INF 711 377 723 223 67 0 210 254 738 463 361 325 88 280 468 276 INF
130 293 718 INF INF 135 INF INF 170 714 406 679 INF 571 INF 540 627 66 484 78 133 687 151 612 INF 125 271 741 INF 656 461 INF 173 312 490 INF 475 425 444 INF 586 97 INF 126 549 652 159 698 INF INF 416 INF INF INF 397 INF 666 446 115 341 746 INF INF INF 715 216 INF 149 603 INF 323 INF 109 0 INF 284 213 INF 499 542 INF 162 794 119
172 734 INF INF 745 INF INF 694 216 743 INF INF 130 361 265 212 327 186 555 187 417 INF 323 148 343 65 480 INF INF 204 576 564 467 293 600 189 317 668 INF INF 367 INF 612 INF 231 INF INF INF INF 274 617 194 INF 101 693 158 580 447 458 INF 765 730 511 235 463 660 INF 536 337 172 83 559 139 INF 0 INF 146 INF 195 INF INF 168 104 681
361 544 449 726 769 INF 626 437 141 INF 500 INF 687 INF INF INF 383 INF 231 INF INF INF 247 239 67 182 420 244 348 INF INF INF 742 INF 617 157 613 346 636 INF INF 362 INF 358 567 741 573 120 147 354 765 358 670 INF INF INF 79 705 INF INF 403 467 636 360 169 671 557 425 74 INF INF 98 442 552 76 0 521 378 68 739 350 125 INF 424
86 INF INF 739 INF INF 541 515 291 762 781 INF INF 584 601 540 INF 425 INF 752 393 676 126 412 538 590 615 302 INF 237 493 INF 784 610 686 126 INF INF INF 650 552 65 371 INF 195 INF 122 119 422 INF INF 478 423 INF 771 222 698 INF 267 705 328 467 INF 337 466 695 485 INF 709 INF INF INF 252 553 296 479 0 573 545 750 272 206 170 318
494 INF 758 INF 455 417 644 600 INF 115 80 299 763 713 665 356 268 544 380 236 387 460 159 417 253 404 622 552 INF 90 651 688 360 474 582 INF 104 555 336 697 747 INF 606 546 251 INF 529 338 INF 442 772 535 725 INF INF 748 488 INF 565 385 137 168 INF 338 INF INF INF INF INF 143 324 INF 407 390 INF INF 134 0 702 513 604 221 744 INF
91 INF 174 INF INF INF INF 106 648 751 236 INF 765 146 278 INF 475 INF INF 276 INF INF INF 355 718 146 INF INF INF 443 INF INF 774 INF 675 344 INF 701 425 638 INF 258 INF 421 72 383 587 INF INF 128 664 383 398 678 INF 428 709 INF 456 563 422 399 INF 410 INF 542 120 INF INF INF INF 340 INF 211 INF 563 318 361 0 121 517 INF 569 447
INF 391 197 INF 271 354 219 573 261 791 679 INF 378 777 560 656 INF 214 INF 102 765 135 333 INF INF INF 396 678 444 174 INF 169 137 282 605 INF 463 239 INF 461 695 766 INF 541 554 744 INF 266 399 84 INF 383 207 653 INF 322 135 INF 695 119 473 491 224 717 338 201 INF 256 431 256 489 614 611 662 241 209 336 INF 158 0 INF 636 287 INF
INF 584 424 422 556 INF 650 INF 471 730 506 605 INF 713 INF 610 356 593 118 241 472 724 325 593 245 INF 716 INF INF 70 INF 144 470 431 INF 524 228 638 274 INF INF 281 INF INF INF 280 600 428 INF 667 INF 563 474 91 298 435 559 72 INF INF INF 384 366 473 INF 104 INF 567 INF INF 208 INF 149 INF INF 743 174 90 396 INF 0 INF 372 518
INF 129 683 119 417 INF 531 297 INF 417 694 541 INF 236 INF 431 INF 447 641 131 367 255 757 441 INF 493 724 352 673 294 INF 489 572 120 333 INF 639 338 379 225 INF 606 69 INF 264 80 437 710 420 INF 471 488 211 INF 116 541 671 INF 123 135 702 173 313 INF INF INF INF 628 INF INF 262 INF 475 650 INF 424 166 INF 341 123 400 0 658 INF
339 697 252 INF 609 112 267 INF INF INF 402 350 654 INF 547 676 164 569 INF INF INF 531 288 242 670 INF INF 227 768 63 571 INF INF 440 409 61 INF 285 INF 69 78 493 528 634 84 521 355 333 INF INF 430 INF 519 INF 368 213 385 189 247 INF 366 355 382 216 424 127 482 739 219 316 101 630 602 INF 654 84 244 INF 428 INF 284 436 0 750
669 183 105 222 303 421 703 112 INF 773 INF INF 689 73 INF INF 322 INF 311 366 INF 126 702 INF 537 INF 187 INF 612 75 307 649 INF 83 INF 479 340 365 383 INF 741 762 368 97 475 240 216 591 241 INF 339 689 677 INF 107 INF INF 276 333 446 INF 293 588 410 INF 567 150 INF 388 685 227 673 560 541 INF 177 373 INF 633 694 INF 445 439 0
