0 454 492 737 INF INF 575 528 INF 567 531 656 741 INF INF INF 86 282 INF 376 535 187 227 69 INF INF INF 601 354 325 INF 102 217 INF 633 INF 514 INF 148 297 375 432 INF 434 92 374 161 172 134 INF 102 INF 261 INF INF INF 360 INF INF 358 550 INF 668 462 540 690 INF 613 83 748 343 327 INF 594 592 532 266 107 456 188 74 INF 133
695 0 613 702 INF 697 INF 150 INF 262 643 647 681 610 INF 658 185 INF 725 INF 683 86 INF 279 INF 258 INF 588 INF 184 713 INF 247 732 272 INF INF INF INF 379 577 434 INF 186 685 59 691 478 536 INF INF 179 157 754 INF 388 98 INF 308 387 299 INF 683 INF 232 INF INF INF INF 448 655 INF INF 767 633 566 162 300 395 209 INF 70 INF
INF 324 0 218 454 65 INF 129 INF INF 584 INF 629 119 234 684 INF 514 INF 104 518 111 668 448 475 247 INF INF 344 646 464 421 INF 233 268 INF 539 217 665 INF 103 284 INF 159 INF INF INF 419 537 354 477 INF 453 468 481 129 710 199 INF 182 633 INF 359 INF INF INF 542 468 508 INF 631 INF 475 312 645 659 INF 216 75 INF 402 310 INF
641 362 447 0 INF 131 563 INF 341 INF INF 578 68 485 594 401 184 77 716 522 INF 127 INF 369 632 280 INF 95 206 602 137 675 477 128 274 169 INF 107 549 289 301 135 232 391 499 437 73 669 190 600 143 218 189 INF 621 618 180 96 451 INF 698 INF 284 712 INF INF 102 INF INF INF 484 418 437 564 280 INF 373 604 447 674 779 592 359
INF 312 755 112 0 INF 71 INF 179 419 744 310 INF 673 INF 119 660 105 INF 197 544 392 461 INF 414 INF 460 99 INF 761 372 INF 648 233 530 659 INF 396 INF 660 757 520 746 483 INF 538 470 INF 330 181 178 666 259 INF 353 INF 294 INF 511 299 598 319 133 INF 467 592 60 INF 527 INF INF INF 451 325 560 INF 364 111 INF 713 285 INF INF
614 684 302 174 622 0 381 285 INF 295 183 214 740 571 413 INF 297 INF INF 89 475 590 167 72 INF INF INF 97 198 475 346 INF 617 738 INF 736 483 335 420 507 INF 237 INF 363 675 450 675 438 738 419 613 502 INF 597 173 INF 697 683 457 635 68 529 180 286 INF INF INF 136 294 688 INF 783 INF 116 784 774 262 586 INF 110 INF INF 603
262 INF 117 INF INF 655 0 INF INF 598 503 INF 595 739 590 609 INF INF INF 224 83 295 INF 697 599 400 517 88 446 INF 552 102 504 132 143 INF 187 492 332 506 637 515 INF INF 108 317 INF 471 INF INF 566 487 628 431 597 348 INF 641 INF 209 INF 223 297 INF 445 INF 448 405 113 599 197 INF 741 661 765 707 267 773 INF INF 204 INF INF
INF INF 503 127 443 67 INF 0 393 617 726 543 375 INF 547 511 INF INF 108 INF INF 324 INF INF INF INF 140 112 INF 156 629 INF 360 INF 384 INF INF 720 439 707 INF 246 517 374 INF 750 518 735 271 235 275 INF 214 569 424 119 412 707 759 299 494 202 505 558 392 731 INF 410 164 120 81 644 618 728 INF 209 773 405 125 INF INF 374 759
INF 516 447 INF 134 427 657 INF 0 INF 389 424 INF 325 409 578 472 INF 295 181 398 INF 236 141 223 321 INF INF INF 604 759 416 INF 485 291 INF 84 552 291 355 549 INF INF 99 603 179 226 174 268 589 610 INF 145 266 195 297 INF 634 566 370 273 65 251 472 334 764 435 INF INF 399 INF 416 777 INF 233 INF 515 746 277 INF 496 173 615
INF INF 184 INF 688 INF 261 223 420 0 220 INF INF INF INF INF 187 401 194 328 285 451 762 258 194 681 397 73 INF INF 655 109 750 704 INF 743 227 286 428 583 328 216 INF 384 INF 499 639 INF 230 556 INF INF 651 236 INF 772 380 705 INF 329 275 108 360 INF INF INF 362 INF 568 424 607 INF INF 120 INF 367 INF INF 322 602 124 582 741
INF 360 721 452 516 412 INF INF INF 356 0 473 INF 243 485 782 384 INF 254 592 319 561 INF 327 INF 149 607 322 INF 506 325 127 INF 601 748 710 INF INF 90 330 690 527 359 625 326 86 383 486 600 INF 556 307 600 INF 572 176 353 INF INF INF INF INF 208 602 INF 443 INF 416 501 INF 408 618 179 87 74 577 698 288 470 150 179 458 INF
59 568 INF 186 579 87 INF 418 505 649 315 0 INF 302 98 INF INF 451 INF 625 678 404 640 595 INF 552 INF 637 518 429 INF 392 81 560 INF 207 203 187 221 339 253 INF 317 585 579 135 INF 683 INF INF INF 369 297 492 INF 230 126 684 INF INF INF 725 444 560 574 315 INF 248 188 642 INF 598 381 289 630 115 177 524 451 463 INF 674 INF
164 INF 152 INF INF 711 65 INF INF INF 393 INF 0 683 INF 167 INF INF INF 461 473 445 INF 259 320 285 83 669 565 INF 695 INF INF 145 INF 692 421 686 368 157 645 INF 585 154 INF 62 314 INF 63 471 96 623 751 130 INF 224 629 761 521 519 88 559 INF INF 702 147 INF 444 294 137 89 244 377 INF 497 308 540 221 INF 389 INF 746 INF
744 INF 698 209 INF 299 771 667 647 INF 652 INF INF 0 INF 108 INF INF INF 729 INF 759 663 INF 90 690 659 INF 221 286 511 488 557 710 INF INF 621 247 355 305 INF 191 142 INF INF 556 704 441 573 407 INF 725 503 211 INF INF 384 291 665 436 INF 644 INF INF INF 425 160 323 165 780 INF 561 500 591 102 INF INF INF INF 658 149 623 656
INF INF 313 711 INF 159 194 293 INF 549 192 256 INF 543 0 INF INF 113 390 266 416 359 349 INF 520 INF 671 INF 103 662 747 670 INF INF 578 INF INF 209 761 INF 443 69 INF 603 680 120 INF 466 306 726 170 237 INF 729 81 382 149 INF 706 470 702 INF 445 INF 384 296 576 INF INF 77 152 INF 409 INF 532 771 INF 462 393 710 INF INF 167
INF 488 190 763 409 596 INF INF INF 240 751 173 INF 724 INF 0 156 707 103 INF 601 INF 508 700 INF 509 282 INF 651 INF 105 160 719 595 180 712 INF 511 INF 104 673 651 654 733 INF 487 INF INF 722 145 347 227 508 509 403 135 767 432 643 699 714 586 INF INF INF 531 341 139 171 INF 321 490 INF 143 INF 478 INF 265 INF INF 73 123 691
468 INF 177 INF 544 763 518 INF 388 698 97 539 INF 283 439 242 0 341 729 INF 749 INF 134 736 683 577 INF 538 447 487 337 641 187 357 INF INF 256 526 INF INF 258 718 763 INF INF 742 INF INF 261 567 284 569 INF 535 595 INF 297 INF 73 237 416 452 INF 579 INF INF INF 755 INF 616 INF 692 211 121 742 621 71 93 INF 772 INF 150 360
236 286 INF 69 310 341 170 447 153 INF 524 578 INF 312 594 331 114 0 INF 429 92 773 241 INF 739 94 719 518 449 170 472 116 INF 223 587 133 104 104 INF 243 255 371 676 745 INF INF 152 INF 316 476 94 INF 575 720 730 301 501 536 122 INF 570 INF 371 256 81 755 609 308 INF 685 101 INF INF 231 219 307 639 485 341 342 481 630 131
237 325 549 INF 357 605 288 265 620 INF 645 INF 429 INF INF 665 INF 121 0 518 171 337 INF 536 242 148 650 751 INF INF 571 INF INF INF INF INF 157 564 INF INF INF 628 INF 666 170 174 INF 729 408 INF 765 301 325 107 INF INF INF 630 INF 474 INF INF 132 163 354 260 461 762 241 721 INF 755 589 INF 149 358 INF 499 416 246 INF INF 641
INF INF 183 105 587 INF 415 262 253 608 495 INF INF INF 373 INF INF INF INF 0 693 569 587 203 INF INF INF 75 513 674 657 529 353 508 541 INF INF 417 441 INF 768 446 202 525 INF 81 203 623 347 85 501 INF 378 645 INF INF INF 692 116 INF INF 111 290 INF 719 771 106 243 INF INF 421 531 248 781 683 545 INF 459 INF 695 726 123 104
113 438 768 INF 512 216 INF INF 219 INF INF 212 646 266 INF 273 277 INF INF 256 0 476 67 224 INF 214 INF INF INF 144 353 531 326 568 695 640 362 INF 123 540 122 100 INF 629 522 627 425 518 758 518 INF 458 INF 432 INF 278 INF 496 605 INF 768 465 INF 219 INF INF 756 INF 306 INF INF INF INF 442 223 311 311 INF INF INF INF INF 158
INF INF 341 INF INF 170 176 634 531 436 363 INF INF 488 541 487 770 54 INF 759 737 0 416 INF 515 INF INF 634 263 INF 771 INF 322 INF INF INF 116 INF 142 INF INF 166 535 744 INF 548 INF INF INF 282 245 308 231 398 INF INF 778 INF 358 174 573 188 INF 778 INF 274 305 262 601 573 566 INF 360 353 699 INF 240 INF 170 422 685 174 103
INF 79 264 INF 321 INF INF INF 737 719 INF INF INF INF 235 384 INF 100 INF 701 733 INF 0 340 INF INF 393 80 602 INF 344 689 628 233 INF 141 687 299 INF 555 768 INF 671 459 104 278 403 212 637 INF INF INF 747 597 309 INF 208 INF INF INF INF 537 INF INF 681 637 654 774 296 375 INF 547 677 INF INF 608 465 554 INF 417 269 INF INF
538 INF 347 551 226 114 INF 514 93 INF 591 132 INF 707 277 413 451 INF INF 111 287 691 434 0 296 725 150 INF 199 606 492 548 330 698 715 327 469 INF 82 91 INF INF 395 549 317 555 422 688 545 120 138 INF INF INF 661 473 191 INF 413 712 373 251 763 542 INF 347 342 INF 443 375 606 67 INF 163 INF INF 127 INF INF INF 523 761 125
INF 287 380 INF 645 INF 128 189 INF 492 716 358 244 527 INF INF 86 INF 551 INF INF INF INF 757 0 513 INF 133 582 671 435 221 INF 325 INF 352 381 676 INF 211 297 425 72 227 INF 581 630 181 238 175 86 149 191 INF INF INF 454 511 675 345 INF 69 615 INF 601 170 552 674 INF 534 INF 284 688 INF 555 INF 195 480 INF 631 237 454 INF
INF 408 741 212 159 INF 754 585 INF 571 INF 394 443 633 60 430 INF 735 230 INF 581 INF 552 227 477 0 INF INF 104 760 187 INF INF 257 407 INF 453 737 253 752 191 INF INF INF INF 52 224 353 136 603 INF INF 494 193 388 334 769 472 551 78 517 768 509 INF INF 577 INF 579 714 703 458 332 418 220 INF 703 259 152 INF 172 431 INF 572
396 INF 767 INF 198 369 609 INF 490 178 INF 291 86 430 INF 496 INF 345 132 178 437 612 INF 559 227 INF 0 612 72 537 175 INF INF INF 571 459 251 454 INF 399 630 589 INF INF 638 564 244 322 404 INF INF 232 130 505 315 433 552 338 151 548 707 INF INF INF 348 457 393 216 670 713 660 266 623 316 INF 618 207 159 338 215 403 138 INF
271 437 74 642 222 423 346 124 661 INF 197 INF INF INF INF 220 389 INF 705 INF INF INF INF 164 263 656 586 0 INF 299 61 642 112 689 652 229 261 512 752 711 345 INF 731 INF INF INF 419 412 640 161 INF INF 646 INF 548 173 INF INF 410 705 98 372 781 217 623 558 770 INF 268 603 384 674 386 765 INF 756 418 275 464 646 511 447 INF
707 INF INF 613 52 755 776 613 330 751 261 518 728 516 INF INF 338 INF 738 INF 273 INF 713 134 INF 522 INF 318 0 558 INF 433 INF 516 82 171 608 670 398 728 INF 514 415 217 215 INF 129 INF 57 INF 430 533 INF 98 497 INF 603 INF 540 522 INF 93 715 INF INF 751 674 INF 75 INF 550 758 479 INF 212 226 INF 198 468 518 731 765 395
INF 259 556 453 127 389 INF INF INF INF INF INF INF INF 589 356 716 169 154 313 368 INF 215 247 INF 401 482 245 683 0 453 136 INF INF 459 368 401 399 71 179 325 662 INF 619 INF 123 702 427 517 INF 57 602 243 616 INF 225 INF 568 110 INF 250 INF 209 189 INF INF INF 393 636 INF 309 INF 576 76 INF 198 424 465 175 613 741 383 419
INF INF 304 INF INF 246 INF 520 393 492 306 734 527 234 523 300 INF 124 INF 701 INF 141 498 411 255 609 585 608 142 709 0 778 94 114 225 489 INF 87 551 774 INF 87 660 INF 753 79 291 299 340 674 427 INF 462 INF 366 INF 762 133 113 699 405 INF INF 410 311 337 777 451 INF 571 91 INF 451 264 749 INF 74 182 440 305 95 732 773
367 324 INF 116 88 722 408 487 543 108 298 752 INF INF 571 61 137 277 INF 685 470 173 INF 561 INF INF 732 666 331 INF 700 0 353 250 440 323 INF 135 631 INF 726 755 317 234 269 58 INF INF INF 297 200 294 230 451 320 415 323 629 INF 505 INF INF 395 INF 84 647 INF INF 311 715 693 221 636 INF 81 749 595 242 309 169 618 INF 654
INF 600 INF INF 53 76 148 65 144 INF 67 718 733 152 538 99 176 666 INF 501 397 481 488 402 420 470 INF 373 727 242 INF 74 0 469 INF 78 607 80 INF 212 INF 272 621 611 122 INF INF INF 387 270 407 64 507 366 749 INF 720 INF 294 INF 748 431 263 INF 482 INF INF INF 470 INF 529 583 409 INF 754 231 427 608 INF 356 554 658 98
602 192 639 INF INF 225 758 INF INF 346 119 442 661 767 INF 209 INF 642 304 217 429 757 766 735 358 INF 774 696 183 523 634 479 58 0 472 730 729 625 INF 741 705 INF INF INF 139 INF 576 268 705 450 683 623 INF INF INF INF 185 347 415 348 INF INF 764 670 522 669 INF 317 113 675 INF INF 628 498 762 147 INF INF 140 564 563 349 INF
INF 544 INF INF 364 319 699 277 213 288 461 254 258 684 329 INF 272 625 INF 535 INF 207 116 INF INF 543 INF INF 492 194 382 INF 215 661 0 245 308 451 473 338 INF 687 539 INF 195 137 INF 318 INF 389 658 INF INF 116 155 INF INF 180 230 70 443 INF 648 712 INF INF 491 537 208 151 INF 215 INF 689 116 759 INF INF 454 INF 370 218 599
377 782 162 228 647 426 INF 675 INF 765 INF INF 458 INF INF 759 78 160 197 INF 489 256 INF 408 241 377 511 362 INF 253 INF 694 231 INF 658 0 656 238 613 111 462 127 INF INF 215 235 INF 371 INF 255 INF 403 202 124 658 166 516 77 378 445 228 102 INF 173 519 INF INF 117 766 INF 326 128 INF 347 485 INF INF 336 510 INF 460 INF INF
680 INF 261 513 721 INF INF 71 INF INF INF 382 678 586 329 INF 626 453 712 585 746 INF 252 346 INF 207 INF 42 724 74 INF 462 408 292 312 334 0 217 435 INF 702 507 471 INF 395 266 530 INF 62 INF INF 105 361 INF 296 346 350 80 610 597 376 679 INF 517 557 INF 565 493 101 684 190 221 755 389 INF 638 554 172 288 199 INF 200 INF
INF 707 697 464 285 695 546 754 289 510 INF 340 INF INF INF 745 678 INF INF 625 INF 585 674 90 INF INF 364 675 244 638 INF INF 211 364 357 112 636 0 754 382 152 478 542 515 485 INF 544 224 204 INF INF 701 522 INF INF 752 INF 63 462 568 INF 757 175 516 78 INF 206 665 185 440 550 191 435 345 94 517 198 539 410 299 681 INF 391
INF 339 INF 168 241 769 437 150 631 492 INF 554 767 INF INF 226 650 INF INF 144 INF INF INF 218 314 525 224 INF 765 INF 216 567 629 51 INF INF 536 739 0 668 371 INF 80 758 INF 723 INF 228 709 183 531 INF 113 INF 630 176 613 441 278 747 719 INF 116 398 132 191 404 134 484 139 104 598 225 142 387 INF INF INF INF 620 203 446 122
INF 396 733 554 INF 221 INF INF 109 738 247 139 707 173 INF 696 INF INF 511 467 558 416 788 INF 665 194 225 INF 276 596 334 INF 145 207 INF 786 583 INF 552 0 INF 244 104 263 111 103 402 421 319 79 784 706 582 333 600 458 289 511 375 68 468 785 90 388 195 275 INF 580 INF INF 486 403 INF INF 344 INF 205 INF 636 668 INF 178 513
INF INF INF 674 466 163 77 355 695 683 514 304 601 INF INF INF INF 75 404 274 421 189 266 188 241 INF INF 64 152 INF 637 386 553 350 402 105 757 766 297 710 0 INF 334 INF 107 373 INF 564 INF 776 248 759 677 527 549 170 INF 416 INF 267 61 594 204 486 INF 654 INF 450 299 431 512 503 127 273 690 INF INF 404 178 INF 725 589 461
116 270 INF INF INF 135 714 415 310 INF INF 444 INF 446 288 643 607 INF 600 622 INF 342 683 INF 213 INF 151 356 514 723 223 707 436 465 732 313 INF 361 INF 593 121 0 243 116 628 164 618 INF 579 449 265 688 INF 472 104 276 577 252 226 395 163 175 103 491 153 558 191 58 INF INF 68 80 INF 775 558 93 174 618 474 INF INF 217 INF
706 342 191 726 122 INF 111 280 255 INF 531 199 685 INF 154 643 INF 223 216 INF 271 INF 568 671 555 474 448 671 333 506 INF 620 159 588 765 503 780 122 116 667 238 INF 0 614 626 462 88 319 72 INF 651 INF 490 INF INF 393 135 463 669 571 592 142 478 163 94 301 774 INF INF 515 INF INF INF 779 362 455 466 532 INF INF INF 73 158
433 INF 703 311 590 266 635 INF INF 341 INF 582 668 349 INF 618 675 561 188 126 782 644 676 393 INF 363 77 347 INF INF 484 66 324 INF INF 211 298 416 INF 476 491 346 INF 0 578 INF INF 553 457 424 383 577 INF INF INF 254 153 INF 271 696 510 INF INF 196 134 411 757 INF 289 500 INF 174 667 413 149 579 287 112 526 INF 182 INF 86
621 INF 662 INF INF 274 INF 100 535 INF 598 INF 114 INF 159 150 752 74 564 INF 501 720 372 277 731 INF INF INF 219 560 INF 315 539 461 592 595 420 INF 617 INF 756 217 492 145 0 INF 441 459 97 INF 646 217 775 321 INF 643 395 645 INF 224 79 731 INF 317 INF 135 503 354 769 115 INF 741 759 171 333 575 774 89 INF 615 566 541 INF
INF 396 520 INF INF 700 206 INF INF INF 743 511 INF INF 353 INF 128 750 69 INF 741 601 INF 87 696 230 INF 642 371 146 644 681 321 267 INF 323 534 102 691 239 323 67 INF 240 INF 0 162 INF 426 INF 456 734 556 INF 618 INF 726 239 INF 756 726 118 435 INF INF 321 308 371 637 250 256 473 404 329 482 614 193 592 369 411 362 549 INF
INF 171 641 712 263 746 396 378 442 547 504 373 67 648 695 640 INF INF INF INF INF 480 INF 678 INF 157 INF INF INF 340 520 603 INF INF 572 522 702 INF 722 481 INF 426 468 189 304 756 0 195 373 INF INF 558 638 INF 734 INF 660 INF 501 INF 490 INF INF 149 INF INF 451 261 667 112 658 INF 85 254 665 299 773 630 INF INF 162 415 623
286 427 565 189 INF 458 355 INF INF 554 185 251 INF 773 558 295 59 699 539 693 165 INF INF 67 707 529 INF 624 430 353 247 INF 500 239 534 81 746 INF 518 509 354 595 670 506 310 750 528 0 411 INF 136 73 INF INF 409 741 INF INF INF 465 365 524 INF 592 618 464 118 INF 331 702 INF 661 361 426 INF 414 519 464 255 125 123 541 565
INF 230 550 311 498 302 702 330 246 INF INF 156 205 326 INF 241 238 288 INF INF 660 INF 333 488 INF 330 INF INF 619 521 149 489 537 INF INF INF 701 INF 714 536 257 INF INF 206 582 INF 757 INF 0 130 INF 260 INF 736 528 363 558 INF 621 144 246 485 154 639 INF 95 INF INF 323 INF 477 754 INF 383 475 INF 327 620 371 239 731 391 444
174 INF INF INF 222 694 INF INF INF 150 598 513 534 661 INF 283 INF 276 INF 591 370 INF 158 INF INF INF INF 587 101 415 152 INF 619 690 190 192 190 INF 72 INF 321 INF 191 319 542 329 INF 104 196 0 INF INF INF 618 327 INF 464 161 INF 540 INF 698 168 INF INF 380 INF 558 78 596 INF 380 166 696 527 255 256 INF INF 753 586 298 INF
99 INF 482 488 INF 123 633 667 493 220 INF 159 762 480 525 600 185 345 489 340 576 INF 546 685 556 INF 594 INF 530 362 405 63 221 INF 563 348 236 754 INF INF 684 500 149 85 140 638 INF 641 635 503 0 158 670 INF 411 INF 90 612 166 523 INF INF 303 542 787 334 INF 668 462 712 623 INF INF INF 292 352 302 437 562 364 240 348 INF
536 293 655 324 INF INF 433 542 92 346 263 86 INF 611 491 109 347 INF INF INF 682 INF INF 140 517 INF 396 393 INF 782 238 587 INF INF 592 INF INF 682 425 679 INF 499 INF INF INF INF 280 728 654 INF 767 0 180 INF 241 405 408 715 205 INF INF INF 442 253 736 INF 161 497 115 62 389 93 496 607 560 INF 78 300 597 742 INF INF INF
321 281 193 194 460 264 466 684 146 266 515 INF 372 640 216 602 595 INF 209 INF 607 419 263 158 268 INF INF 434 760 INF 679 INF 389 INF 294 650 573 INF 263 144 777 471 472 INF 236 275 765 536 602 785 INF 144 0 INF INF INF 550 INF 713 333 751 455 668 239 360 399 125 INF 521 INF INF 200 INF 94 INF 476 179 84 INF 585 INF 654 INF
309 158 119 776 INF 357 INF 264 INF 670 171 INF INF 228 774 251 647 289 624 398 418 381 149 678 770 526 93 INF 74 690 INF 668 705 INF INF 434 INF 641 723 INF 368 INF 348 537 605 INF 755 649 188 122 132 657 444 0 738 INF INF INF 304 INF 669 403 INF 521 INF 433 174 116 626 INF 683 195 776 395 682 695 461 INF INF 105 103 621 INF
INF 405 331 INF 191 INF 588 INF 243 323 462 765 160 INF 512 INF 201 638 INF 270 INF 502 499 156 645 260 665 380 730 INF 260 649 198 682 152 722 456 INF 466 356 199 205 162 INF INF 331 623 75 132 515 INF 122 651 INF 0 715 INF 189 724 456 775 178 109 82 INF INF INF 275 634 454 319 69 170 INF 742 481 INF INF INF INF 141 569 763
INF 422 593 INF 193 143 567 673 54 642 INF 156 430 675 641 404 711 286 700 296 639 330 INF 616 734 189 662 607 587 INF 430 INF 246 INF 388 490 207 200 502 INF INF 610 550 249 INF 504 INF 160 690 INF 77 287 501 344 682 0 INF 674 270 721 655 INF 267 INF 346 INF 303 726 150 667 INF 119 459 777 735 497 512 411 180 INF 485 488 INF
585 751 282 INF INF INF 269 508 INF 142 INF 775 INF 277 521 321 131 INF 562 205 102 INF INF 756 368 715 432 159 356 199 656 297 109 88 INF 381 121 238 524 212 85 149 483 102 306 85 430 INF 748 220 389 447 379 166 INF 268 0 673 438 621 230 557 529 432 358 564 703 663 INF 117 711 725 555 111 720 INF 97 662 448 INF 710 685 INF
130 565 INF 106 INF 662 INF 726 696 355 728 172 193 305 77 INF 718 INF 582 INF 693 354 INF INF 705 508 508 INF 163 176 INF INF 615 683 361 INF 516 465 INF INF 159 706 377 445 342 INF 534 INF 121 464 INF 568 454 668 524 289 INF 0 151 156 786 520 693 INF 78 80 254 475 INF 332 589 240 369 INF 579 523 96 527 748 238 568 156 INF
257 198 INF 589 350 INF 615 171 INF 354 179 INF 469 408 INF 784 INF 92 348 227 630 INF 532 INF 303 436 INF INF 100 INF 675 INF INF 456 INF INF INF INF INF 580 98 131 416 212 636 209 INF 599 77 779 570 126 INF INF INF 89 772 460 0 166 INF 550 175 INF 693 99 204 INF 354 661 603 180 561 INF 522 INF 305 383 437 274 418 778 442
186 635 525 180 INF INF 167 211 INF 161 244 326 376 INF 250 618 INF 717 621 403 INF 771 INF INF INF 538 537 INF 317 373 447 INF INF INF 371 297 91 363 740 590 INF 205 460 216 151 INF 211 408 INF INF 560 438 338 99 281 770 102 408 INF 0 INF 257 359 235 565 524 237 238 487 471 142 302 758 150 301 608 399 508 81 404 INF 443 743
505 546 INF 774 INF 707 396 INF 223 590 712 471 INF 195 303 458 224 614 147 667 483 620 INF 516 240 209 332 613 284 297 INF 461 271 682 INF INF 399 417 628 556 INF 450 101 69 INF INF 538 236 705 INF INF 766 125 356 INF INF 590 521 123 153 0 72 INF INF INF 502 575 596 INF INF 284 INF INF 605 104 325 484 223 INF 415 424 315 627
INF 725 784 608 382 95 INF 321 378 INF INF 360 125 535 INF INF INF 465 INF 232 131 708 637 696 666 INF 126 761 INF 702 505 369 INF 686 290 INF 318 432 290 661 INF 312 617 283 329 INF 398 370 112 INF INF 708 95 693 INF 761 425 INF 169 311 237 0 279 526 345 609 103 INF INF 528 310 63 718 INF INF INF INF 289 245 INF INF 773 349
INF INF 462 661 INF 291 INF INF INF INF INF INF INF INF INF 559 330 339 177 384 356 448 265 INF INF INF INF 406 373 103 733 248 759 INF INF INF 98 INF INF INF 251 INF 254 628 207 680 701 INF 659 564 INF 353 157 456 528 INF INF 456 646 284 652 183 0 477 INF INF INF 758 643 147 516 189 693 489 122 435 545 657 381 398 INF 711 115
336 INF 211 421 INF INF 605 89 INF INF INF 629 103 INF 73 INF 427 158 INF 478 620 428 INF INF 501 629 122 592 53 722 322 383 96 INF 700 INF 695 254 617 406 567 286 772 597 399 393 358 INF 156 INF 149 186 INF 55 INF INF 252 INF INF 363 583 540 305 0 313 424 INF INF 354 304 INF INF INF INF INF INF INF 465 INF INF 702 478 343
195 INF 710 476 128 76 488 624 719 195 574 INF 756 INF INF 659 INF 437 INF INF 545 735 INF 306 560 462 482 627 223 INF 262 318 629 229 159 INF INF 399 649 144 759 718 440 152 166 INF 576 489 346 664 699 220 INF 241 107 353 INF 349 301 INF INF INF 289 INF 0 554 438 271 INF 739 695 INF 723 519 206 342 INF INF 173 INF 109 509 INF
632 365 643 INF 761 575 115 689 406 INF INF 176 INF 528 728 INF 778 INF 176 INF INF INF 743 138 INF 216 241 492 481 INF 365 394 591 202 INF 636 INF 575 192 INF 783 INF 283 777 INF INF INF INF INF 270 INF 739 277 INF 232 258 618 INF 748 INF 357 598 380 644 INF 0 INF 364 INF 265 240 373 INF INF INF 435 456 124 INF INF 79 754 565
502 INF 616 INF 322 INF 437 410 226 739 777 583 56 INF 354 150 INF 519 INF 795 127 322 292 455 387 INF 230 INF INF 548 480 634 INF 735 423 305 555 241 432 477 173 164 593 707 192 585 INF 92 177 149 INF INF 247 628 507 INF 593 INF INF 293 202 110 135 INF 199 395 0 113 462 INF INF 400 INF INF 382 622 603 405 INF 576 540 INF 474
INF 690 640 508 INF 600 662 INF INF 484 128 164 INF INF INF INF 202 INF 620 710 653 104 INF 743 INF 523 100 INF 293 739 423 370 188 687 362 603 668 157 586 382 541 512 INF 523 568 INF INF 237 756 INF INF INF 430 577 587 559 514 584 127 INF 557 758 INF INF 479 INF INF 0 388 171 666 INF 496 155 INF 63 751 INF 254 313 INF 278 106
399 140 138 412 356 302 135 502 632 63 583 342 INF 500 658 265 172 INF INF 385 INF 476 687 INF INF 341 INF INF 60 INF INF 240 422 388 INF 484 477 129 254 INF INF INF INF 164 INF 60 718 INF 388 597 581 307 INF 696 228 714 588 INF INF INF INF 612 INF INF INF INF INF 405 0 125 557 692 INF 239 133 INF 446 222 136 150 271 213 INF
64 148 INF INF INF 336 430 INF 162 563 184 INF INF 417 591 689 INF 164 99 315 597 INF 328 INF 237 489 308 194 425 INF 404 INF 202 INF 328 200 312 474 310 641 754 54 INF 129 INF 500 486 336 217 376 188 INF INF 169 545 741 387 600 168 511 229 717 473 INF 521 723 INF 741 136 0 INF 704 182 641 403 198 723 479 139 INF INF 208 694
772 468 626 763 573 INF INF INF INF 643 743 664 INF INF 230 683 682 119 INF 384 54 INF 307 INF INF 403 494 359 597 INF 565 50 690 551 306 INF INF 386 598 INF 103 382 725 364 INF 695 INF INF 770 INF INF 662 INF 569 741 INF 485 211 INF INF 84 171 321 96 INF INF 115 INF 247 INF 0 400 133 INF 453 782 483 INF 514 374 INF 346 61
398 612 572 581 INF 354 720 549 463 785 351 483 INF 578 211 292 675 743 713 234 229 INF 124 644 INF INF INF INF INF 182 INF INF 521 297 201 639 635 675 403 636 546 224 350 62 445 349 INF 581 136 188 87 262 486 INF INF 521 INF INF 135 417 492 394 INF 619 320 152 140 167 327 INF INF 0 INF 505 384 311 217 106 654 516 644 INF 394
660 267 185 498 INF 554 181 INF 161 259 244 INF INF INF 71 229 235 INF INF 564 INF INF 463 750 INF 725 INF 763 443 166 INF INF 174 411 711 INF INF INF 73 721 435 444 311 559 755 56 235 655 174 INF 637 487 666 727 755 377 135 620 634 140 INF INF 218 578 INF 729 190 746 INF INF 465 INF 0 INF 622 431 325 183 204 INF INF 385 INF
547 140 486 444 571 671 INF INF 626 191 INF 445 187 768 524 261 INF 181 INF 227 666 653 INF INF 409 309 718 369 INF 93 454 696 543 INF 127 119 INF INF 649 INF 760 INF 90 322 386 548 INF 379 66 550 INF 493 INF 664 INF INF 533 496 359 187 748 668 368 413 INF 708 INF 323 INF INF 204 270 688 0 158 327 563 676 INF 403 INF 238 733
752 206 INF 113 INF 706 INF 398 217 653 684 420 381 427 365 INF 636 INF 306 662 212 INF INF 498 154 493 INF INF 261 INF 605 561 716 425 INF 445 276 592 456 675 676 335 131 433 171 257 77 INF 390 INF 446 474 379 380 619 252 322 189 INF 605 571 INF INF 201 INF INF 304 INF INF 611 313 281 466 260 0 690 593 454 INF 139 INF 716 389
INF INF 362 149 273 589 470 181 82 INF 154 INF 684 439 552 754 454 547 91 350 544 INF INF 290 214 INF 221 INF 682 684 505 388 INF INF INF 535 INF 248 INF 258 INF INF INF INF 236 INF 109 327 111 100 92 199 459 111 657 737 745 INF INF 351 303 744 613 217 417 160 223 62 116 618 107 390 568 275 INF 0 INF 268 226 INF 446 508 199
292 156 86 INF 182 INF 274 609 683 INF 407 INF INF INF 239 403 601 647 INF 667 INF 220 INF 348 INF 503 INF 473 463 264 451 417 165 613 569 INF 726 657 740 INF INF INF 388 649 INF 608 745 183 473 INF 259 INF 384 121 68 552 69 226 INF 605 169 612 504 INF 371 628 INF 148 635 234 485 INF INF 470 153 INF 0 373 531 INF 517 192 INF
INF 328 INF 393 INF 138 INF INF INF 679 INF 243 INF 160 180 INF INF INF 600 156 INF INF 561 INF 669 381 264 INF 347 434 704 INF INF 459 269 221 INF INF INF INF 651 712 681 INF 183 INF INF 512 337 INF INF 302 698 125 56 408 INF INF 736 INF 164 353 INF INF INF 182 60 213 INF 632 576 698 INF 239 390 269 301 0 330 285 100 INF INF
INF 545 717 782 137 773 351 77 648 565 INF 633 INF 298 758 686 343 124 INF 69 585 567 782 INF INF 193 INF 722 353 INF INF 600 745 668 635 297 281 INF 432 INF INF 52 715 INF INF INF 411 521 INF 232 235 704 162 274 176 INF 637 690 76 93 661 714 354 651 68 426 154 INF INF INF 186 INF 707 667 217 579 335 INF 0 182 550 INF 738
444 228 479 INF 194 641 INF INF 743 INF 660 307 587 364 566 775 INF INF 282 INF INF INF 138 274 INF 211 INF 76 483 INF 120 INF 647 INF 98 INF 515 769 650 136 437 INF INF 253 INF 173 INF 549 220 451 76 586 INF 335 469 435 324 INF 46 110 715 261 228 235 INF INF 298 373 168 745 65 180 INF INF 159 INF 228 443 176 0 381 377 141
INF 142 INF 94 INF 384 INF INF 358 387 147 INF 323 575 760 INF INF 656 376 702 268 INF 281 557 240 640 611 INF INF 120 291 INF INF 572 153 INF INF INF 658 161 455 159 INF INF INF 471 670 INF 653 207 INF 267 596 INF INF 300 INF 623 574 636 80 71 346 INF INF 129 441 122 325 544 692 207 INF 397 INF 137 INF INF INF 764 0 632 467
111 56 INF 751 396 INF 316 INF INF 578 INF INF INF 178 553 568 INF 272 638 INF INF 57 159 INF 109 237 223 569 INF 287 INF INF 303 256 173 541 INF 265 398 INF 328 INF 689 267 226 367 716 636 348 264 33 314 301 706 INF 576 INF INF INF 465 587 INF 575 INF 690 318 150 378 392 INF 155 INF 608 427 145 INF 255 INF INF 656 212 0 500
391 647 INF 397 INF INF 315 318 121 760 718 270 INF 597 110 INF INF 115 720 230 695 655 113 341 139 INF INF INF 353 498 INF 566 470 463 446 INF INF 383 INF INF INF INF INF 497 248 INF 416 769 509 618 257 402 INF INF 563 INF 490 INF 495 254 388 319 INF INF 677 108 418 94 460 789 INF 129 763 417 683 545 INF 621 286 498 87 194 0
