8
A 197 19 11 18 17 7 1 21 14 10 24 6 22 24 4 22 24 24 3 10 13
B 275 14 23 19 21 8 10 12 2 22 22 13 20 11 23 8
C 235 14 9 4 12 8 19 12 3 5 15 3 20 19 9 13
D 273 19 14 13 19 23 21 22 13 7 15 19 17 18 21 18 4 14 15 21 17
E 196 17 22 25 8 16 16 23 7 16 18 23 21 2 12 1 11 17 25
F 19 20 25 21 8 3 19 18 10 2 12 24 17 25 1 9 15 5 24 5 10 25
G 286 29 11 3 3 11 5 12 22 24 13 13 9 15 24 3 3 4 6 21 10 23 9 8 19 13 6 10 7 22 10
H 176 11 22 19 16 3 6 18 13 19 14 20 7
10
A -> B
A -> C
B -> C
C -> D
A -> D
A -> E
D -> E
D -> F
A -> F
D -> G
