1277 613001
30 359
60 266
13 321
67 414
39 296
76 226
84 294
45 414
49 24
94 421
79 477
8 68
99 72
80 297
79 337
95 340
55 106
77 355
15 10
49 172
53 19
65 34
67 22
83 52
63 42
61 171
91 371
66 178
88 161
4 483
71 461
55 220
74 69
87 148
17 108
57 281
57 359
14 9
99 430
39 319
60 230
30 227
56 469
88 375
51 355
7 244
63 284
93 254
10 339
16 93
50 354
74 209
72 64
2 35
27 275
60 321
69 72
25 29
93 340
36 218
9 418
3 453
38 17
62 116
53 284
66 348
63 452
51 324
65 232
91 108
89 221
82 61
48 191
93 258
45 165
84 454
33 477
49 389
45 81
60 229
47 397
2 11
30 285
82 213
62 55
66 295
46 80
51 54
5 126
49 9
77 217
75 132
97 171
67 366
75 434
22 378
94 309
8 224
17 199
78 203
28 283
52 495
36 314
43 168
41 151
27 290
46 411
63 166
54 289
50 410
71 23
56 184
56 257
27 485
38 337
66 450
16 12
36 194
62 43
26 146
97 249
15 104
88 223
75 316
38 105
46 105
43 316
77 169
2 427
5 158
75 212
87 54
45 383
99 93
65 151
88 384
74 168
12 101
8 61
55 140
30 122
63 147
55 11
90 282
11 295
89 49
78 224
17 11
47 480
37 237
17 118
78 216
96 226
75 320
8 181
67 471
10 421
31 294
47 345
66 330
86 412
84 446
92 430
39 167
52 410
75 410
97 25
68 163
25 376
58 46
38 161
90 431
44 232
49 180
97 22
29 76
79 21
5 498
41 295
70 49
42 133
23 11
76 474
43 68
33 214
91 20
34 56
76 482
75 384
3 57
6 18
73 12
81 480
4 492
51 487
5 255
30 417
81 38
94 430
15 398
87 57
60 22
26 222
84 316
28 332
66 241
13 480
24 330
6 200
38 196
80 4
67 168
6 468
80 363
25 270
12 456
41 107
8 487
22 168
20 419
2 164
57 485
4 186
52 293
90 254
66 266
84 284
88 185
48 330
34 329
75 53
37 395
63 26
27 377
1 321
3 199
23 165
58 273
87 482
29 7
3 309
16 31
48 410
77 20
18 399
61 442
84 16
77 308
92 139
3 422
55 14
72 159
53 190
89 46
87 72
36 255
49 249
75 378
92 352
87 268
20 220
93 167
39 388
26 229
66 338
89 20
24 395
95 35
85 335
50 240
8 301
84 487
45 367
50 383
50 219
50 313
24 149
91 12
72 476
79 204
60 376
54 391
57 463
2 132
40 245
72 52
59 409
34 129
67 349
97 214
86 92
2 427
12 58
92 33
7 311
16 296
92 147
41 398
11 350
19 307
22 123
11 153
7 219
60 272
28 95
78 243
81 200
33 164
48 383
95 400
32 159
4 144
29 114
30 394
59 59
91 189
88 14
85 58
83 204
51 415
84 278
77 54
14 167
86 499
57 456
46 245
98 238
44 270
39 407
18 30
82 164
11 385
4 206
85 131
99 266
48 52
87 387
37 207
40 174
18 486
55 151
87 427
5 190
2 369
30 225
39 333
44 297
35 289
53 60
47 131
34 151
74 367
68 127
95 201
74 334
1 334
49 443
47 206
54 413
34 208
16 368
91 260
65 341
74 251
79 214
34 146
58 443
9 297
39 3
18 16
63 408
66 228
90 343
16 245
81 317
83 105
65 103
84 1
4 325
56 64
43 186
73 368
79 261
62 496
6 120
22 84
32 81
88 416
92 22
47 475
40 496
74 150
76 70
14 223
80 38
10 140
34 482
89 319
51 126
93 109
82 197
13 101
32 326
27 180
74 446
71 22
47 91
60 205
81 116
46 309
65 157
44 369
41 238
34 494
65 156
16 76
34 471
31 120
86 248
50 306
42 385
93 484
67 187
42 411
60 482
49 192
84 67
79 376
81 455
8 454
78 426
76 100
89 192
61 74
97 411
22 114
4 314
21 85
62 82
11 310
96 387
89 182
65 329
31 299
94 361
32 211
47 423
69 459
8 271
88 113
48 396
4 414
64 484
4 450
69 30
80 338
73 376
74 401
8 329
18 70
15 100
51 286
27 469
72 499
21 277
19 133
30 67
59 327
99 257
60 355
51 282
53 120
98 10
31 468
40 90
30 71
37 354
29 256
39 368
11 432
15 181
45 479
77 312
71 185
43 492
1 94
20 316
96 83
72 366
85 108
74 285
78 212
87 66
76 345
64 336
19 353
34 471
52 388
98 360
14 382
41 215
9 234
93 121
68 398
51 354
28 77
67 405
87 387
9 309
41 402
43 97
54 290
78 168
1 34
49 407
4 44
37 87
76 26
33 204
95 443
53 166
59 150
96 415
78 255
89 236
38 129
64 222
57 496
44 484
78 222
33 42
16 58
63 343
62 178
25 256
95 300
93 314
78 404
95 242
63 188
87 160
53 359
86 417
38 21
78 261
63 224
36 369
53 350
30 304
51 445
82 241
7 106
18 435
8 133
2 344
18 465
19 355
75 464
35 426
22 415
76 373
42 163
92 442
55 367
1 52
4 253
77 299
85 312
22 331
70 54
31 360
26 405
40 447
15 93
51 133
85 54
60 160
46 382
43 464
90 91
92 388
53 10
74 455
58 56
78 287
17 375
71 470
9 48
82 466
76 328
11 131
92 241
80 43
84 302
21 95
91 55
71 64
54 252
31 158
76 18
57 334
32 301
37 284
2 349
4 255
55 432
84 101
21 37
90 473
39 196
16 321
77 177
35 144
70 110
20 6
79 35
1 258
19 110
29 21
23 444
63 163
22 371
55 115
94 278
18 336
92 282
77 258
21 499
56 408
3 115
49 45
42 34
85 121
70 241
12 467
29 123
65 400
93 1
10 31
85 351
44 75
70 164
4 202
51 77
91 108
80 369
68 55
74 380
8 197
29 13
84 171
93 177
58 280
45 414
74 96
65 493
91 474
19 167
39 435
76 406
62 250
40 342
58 136
27 379
71 419
74 175
57 224
69 38
47 257
36 208
34 347
83 449
51 159
86 242
38 414
46 130
17 84
9 307
36 144
53 172
16 317
97 493
79 431
71 428
81 243
46 438
47 244
33 426
88 237
86 230
61 156
71 235
19 6
18 287
93 267
86 105
12 93
5 182
33 396
8 76
99 425
25 496
44 408
39 105
44 253
52 480
33 123
78 85
60 313
26 369
27 88
99 338
81 364
68 390
25 457
17 152
14 299
79 425
59 248
59 352
34 28
10 134
8 414
60 15
24 201
53 384
54 443
31 371
15 375
11 244
72 236
92 466
59 184
25 396
48 233
46 305
79 291
94 87
38 120
14 64
16 457
25 462
61 43
21 241
21 183
21 238
96 367
81 377
25 330
27 458
19 1
85 279
88 312
56 140
90 229
19 149
85 119
68 354
19 139
39 249
53 52
52 405
18 469
92 246
16 176
64 317
58 356
34 301
57 289
5 438
58 89
6 420
66 476
82 377
30 360
75 151
20 20
96 320
2 440
14 138
80 425
10 454
38 364
56 353
5 488
48 337
15 134
56 453
39 18
68 285
46 400
80 27
75 2
11 178
39 177
71 467
97 315
77 355
40 64
18 339
71 282
58 174
67 427
69 161
41 92
52 74
4 98
65 412
39 449
58 250
39 442
64 364
85 158
61 16
30 344
9 218
53 388
83 304
77 184
65 376
68 427
24 325
38 491
47 39
40 110
16 118
94 98
54 268
46 165
25 148
86 357
75 46
88 276
51 380
96 124
88 92
5 311
12 76
80 492
97 367
38 300
91 130
11 274
61 39
49 52
22 478
34 54
98 289
80 12
78 351
17 382
51 398
47 383
8 225
25 475
32 140
34 118
63 114
2 105
90 204
50 499
28 153
6 284
43 440
65 469
13 241
1 137
92 334
72 147
24 332
1 391
93 206
97 163
60 92
4 203
13 335
93 118
57 187
2 52
31 269
98 60
22 86
19 26
57 166
51 102
90 433
20 79
33 491
93 97
18 292
70 140
10 249
3 8
32 22
90 431
13 239
58 336
27 290
26 478
30 218
99 48
44 151
6 221
95 167
92 485
56 36
79 212
31 45
4 138
11 376
3 367
11 55
83 457
5 460
14 327
59 320
36 384
56 67
6 62
66 148
66 325
87 174
39 309
50 290
27 397
61 493
62 304
8 171
92 142
97 17
32 227
69 41
85 226
46 74
82 383
48 137
10 305
57 422
38 358
25 467
53 471
2 204
33 183
1 280
55 485
55 346
69 147
3 385
8 127
15 141
76 440
23 98
42 444
87 310
12 346
2 403
2 147
20 302
22 7
19 253
18 328
29 81
8 99
68 226
83 83
23 142
47 68
81 292
71 18
29 477
8 454
16 476
88 78
85 330
17 9
32 467
53 260
24 403
99 402
18 11
4 458
16 162
93 72
30 407
13 298
43 380
93 134
91 269
42 298
49 457
48 472
20 78
31 419
8 6
6 114
75 439
95 193
55 429
75 375
5 315
20 152
95 456
22 288
82 28
11 436
3 418
97 349
70 105
70 390
37 131
16 303
21 379
46 18
69 463
19 443
39 494
87 276
3 468
28 203
37 133
77 472
30 296
25 380
87 434
55 16
49 195
71 304
11 88
36 189
31 137
3 497
54 209
88 170
37 252
79 161
80 182
49 91
78 233
94 116
61 255
20 44
81 452
81 18
75 220
54 468
8 412
89 10
54 397
75 16
38 113
51 331
48 432
1 434
3 68
78 57
90 185
72 172
51 433
93 106
29 191
12 156
22 191
1 255
67 415
2 235
88 313
65 326
6 330
43 13
17 321
72 142
28 425
65 251
33 382
19 61
52 100
72 448
91 369
23 99
22 304
22 104
18 307
40 265
90 473
58 336
72 327
21 211
42 68
31 266
13 79
29 460
31 409
5 482
35 129
90 139
45 384
93 162
30 170
67 492
62 143
52 377
90 127
88 173
85 166
40 282
5 17
16 194
29 82
68 255
25 407
2 490
9 181
91 205
20 330
86 229
76 66
82 26
27 486
90 26
28 149
35 216
66 378
20 262
47 1
45 316
58 351
36 103
7 391
30 102
26 479
47 269
42 422
98 359
14 7
59 173
3 303
28 266
2 119
8 417
64 416
54 432
89 238
21 285
68 57
26 101
97 91
81 93
20 377
84 62
41 281
45 335
38 301
43 336
87 384
68 85
48 431
71 9
10 128
74 183
5 295
77 249
10 243
12 300
40 219
99 49
61 129
54 127
36 275
58 171
87 34
14 262
71 307
28 339
18 4
61 183
82 129
14 280
98 304
63 178
94 467
92 307
62 427
34 157
82 270
83 71
95 50
30 187
97 8
69 44
43 24
9 139
35 248
90 388
62 383
34 90
47 465
23 433
51 231
15 323
4 324
29 400
21 291
87 137
56 19
71 183
62 64
84 202
58 170
96 266
29 400
36 33
89 235
41 66
48 451
8 113
8 123
1 216
84 336
23 313
97 344
18 105
86 253
55 188
59 139
40 250
71 320
31 57
44 131
90 1
98 372
83 190
28 24
40 40
88 250
18 143
80 110
30 210
4 434
40 289
50 461
6 338
8 342
93 372
72 234
25 78
46 261
95 60
18 162
37 389
37 472
53 362
49 183
24 316
42 107
43 410
87 254
53 271
99 180
44 85
40 108
49 265
40 145
86 227
78 147
18 261
72 381
67 131
95 332
51 218
14 124
74 472
57 137
8 156
89 370
60 355
16 101
27 60
