1461 434931
30 97
43 151
7 138
56 448
40 122
25 144
54 117
44 159
5 26
19 349
91 342
50 173
52 119
86 387
82 279
76 496
62 234
69 46
95 90
56 34
26 87
34 54
4 132
53 65
41 479
3 411
26 192
3 21
30 251
80 444
94 258
93 393
53 78
88 456
77 446
74 308
87 325
34 19
7 174
99 103
89 129
15 316
53 311
36 422
89 263
76 103
57 381
47 360
61 288
65 498
92 151
47 121
44 198
91 169
12 359
85 119
53 482
53 463
38 416
59 74
2 221
13 368
41 409
82 354
21 110
75 464
82 177
74 114
67 75
23 124
71 476
67 298
41 247
39 169
33 86
89 237
43 328
46 147
99 361
42 389
4 50
38 51
45 7
67 99
6 372
18 170
80 476
27 104
82 399
90 379
32 241
42 37
81 52
46 229
37 54
90 242
61 473
59 486
42 106
91 33
72 226
31 30
72 300
83 70
18 153
49 280
70 413
11 69
7 153
24 377
80 218
54 312
96 301
67 265
40 155
15 229
58 495
17 41
64 141
92 331
78 172
97 86
98 388
15 28
14 296
53 370
77 63
46 69
99 65
94 59
49 6
31 349
56 442
68 30
81 73
29 427
68 289
30 443
4 14
58 144
54 236
55 398
14 256
37 180
70 389
48 110
82 313
42 297
99 396
42 76
28 88
47 276
57 187
47 304
68 119
3 221
87 489
60 405
79 359
4 248
93 123
60 257
20 196
26 84
55 216
33 38
24 155
33 19
14 394
19 180
40 470
10 255
45 376
72 245
76 86
34 62
19 2
35 76
59 66
9 284
75 146
37 77
34 141
33 63
82 189
57 154
14 279
97 426
66 119
25 392
95 245
81 93
28 279
35 253
85 211
39 238
55 5
41 424
47 73
80 280
37 126
45 457
19 66
98 305
21 497
30 216
46 143
56 358
88 449
62 1
29 423
90 93
41 233
93 417
91 495
33 180
65 399
50 304
54 409
63 230
63 378
37 162
73 85
62 165
47 244
7 83
5 150
28 371
18 141
61 199
2 311
58 415
91 106
34 499
29 268
61 317
8 23
81 471
84 396
95 150
6 133
43 484
9 120
78 399
3 275
92 384
61 227
86 246
92 17
9 437
12 23
87 38
69 80
26 327
58 36
70 230
62 37
26 94
16 330
90 201
14 423
3 79
86 475
51 14
65 326
31 439
94 73
17 72
53 281
92 179
38 459
7 471
37 240
39 451
51 356
66 175
8 249
30 397
60 367
93 201
67 398
22 113
48 16
30 183
58 95
65 474
41 28
31 78
72 330
11 474
1 385
63 144
20 128
67 276
15 221
96 48
27 397
2 279
47 421
56 200
32 391
71 437
99 378
76 64
41 152
36 388
6 325
26 391
80 217
65 331
77 26
65 112
73 308
12 372
53 28
21 358
95 274
67 254
53 170
53 70
44 105
13 136
64 252
94 188
32 434
41 256
66 427
26 459
43 240
71 44
97 80
16 246
65 355
99 218
46 33
19 203
84 283
16 30
58 416
48 81
59 179
81 115
93 292
87 468
68 443
78 229
11 293
60 481
86 223
47 12
58 14
44 308
73 16
65 4
34 403
90 143
26 392
47 424
89 404
64 22
17 275
13 298
80 12
11 105
18 48
95 366
71 313
19 151
55 258
63 225
6 7
71 53
88 386
35 364
86 36
92 287
1 134
62 171
40 428
43 147
60 401
12 287
76 38
30 276
52 205
45 295
17 417
4 194
46 485
62 125
85 374
84 212
53 427
17 309
8 160
59 166
77 197
61 333
89 270
1 2
81 376
23 201
4 116
40 257
9 179
80 415
67 58
65 118
40 135
80 314
93 288
86 418
6 67
47 310
38 274
24 325
76 375
44 34
98 429
1 91
30 446
55 76
78 314
54 426
72 151
57 246
25 363
1 139
77 27
54 158
81 78
41 35
83 239
29 159
46 294
74 247
26 200
14 465
32 490
73 49
15 290
7 133
12 315
12 309
51 68
15 341
40 163
42 24
30 100
3 436
95 251
98 452
23 380
36 334
49 258
37 202
78 8
24 322
95 151
19 302
51 463
91 320
54 397
11 53
16 410
32 292
53 329
13 468
51 346
41 470
23 470
54 88
59 322
77 308
34 119
47 415
20 70
40 421
18 481
43 408
20 211
43 325
91 466
51 308
94 347
54 467
30 409
50 485
23 247
10 212
68 296
46 75
41 6
74 84
79 157
8 387
99 323
49 23
43 52
81 331
2 113
88 468
69 94
11 421
21 498
45 144
10 374
78 22
41 130
62 56
3 23
72 65
27 65
61 277
38 412
61 399
45 408
84 471
1 395
92 188
96 163
15 228
23 218
79 204
8 486
95 52
23 19
30 452
94 59
76 282
63 143
19 366
71 353
87 170
35 235
18 54
26 483
57 242
82 406
39 117
48 390
54 194
23 425
95 485
82 393
22 78
22 209
88 204
94 302
19 178
35 239
97 106
4 497
16 233
84 81
70 167
69 382
35 269
65 328
44 344
73 61
28 469
59 122
28 382
84 285
77 134
34 55
65 304
83 476
6 117
55 371
2 186
35 392
92 296
38 430
70 59
25 262
83 203
42 423
30 445
74 482
95 153
20 39
14 399
56 41
35 407
45 243
34 228
10 152
88 230
96 133
23 337
41 293
38 410
48 77
83 274
81 371
82 350
3 327
2 375
99 410
8 56
37 200
68 187
42 228
9 416
56 475
83 348
84 441
52 345
10 324
43 48
27 118
42 212
14 270
89 170
52 173
53 494
87 448
70 388
55 11
44 132
5 460
34 388
3 431
87 466
73 38
73 108
28 432
57 71
25 244
63 333
21 225
89 125
30 346
83 44
73 118
91 416
35 452
77 95
76 405
42 26
6 310
97 233
79 452
39 331
79 331
44 465
39 106
12 389
39 445
95 234
48 216
66 113
75 153
2 302
92 416
91 382
63 130
55 394
59 341
80 490
67 325
51 92
68 329
22 42
17 318
25 401
2 82
98 170
29 34
70 434
57 268
31 309
5 287
43 489
23 111
53 53
21 278
5 199
53 159
48 474
21 117
75 132
40 284
14 42
51 277
46 369
34 80
75 236
17 68
49 430
96 95
51 120
76 47
45 164
82 136
34 219
30 397
73 312
45 223
60 274
78 412
88 96
58 383
63 386
1 331
28 144
44 60
50 75
59 95
28 276
24 345
88 364
28 125
18 141
74 128
47 262
11 248
95 407
71 166
18 486
25 370
15 118
22 11
11 356
59 39
98 388
81 446
39 39
53 131
14 241
53 334
44 346
34 48
47 157
46 422
91 192
27 70
99 184
2 25
59 283
25 229
20 428
56 7
53 343
10 101
23 334
85 98
38 205
43 51
66 269
31 332
96 322
21 372
6 297
9 127
46 473
99 84
73 54
55 488
11 296
69 382
10 443
57 400
23 315
92 80
6 408
37 485
50 217
51 41
78 389
21 215
53 268
39 169
14 483
51 263
18 170
61 41
18 108
24 134
44 95
7 476
87 124
72 226
48 223
55 415
9 123
65 463
37 361
3 166
4 226
70 461
20 255
15 91
29 339
23 293
5 142
5 368
2 160
44 458
60 134
63 444
83 215
46 218
22 34
69 366
14 146
71 83
17 96
50 444
21 216
20 82
96 150
8 11
44 57
69 422
87 461
34 99
23 353
71 52
15 238
66 470
55 329
67 88
53 399
28 392
9 395
52 330
66 349
43 92
97 353
82 431
77 422
73 406
23 27
43 43
79 493
16 94
95 365
78 40
31 155
7 447
31 341
12 491
65 259
46 459
86 167
36 233
69 84
88 310
20 291
61 249
42 41
75 340
42 122
96 491
58 203
70 51
5 137
97 143
27 44
41 238
2 269
71 324
19 275
28 74
38 489
26 13
88 284
51 377
80 83
99 335
82 275
40 325
15 311
38 315
97 425
34 320
62 7
57 120
67 490
22 78
44 349
39 127
37 135
88 15
65 204
50 100
55 392
70 164
47 436
75 55
67 193
95 100
46 425
74 172
26 145
15 303
21 439
66 167
74 52
91 316
45 342
11 473
26 250
56 164
15 259
42 108
72 96
79 8
57 396
70 117
33 6
27 28
71 342
74 358
14 287
30 426
16 156
15 124
13 135
94 430
59 126
69 131
3 11
39 145
25 444
62 173
50 223
69 162
4 125
95 4
7 132
15 93
69 102
88 475
40 398
61 485
21 59
4 457
74 41
78 178
71 141
73 41
59 117
68 323
85 442
70 311
48 89
11 30
2 191
63 342
89 285
87 353
29 250
28 379
67 42
83 264
8 177
2 249
39 89
20 147
94 259
29 49
38 342
25 203
34 111
25 64
62 403
89 365
52 121
8 41
12 400
96 169
42 485
58 157
21 240
25 376
28 270
51 374
81 430
77 250
19 427
91 20
23 190
15 412
72 44
1 222
30 463
95 460
48 114
51 481
11 425
2 250
62 114
40 370
80 180
69 457
47 452
3 489
15 322
35 436
95 185
37 69
81 295
60 281
48 82
72 258
64 398
94 43
14 186
3 218
14 148
47 453
9 137
60 288
47 237
46 298
76 455
70 160
94 10
5 229
23 263
36 223
31 180
65 440
10 440
41 176
17 19
98 211
95 453
5 322
80 189
31 356
6 346
12 218
18 448
4 282
45 93
16 333
70 246
83 442
51 360
68 105
65 376
92 355
49 208
76 339
52 62
84 420
3 373
16 283
58 249
53 408
33 290
80 352
72 409
77 443
53 350
36 334
45 238
69 283
19 467
5 405
16 474
96 130
82 68
28 195
66 410
52 410
15 405
47 55
12 476
23 102
13 354
12 327
89 419
87 494
18 33
40 180
31 249
86 395
47 395
85 148
25 264
90 268
90 111
78 92
20 305
97 103
57 474
36 317
60 197
61 35
13 241
68 496
8 228
30 6
22 136
22 386
12 139
79 180
13 349
1 56
27 181
26 498
33 161
48 138
43 309
55 282
99 466
87 117
88 135
94 1
66 301
84 465
43 456
83 341
36 403
25 86
14 342
66 55
7 351
29 125
99 483
10 4
81 229
94 270
66 181
24 233
87 354
13 28
26 216
84 138
12 7
14 118
31 269
19 306
57 289
24 440
34 65
67 487
69 105
75 125
91 16
44 175
98 37
14 367
83 168
50 125
53 35
13 285
30 274
96 346
74 150
88 236
16 422
5 313
27 470
54 277
23 218
9 236
49 286
79 452
76 348
24 340
61 397
95 10
65 338
93 117
42 61
24 264
77 136
53 338
97 81
71 145
7 134
95 203
4 112
11 127
81 350
43 161
65 145
79 210
31 337
52 32
13 156
33 241
97 65
67 348
97 345
21 222
76 37
41 463
35 435
7 397
40 38
89 457
64 99
92 186
88 465
50 57
25 486
63 211
85 243
46 104
34 494
24 275
97 133
65 318
88 31
95 274
11 399
89 79
53 308
22 323
93 29
99 352
14 428
15 260
17 362
93 456
45 482
39 220
45 404
29 289
17 495
32 23
15 261
70 20
74 37
82 450
83 216
22 140
62 377
49 19
97 106
8 471
40 285
10 58
59 455
34 312
65 199
39 283
67 239
77 303
50 214
96 318
72 442
13 481
8 495
38 22
16 260
73 336
38 329
48 174
27 9
62 109
10 192
27 149
2 389
45 220
82 385
22 210
26 334
66 54
47 170
66 136
26 354
32 287
65 374
26 278
50 41
57 426
34 422
24 218
34 375
43 41
67 265
76 275
55 80
36 34
56 255
94 326
49 443
6 125
86 193
66 190
6 374
76 204
39 482
57 40
51 468
67 154
62 438
93 450
64 169
7 142
32 130
12 210
54 467
51 19
2 390
28 433
20 83
7 339
6 382
68 410
62 246
88 250
37 464
68 174
24 145
50 179
36 109
54 47
86 198
85 308
27 233
52 33
72 347
32 241
70 462
3 300
74 349
73 443
15 156
93 317
24 243
17 210
64 263
12 448
64 275
34 379
42 83
55 296
24 103
63 144
45 95
28 368
98 97
30 296
1 87
25 422
83 58
91 329
77 267
67 48
87 66
90 47
37 108
50 332
91 211
85 368
95 304
73 41
53 449
38 375
64 323
99 204
92 396
53 223
45 451
48 490
62 18
63 75
92 332
29 498
8 410
13 430
17 389
33 252
88 140
64 181
88 459
63 18
17 173
81 363
91 225
59 302
23 369
18 255
11 431
58 214
42 312
60 15
52 394
19 260
63 265
23 9
98 464
64 79
45 333
45 387
71 118
81 244
71 338
80 468
92 278
44 319
2 267
65 259
37 393
74 152
69 143
44 187
78 109
89 292
94 450
14 440
63 458
68 283
18 397
58 437
43 480
34 424
27 433
21 471
39 158
71 384
10 191
25 157
46 231
49 328
57 197
25 15
55 109
92 446
32 490
76 18
46 108
79 400
32 436
16 316
6 235
40 52
38 83
51 101
17 381
95 492
90 402
46 247
24 77
18 208
13 292
56 52
88 131
75 142
16 248
11 19
98 476
51 229
71 211
17 444
29 56
35 99
58 49
79 30
18 426
55 313
