1441 829308
50 46
81 215
45 66
2 484
68 67
47 356
39 459
28 87
56 2
24 63
29 299
17 307
68 482
21 15
82 69
29 309
44 423
41 494
92 221
82 5
81 90
70 484
42 483
9 165
38 347
2 221
1 361
37 93
29 309
68 62
25 92
87 178
92 93
13 463
77 474
27 96
21 41
1 91
22 106
14 334
44 162
42 443
85 44
3 302
74 354
45 405
46 457
84 415
56 174
54 22
57 64
17 117
99 68
42 236
18 305
67 19
34 483
49 269
14 146
21 301
4 143
73 340
94 419
30 291
35 40
72 466
67 7
86 190
77 410
87 264
10 87
46 211
79 196
16 116
30 17
4 470
34 176
59 365
20 436
70 161
45 302
46 235
95 224
74 362
35 225
73 222
11 369
52 325
67 289
49 251
41 86
63 54
32 58
4 95
74 110
57 134
18 156
4 33
32 127
58 336
91 129
38 271
78 6
40 495
36 171
34 111
4 112
58 341
47 133
85 499
99 387
61 394
12 161
75 466
80 76
26 296
72 472
78 117
96 412
99 479
56 44
87 401
66 238
55 331
70 447
67 391
52 460
79 204
28 439
14 18
64 468
98 496
29 455
53 22
27 124
24 293
64 430
78 345
43 167
83 458
67 360
70 160
91 469
63 85
6 130
21 127
19 53
59 341
90 497
88 11
11 61
13 244
91 484
24 124
66 215
94 202
88 15
62 257
39 154
1 233
57 243
93 197
99 412
29 392
72 333
13 395
68 442
46 497
17 425
11 371
69 113
19 106
52 399
80 398
80 480
52 350
81 437
58 365
98 280
27 484
88 241
43 191
37 302
98 414
56 69
84 131
98 382
5 311
36 324
25 171
44 276
53 300
48 338
56 216
30 46
41 247
17 1
28 127
34 30
37 498
87 420
16 170
21 247
16 168
64 277
72 94
37 241
54 498
47 432
23 399
23 452
46 331
16 231
31 249
13 47
31 98
3 208
98 245
9 29
65 384
15 43
8 272
14 498
72 214
72 333
92 162
56 231
29 377
6 265
59 17
95 39
86 304
9 267
36 307
10 201
84 469
50 319
10 362
49 200
26 12
38 250
75 494
29 108
37 279
32 31
47 481
94 167
3 220
32 473
82 324
91 162
8 81
3 480
91 481
69 42
38 458
68 421
96 121
3 188
9 430
48 215
58 143
70 454
40 130
37 90
40 286
52 69
8 60
78 409
70 5
23 66
43 169
90 493
14 204
29 94
80 486
55 421
73 332
38 322
87 492
20 199
55 52
1 325
8 81
24 445
19 340
79 116
61 50
11 396
84 404
94 49
57 23
69 342
89 351
6 83
13 462
5 407
82 472
22 488
5 69
11 81
56 193
69 234
88 50
6 109
51 359
7 50
72 330
15 135
12 245
49 190
98 484
17 46
26 257
96 407
84 209
25 212
72 406
61 337
38 414
65 248
53 277
11 167
86 102
1 198
63 376
38 12
21 158
11 400
59 113
30 2
82 12
58 435
92 408
70 216
46 212
87 262
8 439
47 458
15 495
83 113
98 462
94 242
99 113
17 454
48 168
37 7
28 428
48 404
85 467
69 27
27 432
83 371
36 251
80 415
30 131
60 304
6 360
73 233
23 20
83 234
72 236
14 483
70 91
5 494
97 442
82 450
42 334
77 361
34 322
90 332
65 449
93 258
16 402
96 195
97 25
13 355
82 25
23 246
9 327
7 164
68 407
52 10
42 31
60 53
83 475
67 9
43 249
48 306
75 364
54 14
29 410
87 155
76 34
45 341
33 426
31 116
90 285
80 374
88 306
74 81
81 420
2 90
18 36
87 15
21 449
66 364
23 212
29 188
54 394
98 156
34 111
71 440
21 255
26 58
31 149
49 110
26 482
48 366
66 401
67 383
35 302
83 133
60 52
39 97
55 280
18 342
89 452
48 344
60 39
28 471
70 304
10 479
44 40
30 113
88 451
34 436
50 139
62 455
12 118
28 190
41 239
30 441
17 149
62 363
34 183
81 482
50 468
51 412
9 342
37 363
89 191
35 49
23 454
2 157
72 248
88 470
48 372
31 9
63 361
4 468
76 467
88 360
10 271
38 64
24 196
55 199
97 231
72 20
70 83
14 108
83 124
78 193
3 334
32 151
56 447
52 16
97 445
63 166
13 443
8 460
13 9
36 46
8 306
27 388
17 367
24 30
3 349
7 433
35 168
87 21
5 386
22 341
27 92
24 27
47 311
20 106
89 188
12 123
30 383
88 25
2 62
87 109
44 357
78 366
66 44
4 44
65 301
48 36
49 362
11 241
64 139
9 87
78 182
20 75
60 398
59 434
7 161
61 207
35 333
34 180
25 247
42 269
40 360
69 112
29 121
87 444
7 249
20 482
29 482
66 164
8 153
61 483
21 136
15 334
44 124
97 6
73 400
79 152
60 215
18 18
69 296
85 411
90 368
58 369
89 80
59 150
76 485
2 308
36 134
38 238
70 219
39 440
5 295
60 341
35 59
19 111
80 232
23 210
7 133
86 135
10 472
29 172
49 391
53 180
8 370
2 446
43 126
83 342
54 338
2 178
65 32
27 210
94 184
44 218
35 447
87 234
74 293
58 13
56 455
92 407
19 496
35 348
91 369
46 211
60 253
32 156
40 110
37 224
59 406
16 480
45 17
20 462
87 485
83 146
5 197
45 159
4 10
98 367
69 491
79 33
75 382
88 476
72 335
39 63
97 92
82 183
43 460
43 64
21 300
39 94
22 426
75 275
41 397
16 281
25 61
86 353
61 354
38 41
55 68
32 470
2 329
13 89
55 471
33 385
95 264
44 220
22 27
91 346
15 407
86 79
76 21
63 495
65 457
53 96
1 60
16 334
40 196
29 384
45 311
19 106
32 38
31 185
82 176
44 441
62 175
65 416
47 97
93 238
3 397
4 21
78 74
95 112
76 116
11 296
81 49
26 470
32 21
91 363
61 269
98 494
58 439
39 190
98 337
21 107
74 51
44 291
6 123
56 148
8 495
4 388
75 14
90 74
31 229
48 182
18 278
64 200
97 113
15 305
93 338
29 339
58 490
40 5
25 253
1 59
38 427
71 285
69 141
69 335
23 456
23 42
48 115
37 400
37 28
16 382
48 30
69 272
11 295
88 422
93 180
88 298
55 486
56 98
49 199
33 343
13 72
81 449
7 496
95 86
79 284
19 66
43 7
37 464
96 206
63 104
3 335
4 444
68 383
97 304
79 476
88 243
87 435
23 330
52 409
57 96
69 394
69 113
57 407
28 493
81 154
17 237
33 36
55 344
9 106
56 482
10 211
80 277
16 61
6 476
49 140
92 150
40 214
4 480
39 292
28 213
16 286
14 278
91 259
32 97
25 449
47 171
61 176
65 355
28 449
49 295
83 379
37 331
70 76
25 471
84 379
53 339
42 339
13 201
83 381
54 466
45 85
23 256
71 57
46 421
33 245
63 33
76 391
73 453
53 493
28 177
32 319
84 424
57 429
42 52
96 178
69 13
41 452
46 367
78 9
61 430
86 2
42 386
61 191
48 252
56 247
55 36
31 351
46 64
62 70
66 77
4 8
6 4
27 264
74 238
95 426
52 436
55 87
35 298
60 62
31 94
6 158
80 87
26 128
26 396
91 30
12 232
10 207
56 25
10 204
10 256
92 427
87 456
7 444
38 112
36 272
11 191
86 176
36 9
88 378
96 205
68 364
6 373
53 248
37 180
87 180
11 189
67 402
91 214
83 111
58 1
31 229
95 243
52 478
52 496
35 361
59 203
93 135
49 138
19 383
12 275
86 86
40 452
33 483
66 112
71 11
89 302
55 487
82 318
1 9
67 85
89 135
84 184
12 180
33 366
65 447
42 404
15 448
86 168
50 454
94 191
97 49
28 166
73 246
45 148
28 7
35 395
43 495
57 383
62 146
90 494
38 124
8 257
2 481
53 374
97 226
69 111
94 61
48 189
3 422
46 297
36 451
19 264
71 484
94 161
55 129
11 15
58 293
91 456
52 457
33 143
49 101
12 176
38 196
49 429
79 281
6 413
71 120
54 268
8 38
34 480
77 31
8 468
34 193
66 77
2 360
43 330
52 173
22 498
9 447
3 90
72 122
5 382
73 84
88 492
61 95
93 274
81 297
64 281
51 330
16 78
95 321
93 297
99 226
18 142
60 154
66 287
26 362
88 276
70 245
22 170
83 251
82 344
53 48
75 463
52 292
17 329
90 129
15 207
21 357
91 321
34 71
18 123
11 175
1 303
33 204
26 371
33 279
57 224
54 313
96 2
89 396
38 351
62 320
84 36
60 409
75 246
7 62
61 133
93 304
12 372
41 90
5 406
38 193
88 109
12 462
68 233
7 239
70 372
33 209
64 383
32 133
18 7
32 330
90 138
84 463
73 133
66 430
87 107
2 157
29 259
43 481
8 388
16 404
88 412
59 254
85 334
39 179
38 4
92 416
52 397
53 386
12 441
37 332
17 265
42 359
62 448
61 310
79 478
62 100
56 478
21 444
44 86
81 203
93 332
73 310
62 123
97 84
93 167
15 411
48 34
7 326
74 20
81 301
12 480
47 277
47 137
58 62
80 19
19 130
82 13
66 471
3 482
2 373
18 222
18 87
70 133
30 111
70 6
96 76
68 62
57 138
84 477
71 132
74 158
13 392
21 123
53 190
22 351
80 257
21 27
15 71
42 250
81 139
46 84
27 334
4 114
15 334
98 29
87 443
10 301
12 329
5 89
53 218
79 39
45 198
99 166
90 259
70 270
89 333
68 487
33 335
50 42
38 258
42 362
57 435
70 417
77 117
34 362
21 85
13 329
21 400
42 100
3 219
15 394
72 332
8 188
15 33
43 497
87 151
43 382
42 229
6 131
12 407
14 91
63 455
17 47
29 306
70 381
55 105
37 327
81 9
36 330
83 112
98 345
86 119
60 470
82 387
50 473
30 372
36 307
10 153
69 26
19 93
14 142
98 284
74 356
84 137
18 464
92 200
41 396
10 109
34 409
3 88
55 360
27 220
90 209
25 466
61 393
26 25
44 351
39 46
64 122
34 325
74 255
45 318
10 74
78 280
34 152
65 295
75 436
46 188
57 125
96 64
3 34
3 478
57 375
81 112
85 402
53 137
84 301
27 365
1 322
66 141
88 382
1 205
90 95
83 153
44 312
16 270
66 481
40 337
91 308
70 190
35 308
70 132
57 271
40 479
13 164
68 411
77 245
43 23
20 495
53 235
21 228
2 441
79 255
35 275
44 145
86 160
9 332
82 191
28 277
36 38
49 70
90 473
14 116
44 477
28 397
63 23
34 327
8 413
80 446
1 260
23 148
11 407
30 60
79 462
83 76
94 298
42 481
47 69
69 20
93 444
6 475
69 369
73 367
30 252
35 328
28 339
8 448
42 493
10 441
3 226
53 267
69 335
51 476
94 203
50 313
51 183
18 129
34 98
91 254
70 417
98 374
60 216
32 467
13 474
24 453
81 83
87 224
61 28
59 437
66 90
29 4
10 470
47 140
20 125
56 29
18 174
83 94
97 191
56 55
37 492
1 12
63 378
60 317
11 268
39 351
1 392
19 153
95 198
90 395
50 380
34 373
33 164
43 481
71 242
31 465
79 366
42 18
43 44
68 336
6 359
26 234
75 138
59 212
11 495
76 227
4 140
88 387
69 391
7 53
54 403
32 295
93 114
7 395
3 384
41 414
54 130
32 18
62 38
91 19
51 58
83 7
48 23
62 230
51 147
13 264
13 423
69 465
68 326
62 459
18 352
72 499
15 228
71 310
57 377
17 141
81 259
53 302
58 389
16 347
12 352
91 331
2 443
85 229
4 158
57 421
7 50
48 216
88 213
93 478
66 251
64 22
50 195
33 16
43 107
43 76
57 352
56 143
56 490
51 83
45 422
37 133
62 114
10 21
29 29
31 306
32 200
85 497
93 8
8 386
14 39
63 347
64 135
90 159
99 59
39 347
53 158
8 156
92 44
96 169
35 173
5 218
97 339
77 277
73 190
92 71
22 317
71 58
36 215
51 349
41 63
33 302
86 407
68 378
59 389
94 30
10 227
15 102
42 106
53 410
93 432
6 231
63 253
75 192
81 393
39 237
87 216
4 216
7 434
52 160
13 338
54 473
9 443
97 453
7 364
29 174
41 82
5 347
55 145
8 221
36 358
4 272
75 496
35 336
44 333
60 461
75 208
6 102
66 119
64 175
54 229
77 319
78 245
52 152
84 273
91 341
20 274
81 196
10 195
21 296
95 409
84 195
10 264
57 368
84 379
89 244
20 443
28 23
26 280
34 351
84 52
34 298
70 476
91 449
95 424
40 353
39 268
39 13
41 18
50 103
78 6
13 312
66 432
84 292
34 51
70 23
90 269
22 127
34 275
19 289
79 415
64 137
6 306
19 76
82 443
63 130
13 459
1 37
37 14
9 228
80 123
35 352
53 166
15 207
