1368 841715
67 312
67 75
90 130
39 378
88 207
31 328
35 436
72 334
28 402
96 256
49 373
54 98
55 349
52 446
89 345
87 96
49 352
63 446
53 236
5 146
42 454
21 386
5 66
2 265
81 256
58 15
89 197
60 306
9 283
47 254
24 438
74 236
54 170
60 346
69 38
31 440
4 431
27 268
88 295
86 352
36 325
14 91
76 22
4 425
9 324
75 55
88 304
83 441
13 57
19 171
15 342
38 431
50 11
58 222
55 250
40 413
1 393
62 107
71 181
88 212
4 52
22 156
42 165
59 36
6 255
14 331
12 438
84 225
63 257
81 464
2 278
44 78
9 85
23 22
8 490
6 91
85 304
84 401
26 170
73 174
73 194
78 137
89 227
48 447
60 257
48 58
24 60
97 327
21 468
78 289
29 22
86 120
15 384
81 194
85 458
44 387
94 364
54 46
91 469
98 185
57 161
29 237
56 229
95 211
42 291
63 201
89 352
18 38
47 480
53 294
67 81
59 116
74 186
29 420
18 171
81 272
35 351
20 61
5 497
22 473
44 100
50 168
53 325
55 353
13 328
37 347
95 118
25 46
52 388
84 334
61 80
92 123
57 253
74 374
68 140
8 147
23 216
58 237
35 53
21 347
99 447
24 286
3 216
93 238
31 216
53 495
33 189
56 323
39 251
24 131
38 48
71 258
98 236
67 62
69 55
6 23
12 65
54 283
17 63
5 394
74 411
10 78
89 65
88 182
48 385
39 400
72 351
30 63
27 106
45 61
11 429
80 133
15 357
37 136
23 173
11 153
99 35
95 223
37 381
80 459
1 223
4 436
86 457
5 449
46 184
50 285
85 116
21 272
1 39
32 389
3 115
54 301
9 422
60 477
2 292
71 400
93 211
19 434
73 216
21 153
35 81
20 72
8 134
90 48
25 435
12 34
61 381
43 54
46 135
20 198
97 231
27 166
13 105
15 354
45 366
39 267
56 319
79 143
76 96
84 223
60 86
42 475
86 332
57 268
51 123
69 409
50 211
95 381
42 14
78 146
9 59
91 120
65 27
87 150
59 407
4 335
88 426
57 46
76 459
52 221
80 439
98 282
87 5
78 269
84 407
20 127
78 3
19 495
97 310
29 416
65 148
22 108
28 134
34 443
54 74
70 441
30 83
15 216
89 167
79 332
66 19
82 98
38 202
59 162
12 372
50 322
71 365
70 242
64 352
9 330
59 368
38 160
40 262
30 256
55 386
48 361
63 140
57 136
9 387
65 310
31 207
98 336
82 82
20 431
47 236
6 473
29 112
84 57
87 414
14 323
96 156
69 181
62 147
58 366
54 407
86 153
34 461
60 211
37 181
68 413
1 443
54 120
40 161
53 197
79 491
93 476
16 421
56 66
87 466
21 58
27 94
64 64
80 375
57 205
36 6
47 492
97 73
6 60
45 353
3 83
33 307
18 201
92 94
73 226
47 226
62 480
61 299
48 453
57 148
77 399
18 122
79 433
59 312
35 359
72 18
96 85
62 202
60 454
37 145
60 326
6 476
18 449
67 321
46 96
4 16
4 376
63 377
54 316
92 343
62 93
92 221
29 408
14 49
92 182
8 164
60 93
21 221
82 303
15 445
31 348
86 221
41 341
49 474
22 364
28 203
36 499
68 237
45 101
1 479
97 45
78 325
22 52
26 118
84 462
69 56
35 199
1 303
43 246
78 419
23 250
12 130
75 217
31 202
79 76
37 83
76 412
18 76
28 439
74 119
15 188
32 265
9 224
92 153
89 121
86 168
96 423
89 91
54 144
67 357
11 135
94 490
80 363
40 171
45 20
6 349
46 263
58 128
26 63
21 461
35 499
22 12
72 495
51 350
48 108
31 377
51 182
4 244
29 109
95 326
78 122
18 417
24 459
76 449
27 377
24 119
1 118
49 179
5 40
91 493
48 99
16 301
63 77
3 186
86 299
76 294
70 206
54 262
1 40
11 255
10 188
85 56
80 376
82 59
91 423
33 382
45 446
88 71
95 288
56 205
88 173
71 165
95 288
49 337
36 369
14 398
57 398
32 31
80 34
11 286
97 465
21 259
25 259
49 489
33 266
25 310
95 199
94 458
35 364
2 6
84 254
68 321
99 243
11 306
42 421
44 425
42 367
23 178
72 322
62 458
51 440
89 6
20 31
51 18
83 369
37 169
5 425
13 484
84 304
64 373
85 326
91 88
61 267
21 402
84 317
39 479
66 319
85 346
11 406
70 412
54 37
37 277
89 385
22 100
43 367
34 109
45 130
71 492
97 345
73 419
27 114
27 204
90 137
55 217
22 65
74 492
37 271
30 163
66 155
55 361
58 325
65 487
42 196
11 371
48 68
61 297
57 374
72 293
92 422
66 415
7 254
32 99
77 446
22 446
20 47
40 471
3 28
24 365
30 266
23 19
9 343
7 433
89 192
26 162
80 36
69 24
40 144
69 255
33 1
60 327
83 398
63 337
14 433
87 250
32 389
62 44
23 367
89 128
96 190
73 402
98 36
20 235
74 40
88 462
21 334
74 297
3 246
2 233
45 322
73 76
4 486
38 229
32 283
51 159
56 247
36 362
55 249
16 16
81 369
1 389
5 451
8 255
42 175
4 211
99 37
8 99
71 43
88 262
56 453
42 342
1 240
60 371
88 456
20 433
33 332
40 377
26 2
22 21
50 307
78 323
98 235
17 102
92 428
88 341
53 93
8 53
64 311
74 377
59 433
55 278
19 363
33 68
16 236
16 14
65 477
58 65
90 417
65 81
26 444
7 46
77 118
42 69
66 98
45 475
51 185
4 177
7 466
93 438
19 487
11 421
93 423
72 185
59 191
8 317
54 420
82 136
46 300
4 167
81 202
53 216
65 355
85 353
67 84
89 104
89 45
42 195
72 229
10 496
48 101
44 231
65 24
7 141
33 137
30 6
71 386
65 216
85 465
86 436
43 47
32 469
45 44
55 22
57 419
56 241
52 475
30 251
22 16
25 2
23 157
85 279
3 424
50 459
19 282
63 96
96 8
58 365
91 76
11 301
63 484
52 486
34 90
45 352
4 230
21 381
63 99
12 283
26 490
20 442
40 209
16 443
3 118
40 198
58 469
9 73
49 165
25 309
15 40
47 278
41 136
92 172
34 384
13 294
51 388
63 38
50 270
82 273
75 262
15 374
64 246
23 402
67 167
28 6
3 364
13 449
37 382
58 447
32 9
11 429
12 164
58 437
19 153
61 298
21 159
20 494
95 344
88 130
80 427
95 341
60 281
52 53
36 74
39 98
67 131
34 178
98 469
4 212
50 302
83 246
66 314
2 277
61 98
77 393
47 247
56 377
77 163
15 490
89 1
98 486
61 367
71 199
20 368
86 12
41 256
47 59
25 477
49 48
50 63
6 183
70 385
76 178
64 344
94 399
84 137
63 331
90 166
9 208
17 433
53 448
82 313
27 16
77 400
52 112
12 432
10 183
82 267
62 339
61 22
74 218
26 377
2 183
28 306
92 111
63 59
1 423
55 465
55 336
64 295
7 263
70 321
31 469
38 289
89 62
36 368
30 320
8 140
65 415
73 219
13 77
34 21
12 233
60 70
88 481
89 261
21 51
99 92
58 280
29 334
18 419
82 225
43 83
15 309
7 221
47 138
72 467
83 128
61 306
38 138
42 262
52 226
24 105
71 37
63 489
3 323
10 105
81 186
43 475
3 476
74 220
52 222
26 417
23 101
79 80
32 88
4 292
63 82
71 365
38 459
2 285
91 122
30 186
85 92
27 234
28 498
90 409
83 138
75 104
58 26
46 229
13 31
53 193
63 57
93 387
13 490
60 457
42 467
14 410
52 453
12 213
24 187
15 341
23 366
91 388
58 335
43 393
2 70
61 142
50 51
79 428
91 421
58 21
11 491
28 209
66 237
49 168
75 65
74 250
73 220
10 321
81 45
78 351
80 387
82 338
81 10
5 335
87 440
61 363
27 344
79 372
76 492
31 158
71 302
29 462
27 72
9 53
60 56
85 15
89 484
67 452
30 154
64 173
84 477
33 326
21 86
33 98
98 288
92 9
67 422
52 4
91 393
33 458
15 385
21 257
5 494
31 152
84 242
42 476
59 456
39 109
16 195
56 143
70 258
63 464
58 176
29 499
74 130
23 456
2 84
83 114
50 276
15 131
60 90
19 49
21 19
82 205
40 344
1 329
78 462
98 388
34 87
19 192
95 377
49 19
55 76
68 286
41 132
82 303
21 90
52 437
46 479
54 402
21 319
67 497
19 457
8 55
24 238
89 207
36 201
11 35
6 4
24 266
17 211
93 113
65 194
90 462
87 114
39 50
3 251
73 316
75 203
78 448
96 396
87 409
83 353
1 130
96 95
62 172
63 195
79 488
40 463
57 378
3 427
73 102
8 275
38 41
16 120
54 71
28 488
85 133
43 455
41 200
3 85
97 387
82 275
62 290
32 366
36 176
36 250
94 251
28 207
2 117
13 255
95 118
14 365
19 304
36 350
37 282
30 480
51 327
52 454
97 78
92 152
60 104
12 125
86 89
22 450
26 340
14 157
20 156
83 221
63 246
51 345
87 361
10 130
8 259
36 443
57 295
32 97
92 184
22 207
41 227
40 242
79 218
28 430
16 98
57 463
27 172
1 65
9 444
46 211
13 58
48 18
42 183
3 96
19 485
66 242
65 169
97 334
37 286
53 290
70 321
97 161
9 41
90 438
33 7
37 285
16 229
96 278
87 141
91 202
53 154
93 63
87 323
18 184
24 397
17 483
14 266
38 225
86 246
16 79
63 53
96 173
37 146
88 454
71 46
9 404
46 420
80 264
57 454
64 313
72 209
29 280
22 101
96 496
3 116
75 208
44 493
48 250
22 48
60 80
6 362
12 133
84 483
51 177
68 492
18 209
95 177
87 126
36 346
98 38
52 203
85 30
19 46
51 211
55 314
47 304
66 475
17 376
12 372
12 62
93 111
81 269
39 191
68 395
25 448
2 58
92 260
17 191
94 495
88 373
1 175
99 200
78 104
89 247
61 276
42 462
16 202
4 83
36 447
31 324
59 363
68 190
58 241
31 192
53 234
69 63
56 309
91 60
43 137
55 163
66 25
46 119
42 61
31 391
34 473
37 109
89 459
54 378
25 178
26 293
32 81
1 361
60 155
68 131
90 259
82 181
21 18
83 76
31 481
69 156
67 421
47 179
93 71
12 225
88 156
73 407
19 9
95 305
51 486
54 75
38 400
72 165
55 286
42 80
33 93
92 405
83 420
73 43
92 17
19 138
6 86
24 168
1 201
93 2
44 300
78 246
89 353
22 336
62 486
74 70
31 131
10 318
10 281
25 7
13 18
23 143
42 379
19 369
94 22
10 388
80 443
81 38
73 174
84 275
55 428
8 484
62 452
65 263
63 345
1 102
40 350
58 354
77 48
53 413
20 136
33 303
14 235
22 29
62 416
39 440
14 397
83 43
34 362
71 431
42 492
37 259
73 474
76 365
98 127
30 471
72 497
79 382
83 31
69 152
56 345
45 1
59 444
70 223
1 86
82 442
59 36
67 383
58 224
87 135
64 195
36 118
66 34
22 50
21 413
33 22
44 350
13 264
14 360
60 395
71 56
51 302
29 374
22 215
99 401
98 204
71 89
11 129
13 261
7 333
13 133
78 42
65 360
18 149
73 339
49 250
70 267
4 408
53 461
66 397
55 272
58 51
42 313
97 380
39 250
9 11
15 296
25 494
38 412
7 307
5 351
77 242
81 436
59 74
62 438
15 386
56 200
90 65
98 365
30 261
8 63
54 31
31 145
65 292
20 73
32 340
73 119
68 73
67 347
90 418
77 215
99 381
1 378
80 152
38 13
87 78
58 438
4 417
16 180
24 487
67 42
64 358
75 136
56 393
13 378
96 231
20 89
95 441
26 372
16 333
44 416
96 262
19 248
93 394
84 4
62 166
8 20
43 366
24 5
71 327
77 391
47 196
47 297
8 372
71 115
84 172
42 493
51 93
23 169
14 31
22 362
17 343
9 46
41 430
16 194
54 284
73 357
72 414
88 108
66 326
42 315
24 155
46 222
97 74
75 74
28 72
33 372
86 310
5 236
58 479
33 327
59 140
38 250
81 316
51 77
87 425
