1992 757455
97 276
98 26
52 270
84 185
5 101
75 300
77 327
49 491
77 346
44 12
90 157
98 171
95 216
41 75
22 334
53 157
45 176
75 376
95 9
32 494
63 292
68 329
69 4
23 358
10 110
2 491
2 146
20 3
28 301
33 108
72 326
37 134
86 129
62 300
8 353
69 28
96 491
96 85
61 363
59 200
48 422
28 123
87 125
33 11
12 357
6 5
72 81
86 267
39 327
77 256
43 170
58 348
73 304
13 150
11 402
34 460
91 23
23 399
48 295
84 240
43 448
6 20
37 219
7 101
28 471
90 77
37 310
99 143
40 209
1 364
65 150
10 341
61 341
48 328
48 76
45 398
53 248
66 456
4 361
32 354
52 322
86 134
63 458
68 77
87 27
51 471
5 470
34 161
41 359
90 297
31 230
93 211
81 44
13 314
1 72
92 262
73 130
21 183
50 427
55 431
8 396
65 100
38 201
82 366
37 392
9 485
1 444
85 283
20 240
86 455
57 333
73 293
43 288
51 136
15 244
35 163
28 425
20 197
51 142
76 10
27 47
40 329
12 187
30 144
19 173
24 370
74 63
73 70
37 465
83 408
72 427
71 338
59 77
75 436
47 476
1 496
27 134
93 469
98 341
66 492
63 42
1 434
32 477
28 397
74 337
49 245
85 391
88 414
67 480
34 316
16 199
62 283
55 462
59 29
99 367
84 25
89 415
22 412
89 174
53 18
58 35
84 445
67 371
88 480
28 211
79 411
70 476
33 479
40 68
9 157
22 205
67 224
20 359
16 373
84 391
20 388
18 252
59 414
72 454
21 407
95 195
49 415
60 320
1 143
71 471
52 74
91 371
83 400
60 352
24 241
15 94
8 244
17 359
89 119
15 468
38 255
11 215
30 383
25 493
85 75
94 69
66 480
37 285
52 488
52 218
63 51
99 291
88 26
71 194
33 51
11 161
19 365
73 451
84 438
78 308
11 297
36 178
93 251
1 44
94 363
40 339
92 150
13 103
9 19
49 157
59 158
43 275
80 250
73 139
51 412
10 247
35 406
84 375
52 1
19 179
28 436
52 53
23 131
43 293
14 490
65 143
5 439
63 25
16 100
9 496
70 295
17 172
11 114
65 159
39 170
76 403
40 284
96 85
57 172
98 192
41 207
21 173
98 270
36 498
90 155
28 272
81 397
22 419
94 127
19 444
22 489
73 241
87 31
74 259
38 367
23 163
41 140
23 313
2 252
34 13
20 121
46 140
86 440
43 122
27 342
36 267
42 46
5 127
68 122
69 55
32 88
41 343
55 113
67 200
87 166
99 103
92 28
90 242
58 35
67 428
66 251
40 143
16 57
8 390
45 495
72 259
35 400
16 161
18 83
3 37
87 88
36 35
56 425
31 11
76 217
96 288
62 184
74 469
57 347
70 205
1 296
19 444
57 307
56 227
93 356
98 294
71 488
31 213
95 152
8 27
62 166
85 289
26 37
98 317
96 83
82 449
49 7
34 64
92 310
86 479
55 212
31 66
94 411
25 442
23 453
92 4
45 73
5 185
8 264
4 380
88 445
22 317
10 441
73 481
76 473
92 342
61 223
3 97
70 4
44 386
57 454
38 293
74 276
51 11
85 34
90 258
8 169
3 80
16 193
44 108
94 311
51 255
70 27
16 487
9 331
50 136
25 475
35 261
83 112
10 11
37 28
13 294
41 74
22 228
66 254
84 218
56 368
94 307
3 371
94 251
43 51
20 150
36 182
80 104
55 99
5 64
99 316
54 241
2 108
5 201
63 453
29 227
48 175
22 2
88 116
86 7
23 424
32 1
78 459
75 240
72 297
48 352
12 317
74 200
91 301
3 134
33 484
9 483
3 214
62 357
98 332
23 172
86 437
61 367
41 372
51 335
33 188
95 244
97 124
24 293
72 230
65 171
91 137
62 116
39 363
1 480
66 455
71 126
98 71
85 51
22 124
56 492
70 201
31 4
31 14
42 233
34 472
2 241
68 357
41 273
33 166
37 416
40 342
82 393
76 3
33 95
18 64
15 382
82 493
58 37
95 102
18 297
61 84
95 361
11 361
7 494
46 64
46 68
58 15
45 283
76 174
43 90
62 55
2 93
42 329
23 328
51 345
26 39
14 323
5 258
58 57
77 100
86 210
74 242
82 346
71 168
9 26
10 497
59 54
72 134
50 106
4 473
38 398
4 263
12 204
51 336
43 369
42 284
2 176
62 398
77 232
99 395
92 284
10 148
24 439
60 101
84 53
72 92
40 40
17 426
38 171
23 217
84 340
9 71
78 345
58 388
36 374
11 141
54 333
8 458
18 453
93 163
53 121
62 205
41 468
6 456
17 457
8 116
43 139
15 12
44 382
15 417
9 153
13 12
9 247
36 398
91 457
58 106
38 68
47 176
7 335
54 186
95 247
12 18
43 293
87 241
11 74
76 209
50 39
64 247
79 321
13 196
7 390
57 408
55 316
52 245
54 246
10 80
27 244
39 432
42 52
1 234
30 87
79 286
10 349
51 210
73 125
22 178
23 7
16 493
12 372
38 14
90 461
26 17
41 222
16 269
45 308
69 9
20 225
70 456
77 279
56 15
75 8
30 10
71 405
30 174
85 184
67 467
51 105
43 397
43 371
62 203
28 163
31 410
23 487
35 424
49 282
9 455
74 218
90 230
14 205
55 21
91 91
94 74
10 55
94 38
47 306
70 35
90 331
90 236
40 489
81 82
58 467
77 276
47 26
23 230
53 424
32 458
41 490
33 165
88 14
69 447
90 186
41 139
57 176
80 31
61 383
49 231
27 400
14 388
89 95
53 452
3 28
21 217
26 371
32 68
38 431
9 269
23 428
12 223
89 175
39 124
7 111
47 388
67 150
95 378
36 374
59 113
21 39
98 119
46 208
87 383
18 190
15 69
81 376
95 398
42 384
10 134
82 292
80 135
3 49
30 182
41 304
33 65
7 209
46 144
77 68
53 322
61 312
60 90
72 197
64 171
35 405
20 145
72 189
92 191
35 384
81 352
9 40
86 424
86 401
74 166
2 479
50 334
32 68
57 102
6 339
2 414
45 450
22 157
25 140
93 322
83 439
47 88
46 183
70 58
56 439
77 37
78 430
85 267
21 158
7 448
33 481
34 429
19 144
5 231
93 361
65 402
11 488
91 197
33 270
21 460
68 131
85 396
65 166
20 452
21 129
24 480
21 19
17 339
5 335
19 222
15 274
76 253
68 249
76 274
15 440
26 124
81 449
71 110
29 129
90 113
65 94
54 395
90 358
3 271
26 250
33 66
8 77
67 8
75 296
65 320
97 97
92 133
53 335
78 401
41 494
37 199
50 102
26 21
83 339
1 85
5 453
37 106
20 468
88 109
68 391
33 474
1 468
69 259
12 299
13 251
19 448
91 477
46 20
31 81
8 126
34 144
76 166
37 490
78 298
6 287
45 108
22 400
87 201
41 100
58 427
19 455
69 353
29 189
66 396
44 6
15 466
21 212
98 23
80 51
46 113
92 252
69 266
52 306
11 247
30 236
82 231
93 461
83 350
56 497
53 74
42 413
56 344
19 164
21 208
55 338
82 409
78 282
90 171
21 130
55 218
61 212
6 57
98 94
60 295
82 59
24 32
28 392
29 51
89 491
32 107
85 86
43 494
9 304
75 162
28 437
80 306
38 188
45 168
63 495
24 215
75 105
16 392
96 219
39 312
29 175
84 345
94 178
53 406
83 373
10 102
56 207
44 478
98 241
56 76
18 272
30 418
49 152
17 440
25 127
43 273
90 31
82 410
87 128
5 100
5 161
36 163
44 233
33 380
98 341
64 96
21 255
22 116
24 286
2 4
40 210
2 14
26 105
82 248
30 374
93 428
71 327
44 163
80 53
49 363
12 282
30 308
20 64
30 126
61 2
73 180
83 489
49 80
31 398
49 467
82 67
2 61
13 172
40 406
9 480
22 323
83 429
89 470
49 43
66 204
53 333
70 412
97 471
51 55
46 43
27 108
58 259
20 206
41 169
49 122
88 368
2 267
28 157
91 361
33 94
73 471
77 257
59 37
7 228
88 297
24 17
13 71
26 371
95 23
4 180
16 401
68 366
74 261
23 198
71 90
72 355
7 290
13 69
51 77
44 93
67 74
67 431
44 300
71 407
73 471
15 390
23 189
18 164
98 443
89 158
30 171
78 356
24 427
60 306
4 180
72 298
52 362
61 117
1 410
18 216
69 378
55 377
82 29
46 121
77 397
93 280
86 454
87 55
7 304
92 92
61 285
79 230
23 50
97 194
10 77
22 210
34 155
48 32
49 487
59 441
40 441
70 11
13 362
69 497
24 186
69 72
25 328
38 455
3 301
4 16
9 365
84 493
39 304
66 429
7 216
77 483
17 344
81 488
31 320
40 479
31 364
52 305
92 420
27 398
90 50
39 384
34 480
16 40
90 496
42 473
86 207
96 213
70 104
23 448
17 201
68 191
23 51
40 266
62 361
28 352
3 49
87 142
57 88
73 309
4 77
65 433
74 475
89 314
97 12
29 120
7 366
72 423
56 99
84 330
5 340
73 44
11 212
58 467
95 415
29 440
90 425
48 95
94 397
25 159
63 325
91 264
93 89
27 207
45 449
57 335
65 262
59 395
53 303
19 389
52 96
88 455
74 252
70 400
35 295
89 129
8 426
65 104
58 436
4 29
79 193
72 378
88 317
48 123
92 160
18 453
84 494
19 200
90 365
19 175
49 44
79 167
11 118
66 207
36 471
41 438
4 285
79 310
34 318
49 362
94 377
83 490
22 111
87 427
76 322
63 404
55 269
26 49
76 195
27 393
3 423
16 245
72 87
16 331
87 208
23 329
91 468
68 328
13 26
79 149
90 142
66 199
54 251
81 350
33 295
39 331
32 53
52 228
19 75
19 294
70 474
44 398
19 123
18 265
83 374
8 141
21 149
67 475
98 94
95 132
86 17
70 61
45 394
96 28
25 451
80 72
52 105
34 343
57 258
75 474
15 208
82 417
33 108
88 204
82 421
45 146
84 308
48 259
31 360
77 425
17 472
36 488
57 99
76 160
36 353
88 417
36 342
16 272
3 60
3 100
43 486
37 1
86 311
81 266
97 115
2 5
70 181
79 154
63 349
96 177
16 162
45 351
36 433
87 30
91 115
2 85
33 98
45 387
70 342
4 316
40 18
45 75
47 249
3 208
46 23
53 392
91 291
73 51
2 404
27 174
53 431
7 351
54 170
12 195
34 383
63 440
42 468
18 90
75 472
24 16
42 322
54 414
61 16
83 263
11 89
38 354
49 147
59 303
74 207
81 308
95 391
67 185
1 277
32 163
44 175
74 276
81 373
8 262
4 223
86 112
92 189
60 220
29 159
65 316
83 303
71 197
49 167
14 401
25 91
55 280
96 477
49 477
12 466
80 194
28 209
46 265
3 197
70 194
91 484
99 266
75 439
98 175
36 300
9 497
21 466
27 45
67 410
11 163
34 287
86 353
92 325
32 362
27 333
93 306
63 148
31 440
12 383
17 71
22 421
88 464
17 183
43 277
55 61
51 100
41 271
70 345
48 2
32 167
81 359
36 482
85 224
46 236
84 150
82 61
93 25
60 93
69 483
89 470
1 385
92 154
47 248
42 391
85 127
74 64
17 133
42 60
55 460
43 423
89 208
62 196
4 372
76 209
69 255
50 343
99 235
97 497
70 499
23 310
45 332
88 409
41 142
7 179
15 301
80 173
87 483
55 350
34 463
72 487
14 186
73 130
14 296
42 423
45 496
56 61
34 363
30 285
63 273
91 214
6 424
42 285
30 417
91 404
83 268
13 209
82 361
93 30
11 123
57 425
28 103
27 422
71 44
19 217
81 268
34 244
25 50
42 149
48 249
74 285
16 96
98 18
33 380
50 254
6 168
14 429
55 137
49 242
87 131
87 465
26 67
17 49
71 357
11 138
79 161
4 453
2 437
7 24
14 459
29 259
34 74
65 14
55 412
2 436
51 164
56 481
91 162
67 305
80 287
34 340
18 242
2 112
25 270
91 107
37 21
57 365
37 64
30 286
34 363
66 254
71 30
42 443
99 69
58 285
26 426
86 368
10 160
11 346
88 112
91 435
47 125
64 304
13 457
23 58
10 400
16 204
6 155
33 460
55 27
78 28
65 248
36 302
75 33
76 457
2 341
21 316
94 216
73 264
21 145
10 408
5 363
92 25
95 30
35 64
8 45
15 113
44 324
72 362
57 184
53 102
59 288
66 44
91 197
27 325
85 244
46 322
47 51
55 228
6 328
8 119
72 356
77 258
1 132
77 134
73 238
38 14
85 19
38 241
16 324
60 8
38 230
23 345
97 370
18 60
79 371
78 118
65 62
6 149
20 63
45 182
58 52
96 228
91 494
54 347
17 181
57 432
20 50
22 85
68 191
8 465
79 22
9 301
73 255
39 286
82 73
61 24
24 174
44 8
13 158
55 223
56 417
65 69
38 107
41 179
72 50
85 330
3 478
53 323
44 498
14 431
11 320
86 481
85 343
85 47
68 295
28 374
45 242
82 450
11 342
19 135
97 136
68 261
24 416
25 328
6 287
73 109
15 185
50 77
52 276
55 33
66 58
16 398
42 499
54 176
18 199
9 102
18 108
12 96
82 329
29 30
35 149
46 274
4 294
6 467
82 105
21 82
46 301
33 275
95 230
97 144
25 230
52 356
31 29
84 280
67 424
62 216
48 379
72 440
24 339
11 425
25 276
4 12
64 348
26 473
28 31
69 455
32 399
69 498
11 12
81 47
20 213
65 182
68 240
93 9
30 462
63 314
31 226
86 273
60 155
32 42
54 241
80 393
30 354
95 412
8 264
78 231
61 28
78 259
24 204
56 467
41 66
32 157
84 403
70 210
29 475
17 247
10 401
49 49
76 64
29 493
33 157
50 410
66 102
79 340
24 99
72 212
44 155
84 15
56 226
40 228
28 428
70 42
72 467
78 415
55 122
44 422
22 241
96 347
30 426
62 371
68 183
63 105
81 276
38 161
15 201
69 403
79 27
96 260
16 498
29 429
51 129
37 472
89 94
41 257
54 320
8 85
9 65
55 433
44 408
82 381
6 231
90 390
18 137
51 154
4 229
19 392
93 269
36 340
77 73
64 296
64 45
40 465
88 453
51 186
82 100
93 148
59 144
69 482
17 482
53 104
42 206
8 429
48 109
75 67
3 229
33 473
36 50
46 34
88 447
13 357
99 228
17 186
48 319
83 316
42 112
69 331
13 151
54 235
74 472
70 187
33 361
89 67
22 328
47 431
2 5
29 393
94 162
5 60
3 218
96 328
3 443
69 174
52 123
1 152
38 472
74 297
4 328
79 380
71 11
10 26
7 145
56 284
42 126
60 180
12 163
71 328
41 196
35 486
35 65
68 197
79 155
45 225
67 36
83 216
29 487
92 426
7 150
56 284
16 434
65 117
47 257
11 33
15 383
29 26
87 410
86 286
41 202
20 343
29 238
55 87
67 425
35 136
40 50
68 273
45 379
53 358
21 251
91 467
68 430
72 296
67 454
5 11
40 253
28 482
90 79
82 345
64 365
66 373
87 265
58 93
2 24
72 184
56 404
33 381
93 9
33 132
18 107
1 489
87 393
13 236
47 224
34 132
13 38
26 25
61 310
68 291
57 468
7 458
26 129
6 259
9 98
63 88
5 414
91 140
16 358
5 201
71 328
25 465
81 489
25 144
31 382
46 459
54 268
23 132
96 470
6 101
96 92
18 496
17 460
82 295
32 400
22 269
40 287
91 398
74 402
26 391
88 492
61 82
6 352
25 193
36 149
8 480
20 215
69 433
14 182
23 24
17 149
57 442
85 226
54 362
99 440
65 199
78 14
96 372
4 483
92 139
64 198
12 103
52 227
7 8
24 194
74 300
35 75
25 415
73 267
79 18
76 45
64 419
41 494
1 409
47 418
37 339
28 208
68 243
89 370
81 133
32 151
19 205
78 490
14 149
92 439
47 295
19 79
79 2
32 19
70 128
43 441
62 436
18 386
18 207
54 359
95 348
15 41
11 255
40 294
76 111
28 484
15 323
20 255
45 397
10 96
38 444
31 438
53 468
87 320
58 486
39 342
35 440
41 302
35 164
40 207
40 373
23 230
94 253
81 444
69 301
47 69
24 96
22 68
55 432
32 235
1 356
22 156
78 208
84 254
9 5
24 343
45 254
77 495
36 321
41 126
50 322
75 260
57 367
37 435
47 207
49 258
90 190
44 491
28 161
58 349
61 243
88 432
4 187
60 337
40 337
98 29
94 95
23 433
35 383
85 189
73 488
97 370
91 388
46 91
41 450
86 38
75 482
65 152
15 94
88 213
39 74
32 164
61 299
78 288
62 118
3 210
16 302
5 344
96 391
15 392
44 201
15 236
77 422
60 314
4 48
93 139
89 16
99 67
61 110
61 42
57 44
62 424
49 164
99 497
71 311
74 366
53 436
85 52
6 428
74 272
48 176
19 77
96 434
37 124
17 381
21 49
59 414
27 146
71 60
67 384
25 158
6 123
28 493
83 363
75 154
52 90
81 490
80 209
98 19
23 402
77 122
51 14
45 475
62 188
48 339
9 38
17 185
44 286
47 164
84 314
87 360
98 98
37 2
92 307
25 164
88 405
51 399
96 202
20 83
56 1
17 91
49 449
21 397
9 325
40 413
54 114
88 24
8 36
52 68
85 181
8 67
22 126
78 139
56 195
46 73
94 199
12 155
74 205
93 30
25 474
10 55
63 114
5 428
80 194
85 196
1 270
83 204
16 74
33 197
20 406
15 282
14 410
76 412
3 480
88 474
1 371
64 56
98 454
79 403
27 265
76 385
70 446
19 300
26 420
13 377
19 141
24 196
21 204
51 361
79 351
11 422
34 199
88 110
51 141
77 372
15 384
23 499
63 318
