1728 799723
76 199
65 123
6 178
96 136
57 273
42 378
22 391
12 466
31 495
48 341
31 27
62 163
65 101
94 10
38 27
99 21
39 295
61 288
50 384
17 197
43 440
84 74
27 14
40 282
40 444
30 441
37 250
1 382
37 179
10 414
75 467
59 136
97 33
52 404
39 212
67 86
64 46
53 145
23 298
52 460
7 420
56 182
8 278
80 233
87 2
89 149
16 17
5 100
49 108
72 245
96 427
18 82
34 129
69 165
26 78
14 357
2 207
18 499
3 42
4 362
67 403
65 34
44 117
42 268
4 11
87 181
73 79
73 189
85 233
35 438
30 474
96 30
97 456
34 196
36 343
74 103
61 252
33 70
64 291
88 91
55 132
95 300
76 158
96 340
56 464
49 328
33 316
11 55
52 167
60 153
22 23
73 227
22 291
48 398
92 119
6 167
13 315
93 183
56 77
14 433
34 335
9 319
80 331
53 172
25 35
31 23
80 472
60 276
36 235
10 317
30 319
68 337
63 383
73 289
47 440
10 18
27 401
71 191
36 410
30 320
91 112
88 14
72 441
95 482
76 229
4 221
43 206
6 252
29 47
39 200
22 344
37 44
34 418
72 136
38 410
85 112
36 40
52 200
18 359
59 433
53 314
95 289
63 256
29 366
81 397
84 37
62 332
7 473
61 458
39 495
67 99
16 302
80 132
72 156
78 177
95 489
7 284
95 153
74 430
5 275
99 135
73 390
51 323
96 335
84 76
36 234
4 192
36 331
62 263
54 383
64 314
97 456
85 58
98 271
17 296
8 93
99 27
35 100
18 396
42 36
39 302
65 469
9 181
54 154
90 68
51 349
83 121
69 179
64 14
89 290
45 323
49 133
67 223
22 40
28 376
27 268
69 68
99 308
7 479
92 125
38 342
76 228
35 228
50 498
83 136
46 159
95 238
19 83
42 41
14 201
42 334
80 215
15 147
51 257
13 334
54 59
25 488
20 353
53 453
35 124
37 56
94 198
74 489
5 324
45 158
56 363
30 315
97 483
53 330
50 89
23 330
7 255
65 392
7 331
33 355
43 276
10 411
89 23
67 73
45 79
51 329
68 450
61 230
13 462
30 38
1 398
48 42
78 146
11 439
15 273
25 220
68 398
17 118
44 360
32 264
67 3
86 157
93 2
21 187
37 252
92 379
31 118
97 232
74 273
27 487
70 110
43 335
78 428
5 173
80 477
48 406
49 214
99 103
63 381
8 322
16 464
21 188
81 401
58 465
35 249
37 432
82 226
14 97
34 430
48 285
91 166
96 83
7 267
25 462
86 487
20 318
46 461
77 209
73 66
93 56
51 21
25 353
15 355
27 33
35 407
46 326
64 50
2 163
35 327
23 256
71 375
27 155
29 377
93 346
12 299
91 321
38 486
69 218
99 374
56 170
95 349
86 83
16 175
80 355
63 217
56 230
23 317
63 279
93 368
89 223
10 431
59 21
98 396
92 58
37 224
12 99
81 413
65 494
49 374
88 449
4 261
97 476
11 221
40 435
79 181
38 35
38 22
36 208
92 242
61 315
87 297
59 204
8 12
21 360
48 292
62 349
33 243
26 367
54 71
40 99
65 81
93 157
48 109
95 333
12 124
39 53
32 166
91 416
81 276
12 166
66 82
88 220
87 77
36 169
19 46
27 2
75 206
48 246
30 17
85 342
54 386
14 187
77 479
60 422
34 274
75 172
42 476
86 380
51 72
7 330
43 210
56 96
84 146
47 449
33 291
19 274
45 311
35 278
22 95
74 160
53 284
14 124
81 439
47 448
63 7
5 85
58 73
91 81
6 145
7 300
13 248
51 409
8 496
67 248
3 65
78 442
89 230
75 428
72 228
64 125
24 61
52 24
43 136
47 470
34 175
29 3
96 173
32 458
89 101
70 441
67 168
5 52
93 72
33 173
79 5
71 282
19 303
96 369
7 219
40 99
92 462
86 402
5 371
9 150
24 55
49 207
29 341
37 458
94 70
63 307
11 271
87 269
67 172
82 12
77 75
63 74
94 258
34 81
19 458
2 11
51 153
85 274
19 416
9 145
59 491
76 220
60 275
15 42
5 411
96 364
54 177
47 126
87 242
46 245
52 419
95 197
5 387
94 125
17 425
19 395
63 159
28 297
39 131
35 88
64 466
1 76
52 201
98 167
95 151
34 398
92 453
76 23
62 373
8 497
21 55
92 408
27 497
61 227
79 111
10 65
73 450
50 458
46 499
53 199
61 154
1 455
36 312
76 68
48 310
58 33
54 493
15 431
88 174
74 187
33 342
94 10
87 144
21 17
41 387
89 98
87 204
98 436
12 13
64 189
1 335
18 10
63 382
96 197
63 347
11 155
69 459
59 360
26 181
15 405
56 106
37 449
39 215
20 133
86 274
12 81
3 389
31 27
95 120
20 22
19 3
76 63
40 72
66 152
66 450
48 249
35 127
27 116
62 163
56 353
30 280
65 492
41 237
91 260
30 452
91 427
54 213
48 3
47 470
47 389
26 24
28 186
4 402
15 401
39 6
16 485
61 383
34 10
20 220
30 251
11 215
35 345
9 287
9 240
59 354
71 343
98 10
86 383
16 342
18 485
1 222
31 65
33 352
58 407
75 466
10 402
46 27
59 222
30 493
35 93
72 45
76 286
90 462
13 19
64 469
75 234
89 141
57 261
96 62
12 423
52 52
94 355
86 264
46 218
82 39
6 469
21 206
45 39
75 352
52 27
40 104
85 291
70 491
80 19
58 59
41 491
67 103
46 44
68 402
85 458
22 286
9 8
27 419
17 69
80 116
10 192
53 497
9 43
42 209
33 282
91 451
99 298
42 385
72 68
91 487
20 85
95 426
76 70
37 467
94 257
69 136
42 374
39 495
59 265
50 378
39 468
26 428
62 473
84 43
32 427
61 279
63 194
75 484
98 61
7 54
56 368
55 96
82 259
85 195
77 172
32 375
44 246
15 470
69 70
2 425
95 371
81 248
41 145
31 476
69 485
24 97
60 423
14 420
83 126
44 318
26 278
36 323
55 205
76 367
61 488
2 1
56 401
86 276
3 183
3 470
87 36
7 341
37 465
91 299
22 159
96 391
86 77
66 95
3 358
93 51
34 199
67 290
96 470
69 58
46 451
59 126
44 80
83 371
5 436
81 271
25 56
65 241
8 281
99 10
37 267
44 170
88 166
82 71
53 245
25 484
60 495
11 8
15 382
49 436
78 349
27 395
69 332
47 490
59 446
31 50
33 429
15 101
12 186
51 50
88 159
79 431
62 359
7 9
45 463
85 171
58 416
28 434
62 393
60 31
26 231
95 372
16 82
18 67
24 283
92 5
69 52
39 130
22 212
72 203
27 167
5 493
74 108
47 210
69 150
23 430
92 391
50 325
4 496
21 72
96 223
14 30
27 373
19 467
44 193
32 57
72 292
25 349
18 129
31 24
93 153
9 433
43 319
19 228
18 496
64 8
15 117
6 301
52 255
16 113
93 245
79 232
29 267
6 358
1 81
93 2
87 48
57 281
45 293
29 388
52 275
44 127
50 295
43 414
7 429
53 161
33 84
91 386
42 172
69 476
53 376
96 197
90 296
51 456
8 232
18 484
82 322
98 242
37 419
42 185
73 469
23 403
51 256
89 287
37 153
23 297
22 327
61 290
98 156
25 76
99 278
22 228
3 37
43 273
35 358
61 494
99 465
14 268
11 306
51 48
77 280
89 109
22 139
73 98
57 56
59 323
80 79
46 149
55 180
90 226
97 194
91 461
24 182
37 384
93 436
21 193
68 143
36 431
22 368
65 321
48 276
56 169
41 89
52 337
54 26
64 399
70 189
42 31
91 154
59 152
55 125
39 78
49 479
9 310
69 451
91 51
64 481
62 286
98 123
90 116
14 491
42 415
42 200
62 118
67 83
66 295
71 156
95 435
81 109
72 315
73 430
43 254
30 315
70 423
76 472
88 478
19 266
12 383
95 405
42 330
90 205
93 29
11 16
31 16
27 98
10 418
3 466
21 196
65 94
40 144
47 488
19 119
58 13
49 127
55 147
63 44
14 178
3 32
44 129
61 458
98 280
10 228
92 86
39 452
17 21
6 170
11 104
24 337
12 262
73 179
56 409
39 253
54 4
99 24
60 386
74 110
89 336
52 454
37 136
10 7
13 283
18 185
12 405
89 213
3 320
76 367
60 119
5 138
89 381
26 21
58 309
80 191
72 22
86 20
53 189
11 458
67 265
47 457
6 474
22 253
72 348
35 410
52 206
74 243
5 213
22 361
82 163
78 178
30 246
36 93
41 265
39 206
15 284
85 143
93 135
79 115
61 341
33 263
46 494
42 361
53 391
85 303
50 388
22 193
59 128
21 334
56 6
23 70
91 242
92 353
19 156
4 246
15 301
36 86
98 358
12 80
63 365
66 128
97 364
29 70
69 270
84 96
94 24
99 262
85 243
29 462
56 68
29 132
53 360
53 168
15 376
43 194
97 74
45 308
73 438
21 79
81 478
81 363
57 347
84 403
52 482
33 18
89 62
90 466
19 189
87 310
32 358
31 127
11 9
68 227
89 10
59 243
72 443
35 322
1 364
34 362
37 86
91 199
20 130
71 486
36 480
96 301
17 150
47 231
47 149
52 271
93 444
89 196
25 98
32 434
3 311
93 382
63 196
69 460
12 320
68 320
46 310
81 472
12 269
35 483
55 229
12 81
69 38
75 181
40 163
79 12
22 439
66 79
74 318
99 151
18 249
5 207
54 147
72 420
64 322
16 372
20 106
12 57
70 395
35 237
92 301
92 81
98 447
49 26
61 445
25 157
95 88
99 262
65 211
73 405
35 281
44 143
83 228
46 214
55 260
62 238
95 279
17 366
34 221
45 26
90 59
56 435
55 359
13 361
79 451
62 241
26 402
23 23
16 167
41 75
26 422
9 275
46 428
50 183
29 12
86 226
74 318
87 15
87 445
9 31
16 457
46 221
85 252
94 86
41 65
27 456
48 356
46 4
45 143
67 94
85 18
19 289
77 73
64 64
81 348
5 60
30 83
85 324
87 181
91 323
92 102
16 440
73 290
49 4
90 414
97 356
96 341
94 239
29 79
18 101
19 338
70 206
98 316
37 81
69 337
38 239
80 476
19 313
38 201
99 8
82 211
35 253
29 173
87 227
41 444
26 279
83 244
56 402
13 469
82 238
43 276
67 385
42 356
6 240
6 424
88 378
97 484
43 361
2 151
50 253
10 207
35 7
92 460
80 88
61 449
86 484
28 322
4 342
60 116
82 110
18 162
30 5
1 71
62 220
51 372
73 239
62 279
12 496
15 290
51 153
37 89
77 21
75 209
27 154
26 210
91 367
53 406
69 188
44 410
28 313
41 448
98 113
87 280
97 383
17 263
58 95
82 398
30 248
17 353
11 483
37 329
22 477
93 149
15 472
31 157
38 201
99 136
82 305
38 473
71 455
60 188
39 371
42 117
95 196
7 98
6 207
72 152
48 411
18 138
36 495
2 304
43 251
49 89
30 90
93 170
78 499
40 469
85 43
31 50
29 220
45 250
67 201
44 162
37 244
7 102
81 113
85 248
48 89
1 275
36 336
5 123
68 75
9 111
42 485
52 380
79 16
79 22
14 346
70 75
53 197
17 479
52 399
65 262
90 27
1 149
94 187
19 171
99 53
73 213
34 426
95 237
89 360
47 241
67 46
76 38
88 114
29 320
39 398
99 207
90 483
75 19
79 417
4 412
80 297
96 336
64 356
42 463
90 421
55 92
39 341
96 88
62 137
47 285
38 341
43 23
16 350
8 183
26 239
37 174
19 429
81 190
64 391
80 80
72 450
45 336
20 218
12 148
7 119
2 333
61 280
9 332
75 304
51 305
11 16
37 402
75 440
36 229
39 146
5 439
8 287
55 13
13 250
48 278
6 221
84 85
65 490
5 101
23 23
86 86
64 216
56 110
45 108
83 236
41 56
94 297
38 406
88 21
52 45
5 63
5 26
36 461
88 11
5 307
41 412
90 355
6 25
13 276
1 383
80 156
6 160
52 4
21 73
25 357
76 158
69 223
13 2
47 398
70 188
25 271
52 259
6 107
11 207
60 138
7 58
25 209
89 320
91 393
36 483
37 383
59 498
97 425
27 56
86 290
45 381
40 326
93 169
54 189
12 68
53 295
46 447
15 305
89 151
30 436
71 222
84 352
51 167
39 198
73 173
33 99
21 36
48 20
58 228
84 326
72 67
1 365
43 57
46 456
86 358
52 419
45 438
35 259
35 355
68 206
95 13
29 261
40 135
81 83
43 137
97 347
93 39
55 319
46 413
38 218
93 21
45 130
4 423
16 173
30 328
76 339
47 253
77 366
26 356
79 497
84 5
18 187
10 164
77 259
70 19
43 442
88 77
20 380
7 400
50 54
61 226
80 490
78 196
2 126
45 364
34 357
35 239
97 286
75 397
63 32
64 404
92 254
96 407
29 16
28 189
64 71
27 130
11 89
1 332
63 36
88 51
21 103
24 382
48 391
39 394
48 457
52 70
25 412
87 499
66 120
25 243
21 175
7 105
63 217
87 274
61 308
99 282
74 97
30 336
62 404
64 495
14 485
86 397
33 382
51 141
99 494
37 214
90 52
70 360
78 57
87 385
68 442
58 26
82 345
80 449
75 243
2 379
77 454
73 118
55 280
53 57
27 272
31 400
91 456
37 280
14 485
49 431
82 380
68 427
14 42
56 28
98 376
93 483
61 441
19 208
55 442
79 173
3 308
65 137
32 189
57 444
57 472
21 452
14 369
62 446
98 368
63 493
80 437
79 390
69 266
11 421
17 199
25 245
10 178
57 491
99 397
30 50
55 25
13 96
95 115
39 48
11 392
31 162
38 160
66 76
32 198
19 327
91 246
68 297
1 269
10 175
32 187
99 113
94 170
82 239
6 309
1 155
64 390
58 108
38 147
21 195
91 499
14 397
91 470
45 178
51 237
24 487
25 472
67 374
66 109
39 480
52 9
91 489
37 205
57 345
22 327
98 268
4 64
29 115
22 288
40 472
74 26
87 231
59 421
27 116
41 110
34 45
43 447
89 137
45 179
50 109
38 253
80 104
65 341
19 289
92 495
57 3
8 257
37 175
52 109
74 126
23 398
76 325
9 127
50 4
95 86
74 372
24 64
51 358
68 327
38 146
37 343
45 206
50 362
80 398
17 393
68 108
78 479
83 169
71 318
77 101
2 292
72 248
20 123
42 78
52 309
54 237
75 87
95 484
10 169
9 48
6 497
33 212
48 456
24 448
26 275
33 184
81 492
9 167
52 360
91 273
47 395
88 482
74 359
81 344
85 440
8 426
63 250
18 233
66 280
77 373
1 496
74 369
50 390
33 232
96 9
65 378
91 329
23 207
23 127
5 470
63 206
43 289
72 477
83 345
3 430
40 400
2 96
11 444
55 475
99 109
44 96
25 312
16 141
99 212
75 374
64 186
73 181
31 428
54 467
21 322
5 312
25 430
95 359
82 149
62 436
14 32
66 346
29 130
92 363
51 251
14 260
72 66
37 167
98 24
31 338
11 78
80 272
51 280
35 499
16 64
46 160
51 461
73 195
48 404
14 467
89 90
61 343
78 277
75 142
87 95
86 154
7 304
13 66
47 165
57 55
8 305
25 322
95 457
69 322
3 60
46 243
93 367
23 323
98 234
88 422
84 275
42 176
2 97
74 193
54 381
65 145
34 85
37 187
28 438
85 155
54 464
