1336 512267
94 151
28 326
39 465
93 248
83 320
72 437
46 43
49 382
48 221
71 38
99 57
28 286
85 378
45 78
94 111
39 140
10 494
42 368
80 342
79 6
1 492
62 362
71 30
49 354
90 83
64 374
15 69
69 477
56 30
24 120
21 143
60 284
99 218
11 34
12 247
20 455
44 46
85 49
73 207
76 168
28 459
26 413
21 91
22 268
99 113
92 436
86 318
19 22
55 62
93 240
48 452
44 182
14 240
16 290
65 474
79 86
57 380
71 303
28 469
18 216
54 300
37 298
41 185
78 320
8 245
1 70
83 206
46 287
62 120
25 493
66 302
72 147
17 284
13 387
86 227
20 164
75 33
91 291
20 390
23 288
72 159
65 415
86 17
30 395
19 60
70 87
50 386
9 90
96 97
9 166
52 312
44 108
60 480
71 428
47 254
72 77
8 52
80 347
44 256
20 326
54 259
29 478
23 396
92 331
48 23
33 23
8 494
20 235
15 286
53 227
90 206
38 480
54 464
27 101
76 94
38 423
61 465
72 384
74 397
14 485
66 397
48 357
65 417
67 246
87 32
33 207
57 354
25 207
77 462
3 169
9 332
44 24
22 87
68 192
46 121
15 150
60 176
65 92
44 275
63 491
91 238
61 246
28 293
87 28
63 207
29 19
25 227
94 59
76 219
46 71
78 283
84 389
72 269
70 330
65 256
43 102
19 451
26 183
42 279
51 399
36 470
49 253
73 294
52 412
93 158
24 420
6 258
33 230
56 405
17 40
73 409
7 230
22 342
64 329
22 21
17 35
86 100
71 361
74 28
4 125
23 56
77 332
39 451
22 20
21 45
44 78
8 300
22 200
60 207
88 40
55 243
77 460
7 366
96 136
87 146
64 404
42 150
72 345
82 125
46 361
39 303
51 379
64 256
12 141
14 359
52 22
27 214
1 162
23 239
76 213
64 277
5 123
18 330
92 427
24 131
94 135
62 30
13 66
28 103
58 219
71 390
25 396
47 294
98 119
73 132
42 459
76 113
62 368
21 441
27 189
79 72
5 258
46 154
86 320
33 481
46 157
36 303
15 460
2 389
27 497
10 360
79 486
55 214
27 242
62 20
29 53
75 351
59 388
10 57
95 172
44 442
4 278
32 33
80 479
52 431
6 67
89 455
42 253
18 270
80 290
42 48
75 486
45 354
93 39
90 245
84 471
20 445
1 326
4 302
62 462
78 418
71 422
8 353
5 344
7 285
35 347
2 423
39 265
17 461
58 476
53 170
7 482
88 256
55 207
3 204
71 478
91 11
8 334
58 109
19 263
72 152
42 235
72 315
70 437
28 29
44 219
65 183
16 350
76 403
14 417
85 484
68 192
6 470
12 306
2 71
6 222
97 277
41 329
40 417
25 337
86 98
43 246
86 91
15 30
66 354
77 188
39 157
29 212
66 494
5 305
69 458
68 347
9 478
87 154
29 321
65 144
38 417
44 311
40 82
93 36
49 325
90 400
90 67
36 32
54 240
5 140
65 421
24 487
62 378
18 484
66 401
30 31
70 486
70 361
89 494
43 192
16 95
12 118
20 392
97 327
37 410
53 434
30 314
79 172
83 306
38 8
49 259
97 209
15 294
49 232
98 492
54 137
43 460
65 361
22 231
3 359
46 380
46 409
50 393
76 79
75 412
65 128
33 200
92 244
37 169
2 54
38 444
71 312
32 101
63 68
79 74
6 23
53 127
37 264
94 25
60 462
79 314
41 40
92 409
17 378
69 446
15 300
11 444
70 450
22 412
22 403
23 392
33 31
10 223
56 374
44 30
69 22
16 474
95 68
2 19
62 65
80 448
30 10
58 28
35 168
97 497
3 207
50 99
28 54
83 370
5 408
37 130
53 300
4 52
39 46
94 470
95 219
7 113
1 268
6 185
4 128
72 22
82 231
38 67
82 77
60 72
6 120
22 434
65 68
18 343
63 265
58 12
70 237
91 326
59 328
11 166
78 122
71 209
38 77
93 349
36 398
54 303
9 370
42 391
82 442
22 260
23 393
29 137
13 413
20 55
26 471
11 174
13 34
13 290
54 314
42 389
43 238
9 16
25 115
22 310
51 19
36 193
15 495
30 285
16 394
83 373
79 180
66 464
94 210
38 198
60 423
18 269
53 194
11 377
53 495
16 116
29 195
58 61
78 250
11 74
36 182
22 422
82 185
67 18
20 443
82 252
89 306
91 350
57 371
32 285
34 211
73 135
48 357
31 161
75 446
62 481
12 229
57 104
95 109
86 276
31 91
24 344
31 498
96 370
97 411
99 223
94 51
98 32
24 118
43 224
33 187
79 17
92 306
25 325
29 266
25 167
63 115
10 441
33 392
2 114
54 218
52 98
74 64
94 405
7 321
69 461
77 127
38 441
98 257
30 233
99 446
94 121
7 499
91 431
42 190
82 200
95 280
35 344
55 422
8 209
58 400
94 241
68 94
94 178
19 307
3 325
85 447
90 158
15 465
98 281
11 431
1 366
29 209
32 301
18 405
45 6
40 27
32 209
89 252
54 418
61 232
60 28
62 129
34 160
57 365
84 94
98 394
42 370
73 352
3 242
1 343
56 463
22 491
70 498
51 429
1 266
89 132
1 347
71 276
34 33
19 460
44 210
92 112
48 411
50 276
84 133
86 342
8 152
81 190
48 489
6 216
2 1
66 465
34 202
95 211
96 382
16 323
14 283
95 165
10 104
1 278
91 127
70 181
45 271
85 364
71 6
48 99
31 350
6 334
57 286
22 407
80 411
69 369
28 162
20 43
23 354
80 448
56 72
62 311
15 337
98 34
44 164
44 97
1 389
54 408
54 282
86 109
66 406
83 408
53 380
44 46
61 464
28 470
12 114
44 124
6 232
72 320
13 347
13 478
25 83
52 150
79 325
6 227
60 366
90 447
77 63
95 138
7 336
56 149
36 417
44 229
22 142
76 76
95 327
28 64
11 85
36 135
12 185
44 318
23 43
71 253
30 451
25 17
87 74
90 490
57 204
5 37
19 23
62 251
32 392
65 353
36 83
51 253
75 111
82 365
54 357
44 172
28 397
88 81
97 345
23 63
83 380
81 450
80 21
80 482
24 272
63 125
10 249
14 16
20 413
51 256
6 11
12 411
27 45
38 425
34 123
96 272
99 359
25 135
27 50
92 426
68 381
60 52
64 225
62 125
22 446
51 217
73 238
94 99
58 66
35 463
55 158
11 320
36 66
12 69
6 378
60 200
50 89
75 477
25 353
8 454
59 316
37 379
26 366
60 367
31 347
14 216
61 450
22 375
63 246
72 75
33 410
9 138
21 55
12 61
9 39
1 112
79 315
2 190
23 223
99 449
93 79
39 276
96 378
80 414
62 68
47 219
74 275
13 440
17 137
8 493
18 474
33 229
3 494
95 105
57 182
56 246
65 129
45 127
27 367
31 18
1 454
7 17
48 76
24 203
14 8
13 22
3 415
89 368
71 454
97 213
38 214
96 177
86 54
28 349
16 51
80 323
3 45
17 414
38 68
89 367
83 245
16 231
50 353
73 114
80 461
50 127
55 441
5 296
8 326
57 18
33 324
3 160
99 139
6 145
97 335
69 302
24 160
63 81
32 76
27 263
39 161
14 104
9 91
62 162
93 451
69 88
64 183
93 375
39 171
42 390
99 298
17 460
26 196
72 137
89 365
43 178
18 314
50 311
25 344
43 36
88 40
71 42
67 105
85 276
4 56
31 229
11 191
39 24
12 10
51 482
59 256
9 362
46 339
28 395
26 487
99 297
75 254
11 464
47 261
11 166
7 136
65 417
46 123
37 10
58 482
20 111
95 378
99 220
45 170
14 345
39 15
50 133
96 235
86 44
70 335
95 29
84 400
29 451
14 100
86 322
96 76
85 446
90 251
51 106
52 480
79 482
34 294
71 488
28 196
42 44
73 125
63 47
45 321
19 29
5 481
77 367
59 465
29 322
24 471
72 134
26 286
70 437
89 220
1 187
17 439
57 375
40 229
82 433
74 191
28 212
83 31
1 270
45 136
8 320
47 401
66 34
65 55
88 451
24 322
92 473
78 163
80 409
20 148
30 229
62 108
38 364
78 132
21 300
64 199
89 380
50 4
98 228
85 146
24 301
76 145
69 345
68 336
56 159
13 131
57 237
29 222
25 117
75 233
32 332
32 499
71 289
64 164
12 252
68 333
43 35
52 210
33 459
69 246
5 463
21 247
50 30
65 238
47 166
87 393
38 365
17 288
41 455
45 62
64 206
97 5
30 124
28 12
72 122
78 435
63 313
69 472
51 10
54 165
43 254
1 291
8 350
18 341
60 249
21 325
38 382
53 178
29 145
23 213
64 115
71 391
13 371
12 136
64 183
91 7
21 340
81 331
42 441
41 61
53 460
66 70
10 279
31 23
6 250
53 341
69 116
21 317
33 170
57 83
63 377
94 421
53 261
7 30
28 286
18 98
85 265
91 304
87 290
18 27
56 459
19 335
52 386
12 365
22 239
17 219
96 314
74 390
71 169
15 4
93 127
69 157
60 384
77 317
76 415
23 193
48 386
66 454
72 467
78 12
11 405
72 440
56 205
51 335
84 316
73 459
22 143
75 455
82 443
62 110
87 336
39 274
57 305
94 172
52 301
49 242
96 277
42 237
28 199
40 419
18 416
17 94
56 29
23 71
32 476
7 189
48 152
99 194
91 238
40 144
78 447
85 454
60 75
79 5
55 284
36 245
23 213
6 57
68 99
93 239
73 131
68 223
74 81
70 292
70 96
18 153
40 4
6 22
61 415
81 389
31 94
84 47
90 97
51 277
31 362
75 356
60 187
6 359
70 291
91 76
34 118
35 294
6 429
4 499
40 379
9 478
38 369
66 196
49 155
68 430
61 5
40 323
8 27
95 227
11 21
30 5
62 280
76 339
35 321
24 335
67 50
49 288
78 13
93 98
73 4
32 73
78 478
91 132
21 259
85 408
83 349
93 235
91 403
90 424
51 484
32 343
84 17
26 328
26 155
56 274
78 466
48 388
3 131
26 432
44 424
37 174
21 346
29 124
76 465
85 93
94 446
71 481
85 68
89 492
77 359
45 350
39 51
74 483
9 466
38 310
14 293
16 335
24 201
99 285
59 168
23 62
93 396
34 232
40 164
97 263
74 76
96 380
41 2
89 29
20 266
38 87
41 352
32 128
19 397
69 195
76 370
96 395
90 240
49 438
44 207
53 427
63 413
42 285
83 177
71 329
56 429
6 178
60 168
65 308
54 381
14 381
77 396
7 343
73 453
74 310
10 333
98 15
66 160
63 53
94 320
37 356
72 96
94 121
67 176
62 56
17 361
41 402
74 411
32 434
87 61
25 419
89 260
68 240
84 118
55 490
3 9
81 385
46 425
87 21
96 314
48 367
93 293
62 400
37 398
5 410
90 158
6 197
19 466
57 148
13 339
36 91
7 245
78 220
99 127
24 140
65 208
97 326
2 335
20 408
85 228
93 191
90 293
24 288
87 165
44 300
49 342
69 51
33 227
93 169
4 189
55 342
6 178
71 164
23 468
86 218
85 49
63 49
2 117
25 366
7 34
66 311
94 398
4 70
19 110
53 42
94 284
72 68
95 158
90 131
72 40
20 284
90 188
60 400
52 303
64 317
84 376
11 194
56 478
56 115
39 191
27 141
41 329
51 166
77 175
68 9
12 14
21 48
99 350
22 130
51 186
54 440
44 133
19 230
71 42
13 12
83 346
73 325
59 316
64 6
34 211
97 366
36 479
85 430
70 456
83 437
75 295
83 311
25 53
87 48
28 406
97 65
89 37
27 486
65 483
60 249
52 192
43 101
22 331
51 319
84 266
59 451
70 431
55 116
67 113
79 440
87 170
89 194
34 34
53 134
26 21
49 82
20 86
1 287
43 459
32 37
18 242
83 357
88 479
17 331
88 210
93 37
95 297
15 178
83 319
91 469
67 344
20 274
51 154
65 334
62 397
96 283
34 268
