24312000
44
661800
796500
866600
773100
747500
692800
250700
785200
422200
805500
914800
279700
424400
908600
869900
138800
730000
86200
130100
238000
177600
455800
497400
112700
585500
244500
853000
584700
338100
273600
14700
559500
734600
159900
782000
875200
690700
199100
602900
773200
581500
978100
673100
946000
168400
403400
247700
282100
861700
31500
995300
973000
500600
612900
12800
941400
879400
309200
857600
713000
18100
327000
436000
227100
615300
356100
941300
623900
464300
766900
125100
543200
398300
345200
736800
