17
0 9 INF 6 6 9 7 8 8 INF 9 7 8 8 5 5 5 
6 0 7 9 9 9 9 INF 6 9 8 8 9 7 8 6 8 
9 6 0 8 9 5 7 9 9 5 8 9 8 6 5 INF INF 
9 8 9 0 5 INF 6 7 8 7 5 8 6 INF 8 INF 9 
8 7 8 7 0 7 6 7 9 9 INF 7 5 9 5 9 6 
7 7 6 8 INF 0 9 9 5 5 8 8 6 6 6 7 INF 
6 9 6 7 7 8 0 3 INF 8 8 7 5 6 7 7 INF 
5 8 9 5 6 6 6 0 5 6 7 INF 5 7 INF 9 5 
9 8 INF 5 9 7 5 7 0 5 7 7 5 INF 7 7 7 
7 6 9 8 7 6 8 8 8 0 6 7 9 6 5 7 9 
5 7 5 8 INF 5 6 8 6 8 0 9 8 7 7 9 7 
9 8 1 7 7 INF 7 9 8 7 5 0 7 6 9 5 6 
6 5 7 9 9 5 8 6 5 8 5 6 0 8 5 7 9 
9 6 6 2 9 5 7 8 5 5 5 6 1 0 9 8 6 
8 5 5 6 8 5 6 9 INF 8 9 8 8 5 0 INF 5 
6 6 5 5 8 8 7 5 INF 5 6 8 9 7 6 0 7 
9 9 5 INF 9 5 INF 6 7 INF 6 7 9 6 INF 7 0 
