26
0 8 6 7 8 7 5 7 7 8 5 6 8 9 7 INF 9 8 8 8 8 9 9 7 7 9 
5 0 5 9 5 6 5 INF 8 INF 8 7 5 6 5 6 8 8 8 INF 6 9 5 6 INF 6 
7 7 0 9 7 9 7 7 9 5 6 5 5 INF 8 5 5 6 7 7 6 6 6 5 8 8 
7 7 6 0 5 5 7 6 6 5 6 9 8 9 2 8 9 9 INF 7 6 5 9 8 INF -5 
INF 9 6 9 0 INF 7 INF 5 8 6 7 7 7 9 9 8 7 8 INF 9 INF 8 8 9 9 
6 7 5 6 5 0 6 5 9 INF 8 8 5 6 8 5 6 INF 8 5 8 9 9 5 8 7 
7 5 INF 6 6 5 0 9 5 8 8 7 5 9 9 5 6 9 7 7 INF 5 9 6 9 6 
5 5 7 6 9 5 5 0 INF INF 9 9 5 5 9 1 7 8 8 5 9 6 7 6 -5 5 
9 5 7 7 INF 5 5 7 0 7 5 5 INF 8 INF 7 9 5 7 8 6 6 9 8 INF 7 
INF 6 -4 8 INF 8 9 6 7 0 6 9 9 5 7 9 9 7 7 9 7 5 5 7 9 8 
6 -1 6 8 6 INF 5 8 5 9 0 6 8 8 6 5 5 5 9 7 9 7 9 7 9 8 
7 INF 6 7 INF 5 6 6 5 8 7 0 9 9 7 4 6 5 7 8 7 8 6 5 8 8 
9 9 5 8 5 9 8 6 INF 8 6 8 0 2 9 8 7 8 7 8 5 5 INF 6 9 7 
7 6 7 INF 8 7 5 6 7 6 6 7 8 0 8 7 9 7 5 8 9 6 7 8 5 7 
8 5 7 1 6 8 6 6 6 9 INF 7 5 5 0 8 6 9 8 9 9 5 5 5 -3 7 
8 9 7 6 8 6 8 8 INF 8 8 9 7 5 INF 0 5 8 9 5 5 8 9 9 5 8 
7 8 8 8 9 8 8 INF 7 7 5 5 6 6 8 5 0 5 9 INF 8 5 9 8 8 INF 
9 7 7 7 7 9 6 6 7 6 9 8 9 6 9 9 7 0 5 6 INF 9 5 5 9 7 
5 INF 8 6 6 5 6 9 5 5 7 8 8 8 5 8 9 7 0 5 6 8 9 INF 9 8 
INF 6 8 7 7 5 5 6 8 7 5 7 5 5 8 5 7 6 6 0 6 7 9 6 -5 5 
6 8 5 5 7 7 INF 9 7 5 6 INF INF 9 9 5 7 6 6 6 0 9 7 INF 9 6 
7 9 INF 6 5 9 6 5 5 INF 3 8 5 7 8 6 6 8 9 -4 7 0 7 7 8 9 
6 5 5 INF 5 9 8 8 7 9 9 8 7 5 INF 5 9 6 INF 7 7 5 0 5 9 5 
7 5 6 INF 8 9 INF 8 9 INF 6 9 8 7 8 9 6 9 6 7 9 7 9 0 8 INF 
7 6 6 6 5 6 6 INF 6 8 5 5 5 5 6 9 8 5 7 9 9 6 8 8 0 9 
8 8 8 5 7 8 5 8 6 7 7 7 9 8 6 9 INF 8 5 5 7 6 7 8 5 0 
