17
0 6 5 5 5 8 6 5 6 7 5 7 9 7 6 8 9 
9 0 9 6 9 6 6 INF 8 6 5 9 6 9 6 9 6 
8 5 0 -1 8 6 9 9 5 9 9 INF INF 8 INF 7 5 
8 5 7 0 6 6 5 9 4 5 8 7 8 8 6 6 9 
5 7 0 8 0 6 5 9 INF INF 5 5 INF 5 6 6 5 
5 5 6 INF 9 0 6 7 5 5 6 6 7 9 8 8 9 
5 5 8 5 9 5 0 6 5 5 5 6 5 5 7 9 8 
9 8 8 INF 9 7 7 0 6 7 5 INF 5 INF 3 9 9 
INF 6 9 7 5 6 5 8 0 7 3 6 -1 6 9 5 9 
6 INF 9 -3 9 9 6 7 9 0 INF 7 7 5 9 5 5 
8 9 6 7 8 9 7 6 -2 INF 0 6 7 9 7 8 6 
5 5 9 8 INF 7 8 7 5 9 8 0 9 7 5 9 8 
6 7 5 INF 7 9 6 9 8 7 8 8 0 9 6 7 6 
9 5 8 7 5 7 INF 5 9 5 9 8 9 0 6 5 7 
9 6 7 6 9 7 5 6 7 3 6 8 9 9 0 5 9 
9 6 9 INF 8 7 7 9 7 8 9 5 8 8 5 0 8 
-3 INF 6 5 6 9 INF 6 5 9 7 6 9 7 7 7 0 
