0 5 3 5 4 4 -3 6 3 2 6 4 4 6 3 5 3
8 0 5 9 6 6 5 6 5 9 5 4 7 9 11 6 9
5 7 0 6 7 5 2 6 5 6 8 6 5 7 8 7 8
-1 4 2 0 3 3 -4 5 2 1 5 3 3 5 2 4 2
4 6 -1 5 0 4 1 5 4 5 7 5 4 6 7 6 7
5 6 8 7 9 0 2 7 6 7 11 9 6 11 8 6 7
7 8 6 8 7 7 0 9 6 5 9 7 7 9 6 8 6
4 8 5 5 6 6 1 0 7 6 10 8 6 6 7 9 7
5 7 4 6 5 8 2 9 0 7 8 7 8 9 6 8 8
4 9 6 5 8 7 1 9 7 0 7 6 8 9 7 6 7
5 6 4 6 5 6 2 5 6 5 0 -1 4 6 8 7 7
6 7 5 7 6 7 3 11 7 6 9 0 5 9 9 9 8
7 6 5 9 9 8 4 7 10 6 11 6 0 6 10 6 9
4 9 7 5 8 8 1 8 6 6 6 5 8 0 7 6 6
7 6 8 8 9 5 4 8 10 7 9 8 5 9 0 7 7
6 9 9 7 10 9 3 6 5 8 6 5 7 5 6 0 8
5 9 6 9 7 6 2 11 8 7 11 9 7 8 6 8 0
