23242600
49
850900
130300
956600
628800
52300
635600
850000
99400
895000
736300
58500
26200
553900
212700
555700
15200
606400
798600
917200
391400
117600
373200
570500
627900
204800
579900
7200
441600
444700
465700
701400
640900
87100
118600
387000
982200
406900
284200
245400
648000
232700
827100
243000
267100
321000
785700
832200
728700
839200
319700
674300
966100
466200
161100
425000
553100
366800
932800
18200
93500
465600
568800
353900
119900
668100
240200
235100
729900
877000
921300
167200
204500
265000
