31715400
57
246200
75000
435300
906300
861500
57900
575200
284400
567200
832400
780000
915500
538800
948600
949700
94100
349200
107700
959500
935500
444400
177800
399800
228600
825300
644500
469000
898400
155100
914400
198200
699000
748000
168600
86600
918500
54900
750400
50500
980100
36400
575900
915900
452600
733600
975000
252000
778000
436400
529700
840000
935600
884600
438000
606700
999900
246900
262800
124000
38300
808000
376800
670000
311200
658300
24000
902700
498000
687900
394100
846500
555200
62900
209500
541200
180700
823800
380400
431700
701400
839000
447800
639200
272900
645700
412500
389000
532700
757900
344500
273000
725100
483100
53800
