29487000
60
815100
545800
352900
47400
72900
469800
658400
528700
386700
109500
768300
237000
116500
780900
192300
166700
58100
52400
607200
859800
720200
90000
765500
674100
707300
37600
839700
468900
72300
803200
447900
578400
640100
77200
504200
449500
423600
111800
583300
514400
524500
911400
268000
972100
585500
471900
346000
49800
500400
204800
576900
436300
348800
897100
386300
678900
105400
806400
858500
26600
45500
956800
977600
966000
455600
69400
922800
839600
55400
795900
44700
170700
226800
882400
5300
358700
617900
