28002200
50
570200
144400
514200
416900
177000
319500
322500
428500
6500
935800
700600
350000
569400
93200
584300
594300
281900
279300
746400
889100
44100
317600
453400
717100
520900
145800
919600
761000
550800
805100
945400
580800
580300
119700
667800
790700
940700
102700
579000
928100
284100
351400
550800
490000
53400
525700
75100
748000
997700
164400
66600
593600
953200
219800
102500
844900
927700
733200
853200
21200
708300
916300
229700
862500
596000
754300
13900
914900
653500
700800
608100
319400
755000
796900
602200
875500
351700
449700
854300
512300
510600
756300
