32100
64
200
400
600
200
700
900
100
900
200
100
500
800
400
1000
300
1000
900
200
400
900
100
1000
600
1000
200
300
1000
200
900
500
500
700
200
200
500
400
1000
100
500
200
1000
600
700
600
100
1000
500
800
1000
900
400
200
600
300
800
400
500
400
300
700
300
500
500
500
500
800
800
400
400
100
400
200
600
700
300
600
500
200
700
700
200
300
600
800
800
1000
400
600
100
200
900
1000
1000
800
700
700
500
400
300
300
