30187000
65
125000
294000
46000
251500
379300
52000
376000
57200
398000
37800
813100
242800
585000
310000
251600
707600
486100
515600
608400
316200
960400
286800
808500
679700
889600
69900
374200
804000
810900
200500
644700
269300
876300
248300
185400
236000
936700
721700
641800
861700
670200
283800
452300
870200
298800
252200
332800
970700
337700
683500
104400
17500
427400
277500
306500
180400
48100
490200
650500
153800
435900
56800
850200
260400
107400
863600
418400
736100
380000
374000
355000
971700
118100
715400
482200
407300
564800
528200
44600
715900
448500
35000
827700
548300
846700
444300
10300
493700
533500
947200
960300
584700
