37200
72
600
1000
1000
700
100
200
100
200
200
600
800
900
600
100
400
600
900
1000
900
200
100
800
900
300
800
500
400
700
700
500
800
700
700
400
900
700
700
800
200
800
500
700
700
400
600
900
900
300
800
500
400
600
700
700
600
700
400
500
300
700
100
600
300
100
200
100
100
300
1000
700
600
100
300
200
600
900
1000
600
1000
400
200
1000
100
100
400
300
900
1000
700
400
100
300
200
900
100
100
600
100
900
500
