29499000
58
677900
67400
100100
855200
414400
703300
874600
394700
2600
822400
405800
822700
463300
269100
538800
598000
401300
10000
671100
923100
283500
841900
534900
709300
535600
83600
351700
265000
97300
552300
670000
361600
526500
613600
855000
834400
442500
468900
269400
680900
729400
827900
529200
285100
134800
7400
165300
990400
20500
304700
93400
606000
789500
494000
279400
590300
145500
32000
886500
565900
267700
984800
349400
475400
803100
298800
805500
821400
961300
549000
112900
218200
308000
25700
779500
418800
754000
193600
703300
559800
220700
553600
490300
311100
550100
913700
484500
828200
