19291000
40
652100
880300
910400
212900
687500
884100
38000
828400
297400
324600
233300
359800
103200
885300
268300
551300
441700
349200
876300
892200
180000
506900
386900
98600
233700
914600
9800
468000
134600
906300
400600
857200
691100
86200
810300
405500
43000
649800
18300
306000
994500
262400
516000
89600
198200
407600
263200
425300
228400
795400
877400
959400
423700
161100
88500
672400
433400
990200
986400
876100
743800
77800
