28452900
63
251100
663900
998700
482500
146000
386000
491500
729100
730400
319200
552700
158400
211900
804300
448600
242600
348100
646600
359400
619600
170300
414900
323300
720200
813100
159100
456400
33000
393200
962300
627000
372300
767000
299500
410300
639400
338200
400300
708600
755100
959100
100500
55900
4600
696200
684300
228100
364000
329700
78700
551400
652200
287700
876700
314000
500900
771600
530500
915100
63100
377100
135300
977600
212500
98100
61700
480400
879500
387200
362600
486100
331200
522300
861800
805900
438200
655600
793100
715200
562400
830500
114100
149100
880900
