40800
71
400
900
100
600
900
600
300
300
200
200
700
200
700
100
300
800
900
1000
600
600
800
200
600
1000
800
200
700
1000
300
800
600
900
500
1000
300
500
1000
500
300
200
800
200
600
900
300
900
400
700
500
900
800
800
100
500
100
700
400
1000
400
1000
400
1000
300
900
1000
600
700
300
100
200
300
700
500
300
300
600
400
100
700
1000
800
100
700
300
1000
500
800
200
900
700
900
500
200
700
400
300
1000
200
500
1000
