32100
67
300
600
400
300
700
100
500
400
400
1000
300
400
200
700
600
700
100
200
200
900
500
100
800
100
700
900
800
700
800
300
600
700
500
100
500
400
600
300
700
200
1000
300
200
100
200
800
300
500
400
600
100
800
200
200
600
600
300
100
500
800
100
700
200
500
500
100
400
100
600
500
900
100
300
1000
300
500
300
200
500
500
100
1000
200
500
300
100
300
300
400
200
300
600
1000
600
600
200
1000
500
100
800
