28549100
52
815800
551000
726900
703700
207900
683100
488100
605500
582700
22800
8400
218100
482700
327600
193700
977100
952400
838300
999500
687900
890400
229500
580800
773400
88500
701300
944300
196300
353100
225400
472700
558700
184900
109500
194800
138900
548000
661300
528100
134100
974300
973200
675900
770300
13500
323000
579300
966000
85200
178200
881200
143400
155100
988200
5700
120500
516100
935000
839300
25600
939600
948700
652500
846200
17600
987000
493800
956300
396300
748500
521100
155400
864200
910800
331600
89300
670700
853400
382000
550200
884000
976500
305400
656600
162700
239100
306200
147400
503600
187400
514700
778900
934700
988200
