36400
69
500
900
1000
600
900
700
300
900
100
900
200
400
700
400
100
1000
1000
200
600
1000
800
100
700
300
900
900
1000
500
200
400
100
1000
100
300
400
100
500
300
100
100
200
700
300
1000
100
300
200
400
200
800
100
1000
700
100
500
700
100
600
500
600
100
500
200
200
1000
900
500
400
200
400
1000
700
900
900
200
1000
1000
300
500
200
100
900
100
500
800
200
1000
500
300
600
800
600
1000
1000
300
300
500
300
700
200
