32580300
69
366900
950600
516400
429800
567000
920300
284100
991500
83000
840500
601100
396500
918300
360000
684400
188700
34400
422000
393300
221400
543400
890000
282900
15700
690000
926300
596600
59600
948900
78800
386400
50000
798600
627600
501400
251800
356800
734100
533300
450600
857700
192600
940800
133600
536500
235400
929900
35000
391700
794200
186500
840500
51900
325300
393600
224300
169500
307500
792300
954000
214200
487000
524500
980200
457600
262400
203900
264900
684300
358800
139200
8300
832500
242100
404600
963400
333400
177400
28000
123500
717300
892100
983500
186100
95600
118100
261300
539700
935600
440600
227600
154000
659000
448900
329600
940300
