22703600
44
739900
585500
803600
253800
509300
494900
416000
644600
884200
193200
677600
515900
741700
251200
819400
315100
783400
115800
112700
413800
851100
188300
597300
937000
302400
356700
628900
812300
488500
189900
756600
732500
264900
655700
304800
424200
449100
659300
926700
926600
260100
380400
236900
344700
950600
577700
251500
416500
664500
228200
634000
738000
302200
713300
263600
797800
420300
359400
361800
431100
201300
838100
111300
133000
933900
180400
510100
